1.874614e-10
3.460057e-21
1.293050e-08
9.568636e-14
1.554212e-20
2.814692e-06
2.057806e-25
1.596638e-15
2.880876e-24
3.767527e-16
1.831437e-19
3.422382e-09
4.663641e-15
2.509742e-24
3.594751e-17
2.673963e-09
2.814692e-06
8.917443e-24
1.293050e-08
4.594865e-21
1.190458e-21
1.117349e-16
2.403747e-24
1.178510e-16
4.642007e-07
8.137152e-13
7.840436e-08
4.642007e-07
6.403854e-19
3.091626e-11
6.006194e-14
9.749162e-23
1.178510e-16
2.353647e-19
8.130666e-24
8.676811e-18
9.568636e-14
1.944247e-12
3.065756e-17
2.814692e-06
1.944247e-12
3.065756e-17
4.120050e-21
9.905455e-15
9.173736e-20
4.116635e-23
1.554212e-20
4.020607e-13
9.580934e-23
1.800590e-26
1.178510e-16
7.102492e-15
8.202071e-24
1.148812e-21
4.972936e-20
6.195863e-10
2.775158e-14
4.153465e-16
4.594865e-21
6.393330e-12
4.642007e-07
3.460057e-21
6.430344e-15
2.977270e-18
4.642007e-07
7.176851e-25
9.580934e-23
2.673963e-09
2.880876e-24
4.153465e-16
5.428991e-27
2.775158e-14
1.019131e-22
1.746894e-12
1.284907e-17
9.905455e-15
2.048399e-15
1.618798e-15
1.178510e-16
2.814692e-06
8.202071e-24
1.117349e-16
2.814692e-06
3.065756e-17
4.594865e-21
3.594751e-17
3.422382e-09
4.642007e-07
1.167196e-10
3.231898e-23
1.657945e-22
7.176851e-25
1.293050e-08
6.430344e-15
2.868261e-23
9.316185e-14
1.853470e-26
9.580934e-23
5.306116e-20
8.027063e-21
1.341984e-13
7.840436e-08
1.618798e-15
2.481218e-18
1.605024e-27
7.840436e-08
1.590525e-16
1.859958e-21
5.306116e-20
8.247373e-18
1.590525e-16
5.644214e-10
4.642007e-07
1.618798e-15
1.746894e-12
2.048399e-15
1.372996e-21
1.657945e-22
8.202071e-24
6.393330e-12
1.603812e-20
4.466581e-16
9.749162e-23
4.020607e-13
6.017478e-15
7.691308e-16
2.481218e-18
2.105636e-19
3.231898e-23
1.293050e-08
4.642007e-07
7.840436e-08
3.460057e-21
4.642007e-07
5.277947e-21
4.120050e-21
2.574116e-14
9.568636e-14
3.091626e-11
4.746365e-16
5.277947e-21
7.691308e-16
4.642007e-07
3.091626e-11
1.605024e-27
7.176851e-25
2.814692e-06
1.167196e-10
5.428991e-27
2.376339e-24
7.840436e-08
1.766949e-19
3.422382e-09
2.057806e-25
4.153465e-16
6.195863e-10
2.775158e-14
9.316185e-14
2.814692e-06
1.746894e-12
7.840436e-08
1.618798e-15
8.247373e-18
2.098013e-20
3.693578e-22
7.691308e-16
2.079308e-25
1.341984e-13
2.376339e-24
9.150803e-18
1.257083e-16
5.181916e-18
2.673963e-09
1.422059e-20
3.091626e-11
5.181916e-18
4.972936e-20
1.746894e-12
7.840436e-08
3.567784e-22
1.746894e-12
8.202071e-24
1.071595e-18
6.165231e-20
2.079308e-25
2.048399e-15
1.746894e-12
2.814692e-06
2.275612e-18
6.403854e-19
2.673963e-09
2.048399e-15
9.150803e-18
3.460057e-21
1.590525e-16
1.372996e-21
1.293050e-08
6.017478e-15
9.580934e-23
1.167196e-10
2.483002e-19
8.130666e-24
1.372996e-21
1.944247e-12
8.917443e-24
3.767527e-16
3.422382e-09
7.102492e-15
5.644214e-10
1.657945e-22
2.376339e-24
4.020607e-13
3.091626e-11
1.201378e-22
2.689868e-18
5.644214e-10
4.436148e-19
8.027063e-21
6.006194e-14
7.840436e-08
6.213431e-17
1.167196e-10
2.048399e-15
4.466581e-16
7.840436e-08
7.691308e-16
7.840436e-08
4.466581e-16
8.137152e-13
1.923068e-19
3.328387e-22
7.392486e-19
7.155228e-22
1.178510e-16
2.868261e-23
7.155228e-22
4.663641e-15
8.202071e-24
6.195863e-10
1.874614e-10
4.436148e-19
2.673963e-09
2.814692e-06
1.603812e-20
2.814692e-06
1.167196e-10
1.831437e-19
3.693578e-22
6.403854e-19
4.120050e-21
3.350449e-22
9.749162e-23
2.376339e-24
1.853470e-26
3.065756e-17
6.090490e-26
1.874614e-10
7.176851e-25
6.715254e-12
5.181916e-18
1.590525e-16
4.618229e-22
1.603812e-20
5.277947e-21
7.102492e-15
1.605024e-27
2.481218e-18
1.603812e-20
3.685419e-17
3.693578e-22
5.644214e-10
2.704520e-11
1.605024e-27
1.117349e-16
6.393330e-12
3.328387e-22
3.082985e-17
1.293050e-08
2.814692e-06
9.316185e-14
2.673963e-09
1.831437e-19
2.673963e-09
1.148812e-21
2.313185e-14
1.831437e-19
2.509742e-24
6.960522e-25
3.685419e-17
3.422382e-09
5.173360e-20
1.853470e-26
4.746365e-16
3.328387e-22
9.316185e-14
3.065756e-17
2.237154e-25
8.027063e-21
7.102492e-15
6.404527e-19
2.814692e-06
6.430344e-15
1.481404e-12
3.460057e-21
1.746894e-12
4.153465e-16
5.277947e-21
7.392486e-19
3.350449e-22
2.237154e-25
2.125655e-20
6.715254e-12
1.859958e-21
2.380473e-18
7.948903e-25
2.125655e-20
3.231898e-23
5.306116e-20
1.422059e-20
1.284907e-17
3.422382e-09
3.767527e-16
2.313185e-14
1.944247e-12
2.814692e-06
2.868261e-23
3.767527e-16
7.176851e-25
9.749162e-23
2.814692e-06
4.594865e-21
3.881651e-20
2.353647e-19
7.691308e-16
1.372996e-21
3.091626e-11
6.195863e-10
7.392486e-19
7.840436e-08
2.673963e-09
2.775829e-23
1.293050e-08
4.663641e-15
6.960522e-25
6.017478e-15
9.568636e-14
2.483002e-19
3.567784e-22
2.814692e-06
9.173736e-20
2.481218e-18
4.642007e-07
4.466581e-16
9.150803e-18
9.316185e-14
4.618229e-22
1.257083e-16
5.306116e-20
3.082985e-17
2.814692e-06
1.167196e-10
8.676811e-18
8.917443e-24
3.065756e-17
1.605024e-27
2.814692e-06
7.102492e-15
4.618229e-22
7.176851e-25
4.020607e-13
4.017391e-21
9.150803e-18
6.715254e-12
9.580934e-23
3.594751e-17
7.948903e-25
1.293050e-08
2.509742e-24
2.814692e-06
3.231898e-23
8.676811e-18
3.678290e-13
3.678290e-13
5.306116e-20
2.125655e-20
2.237154e-25
1.605024e-27
1.422059e-20
2.574116e-14
2.814692e-06
8.130666e-24
1.657945e-22
7.102492e-15
9.905455e-15
6.397360e-26
1.117349e-16
3.685419e-17
3.693578e-22
2.079308e-25
8.247373e-18
5.306116e-20
7.948903e-25
1.481404e-12
3.328387e-22
4.642007e-07
1.766949e-19
1.923068e-19
1.341984e-13
5.428991e-27
1.800590e-26
2.775158e-14
2.483002e-19
2.353647e-19
2.509742e-24
2.814692e-06
4.642007e-07
9.150803e-18
7.176851e-25
3.231898e-23
2.313185e-14
3.231898e-23
9.568636e-14
1.167196e-10
1.206802e-21
8.247373e-18
1.201378e-22
1.167196e-10
1.070894e-23
2.574116e-14
5.277947e-21
3.082985e-17
2.704520e-11
4.642007e-07
7.188691e-19
6.397360e-26
5.644214e-10
3.065756e-17
1.605024e-27
5.644214e-10
2.313185e-14
2.237154e-25
3.594751e-17
9.568636e-14
4.314511e-21
6.393330e-12
1.372996e-21
1.766949e-19
9.316185e-14
6.960522e-25
3.678290e-13
3.328387e-22
3.678290e-13
7.840436e-08
1.923068e-19
2.814692e-06
4.020607e-13
1.944247e-12
4.642007e-07
2.125655e-20
2.125655e-20
3.091626e-11
7.840436e-08
1.427432e-20
1.874614e-10
1.831437e-19
4.746365e-16
1.427432e-20
4.120050e-21
2.237154e-25
3.231898e-23
2.977270e-18
1.372996e-21
4.642007e-07
3.065756e-17
5.644214e-10
2.775829e-23
6.195863e-10
4.972936e-20
2.048399e-15
5.644214e-10
4.642007e-07
6.960522e-25
1.923068e-19
1.746894e-12
8.027063e-21
4.153465e-16
4.642007e-07
2.673963e-09
1.257083e-16
1.944247e-12
8.247373e-18
1.178898e-11
2.673963e-09
9.316185e-14
5.306116e-20
1.293050e-08
6.715254e-12
4.663641e-15
4.663641e-15
2.275612e-18
2.977270e-18
3.328387e-22
4.153465e-16
2.689868e-18
1.657945e-22
4.153465e-16
4.020607e-13
6.165231e-20
2.775158e-14
6.195863e-10
1.800590e-26
6.017478e-15
2.814692e-06
5.181916e-18
5.173360e-20
4.972936e-20
4.116635e-23
8.130666e-24
1.590525e-16
1.800590e-26
6.006194e-14
2.775829e-23
4.594865e-21
2.353647e-19
6.393330e-12
1.657945e-22
2.380473e-18
6.017478e-15
8.137152e-13
4.663641e-15
9.905455e-15
1.603812e-20
1.117349e-16
1.257083e-16
1.167196e-10
5.644214e-10
1.071595e-18
5.181916e-18
2.048399e-15
8.247373e-18
1.190458e-21
2.814692e-06
1.603812e-20
1.148812e-21
6.393330e-12
5.306116e-20
6.397360e-26
1.944247e-12
2.868261e-23
4.116635e-23
1.874614e-10
2.814692e-06
3.678290e-13
1.657945e-22
2.481218e-18
4.116635e-23
2.673963e-09
5.428991e-27
9.568636e-14
4.314511e-21
4.642007e-07
8.247373e-18
1.481404e-12
8.137152e-13
2.380473e-18
8.676811e-18
1.148812e-21
3.567784e-22
6.715254e-12
3.231898e-23
1.341984e-13
1.178510e-16
1.618798e-15
3.142066e-17
4.642007e-07
9.568636e-14
3.594751e-17
2.057806e-25
4.020607e-13
2.105636e-19
6.715254e-12
8.202071e-24
1.859958e-21
5.277947e-21
7.691308e-16
4.618229e-22
5.644214e-10
3.422382e-09
3.082985e-17
2.313185e-14
4.020607e-13
3.678290e-13
3.350449e-22
6.393330e-12
2.814692e-06
3.142066e-17
7.102492e-15
2.105636e-19
2.483002e-19
1.167196e-10
1.944247e-12
3.422382e-09
2.673963e-09
2.814692e-06
2.483002e-19
1.293050e-08
6.006194e-14
8.676811e-18
3.091626e-11
4.020607e-13
8.676811e-18
4.746365e-16
3.693578e-22
2.483002e-19
2.313185e-14
1.603812e-20
2.814692e-06
2.689868e-18
4.116635e-23
2.689868e-18
2.079308e-25
8.247373e-18
6.195863e-10
3.685419e-17
2.380473e-18
2.125655e-20
6.213431e-17
7.392486e-19
1.831437e-19
1.178898e-11
5.181916e-18
2.814692e-06
7.102492e-15
3.328387e-22
2.125655e-20
3.231898e-23
1.923068e-19
1.746894e-12
3.460057e-21
8.676811e-18
2.977270e-18
8.676811e-18
7.176851e-25
1.766949e-19
6.430344e-15
4.972936e-20
6.393330e-12
1.178898e-11
4.642007e-07
4.116635e-23
3.685419e-17
7.155228e-22
9.905455e-15
6.403854e-19
2.673963e-09
8.676811e-18
7.188691e-19
7.102492e-15
1.800590e-26
9.173736e-20
4.618229e-22
5.428991e-27
6.165231e-20
9.749162e-23
1.874614e-10
1.117349e-16
2.237154e-25
4.642007e-07
2.704520e-11
4.020607e-13
1.596638e-15
4.642007e-07
6.960522e-25
9.150803e-18
2.125655e-20
1.618798e-15
8.027063e-21
2.079308e-25
6.195863e-10
6.195863e-10
9.905455e-15
4.120050e-21
3.328387e-22
5.428991e-27
1.874614e-10
2.673963e-09
1.831437e-19
3.881651e-20
1.605024e-27
6.195863e-10
4.746365e-16
1.859958e-21
2.509742e-24
3.422382e-09
2.689868e-18
1.923068e-19
2.048399e-15
1.481404e-12
4.017391e-21
1.859958e-21
1.201378e-22
2.814692e-06
1.190458e-21
4.020607e-13
9.173736e-20
2.481218e-18
2.509742e-24
7.188691e-19
1.284907e-17
4.618229e-22
9.150803e-18
1.554212e-20
1.284907e-17
8.247373e-18
1.596638e-15
3.231898e-23
2.814692e-06
1.800590e-26
2.689868e-18
1.117349e-16
2.098013e-20
6.397360e-26
1.071595e-18
7.691308e-16
2.057806e-25
4.017391e-21
4.120050e-21
5.644214e-10
2.574116e-14
4.642007e-07
1.481404e-12
5.644214e-10
9.580934e-23
1.201378e-22
2.880876e-24
1.422059e-20
2.775158e-14
3.082985e-17
2.814692e-06
4.642007e-07
5.181916e-18
5.173360e-20
5.306116e-20
3.231898e-23
1.372996e-21
6.006194e-14
2.275612e-18
3.460057e-21
6.195863e-10
7.840436e-08
7.392486e-19
1.481404e-12
1.481404e-12
5.428991e-27
4.642007e-07
2.977270e-18
1.590525e-16
1.874614e-10
2.125655e-20
6.715254e-12
7.155228e-22
2.977270e-18
2.105636e-19
3.065756e-17
3.693578e-22
2.814692e-06
2.673963e-09
4.972936e-20
1.117349e-16
6.715254e-12
3.594751e-17
2.483002e-19
5.644214e-10
1.293050e-08
2.057806e-25
8.027063e-21
7.188691e-19
2.814692e-06
8.137152e-13
2.673963e-09
6.430344e-15
4.436148e-19
7.392486e-19
3.678290e-13
1.019131e-22
1.190458e-21
1.178898e-11
1.372996e-21
2.673963e-09
1.657945e-22
2.704520e-11
7.840436e-08
2.814692e-06
2.105636e-19
1.284907e-17
6.430344e-15
1.746894e-12
3.594751e-17
4.116635e-23
9.568636e-14
3.685419e-17
1.148812e-21
3.678290e-13
4.642007e-07
4.436148e-19
4.020607e-13
2.673963e-09
6.430344e-15
2.105636e-19
7.176851e-25
4.972936e-20
1.605024e-27
2.977270e-18
6.715254e-12
3.460057e-21
8.202071e-24
2.814692e-06
1.422059e-20
9.905455e-15
4.017391e-21
4.594865e-21
7.840436e-08
7.188691e-19
3.460057e-21
1.293050e-08
1.341984e-13
2.704520e-11
9.173736e-20
1.148812e-21
4.642007e-07
1.190458e-21
3.328387e-22
3.678290e-13
9.316185e-14
5.306116e-20
2.814692e-06
8.137152e-13
9.316185e-14
3.678290e-13
1.293050e-08
9.580934e-23
1.341984e-13
5.428991e-27
2.353647e-19
7.102492e-15
4.153465e-16
2.704520e-11
5.644214e-10
4.466581e-16
3.082985e-17
1.178510e-16
2.509742e-24
6.715254e-12
4.972936e-20
6.430344e-15
6.017478e-15
3.678290e-13
1.178898e-11
2.814692e-06
2.704520e-11
1.178898e-11
8.202071e-24
2.977270e-18
6.195863e-10
2.880876e-24
4.618229e-22
2.125655e-20
6.393330e-12
7.691308e-16
1.554212e-20
7.840436e-08
8.130666e-24
2.403747e-24
3.422382e-09
7.840436e-08
4.116635e-23
2.880876e-24
3.678290e-13
4.466581e-16
5.173360e-20
7.840436e-08
5.428991e-27
1.148812e-21
6.404527e-19
3.065756e-17
6.017478e-15
1.284907e-17
2.704520e-11
1.148812e-21
1.874614e-10
9.580934e-23
1.944247e-12
6.195863e-10
3.328387e-22
3.881651e-20
1.481404e-12
1.206802e-21
5.306116e-20
2.048399e-15
4.642007e-07
1.657945e-22
3.422382e-09
4.120050e-21
6.195863e-10
3.142066e-17
2.673963e-09
3.594751e-17
3.422382e-09
4.466581e-16
1.293050e-08
2.814692e-06
2.353647e-19
3.767527e-16
8.676811e-18
3.350449e-22
6.195863e-10
4.020607e-13
2.481218e-18
7.102492e-15
2.977270e-18
5.644214e-10
2.673963e-09
3.767527e-16
3.685419e-17
9.173736e-20
8.137152e-13
1.590525e-16
6.397360e-26
1.148812e-21
1.070894e-23
7.188691e-19
4.020607e-13
9.749162e-23
2.057806e-25
7.840436e-08
1.874614e-10
1.596638e-15
4.642007e-07
2.880876e-24
5.428991e-27
4.972936e-20
1.853470e-26
1.178898e-11
3.422382e-09
6.715254e-12
1.201378e-22
3.594751e-17
6.715254e-12
2.673963e-09
4.594865e-21
1.341984e-13
7.840436e-08
6.393330e-12
2.977270e-18
2.098013e-20
6.393330e-12
5.277947e-21
1.341984e-13
1.746894e-12
1.800590e-26
2.880876e-24
2.977270e-18
4.120050e-21
1.019131e-22
9.568636e-14
2.882238e-23
9.150803e-18
7.102492e-15
1.117349e-16
9.173736e-20
2.125655e-20
1.874614e-10
7.840436e-08
1.923068e-19
8.130666e-24
7.948903e-25
5.173360e-20
1.019131e-22
1.293050e-08
1.071595e-18
4.746365e-16
4.642007e-07
3.091626e-11
3.594751e-17
4.642007e-07
3.678290e-13
2.403747e-24
3.231898e-23
4.594865e-21
4.642007e-07
1.859958e-21
3.678290e-13
4.746365e-16
2.814692e-06
8.130666e-24
9.580934e-23
1.178898e-11
6.715254e-12
1.590525e-16
9.568636e-14
