2.314257e-10
8.005648e-21
1.245610e-08
7.546043e-14
9.075507e-21
2.737030e-06
1.510466e-25
1.615504e-15
4.253406e-24
6.926978e-16
1.280137e-19
3.901570e-09
7.917954e-15
2.858533e-24
2.142586e-17
2.354819e-09
2.737030e-06
1.111231e-23
1.245610e-08
2.452341e-21
1.264962e-21
9.445033e-17
1.629278e-24
1.291318e-16
4.130280e-07
1.178048e-12
8.254332e-08
4.130280e-07
6.348240e-19
3.492300e-11
9.416472e-14
6.676156e-23
1.291318e-16
5.495778e-19
6.029555e-24
6.127414e-18
7.546043e-14
2.378320e-12
3.070407e-17
2.737030e-06
2.378320e-12
3.070407e-17
2.850456e-21
1.420981e-14
1.654604e-19
7.275141e-23
9.075507e-21
4.496203e-13
8.504929e-23
1.431271e-26
1.291318e-16
4.679360e-15
7.884725e-24
9.416987e-22
4.118386e-20
4.987558e-10
3.360770e-14
3.841235e-16
2.452341e-21
6.602177e-12
4.130280e-07
8.005648e-21
7.118183e-15
4.185524e-18
4.130280e-07
7.471320e-25
8.504929e-23
2.354819e-09
4.253406e-24
3.841235e-16
5.113040e-27
3.360770e-14
1.172717e-22
1.272176e-12
1.976148e-17
1.420981e-14
2.686358e-15
1.263603e-15
1.291318e-16
2.737030e-06
7.884725e-24
9.445033e-17
2.737030e-06
3.070407e-17
2.452341e-21
2.142586e-17
3.901570e-09
4.130280e-07
1.113051e-10
4.406254e-23
3.205550e-22
7.471320e-25
1.245610e-08
7.118183e-15
3.016703e-23
9.523054e-14
1.909844e-26
8.504929e-23
3.389921e-20
1.567851e-20
1.777719e-13
8.254332e-08
1.263603e-15
1.601516e-18
1.381622e-27
8.254332e-08
2.258857e-16
3.320743e-21
3.389921e-20
7.549681e-18
2.258857e-16
5.887615e-10
4.130280e-07
1.263603e-15
1.272176e-12
2.686358e-15
1.891151e-21
3.205550e-22
7.884725e-24
6.602177e-12
2.039907e-20
3.186730e-16
6.676156e-23
4.496203e-13
5.138992e-15
1.194849e-15
1.601516e-18
1.135392e-19
4.406254e-23
1.245610e-08
4.130280e-07
8.254332e-08
8.005648e-21
4.130280e-07
7.953592e-21
2.850456e-21
1.855461e-14
7.546043e-14
3.492300e-11
5.689764e-16
7.953592e-21
1.194849e-15
4.130280e-07
3.492300e-11
1.381622e-27
7.471320e-25
2.737030e-06
1.113051e-10
5.113040e-27
2.087949e-24
8.254332e-08
1.600988e-19
3.901570e-09
1.510466e-25
3.841235e-16
4.987558e-10
3.360770e-14
9.523054e-14
2.737030e-06
1.272176e-12
8.254332e-08
1.263603e-15
7.549681e-18
5.305136e-20
4.650062e-22
1.194849e-15
1.978475e-25
1.777719e-13
2.087949e-24
1.085820e-17
8.197555e-17
9.440664e-18
2.354819e-09
1.076418e-20
3.492300e-11
9.440664e-18
4.118386e-20
1.272176e-12
8.254332e-08
2.062080e-22
1.272176e-12
7.884725e-24
1.784754e-18
8.579214e-20
1.978475e-25
2.686358e-15
1.272176e-12
2.737030e-06
1.903984e-18
6.348240e-19
2.354819e-09
2.686358e-15
1.085820e-17
8.005648e-21
2.258857e-16
1.891151e-21
1.245610e-08
5.138992e-15
8.504929e-23
1.113051e-10
3.780146e-19
6.029555e-24
1.891151e-21
2.378320e-12
1.111231e-23
6.926978e-16
3.901570e-09
4.679360e-15
5.887615e-10
3.205550e-22
2.087949e-24
4.496203e-13
3.492300e-11
1.791996e-22
5.799872e-18
5.887615e-10
8.752223e-19
1.567851e-20
9.416472e-14
8.254332e-08
1.045307e-16
1.113051e-10
2.686358e-15
3.186730e-16
8.254332e-08
1.194849e-15
8.254332e-08
3.186730e-16
1.178048e-12
2.258664e-19
2.493706e-22
9.499237e-19
1.513464e-21
1.291318e-16
3.016703e-23
1.513464e-21
7.917954e-15
7.884725e-24
4.987558e-10
2.314257e-10
8.752223e-19
2.354819e-09
2.737030e-06
2.039907e-20
2.737030e-06
1.113051e-10
1.280137e-19
4.650062e-22
6.348240e-19
2.850456e-21
3.253993e-22
6.676156e-23
2.087949e-24
1.909844e-26
3.070407e-17
5.296779e-26
2.314257e-10
7.471320e-25
5.350376e-12
9.440664e-18
2.258857e-16
7.536576e-22
2.039907e-20
7.953592e-21
4.679360e-15
1.381622e-27
1.601516e-18
2.039907e-20
4.784307e-17
4.650062e-22
5.887615e-10
2.357466e-11
1.381622e-27
9.445033e-17
6.602177e-12
2.493706e-22
2.381980e-17
1.245610e-08
2.737030e-06
9.523054e-14
2.354819e-09
1.280137e-19
2.354819e-09
9.416987e-22
2.161300e-14
1.280137e-19
2.858533e-24
5.589862e-25
4.784307e-17
3.901570e-09
5.553723e-20
1.909844e-26
5.689764e-16
2.493706e-22
9.523054e-14
3.070407e-17
2.759374e-25
1.567851e-20
4.679360e-15
4.897814e-19
2.737030e-06
7.118183e-15
1.398355e-12
8.005648e-21
1.272176e-12
3.841235e-16
7.953592e-21
9.499237e-19
3.253993e-22
2.759374e-25
3.504487e-20
5.350376e-12
3.320743e-21
2.581789e-18
1.072683e-24
3.504487e-20
4.406254e-23
3.389921e-20
1.076418e-20
1.976148e-17
3.901570e-09
6.926978e-16
2.161300e-14
2.378320e-12
2.737030e-06
3.016703e-23
6.926978e-16
7.471320e-25
6.676156e-23
2.737030e-06
2.452341e-21
8.293334e-20
5.495778e-19
1.194849e-15
1.891151e-21
3.492300e-11
4.987558e-10
9.499237e-19
8.254332e-08
2.354819e-09
2.252185e-23
1.245610e-08
7.917954e-15
5.589862e-25
5.138992e-15
7.546043e-14
3.780146e-19
2.062080e-22
2.737030e-06
1.654604e-19
1.601516e-18
4.130280e-07
3.186730e-16
1.085820e-17
9.523054e-14
7.536576e-22
8.197555e-17
3.389921e-20
2.381980e-17
2.737030e-06
1.113051e-10
6.127414e-18
1.111231e-23
3.070407e-17
1.381622e-27
2.737030e-06
4.679360e-15
7.536576e-22
7.471320e-25
4.496203e-13
3.602947e-21
1.085820e-17
5.350376e-12
8.504929e-23
2.142586e-17
1.072683e-24
1.245610e-08
2.858533e-24
2.737030e-06
4.406254e-23
6.127414e-18
3.173631e-13
3.173631e-13
3.389921e-20
3.504487e-20
2.759374e-25
1.381622e-27
1.076418e-20
1.855461e-14
2.737030e-06
6.029555e-24
3.205550e-22
4.679360e-15
1.420981e-14
7.212148e-26
9.445033e-17
4.784307e-17
4.650062e-22
1.978475e-25
7.549681e-18
3.389921e-20
1.072683e-24
1.398355e-12
2.493706e-22
4.130280e-07
1.600988e-19
2.258664e-19
1.777719e-13
5.113040e-27
1.431271e-26
3.360770e-14
3.780146e-19
5.495778e-19
2.858533e-24
2.737030e-06
4.130280e-07
1.085820e-17
7.471320e-25
4.406254e-23
2.161300e-14
4.406254e-23
7.546043e-14
1.113051e-10
7.631249e-22
7.549681e-18
1.791996e-22
1.113051e-10
1.729833e-23
1.855461e-14
7.953592e-21
2.381980e-17
2.357466e-11
4.130280e-07
4.240963e-19
7.212148e-26
5.887615e-10
3.070407e-17
1.381622e-27
5.887615e-10
2.161300e-14
2.759374e-25
2.142586e-17
7.546043e-14
5.015831e-21
6.602177e-12
1.891151e-21
1.600988e-19
9.523054e-14
5.589862e-25
3.173631e-13
2.493706e-22
3.173631e-13
8.254332e-08
2.258664e-19
2.737030e-06
4.496203e-13
2.378320e-12
4.130280e-07
3.504487e-20
3.504487e-20
3.492300e-11
8.254332e-08
1.400615e-20
2.314257e-10
1.280137e-19
5.689764e-16
1.400615e-20
2.850456e-21
2.759374e-25
4.406254e-23
4.185524e-18
1.891151e-21
4.130280e-07
3.070407e-17
5.887615e-10
2.252185e-23
4.987558e-10
4.118386e-20
2.686358e-15
5.887615e-10
4.130280e-07
5.589862e-25
2.258664e-19
1.272176e-12
1.567851e-20
3.841235e-16
4.130280e-07
2.354819e-09
8.197555e-17
2.378320e-12
7.549681e-18
1.576051e-11
2.354819e-09
9.523054e-14
3.389921e-20
1.245610e-08
5.350376e-12
7.917954e-15
7.917954e-15
1.903984e-18
4.185524e-18
2.493706e-22
3.841235e-16
5.799872e-18
3.205550e-22
3.841235e-16
4.496203e-13
8.579214e-20
3.360770e-14
4.987558e-10
1.431271e-26
5.138992e-15
2.737030e-06
9.440664e-18
5.553723e-20
4.118386e-20
7.275141e-23
6.029555e-24
2.258857e-16
1.431271e-26
9.416472e-14
2.252185e-23
2.452341e-21
5.495778e-19
6.602177e-12
3.205550e-22
2.581789e-18
5.138992e-15
1.178048e-12
7.917954e-15
1.420981e-14
2.039907e-20
9.445033e-17
8.197555e-17
1.113051e-10
5.887615e-10
1.784754e-18
9.440664e-18
2.686358e-15
7.549681e-18
1.264962e-21
2.737030e-06
2.039907e-20
9.416987e-22
6.602177e-12
3.389921e-20
7.212148e-26
2.378320e-12
3.016703e-23
7.275141e-23
2.314257e-10
2.737030e-06
3.173631e-13
3.205550e-22
1.601516e-18
7.275141e-23
2.354819e-09
5.113040e-27
7.546043e-14
5.015831e-21
4.130280e-07
7.549681e-18
1.398355e-12
1.178048e-12
2.581789e-18
6.127414e-18
9.416987e-22
2.062080e-22
5.350376e-12
4.406254e-23
1.777719e-13
1.291318e-16
1.263603e-15
6.256084e-17
4.130280e-07
7.546043e-14
2.142586e-17
1.510466e-25
4.496203e-13
1.135392e-19
5.350376e-12
7.884725e-24
3.320743e-21
7.953592e-21
1.194849e-15
7.536576e-22
5.887615e-10
3.901570e-09
2.381980e-17
2.161300e-14
4.496203e-13
3.173631e-13
3.253993e-22
6.602177e-12
2.737030e-06
6.256084e-17
4.679360e-15
1.135392e-19
3.780146e-19
1.113051e-10
2.378320e-12
3.901570e-09
2.354819e-09
2.737030e-06
3.780146e-19
1.245610e-08
9.416472e-14
6.127414e-18
3.492300e-11
4.496203e-13
6.127414e-18
5.689764e-16
4.650062e-22
3.780146e-19
2.161300e-14
2.039907e-20
2.737030e-06
5.799872e-18
7.275141e-23
5.799872e-18
1.978475e-25
7.549681e-18
4.987558e-10
4.784307e-17
2.581789e-18
3.504487e-20
1.045307e-16
9.499237e-19
1.280137e-19
1.576051e-11
9.440664e-18
2.737030e-06
4.679360e-15
2.493706e-22
3.504487e-20
4.406254e-23
2.258664e-19
1.272176e-12
8.005648e-21
6.127414e-18
4.185524e-18
6.127414e-18
7.471320e-25
1.600988e-19
7.118183e-15
4.118386e-20
6.602177e-12
1.576051e-11
4.130280e-07
7.275141e-23
4.784307e-17
1.513464e-21
1.420981e-14
6.348240e-19
2.354819e-09
6.127414e-18
4.240963e-19
4.679360e-15
1.431271e-26
1.654604e-19
7.536576e-22
5.113040e-27
8.579214e-20
6.676156e-23
2.314257e-10
9.445033e-17
2.759374e-25
4.130280e-07
2.357466e-11
4.496203e-13
1.615504e-15
4.130280e-07
5.589862e-25
1.085820e-17
3.504487e-20
1.263603e-15
1.567851e-20
1.978475e-25
4.987558e-10
4.987558e-10
1.420981e-14
2.850456e-21
2.493706e-22
5.113040e-27
2.314257e-10
2.354819e-09
1.280137e-19
8.293334e-20
1.381622e-27
4.987558e-10
5.689764e-16
3.320743e-21
2.858533e-24
3.901570e-09
5.799872e-18
2.258664e-19
2.686358e-15
1.398355e-12
3.602947e-21
3.320743e-21
1.791996e-22
2.737030e-06
1.264962e-21
4.496203e-13
1.654604e-19
1.601516e-18
2.858533e-24
4.240963e-19
1.976148e-17
7.536576e-22
1.085820e-17
9.075507e-21
1.976148e-17
7.549681e-18
1.615504e-15
4.406254e-23
2.737030e-06
1.431271e-26
5.799872e-18
9.445033e-17
5.305136e-20
7.212148e-26
1.784754e-18
1.194849e-15
1.510466e-25
3.602947e-21
2.850456e-21
5.887615e-10
1.855461e-14
4.130280e-07
1.398355e-12
5.887615e-10
8.504929e-23
1.791996e-22
4.253406e-24
1.076418e-20
3.360770e-14
2.381980e-17
2.737030e-06
4.130280e-07
9.440664e-18
5.553723e-20
3.389921e-20
4.406254e-23
1.891151e-21
9.416472e-14
1.903984e-18
8.005648e-21
4.987558e-10
8.254332e-08
9.499237e-19
1.398355e-12
1.398355e-12
5.113040e-27
4.130280e-07
4.185524e-18
2.258857e-16
2.314257e-10
3.504487e-20
5.350376e-12
1.513464e-21
4.185524e-18
1.135392e-19
3.070407e-17
4.650062e-22
2.737030e-06
2.354819e-09
4.118386e-20
9.445033e-17
5.350376e-12
2.142586e-17
3.780146e-19
5.887615e-10
1.245610e-08
1.510466e-25
1.567851e-20
4.240963e-19
2.737030e-06
1.178048e-12
2.354819e-09
7.118183e-15
8.752223e-19
9.499237e-19
3.173631e-13
1.172717e-22
1.264962e-21
1.576051e-11
1.891151e-21
2.354819e-09
3.205550e-22
2.357466e-11
8.254332e-08
2.737030e-06
1.135392e-19
1.976148e-17
7.118183e-15
1.272176e-12
2.142586e-17
7.275141e-23
7.546043e-14
4.784307e-17
9.416987e-22
3.173631e-13
4.130280e-07
8.752223e-19
4.496203e-13
2.354819e-09
7.118183e-15
1.135392e-19
7.471320e-25
4.118386e-20
1.381622e-27
4.185524e-18
5.350376e-12
8.005648e-21
7.884725e-24
2.737030e-06
1.076418e-20
1.420981e-14
3.602947e-21
2.452341e-21
8.254332e-08
4.240963e-19
8.005648e-21
1.245610e-08
1.777719e-13
2.357466e-11
1.654604e-19
9.416987e-22
4.130280e-07
1.264962e-21
2.493706e-22
3.173631e-13
9.523054e-14
3.389921e-20
2.737030e-06
1.178048e-12
9.523054e-14
3.173631e-13
1.245610e-08
8.504929e-23
1.777719e-13
5.113040e-27
5.495778e-19
4.679360e-15
3.841235e-16
2.357466e-11
5.887615e-10
3.186730e-16
2.381980e-17
1.291318e-16
2.858533e-24
5.350376e-12
4.118386e-20
7.118183e-15
5.138992e-15
3.173631e-13
1.576051e-11
2.737030e-06
2.357466e-11
1.576051e-11
7.884725e-24
4.185524e-18
4.987558e-10
4.253406e-24
7.536576e-22
3.504487e-20
6.602177e-12
1.194849e-15
9.075507e-21
8.254332e-08
6.029555e-24
1.629278e-24
3.901570e-09
8.254332e-08
7.275141e-23
4.253406e-24
3.173631e-13
3.186730e-16
5.553723e-20
8.254332e-08
5.113040e-27
9.416987e-22
4.897814e-19
3.070407e-17
5.138992e-15
1.976148e-17
2.357466e-11
9.416987e-22
2.314257e-10
8.504929e-23
2.378320e-12
4.987558e-10
2.493706e-22
8.293334e-20
1.398355e-12
7.631249e-22
3.389921e-20
2.686358e-15
4.130280e-07
3.205550e-22
3.901570e-09
2.850456e-21
4.987558e-10
6.256084e-17
2.354819e-09
2.142586e-17
3.901570e-09
3.186730e-16
1.245610e-08
2.737030e-06
5.495778e-19
6.926978e-16
6.127414e-18
3.253993e-22
4.987558e-10
4.496203e-13
1.601516e-18
4.679360e-15
4.185524e-18
5.887615e-10
2.354819e-09
6.926978e-16
4.784307e-17
1.654604e-19
1.178048e-12
2.258857e-16
7.212148e-26
9.416987e-22
1.729833e-23
4.240963e-19
4.496203e-13
6.676156e-23
1.510466e-25
8.254332e-08
2.314257e-10
1.615504e-15
4.130280e-07
4.253406e-24
5.113040e-27
4.118386e-20
1.909844e-26
1.576051e-11
3.901570e-09
5.350376e-12
1.791996e-22
2.142586e-17
5.350376e-12
2.354819e-09
2.452341e-21
1.777719e-13
8.254332e-08
6.602177e-12
4.185524e-18
5.305136e-20
6.602177e-12
7.953592e-21
1.777719e-13
1.272176e-12
1.431271e-26
4.253406e-24
4.185524e-18
2.850456e-21
1.172717e-22
7.546043e-14
1.803999e-23
1.085820e-17
4.679360e-15
9.445033e-17
1.654604e-19
3.504487e-20
2.314257e-10
8.254332e-08
2.258664e-19
6.029555e-24
1.072683e-24
5.553723e-20
1.172717e-22
1.245610e-08
1.784754e-18
5.689764e-16
4.130280e-07
3.492300e-11
2.142586e-17
4.130280e-07
3.173631e-13
1.629278e-24
4.406254e-23
2.452341e-21
4.130280e-07
3.320743e-21
3.173631e-13
5.689764e-16
2.737030e-06
6.029555e-24
8.504929e-23
1.576051e-11
5.350376e-12
2.258857e-16
7.546043e-14
