2.181019e-10
8.434791e-21
1.061673e-08
5.215393e-14
4.579708e-21
2.434220e-06
7.737507e-26
1.234713e-15
3.286054e-24
7.188501e-16
7.313530e-20
3.606748e-09
8.060067e-15
1.913416e-24
1.177797e-17
1.886363e-09
2.434220e-06
7.914473e-24
1.061673e-08
1.163043e-21
8.668783e-22
6.376169e-17
8.186845e-25
1.006144e-16
3.452778e-07
1.153854e-12
7.484834e-08
3.452778e-07
4.453975e-19
3.093629e-11
9.402535e-14
3.501315e-23
1.006144e-16
6.042681e-19
3.223730e-24
3.653680e-18
5.215393e-14
2.147816e-12
2.248395e-17
2.434220e-06
2.147816e-12
2.248395e-17
1.560279e-21
1.333686e-14
1.576498e-19
6.363279e-23
4.579708e-21
3.816203e-13
5.148111e-23
7.474471e-27
1.006144e-16
2.856615e-15
4.865555e-24
5.591398e-22
2.552222e-20
3.754985e-10
2.907997e-14
2.759169e-16
1.163043e-21
5.496707e-12
3.452778e-07
8.434791e-21
5.788643e-15
3.606321e-18
3.452778e-07
4.700151e-25
5.148111e-23
1.886363e-09
3.286054e-24
2.759169e-16
2.896399e-27
2.907997e-14
8.192994e-23
8.624687e-13
1.811680e-17
1.333686e-14
2.369672e-15
8.367532e-16
1.006144e-16
2.434220e-06
4.865555e-24
6.376169e-17
2.434220e-06
2.248395e-17
1.163043e-21
1.177797e-17
3.606748e-09
3.452778e-07
9.089897e-11
3.339172e-23
2.983264e-22
4.700151e-25
1.061673e-08
5.788643e-15
1.980752e-23
7.596514e-14
1.151143e-26
5.148111e-23
1.820155e-20
1.522905e-20
1.636664e-13
7.484834e-08
8.367532e-16
8.974965e-19
7.355570e-28
7.484834e-08
2.031336e-16
3.031487e-21
1.820155e-20
5.195820e-18
2.031336e-16
5.115929e-10
3.452778e-07
8.367532e-16
8.624687e-13
2.369672e-15
1.495815e-21
2.983264e-22
4.865555e-24
5.496707e-12
1.582681e-20
1.983264e-16
3.501315e-23
3.816203e-13
3.620895e-15
1.143266e-15
8.974965e-19
5.620093e-20
3.339172e-23
1.061673e-08
3.452778e-07
7.484834e-08
8.434791e-21
3.452778e-07
6.693691e-21
1.560279e-21
1.205226e-14
5.215393e-14
3.093629e-11
4.717056e-16
6.693691e-21
1.143266e-15
3.452778e-07
3.093629e-11
7.355570e-28
4.700151e-25
2.434220e-06
9.089897e-11
2.896399e-27
1.210915e-24
7.484834e-08
1.055677e-19
3.606748e-09
7.737507e-26
2.759169e-16
3.754985e-10
2.907997e-14
7.596514e-14
2.434220e-06
8.624687e-13
7.484834e-08
8.367532e-16
5.195820e-18
5.946557e-20
3.456682e-22
1.143266e-15
1.169750e-25
1.636664e-13
1.210915e-24
8.624899e-18
4.794773e-17
9.388032e-18
1.886363e-09
6.269325e-21
3.093629e-11
9.388032e-18
2.552222e-20
8.624687e-13
7.484834e-08
9.969868e-23
8.624687e-13
4.865555e-24
1.668050e-18
7.082412e-20
1.169750e-25
2.369672e-15
8.624687e-13
2.434220e-06
1.231508e-18
4.453975e-19
1.886363e-09
2.369672e-15
8.624899e-18
8.434791e-21
2.031336e-16
1.495815e-21
1.061673e-08
3.620895e-15
5.148111e-23
9.089897e-11
3.320411e-19
3.223730e-24
1.495815e-21
2.147816e-12
7.914473e-24
7.188501e-16
3.606748e-09
2.856615e-15
5.115929e-10
2.983264e-22
1.210915e-24
3.816203e-13
3.093629e-11
1.444965e-22
6.255331e-18
5.115929e-10
8.872766e-19
1.522905e-20
9.402535e-14
7.484834e-08
1.019640e-16
9.089897e-11
2.369672e-15
1.983264e-16
7.484834e-08
1.143266e-15
7.484834e-08
1.983264e-16
1.153854e-12
1.718961e-19
1.391560e-22
7.692255e-19
1.498680e-21
1.006144e-16
1.980752e-23
1.498680e-21
8.060067e-15
4.865555e-24
3.754985e-10
2.181019e-10
8.872766e-19
1.886363e-09
2.434220e-06
1.582681e-20
2.434220e-06
9.089897e-11
7.313530e-20
3.456682e-22
4.453975e-19
1.560279e-21
2.095780e-22
3.501315e-23
1.210915e-24
1.151143e-26
2.248395e-17
2.943218e-26
2.181019e-10
4.700151e-25
3.859501e-12
9.388032e-18
2.031336e-16
6.466139e-22
1.582681e-20
6.693691e-21
2.856615e-15
7.355570e-28
8.974965e-19
1.582681e-20
4.043568e-17
3.456682e-22
5.115929e-10
1.809430e-11
7.355570e-28
6.376169e-17
5.496707e-12
1.391560e-22
1.511273e-17
1.061673e-08
2.434220e-06
7.596514e-14
1.886363e-09
7.313530e-20
1.886363e-09
5.591398e-22
1.620331e-14
7.313530e-20
1.913416e-24
3.046794e-25
4.043568e-17
3.606748e-09
3.972349e-20
1.151143e-26
4.717056e-16
1.391560e-22
7.596514e-14
2.248395e-17
1.882979e-25
1.522905e-20
2.856615e-15
2.977315e-19
2.434220e-06
5.788643e-15
1.094172e-12
8.434791e-21
8.624687e-13
2.759169e-16
6.693691e-21
7.692255e-19
2.095780e-22
1.882979e-25
3.138169e-20
3.859501e-12
3.031487e-21
1.927375e-18
7.788574e-25
3.138169e-20
3.339172e-23
1.820155e-20
6.269325e-21
1.811680e-17
3.606748e-09
7.188501e-16
1.620331e-14
2.147816e-12
2.434220e-06
1.980752e-23
7.188501e-16
4.700151e-25
3.501315e-23
2.434220e-06
1.163043e-21
8.571137e-20
6.042681e-19
1.143266e-15
1.495815e-21
3.093629e-11
3.754985e-10
7.692255e-19
7.484834e-08
1.886363e-09
1.281237e-23
1.061673e-08
8.060067e-15
3.046794e-25
3.620895e-15
5.215393e-14
3.320411e-19
9.969868e-23
2.434220e-06
1.576498e-19
8.974965e-19
3.452778e-07
1.983264e-16
8.624899e-18
7.596514e-14
6.466139e-22
4.794773e-17
1.820155e-20
1.511273e-17
2.434220e-06
9.089897e-11
3.653680e-18
7.914473e-24
2.248395e-17
7.355570e-28
2.434220e-06
2.856615e-15
6.466139e-22
4.700151e-25
3.816203e-13
2.276240e-21
8.624899e-18
3.859501e-12
5.148111e-23
1.177797e-17
7.788574e-25
1.061673e-08
1.913416e-24
2.434220e-06
3.339172e-23
3.653680e-18
2.333860e-13
2.333860e-13
1.820155e-20
3.138169e-20
1.882979e-25
7.355570e-28
6.269325e-21
1.205226e-14
2.434220e-06
3.223730e-24
2.983264e-22
2.856615e-15
1.333686e-14
4.625383e-26
6.376169e-17
4.043568e-17
3.456682e-22
1.169750e-25
5.195820e-18
1.820155e-20
7.788574e-25
1.094172e-12
1.391560e-22
3.452778e-07
1.055677e-19
1.718961e-19
1.636664e-13
2.896399e-27
7.474471e-27
2.907997e-14
3.320411e-19
6.042681e-19
1.913416e-24
2.434220e-06
3.452778e-07
8.624899e-18
4.700151e-25
3.339172e-23
1.620331e-14
3.339172e-23
5.215393e-14
9.089897e-11
3.925830e-22
5.195820e-18
1.444965e-22
9.089897e-11
1.421979e-23
1.205226e-14
6.693691e-21
1.511273e-17
1.809430e-11
3.452778e-07
2.233645e-19
4.625383e-26
5.115929e-10
2.248395e-17
7.355570e-28
5.115929e-10
1.620331e-14
1.882979e-25
1.177797e-17
5.215393e-14
3.657421e-21
5.496707e-12
1.495815e-21
1.055677e-19
7.596514e-14
3.046794e-25
2.333860e-13
1.391560e-22
2.333860e-13
7.484834e-08
1.718961e-19
2.434220e-06
3.816203e-13
2.147816e-12
3.452778e-07
3.138169e-20
3.138169e-20
3.093629e-11
7.484834e-08
9.415224e-21
2.181019e-10
7.313530e-20
4.717056e-16
9.415224e-21
1.560279e-21
1.882979e-25
3.339172e-23
3.606321e-18
1.495815e-21
3.452778e-07
2.248395e-17
5.115929e-10
1.281237e-23
3.754985e-10
2.552222e-20
2.369672e-15
5.115929e-10
3.452778e-07
3.046794e-25
1.718961e-19
8.624687e-13
1.522905e-20
2.759169e-16
3.452778e-07
1.886363e-09
4.794773e-17
2.147816e-12
5.195820e-18
1.514218e-11
1.886363e-09
7.596514e-14
1.820155e-20
1.061673e-08
3.859501e-12
8.060067e-15
8.060067e-15
1.231508e-18
3.606321e-18
1.391560e-22
2.759169e-16
6.255331e-18
2.983264e-22
2.759169e-16
3.816203e-13
7.082412e-20
2.907997e-14
3.754985e-10
7.474471e-27
3.620895e-15
2.434220e-06
9.388032e-18
3.972349e-20
2.552222e-20
6.363279e-23
3.223730e-24
2.031336e-16
7.474471e-27
9.402535e-14
1.281237e-23
1.163043e-21
6.042681e-19
5.496707e-12
2.983264e-22
1.927375e-18
3.620895e-15
1.153854e-12
8.060067e-15
1.333686e-14
1.582681e-20
6.376169e-17
4.794773e-17
9.089897e-11
5.115929e-10
1.668050e-18
9.388032e-18
2.369672e-15
5.195820e-18
8.668783e-22
2.434220e-06
1.582681e-20
5.591398e-22
5.496707e-12
1.820155e-20
4.625383e-26
2.147816e-12
1.980752e-23
6.363279e-23
2.181019e-10
2.434220e-06
2.333860e-13
2.983264e-22
8.974965e-19
6.363279e-23
1.886363e-09
2.896399e-27
5.215393e-14
3.657421e-21
3.452778e-07
5.195820e-18
1.094172e-12
1.153854e-12
1.927375e-18
3.653680e-18
5.591398e-22
9.969868e-23
3.859501e-12
3.339172e-23
1.636664e-13
1.006144e-16
8.367532e-16
6.618595e-17
3.452778e-07
5.215393e-14
1.177797e-17
7.737507e-26
3.816203e-13
5.620093e-20
3.859501e-12
4.865555e-24
3.031487e-21
6.693691e-21
1.143266e-15
6.466139e-22
5.115929e-10
3.606748e-09
1.511273e-17
1.620331e-14
3.816203e-13
2.333860e-13
2.095780e-22
5.496707e-12
2.434220e-06
6.618595e-17
2.856615e-15
5.620093e-20
3.320411e-19
9.089897e-11
2.147816e-12
3.606748e-09
1.886363e-09
2.434220e-06
3.320411e-19
1.061673e-08
9.402535e-14
3.653680e-18
3.093629e-11
3.816203e-13
3.653680e-18
4.717056e-16
3.456682e-22
3.320411e-19
1.620331e-14
1.582681e-20
2.434220e-06
6.255331e-18
6.363279e-23
6.255331e-18
1.169750e-25
5.195820e-18
3.754985e-10
4.043568e-17
1.927375e-18
3.138169e-20
1.019640e-16
7.692255e-19
7.313530e-20
1.514218e-11
9.388032e-18
2.434220e-06
2.856615e-15
1.391560e-22
3.138169e-20
3.339172e-23
1.718961e-19
8.624687e-13
8.434791e-21
3.653680e-18
3.606321e-18
3.653680e-18
4.700151e-25
1.055677e-19
5.788643e-15
2.552222e-20
5.496707e-12
1.514218e-11
3.452778e-07
6.363279e-23
4.043568e-17
1.498680e-21
1.333686e-14
4.453975e-19
1.886363e-09
3.653680e-18
2.233645e-19
2.856615e-15
7.474471e-27
1.576498e-19
6.466139e-22
2.896399e-27
7.082412e-20
3.501315e-23
2.181019e-10
6.376169e-17
1.882979e-25
3.452778e-07
1.809430e-11
3.816203e-13
1.234713e-15
3.452778e-07
3.046794e-25
8.624899e-18
3.138169e-20
8.367532e-16
1.522905e-20
1.169750e-25
3.754985e-10
3.754985e-10
1.333686e-14
1.560279e-21
1.391560e-22
2.896399e-27
2.181019e-10
1.886363e-09
7.313530e-20
8.571137e-20
7.355570e-28
3.754985e-10
4.717056e-16
3.031487e-21
1.913416e-24
3.606748e-09
6.255331e-18
1.718961e-19
2.369672e-15
1.094172e-12
2.276240e-21
3.031487e-21
1.444965e-22
2.434220e-06
8.668783e-22
3.816203e-13
1.576498e-19
8.974965e-19
1.913416e-24
2.233645e-19
1.811680e-17
6.466139e-22
8.624899e-18
4.579708e-21
1.811680e-17
5.195820e-18
1.234713e-15
3.339172e-23
2.434220e-06
7.474471e-27
6.255331e-18
6.376169e-17
5.946557e-20
4.625383e-26
1.668050e-18
1.143266e-15
7.737507e-26
2.276240e-21
1.560279e-21
5.115929e-10
1.205226e-14
3.452778e-07
1.094172e-12
5.115929e-10
5.148111e-23
1.444965e-22
3.286054e-24
6.269325e-21
2.907997e-14
1.511273e-17
2.434220e-06
3.452778e-07
9.388032e-18
3.972349e-20
1.820155e-20
3.339172e-23
1.495815e-21
9.402535e-14
1.231508e-18
8.434791e-21
3.754985e-10
7.484834e-08
7.692255e-19
1.094172e-12
1.094172e-12
2.896399e-27
3.452778e-07
3.606321e-18
2.031336e-16
2.181019e-10
3.138169e-20
3.859501e-12
1.498680e-21
3.606321e-18
5.620093e-20
2.248395e-17
3.456682e-22
2.434220e-06
1.886363e-09
2.552222e-20
6.376169e-17
3.859501e-12
1.177797e-17
3.320411e-19
5.115929e-10
1.061673e-08
7.737507e-26
1.522905e-20
2.233645e-19
2.434220e-06
1.153854e-12
1.886363e-09
5.788643e-15
8.872766e-19
7.692255e-19
2.333860e-13
8.192994e-23
8.668783e-22
1.514218e-11
1.495815e-21
1.886363e-09
2.983264e-22
1.809430e-11
7.484834e-08
2.434220e-06
5.620093e-20
1.811680e-17
5.788643e-15
8.624687e-13
1.177797e-17
6.363279e-23
5.215393e-14
4.043568e-17
5.591398e-22
2.333860e-13
3.452778e-07
8.872766e-19
3.816203e-13
1.886363e-09
5.788643e-15
5.620093e-20
4.700151e-25
2.552222e-20
7.355570e-28
3.606321e-18
3.859501e-12
8.434791e-21
4.865555e-24
2.434220e-06
6.269325e-21
1.333686e-14
2.276240e-21
1.163043e-21
7.484834e-08
2.233645e-19
8.434791e-21
1.061673e-08
1.636664e-13
1.809430e-11
1.576498e-19
5.591398e-22
3.452778e-07
8.668783e-22
1.391560e-22
2.333860e-13
7.596514e-14
1.820155e-20
2.434220e-06
1.153854e-12
7.596514e-14
2.333860e-13
1.061673e-08
5.148111e-23
1.636664e-13
2.896399e-27
6.042681e-19
2.856615e-15
2.759169e-16
1.809430e-11
5.115929e-10
1.983264e-16
1.511273e-17
1.006144e-16
1.913416e-24
3.859501e-12
2.552222e-20
5.788643e-15
3.620895e-15
2.333860e-13
1.514218e-11
2.434220e-06
1.809430e-11
1.514218e-11
4.865555e-24
3.606321e-18
3.754985e-10
3.286054e-24
6.466139e-22
3.138169e-20
5.496707e-12
1.143266e-15
4.579708e-21
7.484834e-08
3.223730e-24
8.186845e-25
3.606748e-09
7.484834e-08
6.363279e-23
3.286054e-24
2.333860e-13
1.983264e-16
3.972349e-20
7.484834e-08
2.896399e-27
5.591398e-22
2.977315e-19
2.248395e-17
3.620895e-15
1.811680e-17
1.809430e-11
5.591398e-22
2.181019e-10
5.148111e-23
2.147816e-12
3.754985e-10
1.391560e-22
8.571137e-20
1.094172e-12
3.925830e-22
1.820155e-20
2.369672e-15
3.452778e-07
2.983264e-22
3.606748e-09
1.560279e-21
3.754985e-10
6.618595e-17
1.886363e-09
1.177797e-17
3.606748e-09
1.983264e-16
1.061673e-08
2.434220e-06
6.042681e-19
7.188501e-16
3.653680e-18
2.095780e-22
3.754985e-10
3.816203e-13
8.974965e-19
2.856615e-15
3.606321e-18
5.115929e-10
1.886363e-09
7.188501e-16
4.043568e-17
1.576498e-19
1.153854e-12
2.031336e-16
4.625383e-26
5.591398e-22
1.421979e-23
2.233645e-19
3.816203e-13
3.501315e-23
7.737507e-26
7.484834e-08
2.181019e-10
1.234713e-15
3.452778e-07
3.286054e-24
2.896399e-27
2.552222e-20
1.151143e-26
1.514218e-11
3.606748e-09
3.859501e-12
1.444965e-22
1.177797e-17
3.859501e-12
1.886363e-09
1.163043e-21
1.636664e-13
7.484834e-08
5.496707e-12
3.606321e-18
5.946557e-20
5.496707e-12
6.693691e-21
1.636664e-13
8.624687e-13
7.474471e-27
3.286054e-24
3.606321e-18
1.560279e-21
8.192994e-23
5.215393e-14
8.891787e-24
8.624899e-18
2.856615e-15
6.376169e-17
1.576498e-19
3.138169e-20
2.181019e-10
7.484834e-08
1.718961e-19
3.223730e-24
7.788574e-25
3.972349e-20
8.192994e-23
1.061673e-08
1.668050e-18
4.717056e-16
3.452778e-07
3.093629e-11
1.177797e-17
3.452778e-07
2.333860e-13
8.186845e-25
3.339172e-23
1.163043e-21
3.452778e-07
3.031487e-21
2.333860e-13
4.717056e-16
2.434220e-06
3.223730e-24
5.148111e-23
1.514218e-11
3.859501e-12
2.031336e-16
5.215393e-14
