# Created by Octave 5.2.0, Thu Sep 24 16:38:20 2020 CEST <jiwidi@land>
# name: w
# type: matrix
# rows: 1281
# columns: 2
 13 -13
 -1778 1778
 -4929 4929
 1372 -1372
 -2907 2907
 2098 -2098
 -744.8 744.8
 1.046e+04 -1.046e+04
 8288 -8288
 4393 -4393
 5888 -5888
 -3960 3960
 -1670 1670
 -8973 8973
 2315 -2315
 2709 -2709
 2797 -2797
 1439 -1439
 -2852 2852
 4008 -4008
 -1031 1031
 -3783 3783
 -3674 3674
 785.8 -785.8
 1938 -1938
 -2196 2196
 -4081 4081
 -3087 3087
 -993.7 993.7
 2592 -2592
 -4085 4085
 -385.8 385.8
 9222 -9222
 -1383 1383
 -3864 3864
 874.5 -874.5
 -801.7 801.7
 -2017 2017
 -5063 5063
 8763 -8763
 2395 -2395
 -1521 1521
 -237 237
 576.8 -576.8
 -8568 8568
 -2056 2056
 2106 -2106
 2292 -2292
 39.07 -39.07
 -3225 3225
 -3377 3377
 354.1 -354.1
 -67.86 67.86
 4363 -4363
 9326 -9326
 969.4 -969.4
 -2723 2723
 6377 -6377
 542.5 -542.5
 373 -373
 -3873 3873
 -798.1 798.1
 1415 -1415
 -5864 5864
 -2038 2038
 -4774 4774
 1177 -1177
 -1201 1201
 371.5 -371.5
 9599 -9599
 3604 -3604
 -728.4 728.4
 904.8 -904.8
 615.4 -615.4
 -2433 2433
 -896.5 896.5
 6374 -6374
 5362 -5362
 2101 -2101
 2398 -2398
 1856 -1856
 -558.7 558.7
 -724.2 724.2
 75.55 -75.55
 -3083 3083
 427.4 -427.4
 151 -151
 2644 -2644
 -3934 3934
 1942 -1942
 -2372 2372
 406.4 -406.4
 -3106 3106
 177.9 -177.9
 -4058 4058
 3467 -3467
 1518 -1518
 -2230 2230
 -908.5 908.5
 3765 -3765
 -256.9 256.9
 780 -780
 -1216 1216
 -1176 1176
 -3186 3186
 6744 -6744
 2127 -2127
 -1204 1204
 -1120 1120
 -494.5 494.5
 -6324 6324
 -494.6 494.6
 757.5 -757.5
 -71.62 71.62
 -4804 4804
 -237.3 237.3
 2308 -2308
 -3330 3330
 91.63 -91.63
 1810 -1810
 602.3 -602.3
 1017 -1017
 -2783 2783
 6470 -6470
 -20.62 20.62
 -2746 2746
 2834 -2834
 3199 -3199
 1344 -1344
 226.6 -226.6
 -328.3 328.3
 1431 -1431
 342.8 -342.8
 -968.3 968.3
 -787 787
 -662 662
 -492.5 492.5
 -22.58 22.58
 2515 -2515
 1143 -1143
 1604 -1604
 1374 -1374
 -1670 1670
 -2103 2103
 -2877 2877
 -3513 3513
 360.7 -360.7
 3096 -3096
 4956 -4956
 1506 -1506
 9720 -9720
 3243 -3243
 4915 -4915
 4217 -4217
 3950 -3950
 691.5 -691.5
 -1961 1961
 1929 -1929
 2104 -2104
 -3914 3914
 978.7 -978.7
 -2215 2215
 -1.228e+04 1.228e+04
 1511 -1511
 -724.5 724.5
 511.4 -511.4
 -1300 1300
 -3309 3309
 150.2 -150.2
 -2012 2012
 199.7 -199.7
 3023 -3023
 4292 -4292
 2497 -2497
 -2190 2190
 634.7 -634.7
 886.8 -886.8
 -1497 1497
 3020 -3020
 2044 -2044
 3601 -3601
 -4696 4696
 -1813 1813
 2077 -2077
 1108 -1108
 3340 -3340
 1426 -1426
 -6456 6456
 -4443 4443
 -701.1 701.1
 -755.4 755.4
 -4316 4316
 516.9 -516.9
 933.1 -933.1
 828.7 -828.7
 1525 -1525
 -1851 1851
 5755 -5755
 7080 -7080
 -3211 3211
 -3683 3683
 -2714 2714
 3498 -3498
 223.3 -223.3
 336.3 -336.3
 -2086 2086
 -2898 2898
 837.4 -837.4
 -5080 5080
 6373 -6373
 -6845 6845
 3444 -3444
 -5111 5111
 1795 -1795
 5595 -5595
 -6112 6112
 -1773 1773
 -4826 4826
 1141 -1141
 -1767 1767
 -4565 4565
 107.2 -107.2
 1072 -1072
 1646 -1646
 -2601 2601
 -1283 1283
 1912 -1912
 5193 -5193
 4929 -4929
 1237 -1237
 -2274 2274
 1.347e+04 -1.347e+04
 -6797 6797
 -2825 2825
 -339.8 339.8
 -4512 4512
 274.7 -274.7
 -2085 2085
 -1186 1186
 -1574 1574
 -3222 3222
 1226 -1226
 -1473 1473
 2773 -2773
 -3902 3902
 -1539 1539
 860.7 -860.7
 -1303 1303
 1611 -1611
 -543.7 543.7
 1393 -1393
 -821.1 821.1
 3782 -3782
 -4068 4068
 1984 -1984
 -2009 2009
 -120.9 120.9
 -6673 6673
 5493 -5493
 724.3 -724.3
 3001 -3001
 3225 -3225
 180.4 -180.4
 895.6 -895.6
 367.7 -367.7
 315.7 -315.7
 -7910 7910
 -3560 3560
 -1341 1341
 2198 -2198
 2141 -2141
 -4781 4781
 -6236 6236
 -3113 3113
 5306 -5306
 1365 -1365
 -5493 5493
 -3098 3098
 -2296 2296
 -694.6 694.6
 -3143 3143
 2898 -2898
 -3354 3354
 808.7 -808.7
 1601 -1601
 -7663 7663
 846.1 -846.1
 4819 -4819
 2015 -2015
 -1068 1068
 -1761 1761
 3643 -3643
 1894 -1894
 2478 -2478
 -1080 1080
 -778.9 778.9
 8145 -8145
 556.1 -556.1
 -5288 5288
 -2138 2138
 1830 -1830
 1887 -1887
 725.5 -725.5
 -3375 3375
 -3582 3582
 -2944 2944
 -2825 2825
 5342 -5342
 7115 -7115
 -2957 2957
 367.9 -367.9
 -356 356
 -3048 3048
 -98.96 98.96
 -6088 6088
 -8615 8615
 1325 -1325
 5935 -5935
 2526 -2526
 520.9 -520.9
 -662.5 662.5
 -1658 1658
 -57.91 57.91
 3985 -3985
 -655.6 655.6
 -3839 3839
 5335 -5335
 -538.5 538.5
 -6102 6102
 -3356 3356
 -2868 2868
 212.6 -212.6
 -1359 1359
 1672 -1672
 1.141e+04 -1.141e+04
 -8499 8499
 -590 590
 5462 -5462
 -6574 6574
 2612 -2612
 427.1 -427.1
 -1523 1523
 -1772 1772
 3894 -3894
 2987 -2987
 712.6 -712.6
 -977.9 977.9
 1737 -1737
 2853 -2853
 1970 -1970
 -9.178 9.178
 4154 -4154
 339.1 -339.1
 1235 -1235
 -4065 4065
 810.8 -810.8
 -1858 1858
 2284 -2284
 1976 -1976
 -7932 7932
 550 -550
 -1836 1836
 -4517 4517
 -1419 1419
 1934 -1934
 -1600 1600
 3946 -3946
 -512.5 512.5
 -1389 1389
 -3791 3791
 7419 -7419
 -540.3 540.3
 -1106 1106
 -2815 2815
 88.83 -88.83
 1853 -1853
 3258 -3258
 934.3 -934.3
 -4098 4098
 -2879 2879
 4880 -4880
 2449 -2449
 1742 -1742
 -2004 2004
 -226.5 226.5
 -6.769 6.769
 524.5 -524.5
 -5153 5153
 546.7 -546.7
 -7.066 7.066
 2658 -2658
 -5794 5794
 2358 -2358
 4802 -4802
 -1611 1611
 4253 -4253
 -2004 2004
 2496 -2496
 504 -504
 -3516 3516
 4595 -4595
 -5456 5456
 -7710 7710
 -6014 6014
 1935 -1935
 -1053 1053
 -634.7 634.7
 -7959 7959
 6156 -6156
 -1649 1649
 1113 -1113
 273.2 -273.2
 -1889 1889
 -770.7 770.7
 1599 -1599
 -1263 1263
 4253 -4253
 -4046 4046
 -5048 5048
 500 -500
 -1701 1701
 4030 -4030
 -4818 4818
 -5963 5963
 37.79 -37.79
 4168 -4168
 1558 -1558
 1072 -1072
 -2348 2348
 -8224 8224
 1454 -1454
 5070 -5070
 -3936 3936
 -125.9 125.9
 2637 -2637
 -722 722
 6742 -6742
 -1712 1712
 913.8 -913.8
 -751.5 751.5
 -4831 4831
 -725 725
 -7549 7549
 2922 -2922
 -3242 3242
 -257.5 257.5
 494.6 -494.6
 -2109 2109
 2784 -2784
 2178 -2178
 -315.4 315.4
 -2440 2440
 -2379 2379
 -253.6 253.6
 4629 -4629
 -9619 9619
 -1359 1359
 594.4 -594.4
 -3780 3780
 -1736 1736
 -1431 1431
 6816 -6816
 1489 -1489
 399.2 -399.2
 -3617 3617
 -4374 4374
 2581 -2581
 -1324 1324
 -927.3 927.3
 -1482 1482
 3090 -3090
 1.082e+04 -1.082e+04
 -2937 2937
 385.4 -385.4
 2462 -2462
 1987 -1987
 -8436 8436
 -322.7 322.7
 7231 -7231
 -680.7 680.7
 1590 -1590
 -2754 2754
 -3132 3132
 -2861 2861
 -1943 1943
 -1925 1925
 -1829 1829
 288.6 -288.6
 12.09 -12.09
 1142 -1142
 -1107 1107
 -1428 1428
 -2748 2748
 -1745 1745
 1908 -1908
 -4953 4953
 -3429 3429
 6970 -6970
 -3260 3260
 -1590 1590
 -808.8 808.8
 3475 -3475
 3608 -3608
 966.8 -966.8
 -735.9 735.9
 -390 390
 1883 -1883
 -5081 5081
 5203 -5203
 2553 -2553
 -3220 3220
 -2118 2118
 -5717 5717
 3667 -3667
 2629 -2629
 -1641 1641
 2531 -2531
 1961 -1961
 -3941 3941
 2611 -2611
 -279.4 279.4
 -968.2 968.2
 -4345 4345
 -3075 3075
 -4919 4919
 2469 -2469
 -969.1 969.1
 -3464 3464
 -1921 1921
 3082 -3082
 -857.4 857.4
 -74.65 74.65
 -2672 2672
 -4796 4796
 3148 -3148
 -1285 1285
 -1471 1471
 -340.1 340.1
 1701 -1701
 341.8 -341.8
 -132.4 132.4
 4635 -4635
 2560 -2560
 1834 -1834
 3213 -3213
 1300 -1300
 -5863 5863
 2697 -2697
 -2573 2573
 -915.8 915.8
 315.2 -315.2
 6276 -6276
 747.7 -747.7
 -1850 1850
 4720 -4720
 8968 -8968
 7305 -7305
 5211 -5211
 1564 -1564
 235.5 -235.5
 -136 136
 -2034 2034
 7535 -7535
 -5821 5821
 -1822 1822
 2016 -2016
 -2960 2960
 -3443 3443
 741 -741
 -1386 1386
 -2282 2282
 6322 -6322
 2581 -2581
 4568 -4568
 -1161 1161
 -2388 2388
 -7008 7008
 768.4 -768.4
 -2590 2590
 -7955 7955
 -6283 6283
 -1459 1459
 734.7 -734.7
 -1160 1160
 -2839 2839
 -1261 1261
 -4540 4540
 -77.61 77.61
 3138 -3138
 -2523 2523
 -3775 3775
 694.8 -694.8
 -2317 2317
 2832 -2832
 2037 -2037
 6550 -6550
 -5356 5356
 -694.2 694.2
 5285 -5285
 -1418 1418
 -1950 1950
 2251 -2251
 -1423 1423
 -603 603
 -477.8 477.8
 -2255 2255
 3027 -3027
 -5142 5142
 -1092 1092
 2149 -2149
 525.7 -525.7
 -879.1 879.1
 -932.3 932.3
 5095 -5095
 -4211 4211
 705.2 -705.2
 6536 -6536
 4767 -4767
 -110.4 110.4
 -5700 5700
 3254 -3254
 -2440 2440
 3337 -3337
 -4079 4079
 4850 -4850
 -5357 5357
 272.6 -272.6
 -2883 2883
 2267 -2267
 3256 -3256
 -5040 5040
 2778 -2778
 -597.1 597.1
 7524 -7524
 3502 -3502
 1292 -1292
 2296 -2296
 -6741 6741
 1182 -1182
 916.1 -916.1
 4410 -4410
 -1279 1279
 -1760 1760
 -2403 2403
 4110 -4110
 1464 -1464
 -2297 2297
 -2238 2238
 -2562 2562
 -404.1 404.1
 802.1 -802.1
 4475 -4475
 -869.4 869.4
 -1924 1924
 4694 -4694
 -56.11 56.11
 6237 -6237
 2566 -2566
 3238 -3238
 3902 -3902
 1019 -1019
 -1621 1621
 228.6 -228.6
 -75.56 75.56
 -595 595
 -1020 1020
 5699 -5699
 -1116 1116
 -1136 1136
 5057 -5057
 -1008 1008
 -4522 4522
 4493 -4493
 1071 -1071
 -2867 2867
 -28.8 28.8
 1964 -1964
 1920 -1920
 2942 -2942
 -4268 4268
 -3348 3348
 -931.4 931.4
 -815.9 815.9
 6993 -6993
 -2858 2858
 -5415 5415
 -3149 3149
 -4991 4991
 7749 -7749
 -1315 1315
 4338 -4338
 4938 -4938
 2035 -2035
 -3088 3088
 -736 736
 27.56 -27.56
 786.8 -786.8
 2250 -2250
 8306 -8306
 -2513 2513
 3754 -3754
 -1469 1469
 2491 -2491
 1149 -1149
 -5396 5396
 3143 -3143
 2438 -2438
 9080 -9080
 316.8 -316.8
 -500.4 500.4
 -1279 1279
 -1465 1465
 -2319 2319
 3850 -3850
 -4040 4040
 -1613 1613
 -5156 5156
 593.3 -593.3
 -2365 2365
 -4767 4767
 -6217 6217
 7956 -7956
 -3769 3769
 7999 -7999
 2506 -2506
 1527 -1527
 -4576 4576
 9788 -9788
 3638 -3638
 4938 -4938
 4515 -4515
 -4997 4997
 1127 -1127
 796.8 -796.8
 -7862 7862
 -4216 4216
 4701 -4701
 -2531 2531
 -13.39 13.39
 -8780 8780
 1548 -1548
 1309 -1309
 -8284 8284
 620 -620
 -5044 5044
 -3050 3050
 2635 -2635
 -470 470
 1331 -1331
 -37.14 37.14
 4513 -4513
 -7668 7668
 -9425 9425
 1278 -1278
 1309 -1309
 -1067 1067
 6294 -6294
 4196 -4196
 -4343 4343
 -6072 6072
 -9062 9062
 172.5 -172.5
 115.6 -115.6
 2699 -2699
 8510 -8510
 -1401 1401
 -2652 2652
 -243.7 243.7
 -1145 1145
 846.8 -846.8
 -660.4 660.4
 -469.2 469.2
 1727 -1727
 -461.9 461.9
 3349 -3349
 2121 -2121
 -7320 7320
 2545 -2545
 3645 -3645
 -1.36e+04 1.36e+04
 -3006 3006
 -103.3 103.3
 3469 -3469
 -2237 2237
 -1089 1089
 2725 -2725
 -1580 1580
 -595.1 595.1
 7757 -7757
 -3472 3472
 228.2 -228.2
 -9866 9866
 -4285 4285
 592.1 -592.1
 1162 -1162
 -3338 3338
 -1735 1735
 -3706 3706
 -4210 4210
 -20.08 20.08
 925.9 -925.9
 2583 -2583
 982.2 -982.2
 -3668 3668
 1714 -1714
 1073 -1073
 -289.9 289.9
 -815.9 815.9
 2111 -2111
 -3306 3306
 -1116 1116
 -6729 6729
 -1788 1788
 938.8 -938.8
 -874.2 874.2
 -3352 3352
 476.8 -476.8
 -1743 1743
 -1929 1929
 1139 -1139
 -3030 3030
 -239.8 239.8
 2184 -2184
 1501 -1501
 -1608 1608
 1.439e+04 -1.439e+04
 2418 -2418
 -3519 3519
 358.1 -358.1
 3116 -3116
 -372.3 372.3
 2802 -2802
 1839 -1839
 4631 -4631
 6182 -6182
 2730 -2730
 -2075 2075
 452.4 -452.4
 1678 -1678
 -2418 2418
 -1024 1024
 157.5 -157.5
 -47.1 47.1
 2734 -2734
 -1873 1873
 -6760 6760
 1262 -1262
 -820.2 820.2
 5519 -5519
 -4208 4208
 -1109 1109
 -6108 6108
 -4266 4266
 -1057 1057
 3603 -3603
 4511 -4511
 -2799 2799
 606.8 -606.8
 -458.5 458.5
 618.4 -618.4
 -1424 1424
 1741 -1741
 77.63 -77.63
 -5908 5908
 2496 -2496
 -348.4 348.4
 -3210 3210
 1587 -1587
 3159 -3159
 -3214 3214
 -112.8 112.8
 172.7 -172.7
 1587 -1587
 -4777 4777
 -65.92 65.92
 1.058e+04 -1.058e+04
 -5182 5182
 -329.8 329.8
 7501 -7501
 -796.3 796.3
 -9232 9232
 1758 -1758
 3702 -3702
 1486 -1486
 -799.4 799.4
 -4141 4141
 -4553 4553
 -8661 8661
 3237 -3237
 2052 -2052
 -430.7 430.7
 -3537 3537
 755.9 -755.9
 -1081 1081
 -4515 4515
 -5647 5647
 -452.1 452.1
 722 -722
 760.5 -760.5
 -1463 1463
 -4144 4144
 6340 -6340
 4362 -4362
 3319 -3319
 -9767 9767
 -1490 1490
 -3849 3849
 889.6 -889.6
 1305 -1305
 3295 -3295
 -89.6 89.6
 1208 -1208
 -4112 4112
 -1830 1830
 -3385 3385
 -3987 3987
 3511 -3511
 1660 -1660
 2463 -2463
 5177 -5177
 -431.2 431.2
 3777 -3777
 1280 -1280
 -931.2 931.2
 4932 -4932
 -3097 3097
 4594 -4594
 -2587 2587
 2145 -2145
 -604.6 604.6
 6861 -6861
 -5480 5480
 2844 -2844
 -2310 2310
 7616 -7616
 1410 -1410
 3161 -3161
 -325.9 325.9
 -522.4 522.4
 1800 -1800
 -2361 2361
 -3499 3499
 2362 -2362
 -2467 2467
 1444 -1444
 -930.6 930.6
 -4188 4188
 879.5 -879.5
 -465.4 465.4
 181.5 -181.5
 1964 -1964
 -1879 1879
 -2216 2216
 -3045 3045
 971.5 -971.5
 -228.8 228.8
 -139.7 139.7
 -966.2 966.2
 3354 -3354
 368.2 -368.2
 2348 -2348
 365 -365
 -1577 1577
 -1117 1117
 -1322 1322
 -5516 5516
 -2217 2217
 188.2 -188.2
 4048 -4048
 -3534 3534
 -3225 3225
 1255 -1255
 -834.2 834.2
 4811 -4811
 2205 -2205
 6885 -6885
 -1166 1166
 3703 -3703
 -4790 4790
 2390 -2390
 -224.3 224.3
 438.7 -438.7
 103.9 -103.9
 447.8 -447.8
 -3585 3585
 -3062 3062
 -3007 3007
 3544 -3544
 -1041 1041
 -3224 3224
 1410 -1410
 -3534 3534
 -3939 3939
 -3619 3619
 -637.9 637.9
 2194 -2194
 -1536 1536
 175 -175
 -16.78 16.78
 6833 -6833
 -896.4 896.4
 1820 -1820
 1714 -1714
 2396 -2396
 5874 -5874
 326.8 -326.8
 962 -962
 -6210 6210
 2579 -2579
 -440.1 440.1
 1115 -1115
 -3661 3661
 -4086 4086
 -5927 5927
 817 -817
 3738 -3738
 988 -988
 384.5 -384.5
 -1370 1370
 643.7 -643.7
 -4946 4946
 -4754 4754
 -4442 4442
 -2362 2362
 983.9 -983.9
 1391 -1391
 4647 -4647
 2550 -2550
 3189 -3189
 332.3 -332.3
 -4120 4120
 1340 -1340
 -964.2 964.2
 1969 -1969
 -3123 3123
 -1859 1859
 1214 -1214
 -6268 6268
 811.9 -811.9
 -2342 2342
 4643 -4643
 -905.6 905.6
 775.9 -775.9
 -3823 3823
 1790 -1790
 -1499 1499
 3638 -3638
 -1131 1131
 457.9 -457.9
 2913 -2913
 -276.4 276.4
 3189 -3189
 -3865 3865
 -4915 4915
 5257 -5257
 4567 -4567
 1098 -1098
 -1975 1975
 7335 -7335
 1228 -1228
 3390 -3390
 4574 -4574
 -3726 3726
 -6538 6538
 -4089 4089
 3389 -3389
 -1834 1834
 6804 -6804
 822.8 -822.8
 -4740 4740
 -164.2 164.2
 -5867 5867
 5124 -5124
 -2769 2769
 9604 -9604
 -1047 1047
 -933.4 933.4
 3241 -3241
 4533 -4533
 -660.2 660.2
 -6621 6621
 -4797 4797
 -6089 6089
 2611 -2611
 147.5 -147.5
 -4937 4937
 -4177 4177
 4408 -4408
 -1018 1018
 -1115 1115
 1095 -1095
 -2619 2619
 -3519 3519
 -5379 5379
 -3526 3526
 -4282 4282
 -3341 3341
 -3537 3537
 -6195 6195
 -424.4 424.4
 -4974 4974
 -6288 6288
 4339 -4339
 -5031 5031
 2268 -2268
 7958 -7958
 -1657 1657
 -3581 3581
 -5356 5356
 -2366 2366
 105.4 -105.4
 1627 -1627
 2235 -2235
 934.9 -934.9
 -2751 2751
 -2363 2363
 2492 -2492
 2402 -2402
 -1300 1300
 -10.66 10.66
 1282 -1282
 1560 -1560
 -2304 2304
 2521 -2521
 -1239 1239
 -5173 5173
 53.39 -53.39
 213.7 -213.7
 -6776 6776
 756.5 -756.5
 -691.7 691.7
 919.3 -919.3
 -335.3 335.3
 1199 -1199
 -828.6 828.6
 -1020 1020
 5116 -5116
 5872 -5872
 -2035 2035
 -3110 3110
 4407 -4407
 2979 -2979
 3164 -3164
 -2395 2395
 1808 -1808
 16.7 -16.7
 -2040 2040
 2902 -2902
 -1162 1162
 -3398 3398
 -892.2 892.2
 -359.1 359.1
 2551 -2551
 -480.6 480.6
 -424 424
 -597.7 597.7
 784 -784
 -5388 5388
 1884 -1884
 -762.9 762.9
 3160 -3160
 -796.4 796.4
 -3944 3944
 -2255 2255
 -3948 3948
 1022 -1022
 -3585 3585
 2012 -2012
 826.3 -826.3
 -2867 2867
 -2198 2198
 -818 818
 -4365 4365
 3880 -3880
 -3706 3706
 -5325 5325
 -1925 1925
 -40.25 40.25
 -2396 2396
 -2821 2821
 619.7 -619.7
 -7007 7007
 -600.7 600.7
 -6615 6615
 -5404 5404
 -3524 3524
 848.4 -848.4
 -3177 3177
 646.8 -646.8
 -3239 3239
 7026 -7026
 1.257e+04 -1.257e+04
 -5177 5177
 -2644 2644
 -1.024e+04 1.024e+04
 5358 -5358
 6258 -6258
 8907 -8907
 444.3 -444.3
 -7252 7252
 4322 -4322
 -5824 5824
 -2594 2594
 -3288 3288
 -2369 2369
 -2269 2269
 687.8 -687.8
 -1516 1516
 2474 -2474
 -326.1 326.1
 2673 -2673
 3956 -3956
 -8285 8285
 -4638 4638
 -1335 1335
 -2218 2218
 3208 -3208
 5938 -5938
 -2449 2449
 -2387 2387
 -5696 5696
 -1834 1834
 6042 -6042
 3538 -3538
 -2843 2843
 1308 -1308
 -6785 6785
 994.5 -994.5
 530.9 -530.9
 -3020 3020
 488.1 -488.1
 -4153 4153
 -63.35 63.35
 -2416 2416
 6835 -6835
 -3034 3034
 2578 -2578
 -988.4 988.4
 -420.2 420.2
 -3002 3002
 645.6 -645.6
 1055 -1055
 -2053 2053
 -3302 3302
 2047 -2047
 -819.1 819.1
 652.5 -652.5
 1424 -1424
 -6102 6102
 -5576 5576
 -59.31 59.31
 -4629 4629
 -4502 4502
 6430 -6430
 -1868 1868
 3856 -3856
 1254 -1254
 5606 -5606
 -1503 1503
 -360.3 360.3
 982.6 -982.6
 -2939 2939
 577.8 -577.8
 8958 -8958
 -2630 2630
 4707 -4707
 5541 -5541
 -4328 4328
 1085 -1085
 -4227 4227
 6182 -6182
 -1819 1819
 1262 -1262
 5198 -5198
 3503 -3503
 3778 -3778
 208.6 -208.6
 1650 -1650
 79.4 -79.4
 -4084 4084
 3684 -3684


