# Created by Octave 5.2.0, Thu Sep 24 16:37:50 2020 CEST <jiwidi@land>
# name: w
# type: matrix
# rows: 1281
# columns: 2
 12 -12
 -2129 2129
 -4758 4758
 1655 -1655
 -2683 2683
 1512 -1512
 -340.2 340.2
 1.027e+04 -1.027e+04
 7960 -7960
 4851 -4851
 5537 -5537
 -3838 3838
 -1947 1947
 -8621 8621
 3260 -3260
 3108 -3108
 2854 -2854
 954.2 -954.2
 -2454 2454
 3373 -3373
 -1149 1149
 -3125 3125
 -4261 4261
 -199.6 199.6
 2167 -2167
 -2176 2176
 -3732 3732
 -3606 3606
 -414.9 414.9
 2295 -2295
 -3787 3787
 758.6 -758.6
 9120 -9120
 -1277 1277
 -4043 4043
 1.878 -1.878
 -557.4 557.4
 -2365 2365
 -4894 4894
 9661 -9661
 2672 -2672
 -1801 1801
 -492.6 492.6
 -103 103
 -8256 8256
 -2260 2260
 1622 -1622
 2451 -2451
 -558.1 558.1
 -3073 3073
 -3074 3074
 -824.6 824.6
 314 -314
 3360 -3360
 1.003e+04 -1.003e+04
 1308 -1308
 -2596 2596
 6249 -6249
 1487 -1487
 391.2 -391.2
 -4292 4292
 3.725 -3.725
 491.2 -491.2
 -5985 5985
 -1990 1990
 -4186 4186
 869.5 -869.5
 -1222 1222
 -627 627
 9209 -9209
 3608 -3608
 -188 188
 642.9 -642.9
 1075 -1075
 -2972 2972
 -1240 1240
 7328 -7328
 5860 -5860
 1883 -1883
 2556 -2556
 1710 -1710
 -642.4 642.4
 -1301 1301
 715.3 -715.3
 -3268 3268
 726.6 -726.6
 390.1 -390.1
 3276 -3276
 -3792 3792
 1840 -1840
 -2178 2178
 349.3 -349.3
 -3516 3516
 590.4 -590.4
 -3703 3703
 2451 -2451
 2627 -2627
 -2670 2670
 -479.2 479.2
 2828 -2828
 -625.6 625.6
 636.3 -636.3
 -828.5 828.5
 -1358 1358
 -3393 3393
 6596 -6596
 1609 -1609
 -1255 1255
 -1322 1322
 -249.4 249.4
 -6640 6640
 -400.5 400.5
 382.9 -382.9
 -124.4 124.4
 -5025 5025
 -738.7 738.7
 2135 -2135
 -3170 3170
 -164.5 164.5
 1444 -1444
 292.4 -292.4
 1419 -1419
 -1766 1766
 5397 -5397
 -416.6 416.6
 -2757 2757
 2725 -2725
 2774 -2774
 1868 -1868
 601.7 -601.7
 526.4 -526.4
 2116 -2116
 1194 -1194
 -666.4 666.4
 -1192 1192
 -641.4 641.4
 -454.8 454.8
 1001 -1001
 2441 -2441
 2009 -2009
 2034 -2034
 996.7 -996.7
 -1787 1787
 -3445 3445
 -2906 2906
 -2297 2297
 -337.3 337.3
 3689 -3689
 5224 -5224
 2455 -2455
 8994 -8994
 3123 -3123
 3323 -3323
 3443 -3443
 4427 -4427
 504.9 -504.9
 -1703 1703
 2160 -2160
 2313 -2313
 -4221 4221
 -8.73 8.73
 -2019 2019
 -1.258e+04 1.258e+04
 1148 -1148
 -1279 1279
 49.98 -49.98
 -1933 1933
 -3088 3088
 996 -996
 -1674 1674
 241.1 -241.1
 3129 -3129
 4224 -4224
 2712 -2712
 -1033 1033
 1283 -1283
 185.2 -185.2
 -2231 2231
 3015 -3015
 2691 -2691
 3714 -3714
 -4092 4092
 -2183 2183
 2029 -2029
 860.1 -860.1
 4769 -4769
 1580 -1580
 -6543 6543
 -4186 4186
 -974.2 974.2
 -750.2 750.2
 -4972 4972
 720.1 -720.1
 965.8 -965.8
 771.5 -771.5
 1339 -1339
 -1732 1732
 5239 -5239
 7394 -7394
 -2963 2963
 -3330 3330
 -2799 2799
 3608 -3608
 318.8 -318.8
 -552.7 552.7
 -3243 3243
 -2658 2658
 1534 -1534
 -4879 4879
 5303 -5303
 -7220 7220
 2898 -2898
 -4468 4468
 1211 -1211
 5759 -5759
 -6496 6496
 -2105 2105
 -4677 4677
 1273 -1273
 -2340 2340
 -4094 4094
 297.8 -297.8
 876.6 -876.6
 1393 -1393
 -2065 2065
 -2182 2182
 1913 -1913
 5800 -5800
 4895 -4895
 1192 -1192
 -2652 2652
 1.259e+04 -1.259e+04
 -6358 6358
 -2577 2577
 -460.6 460.6
 -4241 4241
 -859 859
 -1051 1051
 -1575 1575
 -1590 1590
 -2640 2640
 2003 -2003
 -1726 1726
 2608 -2608
 -4140 4140
 -1216 1216
 693 -693
 -1168 1168
 1393 -1393
 -240 240
 1161 -1161
 -761.2 761.2
 3611 -3611
 -3204 3204
 2575 -2575
 -3266 3266
 -1389 1389
 -6085 6085
 5607 -5607
 977.6 -977.6
 1986 -1986
 3629 -3629
 482.5 -482.5
 1124 -1124
 397.9 -397.9
 346.5 -346.5
 -7352 7352
 -3642 3642
 -1801 1801
 2053 -2053
 1931 -1931
 -4057 4057
 -6261 6261
 -2904 2904
 5387 -5387
 176.6 -176.6
 -5965 5965
 -2956 2956
 -2241 2241
 -471.8 471.8
 -2676 2676
 2945 -2945
 -2659 2659
 629.7 -629.7
 1010 -1010
 -7336 7336
 459.5 -459.5
 5689 -5689
 2158 -2158
 -400.5 400.5
 -1161 1161
 5809 -5809
 2546 -2546
 3169 -3169
 -1455 1455
 -846.8 846.8
 7763 -7763
 825.5 -825.5
 -5914 5914
 -2322 2322
 1713 -1713
 1193 -1193
 570.7 -570.7
 -2866 2866
 -2598 2598
 -1695 1695
 -2182 2182
 5919 -5919
 7091 -7091
 -3586 3586
 252.7 -252.7
 181.4 -181.4
 -2312 2312
 -69.25 69.25
 -6097 6097
 -7856 7856
 1811 -1811
 6065 -6065
 2910 -2910
 664.2 -664.2
 -961.1 961.1
 -1955 1955
 323.6 -323.6
 3998 -3998
 -635.2 635.2
 -4058 4058
 4658 -4658
 -1718 1718
 -5808 5808
 -3262 3262
 -2974 2974
 658 -658
 -717.2 717.2
 1403 -1403
 1.12e+04 -1.12e+04
 -7915 7915
 -473.6 473.6
 5610 -5610
 -6138 6138
 2850 -2850
 -418.4 418.4
 -1664 1664
 -1952 1952
 3903 -3903
 3141 -3141
 987 -987
 -931.3 931.3
 1817 -1817
 2528 -2528
 996 -996
 127.7 -127.7
 3970 -3970
 423.9 -423.9
 497 -497
 -4506 4506
 1611 -1611
 -2036 2036
 2922 -2922
 1794 -1794
 -7388 7388
 433.1 -433.1
 -2214 2214
 -5094 5094
 -1153 1153
 1958 -1958
 -2364 2364
 4741 -4741
 -560.9 560.9
 -397.9 397.9
 -3719 3719
 7017 -7017
 -161.7 161.7
 -143.4 143.4
 -2855 2855
 -716.3 716.3
 1874 -1874
 2835 -2835
 2135 -2135
 -3906 3906
 -3276 3276
 5004 -5004
 2148 -2148
 1339 -1339
 -1844 1844
 -209.6 209.6
 194 -194
 354.3 -354.3
 -5070 5070
 412.4 -412.4
 424.3 -424.3
 2875 -2875
 -5112 5112
 1767 -1767
 4008 -4008
 -1977 1977
 4220 -4220
 -2003 2003
 2659 -2659
 56.62 -56.62
 -2860 2860
 4539 -4539
 -5842 5842
 -7913 7913
 -5985 5985
 2308 -2308
 -1456 1456
 -820.4 820.4
 -7602 7602
 5667 -5667
 -1328 1328
 1696 -1696
 872.9 -872.9
 -2219 2219
 -513.4 513.4
 325.2 -325.2
 -1455 1455
 4451 -4451
 -4307 4307
 -4746 4746
 771 -771
 -2074 2074
 3011 -3011
 -4311 4311
 -5330 5330
 12.42 -12.42
 4654 -4654
 728.9 -728.9
 1560 -1560
 -1735 1735
 -7947 7947
 874.4 -874.4
 5177 -5177
 -3122 3122
 469.1 -469.1
 2253 -2253
 -993.4 993.4
 6140 -6140
 -1429 1429
 513.1 -513.1
 -721.6 721.6
 -4720 4720
 -535 535
 -7825 7825
 3901 -3901
 -3361 3361
 -811 811
 769.1 -769.1
 -1789 1789
 2320 -2320
 1454 -1454
 223 -223
 -3089 3089
 -2375 2375
 -1098 1098
 4286 -4286
 -8897 8897
 -625 625
 186.3 -186.3
 -3398 3398
 -1311 1311
 -1206 1206
 6866 -6866
 2239 -2239
 -417.1 417.1
 -3292 3292
 -4590 4590
 2762 -2762
 -1902 1902
 -994.8 994.8
 -2184 2184
 3173 -3173
 1.144e+04 -1.144e+04
 -3032 3032
 398.8 -398.8
 2946 -2946
 1682 -1682
 -7887 7887
 -901.1 901.1
 5745 -5745
 -579.6 579.6
 1405 -1405
 -3260 3260
 -3097 3097
 -2584 2584
 -1782 1782
 -1512 1512
 -1422 1422
 540.1 -540.1
 1015 -1015
 1080 -1080
 -1570 1570
 -992.6 992.6
 -2117 2117
 -1089 1089
 2604 -2604
 -4573 4573
 -3100 3100
 6405 -6405
 -2422 2422
 -1666 1666
 -1085 1085
 3574 -3574
 2420 -2420
 912.6 -912.6
 -1533 1533
 -825 825
 1925 -1925
 -4347 4347
 4505 -4505
 2556 -2556
 -3053 3053
 -2537 2537
 -5854 5854
 3098 -3098
 2834 -2834
 -1494 1494
 2163 -2163
 2199 -2199
 -4029 4029
 2696 -2696
 -45.23 45.23
 -598.3 598.3
 -5101 5101
 -2607 2607
 -4162 4162
 1753 -1753
 -1049 1049
 -2240 2240
 -3724 3724
 3135 -3135
 -796.4 796.4
 -460.1 460.1
 -3352 3352
 -5360 5360
 3217 -3217
 -1025 1025
 -1260 1260
 -471.8 471.8
 2564 -2564
 556.7 -556.7
 31.57 -31.57
 4255 -4255
 2940 -2940
 1262 -1262
 2512 -2512
 2003 -2003
 -5405 5405
 2679 -2679
 -2333 2333
 -638.5 638.5
 249.1 -249.1
 6623 -6623
 617.7 -617.7
 -2303 2303
 4427 -4427
 9331 -9331
 6659 -6659
 4720 -4720
 1593 -1593
 -860.2 860.2
 -312.6 312.6
 -2052 2052
 7234 -7234
 -6346 6346
 -1518 1518
 1250 -1250
 -3323 3323
 -3313 3313
 1024 -1024
 -1901 1901
 -896.2 896.2
 5619 -5619
 1944 -1944
 4456 -4456
 -1136 1136
 -2692 2692
 -6476 6476
 919.9 -919.9
 -3206 3206
 -6953 6953
 -5821 5821
 -1825 1825
 71.38 -71.38
 -1009 1009
 -3657 3657
 -1570 1570
 -4136 4136
 -788.2 788.2
 2439 -2439
 -2163 2163
 -4303 4303
 872.6 -872.6
 -2451 2451
 2391 -2391
 1442 -1442
 5740 -5740
 -4712 4712
 -463 463
 4393 -4393
 -1308 1308
 -1186 1186
 1703 -1703
 -908.1 908.1
 -745.4 745.4
 -596.2 596.2
 -1792 1792
 3342 -3342
 -4952 4952
 -1215 1215
 1954 -1954
 1508 -1508
 -538.6 538.6
 -77.15 77.15
 5321 -5321
 -4742 4742
 1212 -1212
 6949 -6949
 5438 -5438
 -139.4 139.4
 -5648 5648
 2800 -2800
 -2992 2992
 3794 -3794
 -5033 5033
 4612 -4612
 -4987 4987
 465.3 -465.3
 -3562 3562
 1887 -1887
 3701 -3701
 -4062 4062
 2725 -2725
 -189.9 189.9
 6712 -6712
 3400 -3400
 1592 -1592
 3185 -3185
 -6495 6495
 1417 -1417
 1007 -1007
 4689 -4689
 -2369 2369
 -2159 2159
 -3319 3319
 4096 -4096
 1637 -1637
 -1944 1944
 -1825 1825
 -2774 2774
 -235.2 235.2
 690.4 -690.4
 3729 -3729
 -1571 1571
 -1912 1912
 4848 -4848
 -480.6 480.6
 6000 -6000
 2273 -2273
 3172 -3172
 3514 -3514
 950.7 -950.7
 -2094 2094
 696.8 -696.8
 -96.39 96.39
 -169.7 169.7
 -1484 1484
 5603 -5603
 -868.3 868.3
 2.154 -2.154
 4538 -4538
 -1661 1661
 -3428 3428
 4017 -4017
 464.9 -464.9
 -2479 2479
 -401 401
 3020 -3020
 1777 -1777
 3175 -3175
 -3849 3849
 -3167 3167
 -753.6 753.6
 -517.9 517.9
 6940 -6940
 -2116 2116
 -5783 5783
 -2229 2229
 -4631 4631
 7145 -7145
 -1747 1747
 3632 -3632
 4602 -4602
 1772 -1772
 -3340 3340
 -350.9 350.9
 104.1 -104.1
 1488 -1488
 1977 -1977
 7832 -7832
 -3363 3363
 3185 -3185
 -1290 1290
 3137 -3137
 2173 -2173
 -4826 4826
 3892 -3892
 2524 -2524
 8988 -8988
 -220.4 220.4
 108.2 -108.2
 -700.1 700.1
 -1818 1818
 -1951 1951
 4321 -4321
 -4049 4049
 -1469 1469
 -5457 5457
 122 -122
 -2443 2443
 -4494 4494
 -5060 5060
 7662 -7662
 -3853 3853
 7306 -7306
 1992 -1992
 1199 -1199
 -3986 3986
 1.01e+04 -1.01e+04
 4269 -4269
 4523 -4523
 4857 -4857
 -5184 5184
 980.5 -980.5
 929.2 -929.2
 -7657 7657
 -3720 3720
 4420 -4420
 -2018 2018
 -38 38
 -8323 8323
 1569 -1569
 2304 -2304
 -8163 8163
 89.22 -89.22
 -4648 4648
 -2672 2672
 1637 -1637
 -815.3 815.3
 1944 -1944
 718.6 -718.6
 4465 -4465
 -6778 6778
 -9830 9830
 972.8 -972.8
 1079 -1079
 -1650 1650
 5544 -5544
 4011 -4011
 -4618 4618
 -5835 5835
 -9271 9271
 596.5 -596.5
 148.8 -148.8
 3372 -3372
 8626 -8626
 -1427 1427
 -2774 2774
 -323.3 323.3
 -1626 1626
 118.1 -118.1
 -609.2 609.2
 157.2 -157.2
 2066 -2066
 -274.1 274.1
 3288 -3288
 2449 -2449
 -6588 6588
 1995 -1995
 3713 -3713
 -1.324e+04 1.324e+04
 -2037 2037
 17.3 -17.3
 3265 -3265
 -2253 2253
 -914 914
 3026 -3026
 -1717 1717
 -2103 2103
 8084 -8084
 -4009 4009
 204.3 -204.3
 -9949 9949
 -3729 3729
 198.1 -198.1
 1130 -1130
 -3880 3880
 -1350 1350
 -4246 4246
 -3304 3304
 187.2 -187.2
 1132 -1132
 2140 -2140
 975 -975
 -3171 3171
 1596 -1596
 1051 -1051
 -95.54 95.54
 -875.2 875.2
 1585 -1585
 -3273 3273
 -1051 1051
 -6957 6957
 -867 867
 816.6 -816.6
 -795.6 795.6
 -2554 2554
 647.2 -647.2
 -1849 1849
 -977 977
 549.3 -549.3
 -2617 2617
 220.5 -220.5
 2261 -2261
 1674 -1674
 -1588 1588
 1.416e+04 -1.416e+04
 2544 -2544
 -3463 3463
 631.7 -631.7
 2264 -2264
 -403.1 403.1
 2562 -2562
 2260 -2260
 4722 -4722
 6589 -6589
 3654 -3654
 -1735 1735
 152.5 -152.5
 2255 -2255
 -2600 2600
 -1576 1576
 250.4 -250.4
 240.7 -240.7
 2613 -2613
 -1618 1618
 -5868 5868
 1550 -1550
 -262.5 262.5
 5647 -5647
 -3614 3614
 -484.8 484.8
 -5553 5553
 -4281 4281
 -1842 1842
 3281 -3281
 4868 -4868
 -1925 1925
 504.9 -504.9
 -191 191
 388.8 -388.8
 -1479 1479
 2169 -2169
 -871.9 871.9
 -5138 5138
 3008 -3008
 -2.091 2.091
 -3752 3752
 3022 -3022
 2152 -2152
 -2579 2579
 -73.16 73.16
 383.9 -383.9
 2285 -2285
 -3978 3978
 -692 692
 1.059e+04 -1.059e+04
 -5571 5571
 391.3 -391.3
 7318 -7318
 -683.1 683.1
 -8214 8214
 1663 -1663
 3265 -3265
 1316 -1316
 -887.5 887.5
 -3816 3816
 -3976 3976
 -8127 8127
 2771 -2771
 1512 -1512
 515.6 -515.6
 -3404 3404
 723 -723
 -1493 1493
 -4394 4394
 -4830 4830
 -1736 1736
 363.2 -363.2
 726.2 -726.2
 -1534 1534
 -3987 3987
 6225 -6225
 3695 -3695
 2523 -2523
 -1.009e+04 1.009e+04
 -1317 1317
 -4104 4104
 53.23 -53.23
 611.9 -611.9
 3602 -3602
 -544.1 544.1
 1690 -1690
 -5028 5028
 -1561 1561
 -3479 3479
 -5144 5144
 3000 -3000
 1800 -1800
 2853 -2853
 5814 -5814
 -23.11 23.11
 3689 -3689
 483 -483
 -1883 1883
 5366 -5366
 -2848 2848
 4558 -4558
 -1700 1700
 1098 -1098
 -813.8 813.8
 5792 -5792
 -5173 5173
 2669 -2669
 -3241 3241
 7747 -7747
 698.6 -698.6
 3308 -3308
 496.7 -496.7
 -637.5 637.5
 1826 -1826
 -2564 2564
 -3317 3317
 2219 -2219
 -2364 2364
 1335 -1335
 -1241 1241
 -3530 3530
 1084 -1084
 -842.1 842.1
 817.9 -817.9
 1163 -1163
 -1365 1365
 -1145 1145
 -2510 2510
 1347 -1347
 -934 934
 -240.3 240.3
 -1328 1328
 2604 -2604
 739.6 -739.6
 1982 -1982
 439.9 -439.9
 -907.2 907.2
 -1109 1109
 -1588 1588
 -5506 5506
 -2768 2768
 -44.55 44.55
 3496 -3496
 -2181 2181
 -2791 2791
 1621 -1621
 -627.6 627.6
 4891 -4891
 2627 -2627
 6346 -6346
 -1376 1376
 3495 -3495
 -3925 3925
 1713 -1713
 189.2 -189.2
 1158 -1158
 -402.5 402.5
 533 -533
 -4204 4204
 -2831 2831
 -2446 2446
 3206 -3206
 -850.7 850.7
 -3111 3111
 936.7 -936.7
 -3795 3795
 -4758 4758
 -3721 3721
 -1174 1174
 2455 -2455
 -1551 1551
 -612.6 612.6
 331 -331
 6550 -6550
 -1108 1108
 1958 -1958
 1420 -1420
 2673 -2673
 5818 -5818
 129.2 -129.2
 1358 -1358
 -5867 5867
 1640 -1640
 -1259 1259
 1284 -1284
 -3653 3653
 -4629 4629
 -5548 5548
 214 -214
 4031 -4031
 265.5 -265.5
 323.4 -323.4
 -1734 1734
 316.9 -316.9
 -4164 4164
 -5023 5023
 -4510 4510
 -2395 2395
 1561 -1561
 2275 -2275
 4407 -4407
 2354 -2354
 3216 -3216
 -651.3 651.3
 -3470 3470
 1014 -1014
 -1037 1037
 1160 -1160
 -3595 3595
 -1540 1540
 2656 -2656
 -5554 5554
 539.1 -539.1
 -2368 2368
 4732 -4732
 -583.3 583.3
 294.1 -294.1
 -2748 2748
 1923 -1923
 -1342 1342
 3019 -3019
 -1204 1204
 564.9 -564.9
 3633 -3633
 97.26 -97.26
 2468 -2468
 -2444 2444
 -5235 5235
 6167 -6167
 4764 -4764
 186.9 -186.9
 -1868 1868
 7180 -7180
 1637 -1637
 4082 -4082
 4451 -4451
 -3580 3580
 -6403 6403
 -3602 3602
 2133 -2133
 -700.7 700.7
 6255 -6255
 1145 -1145
 -3956 3956
 -314.7 314.7
 -6566 6566
 5373 -5373
 -2551 2551
 9675 -9675
 -748.6 748.6
 -1978 1978
 3357 -3357
 3912 -3912
 -1150 1150
 -7196 7196
 -4338 4338
 -6675 6675
 2106 -2106
 -331.5 331.5
 -5752 5752
 -3758 3758
 3860 -3860
 -212.7 212.7
 -331.8 331.8
 2056 -2056
 -2168 2168
 -3698 3698
 -4656 4656
 -4021 4021
 -4128 4128
 -2625 2625
 -3964 3964
 -6267 6267
 126.6 -126.6
 -4734 4734
 -5640 5640
 4120 -4120
 -5405 5405
 2360 -2360
 7212 -7212
 -2322 2322
 -3058 3058
 -4643 4643
 -2705 2705
 -868.1 868.1
 699.7 -699.7
 2156 -2156
 1598 -1598
 -3123 3123
 -2303 2303
 2665 -2665
 2461 -2461
 -1632 1632
 -3.684 3.684
 1221 -1221
 1826 -1826
 -2453 2453
 3326 -3326
 -2188 2188
 -5668 5668
 -466.9 466.9
 -108.6 108.6
 -7100 7100
 1149 -1149
 -346 346
 730.5 -730.5
 108 -108
 255.4 -255.4
 -951.6 951.6
 -382 382
 4443 -4443
 5614 -5614
 -2169 2169
 -3306 3306
 4062 -4062
 2383 -2383
 3621 -3621
 -1927 1927
 2105 -2105
 1080 -1080
 -1403 1403
 3570 -3570
 -1456 1456
 -3113 3113
 -1464 1464
 -1336 1336
 3273 -3273
 -889.1 889.1
 -138.4 138.4
 -1060 1060
 391.1 -391.1
 -5152 5152
 2438 -2438
 -621.6 621.6
 3029 -3029
 -667.7 667.7
 -4620 4620
 -2454 2454
 -4055 4055
 922.7 -922.7
 -2821 2821
 1955 -1955
 1197 -1197
 -3248 3248
 -1999 1999
 -690.8 690.8
 -4886 4886
 4013 -4013
 -4244 4244
 -5919 5919
 -906.8 906.8
 -146.2 146.2
 -2375 2375
 -2993 2993
 -454.8 454.8
 -7060 7060
 -443.5 443.5
 -6987 6987
 -4772 4772
 -3192 3192
 949.5 -949.5
 -3311 3311
 321.2 -321.2
 -2357 2357
 6992 -6992
 1.205e+04 -1.205e+04
 -5625 5625
 -2946 2946
 -1.041e+04 1.041e+04
 4983 -4983
 5579 -5579
 8906 -8906
 407.4 -407.4
 -6827 6827
 4553 -4553
 -6329 6329
 -2782 2782
 -3253 3253
 -1389 1389
 -2255 2255
 743.8 -743.8
 -1779 1779
 1783 -1783
 -305.9 305.9
 2811 -2811
 4146 -4146
 -8245 8245
 -4871 4871
 -1977 1977
 -2562 2562
 3589 -3589
 5909 -5909
 -2693 2693
 -2288 2288
 -6001 6001
 -2028 2028
 5192 -5192
 3533 -3533
 -3005 3005
 1488 -1488
 -6367 6367
 1868 -1868
 918.9 -918.9
 -3682 3682
 585.6 -585.6
 -3977 3977
 94.34 -94.34
 -2928 2928
 6423 -6423
 -2687 2687
 2584 -2584
 -1865 1865
 -1.5 1.5
 -2758 2758
 139.1 -139.1
 1390 -1390
 -2125 2125
 -3739 3739
 2223 -2223
 -896.8 896.8
 1301 -1301
 980.6 -980.6
 -5218 5218
 -5661 5661
 498.4 -498.4
 -5298 5298
 -4590 4590
 5604 -5604
 -2361 2361
 3826 -3826
 1688 -1688
 5312 -5312
 -1402 1402
 131.3 -131.3
 1232 -1232
 -3228 3228
 1241 -1241
 9289 -9289
 -2026 2026
 5289 -5289
 5556 -5556
 -3398 3398
 519.2 -519.2
 -4233 4233
 5879 -5879
 -2359 2359
 1419 -1419
 5101 -5101
 4918 -4918
 3602 -3602
 664.1 -664.1
 1209 -1209
 416.8 -416.8
 -4127 4127
 3742 -3742


