# Created by Octave 5.2.0, Thu Sep 24 16:38:27 2020 CEST <jiwidi@land>
# name: w
# type: matrix
# rows: 1281
# columns: 2
 9 -9
 -1596 1596
 -4494 4494
 751.9 -751.9
 -2725 2725
 2531 -2531
 -228 228
 1.03e+04 -1.03e+04
 7511 -7511
 4991 -4991
 5951 -5951
 -4537 4537
 -926.9 926.9
 -8089 8089
 3449 -3449
 3066 -3066
 3546 -3546
 934.4 -934.4
 -2547 2547
 3878 -3878
 -1503 1503
 -3352 3352
 -4199 4199
 334.2 -334.2
 2050 -2050
 -2682 2682
 -3431 3431
 -3259 3259
 -838 838
 2446 -2446
 -4214 4214
 254.9 -254.9
 9027 -9027
 -2204 2204
 -3556 3556
 985 -985
 -1188 1188
 -2029 2029
 -5623 5623
 8559 -8559
 2358 -2358
 -2903 2903
 -496.8 496.8
 380.5 -380.5
 -8264 8264
 -1878 1878
 2010 -2010
 2582 -2582
 589.2 -589.2
 -3062 3062
 -3218 3218
 -168.1 168.1
 221.8 -221.8
 4130 -4130
 9458 -9458
 1366 -1366
 -2583 2583
 5776 -5776
 1123 -1123
 889.9 -889.9
 -4998 4998
 -131 131
 1196 -1196
 -5645 5645
 -1801 1801
 -3943 3943
 462.2 -462.2
 -2328 2328
 -70.8 70.8
 9695 -9695
 3932 -3932
 154.6 -154.6
 966.4 -966.4
 1250 -1250
 -2753 2753
 -564 564
 6570 -6570
 6101 -6101
 1486 -1486
 2061 -2061
 977.2 -977.2
 -133.9 133.9
 -1902 1902
 1107 -1107
 -2798 2798
 75.41 -75.41
 756.6 -756.6
 2818 -2818
 -3888 3888
 1557 -1557
 -2131 2131
 -141.5 141.5
 -4062 4062
 1004 -1004
 -3440 3440
 2742 -2742
 2339 -2339
 -2082 2082
 -408.2 408.2
 3383 -3383
 -115.3 115.3
 455.9 -455.9
 -1351 1351
 -1255 1255
 -2804 2804
 6061 -6061
 2214 -2214
 -348.3 348.3
 -1249 1249
 -459.5 459.5
 -6276 6276
 -318.7 318.7
 910.6 -910.6
 -59.79 59.79
 -4869 4869
 -415.6 415.6
 2455 -2455
 -2134 2134
 -287.6 287.6
 1591 -1591
 283.2 -283.2
 1115 -1115
 -1508 1508
 5670 -5670
 -233.6 233.6
 -2782 2782
 2478 -2478
 3609 -3609
 1349 -1349
 353.8 -353.8
 -343.2 343.2
 1425 -1425
 313.7 -313.7
 -1217 1217
 -1351 1351
 -717.5 717.5
 32.39 -32.39
 180.2 -180.2
 2388 -2388
 1366 -1366
 1688 -1688
 1379 -1379
 -1278 1278
 -3117 3117
 -2470 2470
 -3181 3181
 -10.79 10.79
 2375 -2375
 5082 -5082
 2757 -2757
 9718 -9718
 3728 -3728
 2939 -2939
 3500 -3500
 3880 -3880
 399.6 -399.6
 -1546 1546
 1299 -1299
 1276 -1276
 -4163 4163
 473.5 -473.5
 -2469 2469
 -1.131e+04 1.131e+04
 1496 -1496
 -971.3 971.3
 -7.917 7.917
 -2059 2059
 -3117 3117
 151.6 -151.6
 -1787 1787
 -188.4 188.4
 2870 -2870
 4409 -4409
 2809 -2809
 -1627 1627
 741.5 -741.5
 915.3 -915.3
 -264.3 264.3
 2972 -2972
 1501 -1501
 2655 -2655
 -4258 4258
 -1095 1095
 2157 -2157
 1674 -1674
 3706 -3706
 840.5 -840.5
 -6320 6320
 -4556 4556
 -105 105
 -448.9 448.9
 -4916 4916
 310.4 -310.4
 597.1 -597.1
 645.8 -645.8
 1244 -1244
 -2043 2043
 5975 -5975
 7393 -7393
 -2841 2841
 -3610 3610
 -2668 2668
 3272 -3272
 348.2 -348.2
 1499 -1499
 -2751 2751
 -2606 2606
 2553 -2553
 -5025 5025
 5963 -5963
 -6666 6666
 2978 -2978
 -5235 5235
 1174 -1174
 6070 -6070
 -5838 5838
 -2562 2562
 -4565 4565
 1754 -1754
 -2494 2494
 -5091 5091
 488.6 -488.6
 836.8 -836.8
 1432 -1432
 -1875 1875
 -913.4 913.4
 1297 -1297
 5355 -5355
 4193 -4193
 1723 -1723
 -1524 1524
 1.153e+04 -1.153e+04
 -6494 6494
 -2213 2213
 192.4 -192.4
 -4930 4930
 857.7 -857.7
 -1513 1513
 -808.8 808.8
 -1383 1383
 -2067 2067
 268.4 -268.4
 -1448 1448
 2861 -2861
 -3753 3753
 -1503 1503
 505.8 -505.8
 -956.5 956.5
 596 -596
 308.2 -308.2
 1018 -1018
 -1253 1253
 3838 -3838
 -4345 4345
 2351 -2351
 -2531 2531
 -611.5 611.5
 -6490 6490
 5028 -5028
 386.2 -386.2
 2594 -2594
 4379 -4379
 159.9 -159.9
 926.4 -926.4
 911.2 -911.2
 154.5 -154.5
 -7214 7214
 -3965 3965
 -2259 2259
 1597 -1597
 1924 -1924
 -4219 4219
 -5882 5882
 -3414 3414
 4971 -4971
 303 -303
 -4764 4764
 -2296 2296
 -1928 1928
 -397.1 397.1
 -2989 2989
 2831 -2831
 -3730 3730
 1054 -1054
 1215 -1215
 -7160 7160
 713.2 -713.2
 5560 -5560
 1639 -1639
 -632.2 632.2
 -1319 1319
 4491 -4491
 2307 -2307
 2153 -2153
 -1407 1407
 -218.9 218.9
 7912 -7912
 1178 -1178
 -5107 5107
 -3421 3421
 1571 -1571
 1778 -1778
 324.3 -324.3
 -2960 2960
 -2556 2556
 -1181 1181
 -3377 3377
 5572 -5572
 7258 -7258
 -3806 3806
 248.4 -248.4
 -958.8 958.8
 -3087 3087
 309.3 -309.3
 -5345 5345
 -9226 9226
 1611 -1611
 6694 -6694
 2838 -2838
 158.3 -158.3
 125.1 -125.1
 -2114 2114
 132.9 -132.9
 3611 -3611
 -577.7 577.7
 -3753 3753
 5156 -5156
 -684 684
 -5943 5943
 -2970 2970
 -2280 2280
 68.01 -68.01
 -733.9 733.9
 1256 -1256
 1.02e+04 -1.02e+04
 -7700 7700
 -331.4 331.4
 5495 -5495
 -5613 5613
 3065 -3065
 116 -116
 -1925 1925
 -2381 2381
 3877 -3877
 3890 -3890
 1217 -1217
 -675.5 675.5
 1892 -1892
 2030 -2030
 1454 -1454
 982.4 -982.4
 4870 -4870
 478.3 -478.3
 1311 -1311
 -4557 4557
 1314 -1314
 -2542 2542
 2243 -2243
 1940 -1940
 -6624 6624
 274.9 -274.9
 -1491 1491
 -4431 4431
 -454.3 454.3
 2858 -2858
 -2530 2530
 3805 -3805
 -1326 1326
 -994 994
 -3135 3135
 7330 -7330
 -57.16 57.16
 -765.5 765.5
 -2117 2117
 -228.9 228.9
 2014 -2014
 3130 -3130
 1305 -1305
 -3927 3927
 -2307 2307
 5137 -5137
 1609 -1609
 1404 -1404
 -1991 1991
 205.8 -205.8
 58.44 -58.44
 -592.6 592.6
 -4931 4931
 609.3 -609.3
 -365.1 365.1
 1882 -1882
 -5476 5476
 2232 -2232
 3905 -3905
 -1551 1551
 3900 -3900
 -1940 1940
 2497 -2497
 633.8 -633.8
 -3368 3368
 4494 -4494
 -5055 5055
 -6678 6678
 -5111 5111
 1788 -1788
 -1449 1449
 -405.3 405.3
 -7769 7769
 5264 -5264
 -1532 1532
 1746 -1746
 1044 -1044
 -2587 2587
 -613 613
 813.8 -813.8
 -729.5 729.5
 4369 -4369
 -4136 4136
 -4778 4778
 862.8 -862.8
 -1379 1379
 4121 -4121
 -4102 4102
 -4629 4629
 691.5 -691.5
 5028 -5028
 775.2 -775.2
 1270 -1270
 -1992 1992
 -7598 7598
 1626 -1626
 5282 -5282
 -3301 3301
 370.8 -370.8
 2152 -2152
 -1599 1599
 6907 -6907
 -1327 1327
 1645 -1645
 -823.8 823.8
 -4780 4780
 -557.2 557.2
 -6651 6651
 3859 -3859
 -3462 3462
 -234.4 234.4
 210 -210
 -1396 1396
 2534 -2534
 1461 -1461
 -387.6 387.6
 -3250 3250
 -1276 1276
 -671 671
 4797 -4797
 -9317 9317
 -548.6 548.6
 120.5 -120.5
 -2845 2845
 -1048 1048
 -1051 1051
 7256 -7256
 1338 -1338
 -261.5 261.5
 -3069 3069
 -5169 5169
 2258 -2258
 -1608 1608
 -799.8 799.8
 -2183 2183
 2677 -2677
 1.093e+04 -1.093e+04
 -2711 2711
 755.1 -755.1
 2366 -2366
 2084 -2084
 -7208 7208
 -1034 1034
 6560 -6560
 -1046 1046
 1684 -1684
 -3138 3138
 -2807 2807
 -3082 3082
 -2171 2171
 -1449 1449
 -1683 1683
 1030 -1030
 723.4 -723.4
 1184 -1184
 -1994 1994
 -1137 1137
 -2042 2042
 -998 998
 2425 -2425
 -4167 4167
 -2383 2383
 6119 -6119
 -2359 2359
 -1272 1272
 -1206 1206
 3286 -3286
 2786 -2786
 1766 -1766
 -649.2 649.2
 -1272 1272
 2135 -2135
 -4697 4697
 3985 -3985
 2251 -2251
 -3176 3176
 -2531 2531
 -5519 5519
 3757 -3757
 2523 -2523
 -2307 2307
 2041 -2041
 1832 -1832
 -4015 4015
 2044 -2044
 -828.6 828.6
 -1357 1357
 -4437 4437
 -3393 3393
 -4716 4716
 1799 -1799
 -694.3 694.3
 -2204 2204
 -2381 2381
 3268 -3268
 -677.9 677.9
 48.21 -48.21
 -3075 3075
 -5577 5577
 2884 -2884
 -624.5 624.5
 -794.3 794.3
 28.94 -28.94
 2041 -2041
 908.6 -908.6
 -1338 1338
 4537 -4537
 2068 -2068
 1768 -1768
 2841 -2841
 2251 -2251
 -4682 4682
 2266 -2266
 -2550 2550
 -850.2 850.2
 -520.2 520.2
 6163 -6163
 1085 -1085
 -2409 2409
 4338 -4338
 8765 -8765
 6392 -6392
 4926 -4926
 1794 -1794
 -472.3 472.3
 272.8 -272.8
 -1327 1327
 7324 -7324
 -6031 6031
 -1251 1251
 1801 -1801
 -3651 3651
 -3516 3516
 1033 -1033
 -2291 2291
 -1463 1463
 6439 -6439
 2098 -2098
 4238 -4238
 -536.5 536.5
 -3481 3481
 -6120 6120
 996.2 -996.2
 -3092 3092
 -7015 7015
 -5588 5588
 -1060 1060
 -308.8 308.8
 -1076 1076
 -3055 3055
 -1236 1236
 -4424 4424
 -1107 1107
 2228 -2228
 -1858 1858
 -3477 3477
 726.1 -726.1
 -2294 2294
 3499 -3499
 2102 -2102
 6175 -6175
 -5083 5083
 -172.2 172.2
 4766 -4766
 -1454 1454
 -2495 2495
 2106 -2106
 -1624 1624
 -956.2 956.2
 -478.2 478.2
 -2584 2584
 4147 -4147
 -5461 5461
 -72.03 72.03
 1733 -1733
 834.8 -834.8
 -391.7 391.7
 -399.2 399.2
 4392 -4392
 -3591 3591
 886.9 -886.9
 5989 -5989
 5388 -5388
 53.29 -53.29
 -5937 5937
 3332 -3332
 -2155 2155
 2968 -2968
 -4513 4513
 5002 -5002
 -5174 5174
 666 -666
 -3179 3179
 1730 -1730
 2925 -2925
 -4084 4084
 2104 -2104
 -846.5 846.5
 7799 -7799
 2600 -2600
 1037 -1037
 2688 -2688
 -6954 6954
 1110 -1110
 654.6 -654.6
 4099 -4099
 -1751 1751
 -1612 1612
 -2918 2918
 4315 -4315
 830.3 -830.3
 -2220 2220
 -1783 1783
 -3774 3774
 -476.7 476.7
 32.95 -32.95
 4148 -4148
 -1129 1129
 -1877 1877
 4452 -4452
 -791.7 791.7
 6666 -6666
 2623 -2623
 3589 -3589
 3279 -3279
 287.2 -287.2
 -1897 1897
 674.8 -674.8
 -156.5 156.5
 -1072 1072
 -1408 1408
 5158 -5158
 -862.7 862.7
 -1311 1311
 4358 -4358
 -1210 1210
 -4231 4231
 3834 -3834
 219.5 -219.5
 -2922 2922
 601.3 -601.3
 2280 -2280
 1267 -1267
 1799 -1799
 -4406 4406
 -2048 2048
 -598.7 598.7
 -431.3 431.3
 7484 -7484
 -2320 2320
 -5706 5706
 -2625 2625
 -4585 4585
 7430 -7430
 -1380 1380
 4171 -4171
 4230 -4230
 1320 -1320
 -2542 2542
 811.7 -811.7
 432.8 -432.8
 1368 -1368
 2342 -2342
 7532 -7532
 -3152 3152
 3132 -3132
 -2116 2116
 3985 -3985
 1397 -1397
 -4600 4600
 4385 -4385
 1958 -1958
 8857 -8857
 15.88 -15.88
 42.83 -42.83
 -1167 1167
 -1655 1655
 -2084 2084
 4015 -4015
 -3740 3740
 -1750 1750
 -4652 4652
 225.5 -225.5
 -2641 2641
 -3918 3918
 -5856 5856
 7408 -7408
 -3768 3768
 8084 -8084
 2180 -2180
 1891 -1891
 -4261 4261
 9828 -9828
 3625 -3625
 4943 -4943
 4446 -4446
 -5315 5315
 1491 -1491
 969.4 -969.4
 -7451 7451
 -3532 3532
 4345 -4345
 -1915 1915
 97.36 -97.36
 -7493 7493
 1157 -1157
 1297 -1297
 -7748 7748
 147 -147
 -4479 4479
 -3118 3118
 1699 -1699
 -729.5 729.5
 1461 -1461
 52.76 -52.76
 3723 -3723
 -8338 8338
 -9797 9797
 680.4 -680.4
 923.1 -923.1
 -1037 1037
 5886 -5886
 5006 -5006
 -4411 4411
 -5830 5830
 -8866 8866
 77.97 -77.97
 -671 671
 2043 -2043
 8213 -8213
 -2135 2135
 -3390 3390
 391.2 -391.2
 -288.3 288.3
 419.9 -419.9
 -1253 1253
 -1175 1175
 2086 -2086
 -345.5 345.5
 3224 -3224
 2782 -2782
 -6836 6836
 2061 -2061
 3362 -3362
 -1.253e+04 1.253e+04
 -3003 3003
 -642.4 642.4
 3050 -3050
 -1198 1198
 -896.8 896.8
 3023 -3023
 -1763 1763
 -1128 1128
 7955 -7955
 -3413 3413
 -854.7 854.7
 -9172 9172
 -3983 3983
 381.3 -381.3
 1300 -1300
 -3598 3598
 -1543 1543
 -3752 3752
 -3499 3499
 19.18 -19.18
 1119 -1119
 2198 -2198
 638.4 -638.4
 -3450 3450
 2245 -2245
 1453 -1453
 -108.3 108.3
 -496.4 496.4
 2301 -2301
 -3071 3071
 -1712 1712
 -6936 6936
 -1505 1505
 626.7 -626.7
 -493.8 493.8
 -2820 2820
 848.7 -848.7
 -2268 2268
 -1238 1238
 949.3 -949.3
 -2046 2046
 -67.7 67.7
 2567 -2567
 1041 -1041
 -1856 1856
 1.429e+04 -1.429e+04
 1812 -1812
 -4353 4353
 1118 -1118
 2999 -2999
 -24.2 24.2
 2623 -2623
 2471 -2471
 4672 -4672
 5637 -5637
 2678 -2678
 -1813 1813
 418.1 -418.1
 995.5 -995.5
 -3236 3236
 -1665 1665
 -210 210
 -83.1 83.1
 2342 -2342
 -2187 2187
 -5934 5934
 1186 -1186
 -678.4 678.4
 5284 -5284
 -4356 4356
 291.6 -291.6
 -5523 5523
 -3699 3699
 -635.7 635.7
 3378 -3378
 4227 -4227
 -2102 2102
 326.5 -326.5
 -662.3 662.3
 552.3 -552.3
 -1579 1579
 2609 -2609
 124.3 -124.3
 -5115 5115
 2560 -2560
 357.6 -357.6
 -3484 3484
 1848 -1848
 2907 -2907
 -2006 2006
 -1142 1142
 28.23 -28.23
 1656 -1656
 -3447 3447
 -181.5 181.5
 9471 -9471
 -4837 4837
 -588 588
 7383 -7383
 -1147 1147
 -8877 8877
 2153 -2153
 3947 -3947
 1074 -1074
 -1024 1024
 -3892 3892
 -5211 5211
 -7746 7746
 2758 -2758
 2202 -2202
 194.5 -194.5
 -3635 3635
 737.4 -737.4
 -1079 1079
 -4971 4971
 -4495 4495
 -1183 1183
 409.6 -409.6
 1313 -1313
 -1603 1603
 -4586 4586
 5827 -5827
 3764 -3764
 2712 -2712
 -9941 9941
 -2278 2278
 -3918 3918
 1932 -1932
 840.7 -840.7
 3737 -3737
 -327.1 327.1
 1248 -1248
 -4428 4428
 -2045 2045
 -3382 3382
 -4183 4183
 2660 -2660
 2121 -2121
 2137 -2137
 5581 -5581
 -118.6 118.6
 4403 -4403
 902.1 -902.1
 -1435 1435
 5421 -5421
 -2118 2118
 3963 -3963
 -3250 3250
 973.8 -973.8
 -809.9 809.9
 6291 -6291
 -5272 5272
 3903 -3903
 -3021 3021
 7362 -7362
 1413 -1413
 2695 -2695
 446.1 -446.1
 -393.7 393.7
 2263 -2263
 -2835 2835
 -3595 3595
 1260 -1260
 -2445 2445
 798.3 -798.3
 -554 554
 -2793 2793
 1514 -1514
 -398.9 398.9
 -33.06 33.06
 1717 -1717
 -1340 1340
 -2097 2097
 -2759 2759
 1370 -1370
 -236.8 236.8
 -315.7 315.7
 -1450 1450
 3446 -3446
 1265 -1265
 1954 -1954
 213.1 -213.1
 -1104 1104
 -1000 1000
 -1868 1868
 -4550 4550
 -1926 1926
 481.5 -481.5
 3050 -3050
 -3043 3043
 -3149 3149
 2112 -2112
 -492.7 492.7
 4855 -4855
 2578 -2578
 5882 -5882
 -1665 1665
 3788 -3788
 -4125 4125
 1589 -1589
 418.2 -418.2
 801.3 -801.3
 -574.3 574.3
 423 -423
 -3451 3451
 -2725 2725
 -3400 3400
 2752 -2752
 -855.8 855.8
 -3019 3019
 1501 -1501
 -3854 3854
 -4185 4185
 -4255 4255
 41.96 -41.96
 1545 -1545
 -1854 1854
 -987.3 987.3
 -61.62 61.62
 6985 -6985
 -997.8 997.8
 2387 -2387
 1064 -1064
 3385 -3385
 5232 -5232
 -130.6 130.6
 1770 -1770
 -5862 5862
 2121 -2121
 -471.5 471.5
 1881 -1881
 -4211 4211
 -4951 4951
 -5958 5958
 321.8 -321.8
 4483 -4483
 621.5 -621.5
 762.4 -762.4
 -1640 1640
 908.4 -908.4
 -4194 4194
 -4727 4727
 -4477 4477
 -2304 2304
 1101 -1101
 1906 -1906
 4657 -4657
 3003 -3003
 3240 -3240
 -778 778
 -3468 3468
 1178 -1178
 -1127 1127
 1385 -1385
 -3978 3978
 -962.8 962.8
 2108 -2108
 -5334 5334
 -568.2 568.2
 -2552 2552
 3682 -3682
 -933.2 933.2
 1713 -1713
 -3440 3440
 2011 -2011
 -938.4 938.4
 3320 -3320
 -479.3 479.3
 -57.05 57.05
 3287 -3287
 -39.32 39.32
 3166 -3166
 -2787 2787
 -5965 5965
 5526 -5526
 4582 -4582
 859.6 -859.6
 -1577 1577
 7235 -7235
 2305 -2305
 4717 -4717
 4847 -4847
 -3489 3489
 -5712 5712
 -4151 4151
 3284 -3284
 -1710 1710
 5883 -5883
 580.4 -580.4
 -4450 4450
 -894.1 894.1
 -6506 6506
 6170 -6170
 -2859 2859
 9782 -9782
 134.3 -134.3
 -1092 1092
 2702 -2702
 4992 -4992
 -1081 1081
 -7500 7500
 -4025 4025
 -5631 5631
 2235 -2235
 -879.7 879.7
 -5388 5388
 -4233 4233
 3521 -3521
 -988.8 988.8
 -1094 1094
 1347 -1347
 -3173 3173
 -3688 3688
 -5629 5629
 -3256 3256
 -3713 3713
 -2919 2919
 -4254 4254
 -5730 5730
 348.2 -348.2
 -4735 4735
 -5917 5917
 5017 -5017
 -5520 5520
 2109 -2109
 6006 -6006
 -1196 1196
 -3254 3254
 -3939 3939
 -2568 2568
 -903.3 903.3
 1500 -1500
 2499 -2499
 571.7 -571.7
 -3067 3067
 -1343 1343
 2537 -2537
 2261 -2261
 -1551 1551
 324.6 -324.6
 747.8 -747.8
 1562 -1562
 -1446 1446
 3411 -3411
 -1960 1960
 -5381 5381
 -202.4 202.4
 154.1 -154.1
 -6684 6684
 551 -551
 22.03 -22.03
 1094 -1094
 -372.3 372.3
 432 -432
 -519.6 519.6
 -455.1 455.1
 5225 -5225
 4836 -4836
 -1506 1506
 -3273 3273
 4184 -4184
 2912 -2912
 3633 -3633
 -2219 2219
 1327 -1327
 786.7 -786.7
 -1954 1954
 2565 -2565
 -847.2 847.2
 -3260 3260
 -1395 1395
 -915 915
 2088 -2088
 -1089 1089
 588.1 -588.1
 -948.3 948.3
 608.4 -608.4
 -4731 4731
 1853 -1853
 -976 976
 2963 -2963
 -689 689
 -4137 4137
 -2254 2254
 -3907 3907
 666.3 -666.3
 -2967 2967
 3291 -3291
 1473 -1473
 -2494 2494
 -1937 1937
 -1051 1051
 -4942 4942
 4054 -4054
 -3270 3270
 -6410 6410
 -545.6 545.6
 536.5 -536.5
 -2445 2445
 -2645 2645
 -966.1 966.1
 -6317 6317
 268.8 -268.8
 -7061 7061
 -4555 4555
 -2942 2942
 904.3 -904.3
 -3046 3046
 147 -147
 -3086 3086
 6704 -6704
 1.227e+04 -1.227e+04
 -5475 5475
 -2652 2652
 -1.022e+04 1.022e+04
 4508 -4508
 5686 -5686
 8975 -8975
 -191.9 191.9
 -5956 5956
 4709 -4709
 -4774 4774
 -2897 2897
 -3288 3288
 -844.7 844.7
 -2475 2475
 -167.2 167.2
 -1491 1491
 1519 -1519
 -1497 1497
 2608 -2608
 3805 -3805
 -7296 7296
 -4676 4676
 -2304 2304
 -3344 3344
 3568 -3568
 5928 -5928
 -3009 3009
 -2491 2491
 -5611 5611
 -2546 2546
 5514 -5514
 3150 -3150
 -2994 2994
 959.2 -959.2
 -6405 6405
 1300 -1300
 772.5 -772.5
 -2999 2999
 -72.13 72.13
 -4225 4225
 -9.59 9.59
 -2742 2742
 6590 -6590
 -2848 2848
 2090 -2090
 -2087 2087
 -506 506
 -2190 2190
 1137 -1137
 2469 -2469
 -2467 2467
 -2888 2888
 1504 -1504
 -1230 1230
 1256 -1256
 930.9 -930.9
 -5102 5102
 -4791 4791
 319.4 -319.4
 -4290 4290
 -4449 4449
 6753 -6753
 -2775 2775
 3687 -3687
 1536 -1536
 4715 -4715
 -2115 2115
 -466.3 466.3
 618.7 -618.7
 -1762 1762
 92.02 -92.02
 8636 -8636
 -2048 2048
 4655 -4655
 5060 -5060
 -4245 4245
 2060 -2060
 -2933 2933
 5651 -5651
 -3108 3108
 1338 -1338
 4516 -4516
 4133 -4133
 3736 -3736
 83.27 -83.27
 1354 -1354
 736.5 -736.5
 -4772 4772
 4354 -4354


