# Created by Octave 5.2.0, Thu Sep 24 16:38:12 2020 CEST <jiwidi@land>
# name: w
# type: matrix
# rows: 1281
# columns: 2
 16 -16
 -1824 1824
 -4837 4837
 1939 -1939
 -2632 2632
 1564 -1564
 -781.8 781.8
 1.095e+04 -1.095e+04
 8360 -8360
 5188 -5188
 5659 -5659
 -3962 3962
 -1809 1809
 -9531 9531
 3415 -3415
 2540 -2540
 3634 -3634
 1217 -1217
 -2152 2152
 3562 -3562
 -1841 1841
 -3195 3195
 -4898 4898
 486.9 -486.9
 1861 -1861
 -1859 1859
 -3795 3795
 -3472 3472
 -411.9 411.9
 2327 -2327
 -3320 3320
 402.2 -402.2
 9157 -9157
 -1956 1956
 -4207 4207
 76.78 -76.78
 -428.9 428.9
 -2265 2265
 -4518 4518
 9493 -9493
 1834 -1834
 -1312 1312
 -391.3 391.3
 192.8 -192.8
 -8266 8266
 -2710 2710
 1932 -1932
 2113 -2113
 -864.5 864.5
 -3234 3234
 -3006 3006
 -1095 1095
 62.97 -62.97
 4134 -4134
 9843 -9843
 1182 -1182
 -3298 3298
 6653 -6653
 1151 -1151
 353.7 -353.7
 -4209 4209
 -383.2 383.2
 613.8 -613.8
 -6274 6274
 -2215 2215
 -5164 5164
 812.2 -812.2
 -1572 1572
 -555.3 555.3
 9688 -9688
 4220 -4220
 -470.9 470.9
 745.3 -745.3
 631.6 -631.6
 -3268 3268
 -1410 1410
 7656 -7656
 5706 -5706
 1967 -1967
 2213 -2213
 1852 -1852
 -923.6 923.6
 -1095 1095
 921.9 -921.9
 -3014 3014
 195.2 -195.2
 205.8 -205.8
 2771 -2771
 -3751 3751
 1922 -1922
 -2287 2287
 -44.32 44.32
 -2679 2679
 157.3 -157.3
 -3366 3366
 2314 -2314
 2161 -2161
 -2533 2533
 181.2 -181.2
 3323 -3323
 -359.6 359.6
 858 -858
 -1122 1122
 -1559 1559
 -3851 3851
 6158 -6158
 1297 -1297
 -1618 1618
 -1582 1582
 -87.58 87.58
 -7188 7188
 -347.4 347.4
 686.3 -686.3
 260.9 -260.9
 -5702 5702
 -186.4 186.4
 1982 -1982
 -3269 3269
 125.4 -125.4
 1450 -1450
 643.4 -643.4
 1363 -1363
 -1822 1822
 5447 -5447
 -643.7 643.7
 -2444 2444
 2193 -2193
 2656 -2656
 2192 -2192
 586.4 -586.4
 318.6 -318.6
 2026 -2026
 1477 -1477
 -355 355
 -1191 1191
 -152.5 152.5
 -885.9 885.9
 436.9 -436.9
 2893 -2893
 1507 -1507
 2069 -2069
 768.6 -768.6
 -1807 1807
 -3186 3186
 -2570 2570
 -3205 3205
 -114.6 114.6
 3787 -3787
 5581 -5581
 3019 -3019
 8967 -8967
 3364 -3364
 3633 -3633
 3393 -3393
 4306 -4306
 382.2 -382.2
 -1841 1841
 1835 -1835
 2258 -2258
 -4175 4175
 438.7 -438.7
 -2484 2484
 -1.258e+04 1.258e+04
 1242 -1242
 -1311 1311
 530.9 -530.9
 -1607 1607
 -3021 3021
 540.9 -540.9
 -2065 2065
 211.8 -211.8
 2916 -2916
 4446 -4446
 2976 -2976
 -1762 1762
 896.6 -896.6
 -58.85 58.85
 -1434 1434
 3109 -3109
 2588 -2588
 3725 -3725
 -4367 4367
 -2340 2340
 2576 -2576
 1296 -1296
 4421 -4421
 1435 -1435
 -6433 6433
 -4037 4037
 -649.9 649.9
 -1104 1104
 -5018 5018
 189.4 -189.4
 1060 -1060
 699.8 -699.8
 1732 -1732
 -2331 2331
 5515 -5515
 7454 -7454
 -3371 3371
 -3249 3249
 -2439 2439
 4137 -4137
 479.1 -479.1
 -26.54 26.54
 -2637 2637
 -2750 2750
 1923 -1923
 -4920 4920
 5862 -5862
 -6726 6726
 3519 -3519
 -4949 4949
 925.8 -925.8
 5753 -5753
 -6644 6644
 -2006 2006
 -5056 5056
 2077 -2077
 -2512 2512
 -4362 4362
 372.3 -372.3
 1168 -1168
 1508 -1508
 -1973 1973
 -1985 1985
 1639 -1639
 5982 -5982
 5073 -5073
 1430 -1430
 -2641 2641
 1.282e+04 -1.282e+04
 -6389 6389
 -2939 2939
 -114.9 114.9
 -4492 4492
 -54.33 54.33
 -1030 1030
 -1603 1603
 -1459 1459
 -2827 2827
 2065 -2065
 -1947 1947
 2543 -2543
 -4548 4548
 -1557 1557
 794.8 -794.8
 -1037 1037
 1670 -1670
 -561.5 561.5
 1338 -1338
 -643.7 643.7
 3438 -3438
 -3689 3689
 2722 -2722
 -3104 3104
 -1289 1289
 -6057 6057
 5427 -5427
 691.6 -691.6
 2369 -2369
 3864 -3864
 555 -555
 1264 -1264
 645.4 -645.4
 -51.73 51.73
 -7953 7953
 -3582 3582
 -1501 1501
 2380 -2380
 1888 -1888
 -4481 4481
 -6040 6040
 -3026 3026
 6145 -6145
 481.3 -481.3
 -5771 5771
 -3261 3261
 -2455 2455
 -819.4 819.4
 -2804 2804
 2857 -2857
 -3400 3400
 1263 -1263
 870.7 -870.7
 -7402 7402
 1560 -1560
 5670 -5670
 1622 -1622
 -710.8 710.8
 -1391 1391
 5613 -5613
 2484 -2484
 3047 -3047
 -1460 1460
 -1015 1015
 8016 -8016
 1249 -1249
 -6108 6108
 -1970 1970
 2283 -2283
 1319 -1319
 605.8 -605.8
 -3094 3094
 -3022 3022
 -1889 1889
 -2294 2294
 5946 -5946
 7452 -7452
 -3539 3539
 17.98 -17.98
 -208.5 208.5
 -2256 2256
 -24.25 24.25
 -5935 5935
 -8745 8745
 1800 -1800
 6064 -6064
 2818 -2818
 894.3 -894.3
 -1034 1034
 -2123 2123
 -90.57 90.57
 4028 -4028
 -792.4 792.4
 -4396 4396
 4904 -4904
 -1262 1262
 -5795 5795
 -3305 3305
 -2854 2854
 832.3 -832.3
 -1116 1116
 1478 -1478
 1.068e+04 -1.068e+04
 -8174 8174
 -230.1 230.1
 5809 -5809
 -6711 6711
 2619 -2619
 -271.4 271.4
 -1169 1169
 -2146 2146
 3651 -3651
 2982 -2982
 1254 -1254
 -521.5 521.5
 1948 -1948
 2842 -2842
 1427 -1427
 -187.5 187.5
 4331 -4331
 341.1 -341.1
 718 -718
 -4599 4599
 1412 -1412
 -2152 2152
 2740 -2740
 2039 -2039
 -7430 7430
 608.7 -608.7
 -1535 1535
 -5225 5225
 -1598 1598
 2368 -2368
 -2330 2330
 4411 -4411
 -404.6 404.6
 -399.7 399.7
 -3737 3737
 7160 -7160
 -113.7 113.7
 -272.3 272.3
 -2989 2989
 -474.8 474.8
 2032 -2032
 2915 -2915
 2113 -2113
 -3633 3633
 -2932 2932
 5226 -5226
 1371 -1371
 1652 -1652
 -2355 2355
 -0.7836 0.7836
 -204.3 204.3
 -43.79 43.79
 -5159 5159
 698.7 -698.7
 -634.7 634.7
 3277 -3277
 -5152 5152
 1509 -1509
 3968 -3968
 -1713 1713
 4720 -4720
 -2215 2215
 2472 -2472
 137.9 -137.9
 -3001 3001
 5322 -5322
 -5629 5629
 -7895 7895
 -5777 5777
 2192 -2192
 -1733 1733
 -1263 1263
 -7452 7452
 5744 -5744
 -1169 1169
 1841 -1841
 707.9 -707.9
 -2042 2042
 -650.7 650.7
 780.6 -780.6
 -2197 2197
 4674 -4674
 -4457 4457
 -4941 4941
 827.2 -827.2
 -1381 1381
 4006 -4006
 -4182 4182
 -5436 5436
 357.5 -357.5
 4555 -4555
 1052 -1052
 1306 -1306
 -2137 2137
 -8149 8149
 801 -801
 5422 -5422
 -3371 3371
 433 -433
 1823 -1823
 -1288 1288
 6493 -6493
 -1428 1428
 106.1 -106.1
 -435.3 435.3
 -4681 4681
 -795.2 795.2
 -7428 7428
 3716 -3716
 -2908 2908
 -415.8 415.8
 289.9 -289.9
 -1801 1801
 2626 -2626
 777.7 -777.7
 -138.4 138.4
 -3055 3055
 -2313 2313
 -1018 1018
 4683 -4683
 -9693 9693
 -980.8 980.8
 2.617 -2.617
 -2835 2835
 -1564 1564
 -1749 1749
 6697 -6697
 2300 -2300
 -387.4 387.4
 -3880 3880
 -4656 4656
 3338 -3338
 -2165 2165
 -1177 1177
 -2162 2162
 2767 -2767
 1.142e+04 -1.142e+04
 -3067 3067
 244.4 -244.4
 2443 -2443
 1813 -1813
 -7964 7964
 -260.3 260.3
 5479 -5479
 -597.8 597.8
 1638 -1638
 -3165 3165
 -2932 2932
 -2671 2671
 -1298 1298
 -1506 1506
 -1021 1021
 302 -302
 952.5 -952.5
 1349 -1349
 -1973 1973
 -915.4 915.4
 -2436 2436
 -2078 2078
 2561 -2561
 -4864 4864
 -3607 3607
 6909 -6909
 -2203 2203
 -2020 2020
 -1023 1023
 3467 -3467
 2488 -2488
 1048 -1048
 -1729 1729
 -754 754
 1922 -1922
 -3814 3814
 5089 -5089
 2646 -2646
 -3632 3632
 -2764 2764
 -5785 5785
 3370 -3370
 2963 -2963
 -1367 1367
 2048 -2048
 2689 -2689
 -3750 3750
 2639 -2639
 -179.7 179.7
 -934 934
 -5039 5039
 -3204 3204
 -4915 4915
 2161 -2161
 -408.1 408.1
 -2513 2513
 -3392 3392
 3665 -3665
 -1368 1368
 -512.3 512.3
 -2972 2972
 -5643 5643
 3379 -3379
 -773.8 773.8
 -1231 1231
 -968.1 968.1
 2287 -2287
 738.4 -738.4
 -367.5 367.5
 4513 -4513
 2819 -2819
 1554 -1554
 2519 -2519
 2178 -2178
 -5531 5531
 2735 -2735
 -2756 2756
 -721.2 721.2
 101.3 -101.3
 6342 -6342
 892.2 -892.2
 -1799 1799
 4373 -4373
 9221 -9221
 7204 -7204
 5071 -5071
 1976 -1976
 -746 746
 -229 229
 -2301 2301
 7092 -7092
 -5814 5814
 -632.8 632.8
 1349 -1349
 -2998 2998
 -3385 3385
 954 -954
 -1607 1607
 -995.6 995.6
 5845 -5845
 2035 -2035
 4347 -4347
 -1532 1532
 -2638 2638
 -6252 6252
 1391 -1391
 -3176 3176
 -7363 7363
 -6236 6236
 -1467 1467
 370 -370
 -1178 1178
 -3719 3719
 -1410 1410
 -4755 4755
 -796.5 796.5
 2430 -2430
 -2302 2302
 -4773 4773
 540.5 -540.5
 -2189 2189
 2361 -2361
 1824 -1824
 6179 -6179
 -5135 5135
 -779.9 779.9
 4453 -4453
 -967.2 967.2
 -739.3 739.3
 2205 -2205
 -1253 1253
 -989.6 989.6
 -452.6 452.6
 -1312 1312
 3765 -3765
 -5056 5056
 -1369 1369
 2241 -2241
 1156 -1156
 -943.6 943.6
 -94.51 94.51
 5094 -5094
 -4730 4730
 787.2 -787.2
 7142 -7142
 5961 -5961
 -171.7 171.7
 -5529 5529
 3354 -3354
 -2923 2923
 3720 -3720
 -4941 4941
 5195 -5195
 -5324 5324
 562.1 -562.1
 -3716 3716
 1596 -1596
 3773 -3773
 -4356 4356
 3030 -3030
 13.07 -13.07
 7088 -7088
 3554 -3554
 1455 -1455
 2852 -2852
 -6509 6509
 1843 -1843
 780.3 -780.3
 4761 -4761
 -2350 2350
 -2137 2137
 -2831 2831
 4520 -4520
 1454 -1454
 -1919 1919
 -2345 2345
 -2791 2791
 -910.3 910.3
 -56.62 56.62
 4246 -4246
 -1820 1820
 -1654 1654
 4871 -4871
 -465 465
 6335 -6335
 2373 -2373
 3207 -3207
 3886 -3886
 726.5 -726.5
 -2418 2418
 580.3 -580.3
 -699.4 699.4
 12.4 -12.4
 -1761 1761
 6267 -6267
 -808.9 808.9
 -129.5 129.5
 5165 -5165
 -1645 1645
 -4432 4432
 3963 -3963
 427.4 -427.4
 -2536 2536
 16.96 -16.96
 2597 -2597
 2211 -2211
 3717 -3717
 -4139 4139
 -3269 3269
 -1177 1177
 -1041 1041
 7057 -7057
 -2270 2270
 -5681 5681
 -2982 2982
 -4795 4795
 7491 -7491
 -1879 1879
 3521 -3521
 5128 -5128
 1619 -1619
 -3563 3563
 -255.3 255.3
 63.46 -63.46
 1839 -1839
 1653 -1653
 7245 -7245
 -3145 3145
 3813 -3813
 -1891 1891
 3114 -3114
 1396 -1396
 -4512 4512
 4023 -4023
 2318 -2318
 9350 -9350
 35.95 -35.95
 143.9 -143.9
 -367.2 367.2
 -1689 1689
 -1987 1987
 4466 -4466
 -4135 4135
 -1670 1670
 -4945 4945
 -327.8 327.8
 -2624 2624
 -4282 4282
 -5093 5093
 7648 -7648
 -3850 3850
 8266 -8266
 1833 -1833
 1235 -1235
 -4066 4066
 1.02e+04 -1.02e+04
 4249 -4249
 4539 -4539
 5276 -5276
 -5240 5240
 1494 -1494
 1004 -1004
 -7595 7595
 -3780 3780
 4443 -4443
 -2577 2577
 320.2 -320.2
 -8763 8763
 1705 -1705
 1920 -1920
 -8842 8842
 19.87 -19.87
 -5197 5197
 -2648 2648
 2157 -2157
 -1106 1106
 1684 -1684
 483.5 -483.5
 4594 -4594
 -7653 7653
 -1.002e+04 1.002e+04
 856.3 -856.3
 1794 -1794
 -1729 1729
 6168 -6168
 4245 -4245
 -5061 5061
 -6294 6294
 -8730 8730
 810.6 -810.6
 323.7 -323.7
 2734 -2734
 9177 -9177
 -1061 1061
 -2094 2094
 -561.4 561.4
 -1742 1742
 -60.56 60.56
 -978.8 978.8
 -359.1 359.1
 2427 -2427
 -578.3 578.3
 2708 -2708
 2324 -2324
 -6487 6487
 2390 -2390
 3637 -3637
 -1.415e+04 1.415e+04
 -1960 1960
 -517.8 517.8
 3155 -3155
 -2041 2041
 -495.3 495.3
 2764 -2764
 -983.5 983.5
 -1301 1301
 8617 -8617
 -3822 3822
 507.3 -507.3
 -1.095e+04 1.095e+04
 -4152 4152
 329.9 -329.9
 1090 -1090
 -4090 4090
 -1134 1134
 -4659 4659
 -3598 3598
 68.48 -68.48
 731.2 -731.2
 2332 -2332
 900.2 -900.2
 -3021 3021
 1494 -1494
 816.6 -816.6
 -189.6 189.6
 -804.2 804.2
 1970 -1970
 -3062 3062
 -925.8 925.8
 -7271 7271
 -1519 1519
 498.1 -498.1
 -516.1 516.1
 -2746 2746
 386.3 -386.3
 -2038 2038
 -1290 1290
 402.3 -402.3
 -3048 3048
 -206 206
 2718 -2718
 1355 -1355
 -1711 1711
 1.431e+04 -1.431e+04
 2565 -2565
 -3696 3696
 532.3 -532.3
 1952 -1952
 -469.9 469.9
 2566 -2566
 2119 -2119
 4581 -4581
 6479 -6479
 3322 -3322
 -2231 2231
 292.1 -292.1
 2581 -2581
 -2325 2325
 -1440 1440
 13.34 -13.34
 -92.54 92.54
 2241 -2241
 -1960 1960
 -6423 6423
 1747 -1747
 -907 907
 6050 -6050
 -3192 3192
 -463.7 463.7
 -5926 5926
 -4029 4029
 -1837 1837
 3827 -3827
 5015 -5015
 -2456 2456
 430.6 -430.6
 -496.6 496.6
 629.5 -629.5
 -1146 1146
 2424 -2424
 -474.9 474.9
 -5917 5917
 3147 -3147
 -340.4 340.4
 -3203 3203
 3519 -3519
 2363 -2363
 -2599 2599
 -113 113
 121.4 -121.4
 2032 -2032
 -4533 4533
 -110 110
 1.088e+04 -1.088e+04
 -5771 5771
 91.62 -91.62
 7149 -7149
 43.82 -43.82
 -9118 9118
 1731 -1731
 3956 -3956
 1452 -1452
 -416.5 416.5
 -3988 3988
 -4521 4521
 -8516 8516
 3022 -3022
 2216 -2216
 337.8 -337.8
 -3412 3412
 536.1 -536.1
 -1625 1625
 -4951 4951
 -5439 5439
 -1584 1584
 769 -769
 1007 -1007
 -2500 2500
 -4176 4176
 6650 -6650
 3551 -3551
 2883 -2883
 -1.039e+04 1.039e+04
 -1105 1105
 -4241 4241
 133.9 -133.9
 1429 -1429
 3770 -3770
 -439.7 439.7
 1573 -1573
 -5167 5167
 -1967 1967
 -3732 3732
 -4925 4925
 3401 -3401
 1661 -1661
 2626 -2626
 5463 -5463
 -414.8 414.8
 3840 -3840
 590.2 -590.2
 -1771 1771
 6165 -6165
 -2831 2831
 4909 -4909
 -1390 1390
 945.3 -945.3
 -872.2 872.2
 6389 -6389
 -5387 5387
 2061 -2061
 -3231 3231
 7770 -7770
 754.7 -754.7
 3769 -3769
 57.43 -57.43
 -651.6 651.6
 2156 -2156
 -2376 2376
 -3606 3606
 2502 -2502
 -2149 2149
 908.8 -908.8
 -1436 1436
 -3357 3357
 1574 -1574
 -170.5 170.5
 1474 -1474
 1039 -1039
 -1153 1153
 -1602 1602
 -3156 3156
 1520 -1520
 -943.6 943.6
 699.2 -699.2
 -1668 1668
 2925 -2925
 346.1 -346.1
 2378 -2378
 -187.5 187.5
 -1322 1322
 -731 731
 -1489 1489
 -5620 5620
 -2727 2727
 29.36 -29.36
 3693 -3693
 -2628 2628
 -3126 3126
 1385 -1385
 -392.3 392.3
 5084 -5084
 2550 -2550
 7411 -7411
 -1170 1170
 3099 -3099
 -5082 5082
 1388 -1388
 103.1 -103.1
 401.3 -401.3
 -656.5 656.5
 885.2 -885.2
 -4658 4658
 -2748 2748
 -1970 1970
 3245 -3245
 -900.8 900.8
 -3335 3335
 1101 -1101
 -3840 3840
 -4922 4922
 -4108 4108
 -808.1 808.1
 3416 -3416
 -1694 1694
 -647 647
 -152.3 152.3
 6740 -6740
 -1072 1072
 1874 -1874
 1441 -1441
 2387 -2387
 6090 -6090
 -132.8 132.8
 884.5 -884.5
 -6533 6533
 1654 -1654
 -706.6 706.6
 1730 -1730
 -4194 4194
 -4248 4248
 -5693 5693
 236.9 -236.9
 4501 -4501
 394.1 -394.1
 369.4 -369.4
 -1526 1526
 290.8 -290.8
 -4295 4295
 -5356 5356
 -4832 4832
 -2554 2554
 1686 -1686
 2235 -2235
 4443 -4443
 2517 -2517
 3660 -3660
 389.6 -389.6
 -3692 3692
 1132 -1132
 -998.2 998.2
 1952 -1952
 -3704 3704
 -1993 1993
 2443 -2443
 -6022 6022
 -329.5 329.5
 -2546 2546
 4759 -4759
 -693.5 693.5
 -126.8 126.8
 -2589 2589
 1877 -1877
 -1442 1442
 3412 -3412
 -871.7 871.7
 201.9 -201.9
 4131 -4131
 -261.5 261.5
 2529 -2529
 -3157 3157
 -4940 4940
 6170 -6170
 4604 -4604
 337.5 -337.5
 -1805 1805
 7625 -7625
 1148 -1148
 3845 -3845
 5210 -5210
 -3708 3708
 -6407 6407
 -3956 3956
 2417 -2417
 -1165 1165
 6246 -6246
 1077 -1077
 -3999 3999
 -341.4 341.4
 -6727 6727
 5571 -5571
 -2582 2582
 9341 -9341
 -791.9 791.9
 -949 949
 3912 -3912
 4080 -4080
 -1136 1136
 -6673 6673
 -5003 5003
 -6314 6314
 2769 -2769
 236 -236
 -5410 5410
 -3478 3478
 4704 -4704
 -899.9 899.9
 -110.4 110.4
 1450 -1450
 -2666 2666
 -3892 3892
 -4551 4551
 -3631 3631
 -4803 4803
 -2753 2753
 -3945 3945
 -6505 6505
 -322.3 322.3
 -4909 4909
 -6547 6547
 4361 -4361
 -5767 5767
 2400 -2400
 7022 -7022
 -2120 2120
 -3707 3707
 -5174 5174
 -2628 2628
 -1065 1065
 1966 -1966
 2072 -2072
 1957 -1957
 -3163 3163
 -2367 2367
 2122 -2122
 2716 -2716
 -1287 1287
 409.3 -409.3
 1075 -1075
 1237 -1237
 -2697 2697
 2862 -2862
 -1623 1623
 -5249 5249
 -615.3 615.3
 -238.1 238.1
 -6939 6939
 546.3 -546.3
 -529.5 529.5
 857.1 -857.1
 -111.8 111.8
 37.61 -37.61
 -101.8 101.8
 -378 378
 4722 -4722
 5322 -5322
 -2517 2517
 -3438 3438
 4460 -4460
 2515 -2515
 3782 -3782
 -2317 2317
 2097 -2097
 1269 -1269
 -1248 1248
 2981 -2981
 -1220 1220
 -3506 3506
 -1469 1469
 -1338 1338
 3634 -3634
 -1139 1139
 223.4 -223.4
 -641.5 641.5
 362.5 -362.5
 -4872 4872
 2017 -2017
 -570.4 570.4
 3251 -3251
 -720.5 720.5
 -4340 4340
 -2612 2612
 -4261 4261
 931.2 -931.2
 -2763 2763
 1742 -1742
 1363 -1363
 -3648 3648
 -2434 2434
 -454.5 454.5
 -4824 4824
 4286 -4286
 -3148 3148
 -6483 6483
 -1207 1207
 -308.7 308.7
 -2791 2791
 -2620 2620
 -282.8 282.8
 -8098 8098
 -46.59 46.59
 -7795 7795
 -5425 5425
 -3544 3544
 956.9 -956.9
 -3705 3705
 178.7 -178.7
 -2707 2707
 7564 -7564
 1.259e+04 -1.259e+04
 -5241 5241
 -3019 3019
 -1.108e+04 1.108e+04
 5056 -5056
 5938 -5938
 9462 -9462
 313 -313
 -7174 7174
 4763 -4763
 -5997 5997
 -3068 3068
 -3256 3256
 -1500 1500
 -2350 2350
 775.7 -775.7
 -1710 1710
 2153 -2153
 -237.9 237.9
 2714 -2714
 4109 -4109
 -8165 8165
 -5065 5065
 -1025 1025
 -2366 2366
 4094 -4094
 6811 -6811
 -3417 3417
 -2086 2086
 -6246 6246
 -2651 2651
 5156 -5156
 3396 -3396
 -2926 2926
 1437 -1437
 -6765 6765
 2004 -2004
 960.3 -960.3
 -3180 3180
 225.8 -225.8
 -4354 4354
 282 -282
 -2769 2769
 6415 -6415
 -2837 2837
 2258 -2258
 -2420 2420
 306.6 -306.6
 -2688 2688
 499.9 -499.9
 1507 -1507
 -1986 1986
 -3932 3932
 1910 -1910
 -966.5 966.5
 1586 -1586
 1750 -1750
 -5653 5653
 -6076 6076
 -27.53 27.53
 -5245 5245
 -4838 4838
 5403 -5403
 -2438 2438
 4149 -4149
 1526 -1526
 5105 -5105
 -1652 1652
 -266.7 266.7
 1510 -1510
 -3593 3593
 1053 -1053
 9719 -9719
 -2126 2126
 5037 -5037
 5698 -5698
 -3907 3907
 -222.3 222.3
 -4504 4504
 5862 -5862
 -2597 2597
 944.1 -944.1
 5092 -5092
 5127 -5127
 3526 -3526
 1370 -1370
 1594 -1594
 -102.2 102.2
 -4589 4589
 4192 -4192


