# Created by Octave 5.2.0, Thu Sep 24 16:39:19 2020 CEST <jiwidi@land>
# name: w
# type: matrix
# rows: 1281
# columns: 2
 130 -130
 -1.778e+04 1.778e+04
 -4.929e+04 4.929e+04
 1.372e+04 -1.372e+04
 -2.907e+04 2.907e+04
 2.098e+04 -2.098e+04
 -7448 7448
 1.046e+05 -1.046e+05
 8.288e+04 -8.288e+04
 4.393e+04 -4.393e+04
 5.888e+04 -5.888e+04
 -3.96e+04 3.96e+04
 -1.67e+04 1.67e+04
 -8.973e+04 8.973e+04
 2.315e+04 -2.315e+04
 2.709e+04 -2.709e+04
 2.797e+04 -2.797e+04
 1.439e+04 -1.439e+04
 -2.852e+04 2.852e+04
 4.008e+04 -4.008e+04
 -1.031e+04 1.031e+04
 -3.783e+04 3.783e+04
 -3.674e+04 3.674e+04
 7858 -7858
 1.938e+04 -1.938e+04
 -2.196e+04 2.196e+04
 -4.081e+04 4.081e+04
 -3.087e+04 3.087e+04
 -9937 9937
 2.592e+04 -2.592e+04
 -4.085e+04 4.085e+04
 -3858 3858
 9.222e+04 -9.222e+04
 -1.383e+04 1.383e+04
 -3.864e+04 3.864e+04
 8745 -8745
 -8017 8017
 -2.017e+04 2.017e+04
 -5.063e+04 5.063e+04
 8.763e+04 -8.763e+04
 2.395e+04 -2.395e+04
 -1.521e+04 1.521e+04
 -2370 2370
 5768 -5768
 -8.568e+04 8.568e+04
 -2.056e+04 2.056e+04
 2.106e+04 -2.106e+04
 2.292e+04 -2.292e+04
 390.7 -390.7
 -3.225e+04 3.225e+04
 -3.377e+04 3.377e+04
 3541 -3541
 -678.6 678.6
 4.363e+04 -4.363e+04
 9.326e+04 -9.326e+04
 9694 -9694
 -2.723e+04 2.723e+04
 6.377e+04 -6.377e+04
 5425 -5425
 3730 -3730
 -3.873e+04 3.873e+04
 -7981 7981
 1.415e+04 -1.415e+04
 -5.864e+04 5.864e+04
 -2.038e+04 2.038e+04
 -4.774e+04 4.774e+04
 1.177e+04 -1.177e+04
 -1.201e+04 1.201e+04
 3715 -3715
 9.599e+04 -9.599e+04
 3.604e+04 -3.604e+04
 -7284 7284
 9048 -9048
 6154 -6154
 -2.433e+04 2.433e+04
 -8965 8965
 6.374e+04 -6.374e+04
 5.362e+04 -5.362e+04
 2.101e+04 -2.101e+04
 2.398e+04 -2.398e+04
 1.856e+04 -1.856e+04
 -5587 5587
 -7242 7242
 755.5 -755.5
 -3.083e+04 3.083e+04
 4274 -4274
 1510 -1510
 2.644e+04 -2.644e+04
 -3.934e+04 3.934e+04
 1.942e+04 -1.942e+04
 -2.372e+04 2.372e+04
 4064 -4064
 -3.106e+04 3.106e+04
 1779 -1779
 -4.058e+04 4.058e+04
 3.467e+04 -3.467e+04
 1.518e+04 -1.518e+04
 -2.23e+04 2.23e+04
 -9085 9085
 3.765e+04 -3.765e+04
 -2569 2569
 7800 -7800
 -1.216e+04 1.216e+04
 -1.176e+04 1.176e+04
 -3.186e+04 3.186e+04
 6.744e+04 -6.744e+04
 2.127e+04 -2.127e+04
 -1.204e+04 1.204e+04
 -1.12e+04 1.12e+04
 -4945 4945
 -6.324e+04 6.324e+04
 -4946 4946
 7575 -7575
 -716.2 716.2
 -4.804e+04 4.804e+04
 -2373 2373
 2.308e+04 -2.308e+04
 -3.33e+04 3.33e+04
 916.3 -916.3
 1.81e+04 -1.81e+04
 6023 -6023
 1.017e+04 -1.017e+04
 -2.783e+04 2.783e+04
 6.47e+04 -6.47e+04
 -206.2 206.2
 -2.746e+04 2.746e+04
 2.834e+04 -2.834e+04
 3.199e+04 -3.199e+04
 1.344e+04 -1.344e+04
 2266 -2266
 -3283 3283
 1.431e+04 -1.431e+04
 3428 -3428
 -9683 9683
 -7870 7870
 -6620 6620
 -4925 4925
 -225.8 225.8
 2.515e+04 -2.515e+04
 1.143e+04 -1.143e+04
 1.604e+04 -1.604e+04
 1.374e+04 -1.374e+04
 -1.67e+04 1.67e+04
 -2.103e+04 2.103e+04
 -2.877e+04 2.877e+04
 -3.513e+04 3.513e+04
 3607 -3607
 3.096e+04 -3.096e+04
 4.956e+04 -4.956e+04
 1.506e+04 -1.506e+04
 9.72e+04 -9.72e+04
 3.243e+04 -3.243e+04
 4.915e+04 -4.915e+04
 4.217e+04 -4.217e+04
 3.95e+04 -3.95e+04
 6915 -6915
 -1.961e+04 1.961e+04
 1.929e+04 -1.929e+04
 2.104e+04 -2.104e+04
 -3.914e+04 3.914e+04
 9787 -9787
 -2.215e+04 2.215e+04
 -1.228e+05 1.228e+05
 1.511e+04 -1.511e+04
 -7245 7245
 5114 -5114
 -1.3e+04 1.3e+04
 -3.309e+04 3.309e+04
 1502 -1502
 -2.012e+04 2.012e+04
 1997 -1997
 3.023e+04 -3.023e+04
 4.292e+04 -4.292e+04
 2.497e+04 -2.497e+04
 -2.19e+04 2.19e+04
 6347 -6347
 8868 -8868
 -1.497e+04 1.497e+04
 3.02e+04 -3.02e+04
 2.044e+04 -2.044e+04
 3.601e+04 -3.601e+04
 -4.696e+04 4.696e+04
 -1.813e+04 1.813e+04
 2.077e+04 -2.077e+04
 1.108e+04 -1.108e+04
 3.34e+04 -3.34e+04
 1.426e+04 -1.426e+04
 -6.456e+04 6.456e+04
 -4.443e+04 4.443e+04
 -7011 7011
 -7554 7554
 -4.316e+04 4.316e+04
 5169 -5169
 9331 -9331
 8287 -8287
 1.525e+04 -1.525e+04
 -1.851e+04 1.851e+04
 5.755e+04 -5.755e+04
 7.08e+04 -7.08e+04
 -3.211e+04 3.211e+04
 -3.683e+04 3.683e+04
 -2.714e+04 2.714e+04
 3.498e+04 -3.498e+04
 2233 -2233
 3363 -3363
 -2.086e+04 2.086e+04
 -2.898e+04 2.898e+04
 8374 -8374
 -5.08e+04 5.08e+04
 6.373e+04 -6.373e+04
 -6.845e+04 6.845e+04
 3.444e+04 -3.444e+04
 -5.111e+04 5.111e+04
 1.795e+04 -1.795e+04
 5.595e+04 -5.595e+04
 -6.112e+04 6.112e+04
 -1.773e+04 1.773e+04
 -4.826e+04 4.826e+04
 1.141e+04 -1.141e+04
 -1.767e+04 1.767e+04
 -4.565e+04 4.565e+04
 1072 -1072
 1.072e+04 -1.072e+04
 1.646e+04 -1.646e+04
 -2.601e+04 2.601e+04
 -1.283e+04 1.283e+04
 1.912e+04 -1.912e+04
 5.193e+04 -5.193e+04
 4.929e+04 -4.929e+04
 1.237e+04 -1.237e+04
 -2.274e+04 2.274e+04
 1.347e+05 -1.347e+05
 -6.797e+04 6.797e+04
 -2.825e+04 2.825e+04
 -3398 3398
 -4.512e+04 4.512e+04
 2747 -2747
 -2.085e+04 2.085e+04
 -1.186e+04 1.186e+04
 -1.574e+04 1.574e+04
 -3.222e+04 3.222e+04
 1.226e+04 -1.226e+04
 -1.473e+04 1.473e+04
 2.773e+04 -2.773e+04
 -3.902e+04 3.902e+04
 -1.539e+04 1.539e+04
 8607 -8607
 -1.303e+04 1.303e+04
 1.611e+04 -1.611e+04
 -5437 5437
 1.393e+04 -1.393e+04
 -8211 8211
 3.782e+04 -3.782e+04
 -4.068e+04 4.068e+04
 1.984e+04 -1.984e+04
 -2.009e+04 2.009e+04
 -1209 1209
 -6.673e+04 6.673e+04
 5.493e+04 -5.493e+04
 7243 -7243
 3.001e+04 -3.001e+04
 3.225e+04 -3.225e+04
 1804 -1804
 8956 -8956
 3677 -3677
 3157 -3157
 -7.91e+04 7.91e+04
 -3.56e+04 3.56e+04
 -1.341e+04 1.341e+04
 2.198e+04 -2.198e+04
 2.141e+04 -2.141e+04
 -4.781e+04 4.781e+04
 -6.236e+04 6.236e+04
 -3.113e+04 3.113e+04
 5.306e+04 -5.306e+04
 1.365e+04 -1.365e+04
 -5.493e+04 5.493e+04
 -3.098e+04 3.098e+04
 -2.296e+04 2.296e+04
 -6946 6946
 -3.143e+04 3.143e+04
 2.898e+04 -2.898e+04
 -3.354e+04 3.354e+04
 8087 -8087
 1.601e+04 -1.601e+04
 -7.663e+04 7.663e+04
 8461 -8461
 4.819e+04 -4.819e+04
 2.015e+04 -2.015e+04
 -1.068e+04 1.068e+04
 -1.761e+04 1.761e+04
 3.643e+04 -3.643e+04
 1.894e+04 -1.894e+04
 2.478e+04 -2.478e+04
 -1.08e+04 1.08e+04
 -7789 7789
 8.145e+04 -8.145e+04
 5561 -5561
 -5.288e+04 5.288e+04
 -2.138e+04 2.138e+04
 1.83e+04 -1.83e+04
 1.887e+04 -1.887e+04
 7255 -7255
 -3.375e+04 3.375e+04
 -3.582e+04 3.582e+04
 -2.944e+04 2.944e+04
 -2.825e+04 2.825e+04
 5.342e+04 -5.342e+04
 7.115e+04 -7.115e+04
 -2.957e+04 2.957e+04
 3679 -3679
 -3560 3560
 -3.048e+04 3.048e+04
 -989.6 989.6
 -6.088e+04 6.088e+04
 -8.615e+04 8.615e+04
 1.325e+04 -1.325e+04
 5.935e+04 -5.935e+04
 2.526e+04 -2.526e+04
 5209 -5209
 -6625 6625
 -1.658e+04 1.658e+04
 -579.1 579.1
 3.985e+04 -3.985e+04
 -6556 6556
 -3.839e+04 3.839e+04
 5.335e+04 -5.335e+04
 -5385 5385
 -6.102e+04 6.102e+04
 -3.356e+04 3.356e+04
 -2.868e+04 2.868e+04
 2126 -2126
 -1.359e+04 1.359e+04
 1.672e+04 -1.672e+04
 1.141e+05 -1.141e+05
 -8.499e+04 8.499e+04
 -5900 5900
 5.462e+04 -5.462e+04
 -6.574e+04 6.574e+04
 2.612e+04 -2.612e+04
 4271 -4271
 -1.523e+04 1.523e+04
 -1.772e+04 1.772e+04
 3.894e+04 -3.894e+04
 2.987e+04 -2.987e+04
 7126 -7126
 -9779 9779
 1.737e+04 -1.737e+04
 2.853e+04 -2.853e+04
 1.97e+04 -1.97e+04
 -91.78 91.78
 4.154e+04 -4.154e+04
 3391 -3391
 1.235e+04 -1.235e+04
 -4.065e+04 4.065e+04
 8108 -8108
 -1.858e+04 1.858e+04
 2.284e+04 -2.284e+04
 1.976e+04 -1.976e+04
 -7.932e+04 7.932e+04
 5500 -5500
 -1.836e+04 1.836e+04
 -4.517e+04 4.517e+04
 -1.419e+04 1.419e+04
 1.934e+04 -1.934e+04
 -1.6e+04 1.6e+04
 3.946e+04 -3.946e+04
 -5125 5125
 -1.389e+04 1.389e+04
 -3.791e+04 3.791e+04
 7.419e+04 -7.419e+04
 -5403 5403
 -1.106e+04 1.106e+04
 -2.815e+04 2.815e+04
 888.3 -888.3
 1.853e+04 -1.853e+04
 3.258e+04 -3.258e+04
 9343 -9343
 -4.098e+04 4.098e+04
 -2.879e+04 2.879e+04
 4.88e+04 -4.88e+04
 2.449e+04 -2.449e+04
 1.742e+04 -1.742e+04
 -2.004e+04 2.004e+04
 -2265 2265
 -67.69 67.69
 5245 -5245
 -5.153e+04 5.153e+04
 5467 -5467
 -70.66 70.66
 2.658e+04 -2.658e+04
 -5.794e+04 5.794e+04
 2.358e+04 -2.358e+04
 4.802e+04 -4.802e+04
 -1.611e+04 1.611e+04
 4.253e+04 -4.253e+04
 -2.004e+04 2.004e+04
 2.496e+04 -2.496e+04
 5040 -5040
 -3.516e+04 3.516e+04
 4.595e+04 -4.595e+04
 -5.456e+04 5.456e+04
 -7.71e+04 7.71e+04
 -6.014e+04 6.014e+04
 1.935e+04 -1.935e+04
 -1.053e+04 1.053e+04
 -6347 6347
 -7.959e+04 7.959e+04
 6.156e+04 -6.156e+04
 -1.649e+04 1.649e+04
 1.113e+04 -1.113e+04
 2732 -2732
 -1.889e+04 1.889e+04
 -7707 7707
 1.599e+04 -1.599e+04
 -1.263e+04 1.263e+04
 4.253e+04 -4.253e+04
 -4.046e+04 4.046e+04
 -5.048e+04 5.048e+04
 5000 -5000
 -1.701e+04 1.701e+04
 4.03e+04 -4.03e+04
 -4.818e+04 4.818e+04
 -5.963e+04 5.963e+04
 377.9 -377.9
 4.168e+04 -4.168e+04
 1.558e+04 -1.558e+04
 1.072e+04 -1.072e+04
 -2.348e+04 2.348e+04
 -8.224e+04 8.224e+04
 1.454e+04 -1.454e+04
 5.07e+04 -5.07e+04
 -3.936e+04 3.936e+04
 -1259 1259
 2.637e+04 -2.637e+04
 -7220 7220
 6.742e+04 -6.742e+04
 -1.712e+04 1.712e+04
 9138 -9138
 -7515 7515
 -4.831e+04 4.831e+04
 -7250 7250
 -7.549e+04 7.549e+04
 2.922e+04 -2.922e+04
 -3.242e+04 3.242e+04
 -2575 2575
 4946 -4946
 -2.109e+04 2.109e+04
 2.784e+04 -2.784e+04
 2.178e+04 -2.178e+04
 -3154 3154
 -2.44e+04 2.44e+04
 -2.379e+04 2.379e+04
 -2536 2536
 4.629e+04 -4.629e+04
 -9.619e+04 9.619e+04
 -1.359e+04 1.359e+04
 5944 -5944
 -3.78e+04 3.78e+04
 -1.736e+04 1.736e+04
 -1.431e+04 1.431e+04
 6.816e+04 -6.816e+04
 1.489e+04 -1.489e+04
 3992 -3992
 -3.617e+04 3.617e+04
 -4.374e+04 4.374e+04
 2.581e+04 -2.581e+04
 -1.324e+04 1.324e+04
 -9273 9273
 -1.482e+04 1.482e+04
 3.09e+04 -3.09e+04
 1.082e+05 -1.082e+05
 -2.937e+04 2.937e+04
 3854 -3854
 2.462e+04 -2.462e+04
 1.987e+04 -1.987e+04
 -8.436e+04 8.436e+04
 -3227 3227
 7.231e+04 -7.231e+04
 -6807 6807
 1.59e+04 -1.59e+04
 -2.754e+04 2.754e+04
 -3.132e+04 3.132e+04
 -2.861e+04 2.861e+04
 -1.943e+04 1.943e+04
 -1.925e+04 1.925e+04
 -1.829e+04 1.829e+04
 2886 -2886
 120.9 -120.9
 1.142e+04 -1.142e+04
 -1.107e+04 1.107e+04
 -1.428e+04 1.428e+04
 -2.748e+04 2.748e+04
 -1.745e+04 1.745e+04
 1.908e+04 -1.908e+04
 -4.953e+04 4.953e+04
 -3.429e+04 3.429e+04
 6.97e+04 -6.97e+04
 -3.26e+04 3.26e+04
 -1.59e+04 1.59e+04
 -8088 8088
 3.475e+04 -3.475e+04
 3.608e+04 -3.608e+04
 9668 -9668
 -7359 7359
 -3900 3900
 1.883e+04 -1.883e+04
 -5.081e+04 5.081e+04
 5.203e+04 -5.203e+04
 2.553e+04 -2.553e+04
 -3.22e+04 3.22e+04
 -2.118e+04 2.118e+04
 -5.717e+04 5.717e+04
 3.667e+04 -3.667e+04
 2.629e+04 -2.629e+04
 -1.641e+04 1.641e+04
 2.531e+04 -2.531e+04
 1.961e+04 -1.961e+04
 -3.941e+04 3.941e+04
 2.611e+04 -2.611e+04
 -2794 2794
 -9682 9682
 -4.345e+04 4.345e+04
 -3.075e+04 3.075e+04
 -4.919e+04 4.919e+04
 2.469e+04 -2.469e+04
 -9691 9691
 -3.464e+04 3.464e+04
 -1.921e+04 1.921e+04
 3.082e+04 -3.082e+04
 -8574 8574
 -746.5 746.5
 -2.672e+04 2.672e+04
 -4.796e+04 4.796e+04
 3.148e+04 -3.148e+04
 -1.285e+04 1.285e+04
 -1.471e+04 1.471e+04
 -3401 3401
 1.701e+04 -1.701e+04
 3418 -3418
 -1324 1324
 4.635e+04 -4.635e+04
 2.56e+04 -2.56e+04
 1.834e+04 -1.834e+04
 3.213e+04 -3.213e+04
 1.3e+04 -1.3e+04
 -5.863e+04 5.863e+04
 2.697e+04 -2.697e+04
 -2.573e+04 2.573e+04
 -9158 9158
 3152 -3152
 6.276e+04 -6.276e+04
 7477 -7477
 -1.85e+04 1.85e+04
 4.72e+04 -4.72e+04
 8.968e+04 -8.968e+04
 7.305e+04 -7.305e+04
 5.211e+04 -5.211e+04
 1.564e+04 -1.564e+04
 2355 -2355
 -1360 1360
 -2.034e+04 2.034e+04
 7.535e+04 -7.535e+04
 -5.821e+04 5.821e+04
 -1.822e+04 1.822e+04
 2.016e+04 -2.016e+04
 -2.96e+04 2.96e+04
 -3.443e+04 3.443e+04
 7410 -7410
 -1.386e+04 1.386e+04
 -2.282e+04 2.282e+04
 6.322e+04 -6.322e+04
 2.581e+04 -2.581e+04
 4.568e+04 -4.568e+04
 -1.161e+04 1.161e+04
 -2.388e+04 2.388e+04
 -7.008e+04 7.008e+04
 7684 -7684
 -2.59e+04 2.59e+04
 -7.955e+04 7.955e+04
 -6.283e+04 6.283e+04
 -1.459e+04 1.459e+04
 7347 -7347
 -1.16e+04 1.16e+04
 -2.839e+04 2.839e+04
 -1.261e+04 1.261e+04
 -4.54e+04 4.54e+04
 -776.1 776.1
 3.138e+04 -3.138e+04
 -2.523e+04 2.523e+04
 -3.775e+04 3.775e+04
 6948 -6948
 -2.317e+04 2.317e+04
 2.832e+04 -2.832e+04
 2.037e+04 -2.037e+04
 6.55e+04 -6.55e+04
 -5.356e+04 5.356e+04
 -6942 6942
 5.285e+04 -5.285e+04
 -1.418e+04 1.418e+04
 -1.95e+04 1.95e+04
 2.251e+04 -2.251e+04
 -1.423e+04 1.423e+04
 -6030 6030
 -4778 4778
 -2.255e+04 2.255e+04
 3.027e+04 -3.027e+04
 -5.142e+04 5.142e+04
 -1.092e+04 1.092e+04
 2.149e+04 -2.149e+04
 5257 -5257
 -8791 8791
 -9323 9323
 5.095e+04 -5.095e+04
 -4.211e+04 4.211e+04
 7052 -7052
 6.536e+04 -6.536e+04
 4.767e+04 -4.767e+04
 -1104 1104
 -5.7e+04 5.7e+04
 3.254e+04 -3.254e+04
 -2.44e+04 2.44e+04
 3.337e+04 -3.337e+04
 -4.079e+04 4.079e+04
 4.85e+04 -4.85e+04
 -5.357e+04 5.357e+04
 2726 -2726
 -2.883e+04 2.883e+04
 2.267e+04 -2.267e+04
 3.256e+04 -3.256e+04
 -5.04e+04 5.04e+04
 2.778e+04 -2.778e+04
 -5971 5971
 7.524e+04 -7.524e+04
 3.502e+04 -3.502e+04
 1.292e+04 -1.292e+04
 2.296e+04 -2.296e+04
 -6.741e+04 6.741e+04
 1.182e+04 -1.182e+04
 9161 -9161
 4.41e+04 -4.41e+04
 -1.279e+04 1.279e+04
 -1.76e+04 1.76e+04
 -2.403e+04 2.403e+04
 4.11e+04 -4.11e+04
 1.464e+04 -1.464e+04
 -2.297e+04 2.297e+04
 -2.238e+04 2.238e+04
 -2.562e+04 2.562e+04
 -4041 4041
 8021 -8021
 4.475e+04 -4.475e+04
 -8694 8694
 -1.924e+04 1.924e+04
 4.694e+04 -4.694e+04
 -561.1 561.1
 6.237e+04 -6.237e+04
 2.566e+04 -2.566e+04
 3.238e+04 -3.238e+04
 3.902e+04 -3.902e+04
 1.019e+04 -1.019e+04
 -1.621e+04 1.621e+04
 2286 -2286
 -755.6 755.6
 -5950 5950
 -1.02e+04 1.02e+04
 5.699e+04 -5.699e+04
 -1.116e+04 1.116e+04
 -1.136e+04 1.136e+04
 5.057e+04 -5.057e+04
 -1.008e+04 1.008e+04
 -4.522e+04 4.522e+04
 4.493e+04 -4.493e+04
 1.071e+04 -1.071e+04
 -2.867e+04 2.867e+04
 -288 288
 1.964e+04 -1.964e+04
 1.92e+04 -1.92e+04
 2.942e+04 -2.942e+04
 -4.268e+04 4.268e+04
 -3.348e+04 3.348e+04
 -9314 9314
 -8159 8159
 6.993e+04 -6.993e+04
 -2.858e+04 2.858e+04
 -5.415e+04 5.415e+04
 -3.149e+04 3.149e+04
 -4.991e+04 4.991e+04
 7.749e+04 -7.749e+04
 -1.315e+04 1.315e+04
 4.338e+04 -4.338e+04
 4.938e+04 -4.938e+04
 2.035e+04 -2.035e+04
 -3.088e+04 3.088e+04
 -7360 7360
 275.6 -275.6
 7868 -7868
 2.25e+04 -2.25e+04
 8.306e+04 -8.306e+04
 -2.513e+04 2.513e+04
 3.754e+04 -3.754e+04
 -1.469e+04 1.469e+04
 2.491e+04 -2.491e+04
 1.149e+04 -1.149e+04
 -5.396e+04 5.396e+04
 3.143e+04 -3.143e+04
 2.438e+04 -2.438e+04
 9.08e+04 -9.08e+04
 3168 -3168
 -5004 5004
 -1.279e+04 1.279e+04
 -1.465e+04 1.465e+04
 -2.319e+04 2.319e+04
 3.85e+04 -3.85e+04
 -4.04e+04 4.04e+04
 -1.613e+04 1.613e+04
 -5.156e+04 5.156e+04
 5933 -5933
 -2.365e+04 2.365e+04
 -4.767e+04 4.767e+04
 -6.217e+04 6.217e+04
 7.956e+04 -7.956e+04
 -3.769e+04 3.769e+04
 7.999e+04 -7.999e+04
 2.506e+04 -2.506e+04
 1.527e+04 -1.527e+04
 -4.576e+04 4.576e+04
 9.788e+04 -9.788e+04
 3.638e+04 -3.638e+04
 4.938e+04 -4.938e+04
 4.515e+04 -4.515e+04
 -4.997e+04 4.997e+04
 1.127e+04 -1.127e+04
 7968 -7968
 -7.862e+04 7.862e+04
 -4.216e+04 4.216e+04
 4.701e+04 -4.701e+04
 -2.531e+04 2.531e+04
 -133.9 133.9
 -8.78e+04 8.78e+04
 1.548e+04 -1.548e+04
 1.309e+04 -1.309e+04
 -8.284e+04 8.284e+04
 6200 -6200
 -5.044e+04 5.044e+04
 -3.05e+04 3.05e+04
 2.635e+04 -2.635e+04
 -4700 4700
 1.331e+04 -1.331e+04
 -371.4 371.4
 4.513e+04 -4.513e+04
 -7.668e+04 7.668e+04
 -9.425e+04 9.425e+04
 1.278e+04 -1.278e+04
 1.309e+04 -1.309e+04
 -1.067e+04 1.067e+04
 6.294e+04 -6.294e+04
 4.196e+04 -4.196e+04
 -4.343e+04 4.343e+04
 -6.072e+04 6.072e+04
 -9.062e+04 9.062e+04
 1725 -1725
 1156 -1156
 2.699e+04 -2.699e+04
 8.51e+04 -8.51e+04
 -1.401e+04 1.401e+04
 -2.652e+04 2.652e+04
 -2437 2437
 -1.145e+04 1.145e+04
 8468 -8468
 -6604 6604
 -4692 4692
 1.727e+04 -1.727e+04
 -4619 4619
 3.349e+04 -3.349e+04
 2.121e+04 -2.121e+04
 -7.32e+04 7.32e+04
 2.545e+04 -2.545e+04
 3.645e+04 -3.645e+04
 -1.36e+05 1.36e+05
 -3.006e+04 3.006e+04
 -1033 1033
 3.469e+04 -3.469e+04
 -2.237e+04 2.237e+04
 -1.089e+04 1.089e+04
 2.725e+04 -2.725e+04
 -1.58e+04 1.58e+04
 -5951 5951
 7.757e+04 -7.757e+04
 -3.472e+04 3.472e+04
 2282 -2282
 -9.866e+04 9.866e+04
 -4.285e+04 4.285e+04
 5921 -5921
 1.162e+04 -1.162e+04
 -3.338e+04 3.338e+04
 -1.735e+04 1.735e+04
 -3.706e+04 3.706e+04
 -4.21e+04 4.21e+04
 -200.8 200.8
 9259 -9259
 2.583e+04 -2.583e+04
 9822 -9822
 -3.668e+04 3.668e+04
 1.714e+04 -1.714e+04
 1.073e+04 -1.073e+04
 -2899 2899
 -8159 8159
 2.111e+04 -2.111e+04
 -3.306e+04 3.306e+04
 -1.116e+04 1.116e+04
 -6.729e+04 6.729e+04
 -1.788e+04 1.788e+04
 9388 -9388
 -8742 8742
 -3.352e+04 3.352e+04
 4768 -4768
 -1.743e+04 1.743e+04
 -1.929e+04 1.929e+04
 1.139e+04 -1.139e+04
 -3.03e+04 3.03e+04
 -2398 2398
 2.184e+04 -2.184e+04
 1.501e+04 -1.501e+04
 -1.608e+04 1.608e+04
 1.439e+05 -1.439e+05
 2.418e+04 -2.418e+04
 -3.519e+04 3.519e+04
 3581 -3581
 3.116e+04 -3.116e+04
 -3723 3723
 2.802e+04 -2.802e+04
 1.839e+04 -1.839e+04
 4.631e+04 -4.631e+04
 6.182e+04 -6.182e+04
 2.73e+04 -2.73e+04
 -2.075e+04 2.075e+04
 4524 -4524
 1.678e+04 -1.678e+04
 -2.418e+04 2.418e+04
 -1.024e+04 1.024e+04
 1575 -1575
 -471 471
 2.734e+04 -2.734e+04
 -1.873e+04 1.873e+04
 -6.76e+04 6.76e+04
 1.262e+04 -1.262e+04
 -8202 8202
 5.519e+04 -5.519e+04
 -4.208e+04 4.208e+04
 -1.109e+04 1.109e+04
 -6.108e+04 6.108e+04
 -4.266e+04 4.266e+04
 -1.057e+04 1.057e+04
 3.603e+04 -3.603e+04
 4.511e+04 -4.511e+04
 -2.799e+04 2.799e+04
 6068 -6068
 -4585 4585
 6184 -6184
 -1.424e+04 1.424e+04
 1.741e+04 -1.741e+04
 776.3 -776.3
 -5.908e+04 5.908e+04
 2.496e+04 -2.496e+04
 -3484 3484
 -3.21e+04 3.21e+04
 1.587e+04 -1.587e+04
 3.159e+04 -3.159e+04
 -3.214e+04 3.214e+04
 -1128 1128
 1727 -1727
 1.587e+04 -1.587e+04
 -4.777e+04 4.777e+04
 -659.2 659.2
 1.058e+05 -1.058e+05
 -5.182e+04 5.182e+04
 -3298 3298
 7.501e+04 -7.501e+04
 -7963 7963
 -9.232e+04 9.232e+04
 1.758e+04 -1.758e+04
 3.702e+04 -3.702e+04
 1.486e+04 -1.486e+04
 -7994 7994
 -4.141e+04 4.141e+04
 -4.553e+04 4.553e+04
 -8.661e+04 8.661e+04
 3.237e+04 -3.237e+04
 2.052e+04 -2.052e+04
 -4307 4307
 -3.537e+04 3.537e+04
 7559 -7559
 -1.081e+04 1.081e+04
 -4.515e+04 4.515e+04
 -5.647e+04 5.647e+04
 -4521 4521
 7220 -7220
 7605 -7605
 -1.463e+04 1.463e+04
 -4.144e+04 4.144e+04
 6.34e+04 -6.34e+04
 4.362e+04 -4.362e+04
 3.319e+04 -3.319e+04
 -9.767e+04 9.767e+04
 -1.49e+04 1.49e+04
 -3.849e+04 3.849e+04
 8896 -8896
 1.305e+04 -1.305e+04
 3.295e+04 -3.295e+04
 -896 896
 1.208e+04 -1.208e+04
 -4.112e+04 4.112e+04
 -1.83e+04 1.83e+04
 -3.385e+04 3.385e+04
 -3.987e+04 3.987e+04
 3.511e+04 -3.511e+04
 1.66e+04 -1.66e+04
 2.463e+04 -2.463e+04
 5.177e+04 -5.177e+04
 -4312 4312
 3.777e+04 -3.777e+04
 1.28e+04 -1.28e+04
 -9312 9312
 4.932e+04 -4.932e+04
 -3.097e+04 3.097e+04
 4.594e+04 -4.594e+04
 -2.587e+04 2.587e+04
 2.145e+04 -2.145e+04
 -6046 6046
 6.861e+04 -6.861e+04
 -5.48e+04 5.48e+04
 2.844e+04 -2.844e+04
 -2.31e+04 2.31e+04
 7.616e+04 -7.616e+04
 1.41e+04 -1.41e+04
 3.161e+04 -3.161e+04
 -3259 3259
 -5224 5224
 1.8e+04 -1.8e+04
 -2.361e+04 2.361e+04
 -3.499e+04 3.499e+04
 2.362e+04 -2.362e+04
 -2.467e+04 2.467e+04
 1.444e+04 -1.444e+04
 -9306 9306
 -4.188e+04 4.188e+04
 8795 -8795
 -4654 4654
 1815 -1815
 1.964e+04 -1.964e+04
 -1.879e+04 1.879e+04
 -2.216e+04 2.216e+04
 -3.045e+04 3.045e+04
 9715 -9715
 -2288 2288
 -1397 1397
 -9662 9662
 3.354e+04 -3.354e+04
 3682 -3682
 2.348e+04 -2.348e+04
 3650 -3650
 -1.577e+04 1.577e+04
 -1.117e+04 1.117e+04
 -1.322e+04 1.322e+04
 -5.516e+04 5.516e+04
 -2.217e+04 2.217e+04
 1882 -1882
 4.048e+04 -4.048e+04
 -3.534e+04 3.534e+04
 -3.225e+04 3.225e+04
 1.255e+04 -1.255e+04
 -8342 8342
 4.811e+04 -4.811e+04
 2.205e+04 -2.205e+04
 6.885e+04 -6.885e+04
 -1.166e+04 1.166e+04
 3.703e+04 -3.703e+04
 -4.79e+04 4.79e+04
 2.39e+04 -2.39e+04
 -2243 2243
 4387 -4387
 1039 -1039
 4478 -4478
 -3.585e+04 3.585e+04
 -3.062e+04 3.062e+04
 -3.007e+04 3.007e+04
 3.544e+04 -3.544e+04
 -1.041e+04 1.041e+04
 -3.224e+04 3.224e+04
 1.41e+04 -1.41e+04
 -3.534e+04 3.534e+04
 -3.939e+04 3.939e+04
 -3.619e+04 3.619e+04
 -6379 6379
 2.194e+04 -2.194e+04
 -1.536e+04 1.536e+04
 1750 -1750
 -167.8 167.8
 6.833e+04 -6.833e+04
 -8964 8964
 1.82e+04 -1.82e+04
 1.714e+04 -1.714e+04
 2.396e+04 -2.396e+04
 5.874e+04 -5.874e+04
 3268 -3268
 9620 -9620
 -6.21e+04 6.21e+04
 2.579e+04 -2.579e+04
 -4401 4401
 1.115e+04 -1.115e+04
 -3.661e+04 3.661e+04
 -4.086e+04 4.086e+04
 -5.927e+04 5.927e+04
 8170 -8170
 3.738e+04 -3.738e+04
 9880 -9880
 3845 -3845
 -1.37e+04 1.37e+04
 6437 -6437
 -4.946e+04 4.946e+04
 -4.754e+04 4.754e+04
 -4.442e+04 4.442e+04
 -2.362e+04 2.362e+04
 9839 -9839
 1.391e+04 -1.391e+04
 4.647e+04 -4.647e+04
 2.55e+04 -2.55e+04
 3.189e+04 -3.189e+04
 3323 -3323
 -4.12e+04 4.12e+04
 1.34e+04 -1.34e+04
 -9642 9642
 1.969e+04 -1.969e+04
 -3.123e+04 3.123e+04
 -1.859e+04 1.859e+04
 1.214e+04 -1.214e+04
 -6.268e+04 6.268e+04
 8119 -8119
 -2.342e+04 2.342e+04
 4.643e+04 -4.643e+04
 -9056 9056
 7759 -7759
 -3.823e+04 3.823e+04
 1.79e+04 -1.79e+04
 -1.499e+04 1.499e+04
 3.638e+04 -3.638e+04
 -1.131e+04 1.131e+04
 4579 -4579
 2.913e+04 -2.913e+04
 -2764 2764
 3.189e+04 -3.189e+04
 -3.865e+04 3.865e+04
 -4.915e+04 4.915e+04
 5.257e+04 -5.257e+04
 4.567e+04 -4.567e+04
 1.098e+04 -1.098e+04
 -1.975e+04 1.975e+04
 7.335e+04 -7.335e+04
 1.228e+04 -1.228e+04
 3.39e+04 -3.39e+04
 4.574e+04 -4.574e+04
 -3.726e+04 3.726e+04
 -6.538e+04 6.538e+04
 -4.089e+04 4.089e+04
 3.389e+04 -3.389e+04
 -1.834e+04 1.834e+04
 6.804e+04 -6.804e+04
 8228 -8228
 -4.74e+04 4.74e+04
 -1642 1642
 -5.867e+04 5.867e+04
 5.124e+04 -5.124e+04
 -2.769e+04 2.769e+04
 9.604e+04 -9.604e+04
 -1.047e+04 1.047e+04
 -9334 9334
 3.241e+04 -3.241e+04
 4.533e+04 -4.533e+04
 -6602 6602
 -6.621e+04 6.621e+04
 -4.797e+04 4.797e+04
 -6.089e+04 6.089e+04
 2.611e+04 -2.611e+04
 1475 -1475
 -4.937e+04 4.937e+04
 -4.177e+04 4.177e+04
 4.408e+04 -4.408e+04
 -1.018e+04 1.018e+04
 -1.115e+04 1.115e+04
 1.095e+04 -1.095e+04
 -2.619e+04 2.619e+04
 -3.519e+04 3.519e+04
 -5.379e+04 5.379e+04
 -3.526e+04 3.526e+04
 -4.282e+04 4.282e+04
 -3.341e+04 3.341e+04
 -3.537e+04 3.537e+04
 -6.195e+04 6.195e+04
 -4244 4244
 -4.974e+04 4.974e+04
 -6.288e+04 6.288e+04
 4.339e+04 -4.339e+04
 -5.031e+04 5.031e+04
 2.268e+04 -2.268e+04
 7.958e+04 -7.958e+04
 -1.657e+04 1.657e+04
 -3.581e+04 3.581e+04
 -5.356e+04 5.356e+04
 -2.366e+04 2.366e+04
 1054 -1054
 1.627e+04 -1.627e+04
 2.235e+04 -2.235e+04
 9349 -9349
 -2.751e+04 2.751e+04
 -2.363e+04 2.363e+04
 2.492e+04 -2.492e+04
 2.402e+04 -2.402e+04
 -1.3e+04 1.3e+04
 -106.6 106.6
 1.282e+04 -1.282e+04
 1.56e+04 -1.56e+04
 -2.304e+04 2.304e+04
 2.521e+04 -2.521e+04
 -1.239e+04 1.239e+04
 -5.173e+04 5.173e+04
 533.9 -533.9
 2137 -2137
 -6.776e+04 6.776e+04
 7565 -7565
 -6917 6917
 9193 -9193
 -3353 3353
 1.199e+04 -1.199e+04
 -8286 8286
 -1.02e+04 1.02e+04
 5.116e+04 -5.116e+04
 5.872e+04 -5.872e+04
 -2.035e+04 2.035e+04
 -3.11e+04 3.11e+04
 4.407e+04 -4.407e+04
 2.979e+04 -2.979e+04
 3.164e+04 -3.164e+04
 -2.395e+04 2.395e+04
 1.808e+04 -1.808e+04
 167 -167
 -2.04e+04 2.04e+04
 2.902e+04 -2.902e+04
 -1.162e+04 1.162e+04
 -3.398e+04 3.398e+04
 -8922 8922
 -3591 3591
 2.551e+04 -2.551e+04
 -4806 4806
 -4240 4240
 -5977 5977
 7840 -7840
 -5.388e+04 5.388e+04
 1.884e+04 -1.884e+04
 -7629 7629
 3.16e+04 -3.16e+04
 -7964 7964
 -3.944e+04 3.944e+04
 -2.255e+04 2.255e+04
 -3.948e+04 3.948e+04
 1.022e+04 -1.022e+04
 -3.585e+04 3.585e+04
 2.012e+04 -2.012e+04
 8263 -8263
 -2.867e+04 2.867e+04
 -2.198e+04 2.198e+04
 -8180 8180
 -4.365e+04 4.365e+04
 3.88e+04 -3.88e+04
 -3.706e+04 3.706e+04
 -5.325e+04 5.325e+04
 -1.925e+04 1.925e+04
 -402.5 402.5
 -2.396e+04 2.396e+04
 -2.821e+04 2.821e+04
 6197 -6197
 -7.007e+04 7.007e+04
 -6007 6007
 -6.615e+04 6.615e+04
 -5.404e+04 5.404e+04
 -3.524e+04 3.524e+04
 8484 -8484
 -3.177e+04 3.177e+04
 6468 -6468
 -3.239e+04 3.239e+04
 7.026e+04 -7.026e+04
 1.257e+05 -1.257e+05
 -5.177e+04 5.177e+04
 -2.644e+04 2.644e+04
 -1.024e+05 1.024e+05
 5.358e+04 -5.358e+04
 6.258e+04 -6.258e+04
 8.907e+04 -8.907e+04
 4443 -4443
 -7.252e+04 7.252e+04
 4.322e+04 -4.322e+04
 -5.824e+04 5.824e+04
 -2.594e+04 2.594e+04
 -3.288e+04 3.288e+04
 -2.369e+04 2.369e+04
 -2.269e+04 2.269e+04
 6878 -6878
 -1.516e+04 1.516e+04
 2.474e+04 -2.474e+04
 -3261 3261
 2.673e+04 -2.673e+04
 3.956e+04 -3.956e+04
 -8.285e+04 8.285e+04
 -4.638e+04 4.638e+04
 -1.335e+04 1.335e+04
 -2.218e+04 2.218e+04
 3.208e+04 -3.208e+04
 5.938e+04 -5.938e+04
 -2.449e+04 2.449e+04
 -2.387e+04 2.387e+04
 -5.696e+04 5.696e+04
 -1.834e+04 1.834e+04
 6.042e+04 -6.042e+04
 3.538e+04 -3.538e+04
 -2.843e+04 2.843e+04
 1.308e+04 -1.308e+04
 -6.785e+04 6.785e+04
 9945 -9945
 5309 -5309
 -3.02e+04 3.02e+04
 4881 -4881
 -4.153e+04 4.153e+04
 -633.5 633.5
 -2.416e+04 2.416e+04
 6.835e+04 -6.835e+04
 -3.034e+04 3.034e+04
 2.578e+04 -2.578e+04
 -9884 9884
 -4202 4202
 -3.002e+04 3.002e+04
 6456 -6456
 1.055e+04 -1.055e+04
 -2.053e+04 2.053e+04
 -3.302e+04 3.302e+04
 2.047e+04 -2.047e+04
 -8191 8191
 6525 -6525
 1.424e+04 -1.424e+04
 -6.102e+04 6.102e+04
 -5.576e+04 5.576e+04
 -593.1 593.1
 -4.629e+04 4.629e+04
 -4.502e+04 4.502e+04
 6.43e+04 -6.43e+04
 -1.868e+04 1.868e+04
 3.856e+04 -3.856e+04
 1.254e+04 -1.254e+04
 5.606e+04 -5.606e+04
 -1.503e+04 1.503e+04
 -3603 3603
 9826 -9826
 -2.939e+04 2.939e+04
 5778 -5778
 8.958e+04 -8.958e+04
 -2.63e+04 2.63e+04
 4.707e+04 -4.707e+04
 5.541e+04 -5.541e+04
 -4.328e+04 4.328e+04
 1.085e+04 -1.085e+04
 -4.227e+04 4.227e+04
 6.182e+04 -6.182e+04
 -1.819e+04 1.819e+04
 1.262e+04 -1.262e+04
 5.198e+04 -5.198e+04
 3.503e+04 -3.503e+04
 3.778e+04 -3.778e+04
 2086 -2086
 1.65e+04 -1.65e+04
 794 -794
 -4.084e+04 4.084e+04
 3.684e+04 -3.684e+04


