# Created by Octave 5.2.0, Thu Sep 24 16:41:16 2020 CEST <jiwidi@land>
# name: w
# type: matrix
# rows: 1281
# columns: 2
 1.2e+05 -1.2e+05
 -2.129e+07 2.129e+07
 -4.758e+07 4.758e+07
 1.655e+07 -1.655e+07
 -2.683e+07 2.683e+07
 1.512e+07 -1.512e+07
 -3.402e+06 3.402e+06
 1.027e+08 -1.027e+08
 7.96e+07 -7.96e+07
 4.851e+07 -4.851e+07
 5.537e+07 -5.537e+07
 -3.838e+07 3.838e+07
 -1.947e+07 1.947e+07
 -8.621e+07 8.621e+07
 3.26e+07 -3.26e+07
 3.108e+07 -3.108e+07
 2.854e+07 -2.854e+07
 9.542e+06 -9.542e+06
 -2.454e+07 2.454e+07
 3.373e+07 -3.373e+07
 -1.149e+07 1.149e+07
 -3.125e+07 3.125e+07
 -4.261e+07 4.261e+07
 -1.996e+06 1.996e+06
 2.167e+07 -2.167e+07
 -2.176e+07 2.176e+07
 -3.732e+07 3.732e+07
 -3.606e+07 3.606e+07
 -4.149e+06 4.149e+06
 2.295e+07 -2.295e+07
 -3.787e+07 3.787e+07
 7.586e+06 -7.586e+06
 9.12e+07 -9.12e+07
 -1.277e+07 1.277e+07
 -4.043e+07 4.043e+07
 1.878e+04 -1.878e+04
 -5.574e+06 5.574e+06
 -2.365e+07 2.365e+07
 -4.894e+07 4.894e+07
 9.661e+07 -9.661e+07
 2.672e+07 -2.672e+07
 -1.801e+07 1.801e+07
 -4.926e+06 4.926e+06
 -1.03e+06 1.03e+06
 -8.256e+07 8.256e+07
 -2.26e+07 2.26e+07
 1.622e+07 -1.622e+07
 2.451e+07 -2.451e+07
 -5.581e+06 5.581e+06
 -3.073e+07 3.073e+07
 -3.074e+07 3.074e+07
 -8.246e+06 8.246e+06
 3.14e+06 -3.14e+06
 3.36e+07 -3.36e+07
 1.003e+08 -1.003e+08
 1.308e+07 -1.308e+07
 -2.596e+07 2.596e+07
 6.249e+07 -6.249e+07
 1.487e+07 -1.487e+07
 3.912e+06 -3.912e+06
 -4.292e+07 4.292e+07
 3.725e+04 -3.725e+04
 4.912e+06 -4.912e+06
 -5.985e+07 5.985e+07
 -1.99e+07 1.99e+07
 -4.186e+07 4.186e+07
 8.695e+06 -8.695e+06
 -1.222e+07 1.222e+07
 -6.27e+06 6.27e+06
 9.209e+07 -9.209e+07
 3.608e+07 -3.608e+07
 -1.88e+06 1.88e+06
 6.429e+06 -6.429e+06
 1.075e+07 -1.075e+07
 -2.972e+07 2.972e+07
 -1.24e+07 1.24e+07
 7.328e+07 -7.328e+07
 5.86e+07 -5.86e+07
 1.883e+07 -1.883e+07
 2.556e+07 -2.556e+07
 1.71e+07 -1.71e+07
 -6.424e+06 6.424e+06
 -1.301e+07 1.301e+07
 7.153e+06 -7.153e+06
 -3.268e+07 3.268e+07
 7.266e+06 -7.266e+06
 3.901e+06 -3.901e+06
 3.276e+07 -3.276e+07
 -3.792e+07 3.792e+07
 1.84e+07 -1.84e+07
 -2.178e+07 2.178e+07
 3.493e+06 -3.493e+06
 -3.516e+07 3.516e+07
 5.904e+06 -5.904e+06
 -3.703e+07 3.703e+07
 2.451e+07 -2.451e+07
 2.627e+07 -2.627e+07
 -2.67e+07 2.67e+07
 -4.792e+06 4.792e+06
 2.828e+07 -2.828e+07
 -6.256e+06 6.256e+06
 6.363e+06 -6.363e+06
 -8.285e+06 8.285e+06
 -1.358e+07 1.358e+07
 -3.393e+07 3.393e+07
 6.596e+07 -6.596e+07
 1.609e+07 -1.609e+07
 -1.255e+07 1.255e+07
 -1.322e+07 1.322e+07
 -2.494e+06 2.494e+06
 -6.64e+07 6.64e+07
 -4.005e+06 4.005e+06
 3.829e+06 -3.829e+06
 -1.244e+06 1.244e+06
 -5.025e+07 5.025e+07
 -7.387e+06 7.387e+06
 2.135e+07 -2.135e+07
 -3.17e+07 3.17e+07
 -1.645e+06 1.645e+06
 1.444e+07 -1.444e+07
 2.924e+06 -2.924e+06
 1.419e+07 -1.419e+07
 -1.766e+07 1.766e+07
 5.397e+07 -5.397e+07
 -4.166e+06 4.166e+06
 -2.757e+07 2.757e+07
 2.725e+07 -2.725e+07
 2.774e+07 -2.774e+07
 1.868e+07 -1.868e+07
 6.017e+06 -6.017e+06
 5.264e+06 -5.264e+06
 2.116e+07 -2.116e+07
 1.194e+07 -1.194e+07
 -6.664e+06 6.664e+06
 -1.192e+07 1.192e+07
 -6.414e+06 6.414e+06
 -4.548e+06 4.548e+06
 1.001e+07 -1.001e+07
 2.441e+07 -2.441e+07
 2.009e+07 -2.009e+07
 2.034e+07 -2.034e+07
 9.967e+06 -9.967e+06
 -1.787e+07 1.787e+07
 -3.445e+07 3.445e+07
 -2.906e+07 2.906e+07
 -2.297e+07 2.297e+07
 -3.373e+06 3.373e+06
 3.689e+07 -3.689e+07
 5.224e+07 -5.224e+07
 2.455e+07 -2.455e+07
 8.994e+07 -8.994e+07
 3.123e+07 -3.123e+07
 3.323e+07 -3.323e+07
 3.443e+07 -3.443e+07
 4.427e+07 -4.427e+07
 5.049e+06 -5.049e+06
 -1.703e+07 1.703e+07
 2.16e+07 -2.16e+07
 2.313e+07 -2.313e+07
 -4.221e+07 4.221e+07
 -8.73e+04 8.73e+04
 -2.019e+07 2.019e+07
 -1.258e+08 1.258e+08
 1.148e+07 -1.148e+07
 -1.279e+07 1.279e+07
 4.998e+05 -4.998e+05
 -1.933e+07 1.933e+07
 -3.088e+07 3.088e+07
 9.96e+06 -9.96e+06
 -1.674e+07 1.674e+07
 2.411e+06 -2.411e+06
 3.129e+07 -3.129e+07
 4.224e+07 -4.224e+07
 2.712e+07 -2.712e+07
 -1.033e+07 1.033e+07
 1.283e+07 -1.283e+07
 1.852e+06 -1.852e+06
 -2.231e+07 2.231e+07
 3.015e+07 -3.015e+07
 2.691e+07 -2.691e+07
 3.714e+07 -3.714e+07
 -4.092e+07 4.092e+07
 -2.183e+07 2.183e+07
 2.029e+07 -2.029e+07
 8.601e+06 -8.601e+06
 4.769e+07 -4.769e+07
 1.58e+07 -1.58e+07
 -6.543e+07 6.543e+07
 -4.186e+07 4.186e+07
 -9.742e+06 9.742e+06
 -7.502e+06 7.502e+06
 -4.972e+07 4.972e+07
 7.201e+06 -7.201e+06
 9.658e+06 -9.658e+06
 7.715e+06 -7.715e+06
 1.339e+07 -1.339e+07
 -1.732e+07 1.732e+07
 5.239e+07 -5.239e+07
 7.394e+07 -7.394e+07
 -2.963e+07 2.963e+07
 -3.33e+07 3.33e+07
 -2.799e+07 2.799e+07
 3.608e+07 -3.608e+07
 3.188e+06 -3.188e+06
 -5.527e+06 5.527e+06
 -3.243e+07 3.243e+07
 -2.658e+07 2.658e+07
 1.534e+07 -1.534e+07
 -4.879e+07 4.879e+07
 5.303e+07 -5.303e+07
 -7.22e+07 7.22e+07
 2.898e+07 -2.898e+07
 -4.468e+07 4.468e+07
 1.211e+07 -1.211e+07
 5.759e+07 -5.759e+07
 -6.496e+07 6.496e+07
 -2.105e+07 2.105e+07
 -4.677e+07 4.677e+07
 1.273e+07 -1.273e+07
 -2.34e+07 2.34e+07
 -4.094e+07 4.094e+07
 2.978e+06 -2.978e+06
 8.766e+06 -8.766e+06
 1.393e+07 -1.393e+07
 -2.065e+07 2.065e+07
 -2.182e+07 2.182e+07
 1.913e+07 -1.913e+07
 5.8e+07 -5.8e+07
 4.895e+07 -4.895e+07
 1.192e+07 -1.192e+07
 -2.652e+07 2.652e+07
 1.259e+08 -1.259e+08
 -6.358e+07 6.358e+07
 -2.577e+07 2.577e+07
 -4.606e+06 4.606e+06
 -4.241e+07 4.241e+07
 -8.59e+06 8.59e+06
 -1.051e+07 1.051e+07
 -1.575e+07 1.575e+07
 -1.59e+07 1.59e+07
 -2.64e+07 2.64e+07
 2.003e+07 -2.003e+07
 -1.726e+07 1.726e+07
 2.608e+07 -2.608e+07
 -4.14e+07 4.14e+07
 -1.216e+07 1.216e+07
 6.93e+06 -6.93e+06
 -1.168e+07 1.168e+07
 1.393e+07 -1.393e+07
 -2.4e+06 2.4e+06
 1.161e+07 -1.161e+07
 -7.612e+06 7.612e+06
 3.611e+07 -3.611e+07
 -3.204e+07 3.204e+07
 2.575e+07 -2.575e+07
 -3.266e+07 3.266e+07
 -1.389e+07 1.389e+07
 -6.085e+07 6.085e+07
 5.607e+07 -5.607e+07
 9.776e+06 -9.776e+06
 1.986e+07 -1.986e+07
 3.629e+07 -3.629e+07
 4.825e+06 -4.825e+06
 1.124e+07 -1.124e+07
 3.979e+06 -3.979e+06
 3.465e+06 -3.465e+06
 -7.352e+07 7.352e+07
 -3.642e+07 3.642e+07
 -1.801e+07 1.801e+07
 2.053e+07 -2.053e+07
 1.931e+07 -1.931e+07
 -4.057e+07 4.057e+07
 -6.261e+07 6.261e+07
 -2.904e+07 2.904e+07
 5.387e+07 -5.387e+07
 1.766e+06 -1.766e+06
 -5.965e+07 5.965e+07
 -2.956e+07 2.956e+07
 -2.241e+07 2.241e+07
 -4.718e+06 4.718e+06
 -2.676e+07 2.676e+07
 2.945e+07 -2.945e+07
 -2.659e+07 2.659e+07
 6.297e+06 -6.297e+06
 1.01e+07 -1.01e+07
 -7.336e+07 7.336e+07
 4.595e+06 -4.595e+06
 5.689e+07 -5.689e+07
 2.158e+07 -2.158e+07
 -4.005e+06 4.005e+06
 -1.161e+07 1.161e+07
 5.809e+07 -5.809e+07
 2.546e+07 -2.546e+07
 3.169e+07 -3.169e+07
 -1.455e+07 1.455e+07
 -8.468e+06 8.468e+06
 7.763e+07 -7.763e+07
 8.255e+06 -8.255e+06
 -5.914e+07 5.914e+07
 -2.322e+07 2.322e+07
 1.713e+07 -1.713e+07
 1.193e+07 -1.193e+07
 5.707e+06 -5.707e+06
 -2.866e+07 2.866e+07
 -2.598e+07 2.598e+07
 -1.695e+07 1.695e+07
 -2.182e+07 2.182e+07
 5.919e+07 -5.919e+07
 7.091e+07 -7.091e+07
 -3.586e+07 3.586e+07
 2.527e+06 -2.527e+06
 1.814e+06 -1.814e+06
 -2.312e+07 2.312e+07
 -6.925e+05 6.925e+05
 -6.097e+07 6.097e+07
 -7.856e+07 7.856e+07
 1.811e+07 -1.811e+07
 6.065e+07 -6.065e+07
 2.91e+07 -2.91e+07
 6.642e+06 -6.642e+06
 -9.611e+06 9.611e+06
 -1.955e+07 1.955e+07
 3.236e+06 -3.236e+06
 3.998e+07 -3.998e+07
 -6.352e+06 6.352e+06
 -4.058e+07 4.058e+07
 4.658e+07 -4.658e+07
 -1.718e+07 1.718e+07
 -5.808e+07 5.808e+07
 -3.262e+07 3.262e+07
 -2.974e+07 2.974e+07
 6.58e+06 -6.58e+06
 -7.172e+06 7.172e+06
 1.403e+07 -1.403e+07
 1.12e+08 -1.12e+08
 -7.915e+07 7.915e+07
 -4.736e+06 4.736e+06
 5.61e+07 -5.61e+07
 -6.138e+07 6.138e+07
 2.85e+07 -2.85e+07
 -4.184e+06 4.184e+06
 -1.664e+07 1.664e+07
 -1.952e+07 1.952e+07
 3.903e+07 -3.903e+07
 3.141e+07 -3.141e+07
 9.87e+06 -9.87e+06
 -9.313e+06 9.313e+06
 1.817e+07 -1.817e+07
 2.528e+07 -2.528e+07
 9.96e+06 -9.96e+06
 1.277e+06 -1.277e+06
 3.97e+07 -3.97e+07
 4.239e+06 -4.239e+06
 4.97e+06 -4.97e+06
 -4.506e+07 4.506e+07
 1.611e+07 -1.611e+07
 -2.036e+07 2.036e+07
 2.922e+07 -2.922e+07
 1.794e+07 -1.794e+07
 -7.388e+07 7.388e+07
 4.331e+06 -4.331e+06
 -2.214e+07 2.214e+07
 -5.094e+07 5.094e+07
 -1.153e+07 1.153e+07
 1.958e+07 -1.958e+07
 -2.364e+07 2.364e+07
 4.741e+07 -4.741e+07
 -5.609e+06 5.609e+06
 -3.979e+06 3.979e+06
 -3.719e+07 3.719e+07
 7.017e+07 -7.017e+07
 -1.617e+06 1.617e+06
 -1.434e+06 1.434e+06
 -2.855e+07 2.855e+07
 -7.163e+06 7.163e+06
 1.874e+07 -1.874e+07
 2.835e+07 -2.835e+07
 2.135e+07 -2.135e+07
 -3.906e+07 3.906e+07
 -3.276e+07 3.276e+07
 5.004e+07 -5.004e+07
 2.148e+07 -2.148e+07
 1.339e+07 -1.339e+07
 -1.844e+07 1.844e+07
 -2.096e+06 2.096e+06
 1.94e+06 -1.94e+06
 3.543e+06 -3.543e+06
 -5.07e+07 5.07e+07
 4.124e+06 -4.124e+06
 4.243e+06 -4.243e+06
 2.875e+07 -2.875e+07
 -5.112e+07 5.112e+07
 1.767e+07 -1.767e+07
 4.008e+07 -4.008e+07
 -1.977e+07 1.977e+07
 4.22e+07 -4.22e+07
 -2.003e+07 2.003e+07
 2.659e+07 -2.659e+07
 5.662e+05 -5.662e+05
 -2.86e+07 2.86e+07
 4.539e+07 -4.539e+07
 -5.842e+07 5.842e+07
 -7.913e+07 7.913e+07
 -5.985e+07 5.985e+07
 2.308e+07 -2.308e+07
 -1.456e+07 1.456e+07
 -8.204e+06 8.204e+06
 -7.602e+07 7.602e+07
 5.667e+07 -5.667e+07
 -1.328e+07 1.328e+07
 1.696e+07 -1.696e+07
 8.729e+06 -8.729e+06
 -2.219e+07 2.219e+07
 -5.134e+06 5.134e+06
 3.252e+06 -3.252e+06
 -1.455e+07 1.455e+07
 4.451e+07 -4.451e+07
 -4.307e+07 4.307e+07
 -4.746e+07 4.746e+07
 7.71e+06 -7.71e+06
 -2.074e+07 2.074e+07
 3.011e+07 -3.011e+07
 -4.311e+07 4.311e+07
 -5.33e+07 5.33e+07
 1.242e+05 -1.242e+05
 4.654e+07 -4.654e+07
 7.289e+06 -7.289e+06
 1.56e+07 -1.56e+07
 -1.735e+07 1.735e+07
 -7.947e+07 7.947e+07
 8.744e+06 -8.744e+06
 5.177e+07 -5.177e+07
 -3.122e+07 3.122e+07
 4.691e+06 -4.691e+06
 2.253e+07 -2.253e+07
 -9.934e+06 9.934e+06
 6.14e+07 -6.14e+07
 -1.429e+07 1.429e+07
 5.131e+06 -5.131e+06
 -7.216e+06 7.216e+06
 -4.72e+07 4.72e+07
 -5.35e+06 5.35e+06
 -7.825e+07 7.825e+07
 3.901e+07 -3.901e+07
 -3.361e+07 3.361e+07
 -8.11e+06 8.11e+06
 7.691e+06 -7.691e+06
 -1.789e+07 1.789e+07
 2.32e+07 -2.32e+07
 1.454e+07 -1.454e+07
 2.23e+06 -2.23e+06
 -3.089e+07 3.089e+07
 -2.375e+07 2.375e+07
 -1.098e+07 1.098e+07
 4.286e+07 -4.286e+07
 -8.897e+07 8.897e+07
 -6.25e+06 6.25e+06
 1.863e+06 -1.863e+06
 -3.398e+07 3.398e+07
 -1.311e+07 1.311e+07
 -1.206e+07 1.206e+07
 6.866e+07 -6.866e+07
 2.239e+07 -2.239e+07
 -4.171e+06 4.171e+06
 -3.292e+07 3.292e+07
 -4.59e+07 4.59e+07
 2.762e+07 -2.762e+07
 -1.902e+07 1.902e+07
 -9.948e+06 9.948e+06
 -2.184e+07 2.184e+07
 3.173e+07 -3.173e+07
 1.144e+08 -1.144e+08
 -3.032e+07 3.032e+07
 3.988e+06 -3.988e+06
 2.946e+07 -2.946e+07
 1.682e+07 -1.682e+07
 -7.887e+07 7.887e+07
 -9.011e+06 9.011e+06
 5.745e+07 -5.745e+07
 -5.796e+06 5.796e+06
 1.405e+07 -1.405e+07
 -3.26e+07 3.26e+07
 -3.097e+07 3.097e+07
 -2.584e+07 2.584e+07
 -1.782e+07 1.782e+07
 -1.512e+07 1.512e+07
 -1.422e+07 1.422e+07
 5.401e+06 -5.401e+06
 1.015e+07 -1.015e+07
 1.08e+07 -1.08e+07
 -1.57e+07 1.57e+07
 -9.926e+06 9.926e+06
 -2.117e+07 2.117e+07
 -1.089e+07 1.089e+07
 2.604e+07 -2.604e+07
 -4.573e+07 4.573e+07
 -3.1e+07 3.1e+07
 6.405e+07 -6.405e+07
 -2.422e+07 2.422e+07
 -1.666e+07 1.666e+07
 -1.085e+07 1.085e+07
 3.574e+07 -3.574e+07
 2.42e+07 -2.42e+07
 9.126e+06 -9.126e+06
 -1.533e+07 1.533e+07
 -8.25e+06 8.25e+06
 1.925e+07 -1.925e+07
 -4.347e+07 4.347e+07
 4.505e+07 -4.505e+07
 2.556e+07 -2.556e+07
 -3.053e+07 3.053e+07
 -2.537e+07 2.537e+07
 -5.854e+07 5.854e+07
 3.098e+07 -3.098e+07
 2.834e+07 -2.834e+07
 -1.494e+07 1.494e+07
 2.163e+07 -2.163e+07
 2.199e+07 -2.199e+07
 -4.029e+07 4.029e+07
 2.696e+07 -2.696e+07
 -4.523e+05 4.523e+05
 -5.983e+06 5.983e+06
 -5.101e+07 5.101e+07
 -2.607e+07 2.607e+07
 -4.162e+07 4.162e+07
 1.753e+07 -1.753e+07
 -1.049e+07 1.049e+07
 -2.24e+07 2.24e+07
 -3.724e+07 3.724e+07
 3.135e+07 -3.135e+07
 -7.964e+06 7.964e+06
 -4.601e+06 4.601e+06
 -3.352e+07 3.352e+07
 -5.36e+07 5.36e+07
 3.217e+07 -3.217e+07
 -1.025e+07 1.025e+07
 -1.26e+07 1.26e+07
 -4.718e+06 4.718e+06
 2.564e+07 -2.564e+07
 5.567e+06 -5.567e+06
 3.157e+05 -3.157e+05
 4.255e+07 -4.255e+07
 2.94e+07 -2.94e+07
 1.262e+07 -1.262e+07
 2.512e+07 -2.512e+07
 2.003e+07 -2.003e+07
 -5.405e+07 5.405e+07
 2.679e+07 -2.679e+07
 -2.333e+07 2.333e+07
 -6.385e+06 6.385e+06
 2.491e+06 -2.491e+06
 6.623e+07 -6.623e+07
 6.177e+06 -6.177e+06
 -2.303e+07 2.303e+07
 4.427e+07 -4.427e+07
 9.331e+07 -9.331e+07
 6.659e+07 -6.659e+07
 4.72e+07 -4.72e+07
 1.593e+07 -1.593e+07
 -8.602e+06 8.602e+06
 -3.126e+06 3.126e+06
 -2.052e+07 2.052e+07
 7.234e+07 -7.234e+07
 -6.346e+07 6.346e+07
 -1.518e+07 1.518e+07
 1.25e+07 -1.25e+07
 -3.323e+07 3.323e+07
 -3.313e+07 3.313e+07
 1.024e+07 -1.024e+07
 -1.901e+07 1.901e+07
 -8.962e+06 8.962e+06
 5.619e+07 -5.619e+07
 1.944e+07 -1.944e+07
 4.456e+07 -4.456e+07
 -1.136e+07 1.136e+07
 -2.692e+07 2.692e+07
 -6.476e+07 6.476e+07
 9.199e+06 -9.199e+06
 -3.206e+07 3.206e+07
 -6.953e+07 6.953e+07
 -5.821e+07 5.821e+07
 -1.825e+07 1.825e+07
 7.138e+05 -7.138e+05
 -1.009e+07 1.009e+07
 -3.657e+07 3.657e+07
 -1.57e+07 1.57e+07
 -4.136e+07 4.136e+07
 -7.882e+06 7.882e+06
 2.439e+07 -2.439e+07
 -2.163e+07 2.163e+07
 -4.303e+07 4.303e+07
 8.726e+06 -8.726e+06
 -2.451e+07 2.451e+07
 2.391e+07 -2.391e+07
 1.442e+07 -1.442e+07
 5.74e+07 -5.74e+07
 -4.712e+07 4.712e+07
 -4.63e+06 4.63e+06
 4.393e+07 -4.393e+07
 -1.308e+07 1.308e+07
 -1.186e+07 1.186e+07
 1.703e+07 -1.703e+07
 -9.081e+06 9.081e+06
 -7.454e+06 7.454e+06
 -5.962e+06 5.962e+06
 -1.792e+07 1.792e+07
 3.342e+07 -3.342e+07
 -4.952e+07 4.952e+07
 -1.215e+07 1.215e+07
 1.954e+07 -1.954e+07
 1.508e+07 -1.508e+07
 -5.386e+06 5.386e+06
 -7.715e+05 7.715e+05
 5.321e+07 -5.321e+07
 -4.742e+07 4.742e+07
 1.212e+07 -1.212e+07
 6.949e+07 -6.949e+07
 5.438e+07 -5.438e+07
 -1.394e+06 1.394e+06
 -5.648e+07 5.648e+07
 2.8e+07 -2.8e+07
 -2.992e+07 2.992e+07
 3.794e+07 -3.794e+07
 -5.033e+07 5.033e+07
 4.612e+07 -4.612e+07
 -4.987e+07 4.987e+07
 4.653e+06 -4.653e+06
 -3.562e+07 3.562e+07
 1.887e+07 -1.887e+07
 3.701e+07 -3.701e+07
 -4.062e+07 4.062e+07
 2.725e+07 -2.725e+07
 -1.899e+06 1.899e+06
 6.712e+07 -6.712e+07
 3.4e+07 -3.4e+07
 1.592e+07 -1.592e+07
 3.185e+07 -3.185e+07
 -6.495e+07 6.495e+07
 1.417e+07 -1.417e+07
 1.007e+07 -1.007e+07
 4.689e+07 -4.689e+07
 -2.369e+07 2.369e+07
 -2.159e+07 2.159e+07
 -3.319e+07 3.319e+07
 4.096e+07 -4.096e+07
 1.637e+07 -1.637e+07
 -1.944e+07 1.944e+07
 -1.825e+07 1.825e+07
 -2.774e+07 2.774e+07
 -2.352e+06 2.352e+06
 6.904e+06 -6.904e+06
 3.729e+07 -3.729e+07
 -1.571e+07 1.571e+07
 -1.912e+07 1.912e+07
 4.848e+07 -4.848e+07
 -4.806e+06 4.806e+06
 6e+07 -6e+07
 2.273e+07 -2.273e+07
 3.172e+07 -3.172e+07
 3.514e+07 -3.514e+07
 9.507e+06 -9.507e+06
 -2.094e+07 2.094e+07
 6.968e+06 -6.968e+06
 -9.639e+05 9.639e+05
 -1.697e+06 1.697e+06
 -1.484e+07 1.484e+07
 5.603e+07 -5.603e+07
 -8.683e+06 8.683e+06
 2.154e+04 -2.154e+04
 4.538e+07 -4.538e+07
 -1.661e+07 1.661e+07
 -3.428e+07 3.428e+07
 4.017e+07 -4.017e+07
 4.649e+06 -4.649e+06
 -2.479e+07 2.479e+07
 -4.01e+06 4.01e+06
 3.02e+07 -3.02e+07
 1.777e+07 -1.777e+07
 3.175e+07 -3.175e+07
 -3.849e+07 3.849e+07
 -3.167e+07 3.167e+07
 -7.536e+06 7.536e+06
 -5.179e+06 5.179e+06
 6.94e+07 -6.94e+07
 -2.116e+07 2.116e+07
 -5.783e+07 5.783e+07
 -2.229e+07 2.229e+07
 -4.631e+07 4.631e+07
 7.145e+07 -7.145e+07
 -1.747e+07 1.747e+07
 3.632e+07 -3.632e+07
 4.602e+07 -4.602e+07
 1.772e+07 -1.772e+07
 -3.34e+07 3.34e+07
 -3.509e+06 3.509e+06
 1.041e+06 -1.041e+06
 1.488e+07 -1.488e+07
 1.977e+07 -1.977e+07
 7.832e+07 -7.832e+07
 -3.363e+07 3.363e+07
 3.185e+07 -3.185e+07
 -1.29e+07 1.29e+07
 3.137e+07 -3.137e+07
 2.173e+07 -2.173e+07
 -4.826e+07 4.826e+07
 3.892e+07 -3.892e+07
 2.524e+07 -2.524e+07
 8.988e+07 -8.988e+07
 -2.204e+06 2.204e+06
 1.082e+06 -1.082e+06
 -7.001e+06 7.001e+06
 -1.818e+07 1.818e+07
 -1.951e+07 1.951e+07
 4.321e+07 -4.321e+07
 -4.049e+07 4.049e+07
 -1.469e+07 1.469e+07
 -5.457e+07 5.457e+07
 1.22e+06 -1.22e+06
 -2.443e+07 2.443e+07
 -4.494e+07 4.494e+07
 -5.06e+07 5.06e+07
 7.662e+07 -7.662e+07
 -3.853e+07 3.853e+07
 7.306e+07 -7.306e+07
 1.992e+07 -1.992e+07
 1.199e+07 -1.199e+07
 -3.986e+07 3.986e+07
 1.01e+08 -1.01e+08
 4.269e+07 -4.269e+07
 4.523e+07 -4.523e+07
 4.857e+07 -4.857e+07
 -5.184e+07 5.184e+07
 9.805e+06 -9.805e+06
 9.292e+06 -9.292e+06
 -7.657e+07 7.657e+07
 -3.72e+07 3.72e+07
 4.42e+07 -4.42e+07
 -2.018e+07 2.018e+07
 -3.8e+05 3.8e+05
 -8.323e+07 8.323e+07
 1.569e+07 -1.569e+07
 2.304e+07 -2.304e+07
 -8.163e+07 8.163e+07
 8.922e+05 -8.922e+05
 -4.648e+07 4.648e+07
 -2.672e+07 2.672e+07
 1.637e+07 -1.637e+07
 -8.153e+06 8.153e+06
 1.944e+07 -1.944e+07
 7.186e+06 -7.186e+06
 4.465e+07 -4.465e+07
 -6.778e+07 6.778e+07
 -9.83e+07 9.83e+07
 9.728e+06 -9.728e+06
 1.079e+07 -1.079e+07
 -1.65e+07 1.65e+07
 5.544e+07 -5.544e+07
 4.011e+07 -4.011e+07
 -4.618e+07 4.618e+07
 -5.835e+07 5.835e+07
 -9.271e+07 9.271e+07
 5.965e+06 -5.965e+06
 1.488e+06 -1.488e+06
 3.372e+07 -3.372e+07
 8.626e+07 -8.626e+07
 -1.427e+07 1.427e+07
 -2.774e+07 2.774e+07
 -3.233e+06 3.233e+06
 -1.626e+07 1.626e+07
 1.181e+06 -1.181e+06
 -6.092e+06 6.092e+06
 1.572e+06 -1.572e+06
 2.066e+07 -2.066e+07
 -2.741e+06 2.741e+06
 3.288e+07 -3.288e+07
 2.449e+07 -2.449e+07
 -6.588e+07 6.588e+07
 1.995e+07 -1.995e+07
 3.713e+07 -3.713e+07
 -1.324e+08 1.324e+08
 -2.037e+07 2.037e+07
 1.73e+05 -1.73e+05
 3.265e+07 -3.265e+07
 -2.253e+07 2.253e+07
 -9.14e+06 9.14e+06
 3.026e+07 -3.026e+07
 -1.717e+07 1.717e+07
 -2.103e+07 2.103e+07
 8.084e+07 -8.084e+07
 -4.009e+07 4.009e+07
 2.043e+06 -2.043e+06
 -9.949e+07 9.949e+07
 -3.729e+07 3.729e+07
 1.981e+06 -1.981e+06
 1.13e+07 -1.13e+07
 -3.88e+07 3.88e+07
 -1.35e+07 1.35e+07
 -4.246e+07 4.246e+07
 -3.304e+07 3.304e+07
 1.872e+06 -1.872e+06
 1.132e+07 -1.132e+07
 2.14e+07 -2.14e+07
 9.75e+06 -9.75e+06
 -3.171e+07 3.171e+07
 1.596e+07 -1.596e+07
 1.051e+07 -1.051e+07
 -9.554e+05 9.554e+05
 -8.752e+06 8.752e+06
 1.585e+07 -1.585e+07
 -3.273e+07 3.273e+07
 -1.051e+07 1.051e+07
 -6.957e+07 6.957e+07
 -8.67e+06 8.67e+06
 8.166e+06 -8.166e+06
 -7.956e+06 7.956e+06
 -2.554e+07 2.554e+07
 6.472e+06 -6.472e+06
 -1.849e+07 1.849e+07
 -9.77e+06 9.77e+06
 5.493e+06 -5.493e+06
 -2.617e+07 2.617e+07
 2.205e+06 -2.205e+06
 2.261e+07 -2.261e+07
 1.674e+07 -1.674e+07
 -1.588e+07 1.588e+07
 1.416e+08 -1.416e+08
 2.544e+07 -2.544e+07
 -3.463e+07 3.463e+07
 6.317e+06 -6.317e+06
 2.264e+07 -2.264e+07
 -4.031e+06 4.031e+06
 2.562e+07 -2.562e+07
 2.26e+07 -2.26e+07
 4.722e+07 -4.722e+07
 6.589e+07 -6.589e+07
 3.654e+07 -3.654e+07
 -1.735e+07 1.735e+07
 1.525e+06 -1.525e+06
 2.255e+07 -2.255e+07
 -2.6e+07 2.6e+07
 -1.576e+07 1.576e+07
 2.504e+06 -2.504e+06
 2.407e+06 -2.407e+06
 2.613e+07 -2.613e+07
 -1.618e+07 1.618e+07
 -5.868e+07 5.868e+07
 1.55e+07 -1.55e+07
 -2.625e+06 2.625e+06
 5.647e+07 -5.647e+07
 -3.614e+07 3.614e+07
 -4.848e+06 4.848e+06
 -5.553e+07 5.553e+07
 -4.281e+07 4.281e+07
 -1.842e+07 1.842e+07
 3.281e+07 -3.281e+07
 4.868e+07 -4.868e+07
 -1.925e+07 1.925e+07
 5.049e+06 -5.049e+06
 -1.91e+06 1.91e+06
 3.888e+06 -3.888e+06
 -1.479e+07 1.479e+07
 2.169e+07 -2.169e+07
 -8.719e+06 8.719e+06
 -5.138e+07 5.138e+07
 3.008e+07 -3.008e+07
 -2.091e+04 2.091e+04
 -3.752e+07 3.752e+07
 3.022e+07 -3.022e+07
 2.152e+07 -2.152e+07
 -2.579e+07 2.579e+07
 -7.316e+05 7.316e+05
 3.839e+06 -3.839e+06
 2.285e+07 -2.285e+07
 -3.978e+07 3.978e+07
 -6.92e+06 6.92e+06
 1.059e+08 -1.059e+08
 -5.571e+07 5.571e+07
 3.913e+06 -3.913e+06
 7.318e+07 -7.318e+07
 -6.831e+06 6.831e+06
 -8.214e+07 8.214e+07
 1.663e+07 -1.663e+07
 3.265e+07 -3.265e+07
 1.316e+07 -1.316e+07
 -8.875e+06 8.875e+06
 -3.816e+07 3.816e+07
 -3.976e+07 3.976e+07
 -8.127e+07 8.127e+07
 2.771e+07 -2.771e+07
 1.512e+07 -1.512e+07
 5.156e+06 -5.156e+06
 -3.404e+07 3.404e+07
 7.23e+06 -7.23e+06
 -1.493e+07 1.493e+07
 -4.394e+07 4.394e+07
 -4.83e+07 4.83e+07
 -1.736e+07 1.736e+07
 3.632e+06 -3.632e+06
 7.262e+06 -7.262e+06
 -1.534e+07 1.534e+07
 -3.987e+07 3.987e+07
 6.225e+07 -6.225e+07
 3.695e+07 -3.695e+07
 2.523e+07 -2.523e+07
 -1.009e+08 1.009e+08
 -1.317e+07 1.317e+07
 -4.104e+07 4.104e+07
 5.323e+05 -5.323e+05
 6.119e+06 -6.119e+06
 3.602e+07 -3.602e+07
 -5.441e+06 5.441e+06
 1.69e+07 -1.69e+07
 -5.028e+07 5.028e+07
 -1.561e+07 1.561e+07
 -3.479e+07 3.479e+07
 -5.144e+07 5.144e+07
 3e+07 -3e+07
 1.8e+07 -1.8e+07
 2.853e+07 -2.853e+07
 5.814e+07 -5.814e+07
 -2.311e+05 2.311e+05
 3.689e+07 -3.689e+07
 4.83e+06 -4.83e+06
 -1.883e+07 1.883e+07
 5.366e+07 -5.366e+07
 -2.848e+07 2.848e+07
 4.558e+07 -4.558e+07
 -1.7e+07 1.7e+07
 1.098e+07 -1.098e+07
 -8.138e+06 8.138e+06
 5.792e+07 -5.792e+07
 -5.173e+07 5.173e+07
 2.669e+07 -2.669e+07
 -3.241e+07 3.241e+07
 7.747e+07 -7.747e+07
 6.986e+06 -6.986e+06
 3.308e+07 -3.308e+07
 4.967e+06 -4.967e+06
 -6.375e+06 6.375e+06
 1.826e+07 -1.826e+07
 -2.564e+07 2.564e+07
 -3.317e+07 3.317e+07
 2.219e+07 -2.219e+07
 -2.364e+07 2.364e+07
 1.335e+07 -1.335e+07
 -1.241e+07 1.241e+07
 -3.53e+07 3.53e+07
 1.084e+07 -1.084e+07
 -8.421e+06 8.421e+06
 8.179e+06 -8.179e+06
 1.163e+07 -1.163e+07
 -1.365e+07 1.365e+07
 -1.145e+07 1.145e+07
 -2.51e+07 2.51e+07
 1.347e+07 -1.347e+07
 -9.34e+06 9.34e+06
 -2.403e+06 2.403e+06
 -1.328e+07 1.328e+07
 2.604e+07 -2.604e+07
 7.396e+06 -7.396e+06
 1.982e+07 -1.982e+07
 4.399e+06 -4.399e+06
 -9.072e+06 9.072e+06
 -1.109e+07 1.109e+07
 -1.588e+07 1.588e+07
 -5.506e+07 5.506e+07
 -2.768e+07 2.768e+07
 -4.455e+05 4.455e+05
 3.496e+07 -3.496e+07
 -2.181e+07 2.181e+07
 -2.791e+07 2.791e+07
 1.621e+07 -1.621e+07
 -6.276e+06 6.276e+06
 4.891e+07 -4.891e+07
 2.627e+07 -2.627e+07
 6.346e+07 -6.346e+07
 -1.376e+07 1.376e+07
 3.495e+07 -3.495e+07
 -3.925e+07 3.925e+07
 1.713e+07 -1.713e+07
 1.892e+06 -1.892e+06
 1.158e+07 -1.158e+07
 -4.025e+06 4.025e+06
 5.33e+06 -5.33e+06
 -4.204e+07 4.204e+07
 -2.831e+07 2.831e+07
 -2.446e+07 2.446e+07
 3.206e+07 -3.206e+07
 -8.507e+06 8.507e+06
 -3.111e+07 3.111e+07
 9.367e+06 -9.367e+06
 -3.795e+07 3.795e+07
 -4.758e+07 4.758e+07
 -3.721e+07 3.721e+07
 -1.174e+07 1.174e+07
 2.455e+07 -2.455e+07
 -1.551e+07 1.551e+07
 -6.126e+06 6.126e+06
 3.31e+06 -3.31e+06
 6.55e+07 -6.55e+07
 -1.108e+07 1.108e+07
 1.958e+07 -1.958e+07
 1.42e+07 -1.42e+07
 2.673e+07 -2.673e+07
 5.818e+07 -5.818e+07
 1.292e+06 -1.292e+06
 1.358e+07 -1.358e+07
 -5.867e+07 5.867e+07
 1.64e+07 -1.64e+07
 -1.259e+07 1.259e+07
 1.284e+07 -1.284e+07
 -3.653e+07 3.653e+07
 -4.629e+07 4.629e+07
 -5.548e+07 5.548e+07
 2.14e+06 -2.14e+06
 4.031e+07 -4.031e+07
 2.655e+06 -2.655e+06
 3.234e+06 -3.234e+06
 -1.734e+07 1.734e+07
 3.169e+06 -3.169e+06
 -4.164e+07 4.164e+07
 -5.023e+07 5.023e+07
 -4.51e+07 4.51e+07
 -2.395e+07 2.395e+07
 1.561e+07 -1.561e+07
 2.275e+07 -2.275e+07
 4.407e+07 -4.407e+07
 2.354e+07 -2.354e+07
 3.216e+07 -3.216e+07
 -6.513e+06 6.513e+06
 -3.47e+07 3.47e+07
 1.014e+07 -1.014e+07
 -1.037e+07 1.037e+07
 1.16e+07 -1.16e+07
 -3.595e+07 3.595e+07
 -1.54e+07 1.54e+07
 2.656e+07 -2.656e+07
 -5.554e+07 5.554e+07
 5.391e+06 -5.391e+06
 -2.368e+07 2.368e+07
 4.732e+07 -4.732e+07
 -5.833e+06 5.833e+06
 2.941e+06 -2.941e+06
 -2.748e+07 2.748e+07
 1.923e+07 -1.923e+07
 -1.342e+07 1.342e+07
 3.019e+07 -3.019e+07
 -1.204e+07 1.204e+07
 5.649e+06 -5.649e+06
 3.633e+07 -3.633e+07
 9.726e+05 -9.726e+05
 2.468e+07 -2.468e+07
 -2.444e+07 2.444e+07
 -5.235e+07 5.235e+07
 6.167e+07 -6.167e+07
 4.764e+07 -4.764e+07
 1.869e+06 -1.869e+06
 -1.868e+07 1.868e+07
 7.18e+07 -7.18e+07
 1.637e+07 -1.637e+07
 4.082e+07 -4.082e+07
 4.451e+07 -4.451e+07
 -3.58e+07 3.58e+07
 -6.403e+07 6.403e+07
 -3.602e+07 3.602e+07
 2.133e+07 -2.133e+07
 -7.007e+06 7.007e+06
 6.255e+07 -6.255e+07
 1.145e+07 -1.145e+07
 -3.956e+07 3.956e+07
 -3.147e+06 3.147e+06
 -6.566e+07 6.566e+07
 5.373e+07 -5.373e+07
 -2.551e+07 2.551e+07
 9.675e+07 -9.675e+07
 -7.486e+06 7.486e+06
 -1.978e+07 1.978e+07
 3.357e+07 -3.357e+07
 3.912e+07 -3.912e+07
 -1.15e+07 1.15e+07
 -7.196e+07 7.196e+07
 -4.338e+07 4.338e+07
 -6.675e+07 6.675e+07
 2.106e+07 -2.106e+07
 -3.315e+06 3.315e+06
 -5.752e+07 5.752e+07
 -3.758e+07 3.758e+07
 3.86e+07 -3.86e+07
 -2.127e+06 2.127e+06
 -3.318e+06 3.318e+06
 2.056e+07 -2.056e+07
 -2.168e+07 2.168e+07
 -3.698e+07 3.698e+07
 -4.656e+07 4.656e+07
 -4.021e+07 4.021e+07
 -4.128e+07 4.128e+07
 -2.625e+07 2.625e+07
 -3.964e+07 3.964e+07
 -6.267e+07 6.267e+07
 1.266e+06 -1.266e+06
 -4.734e+07 4.734e+07
 -5.64e+07 5.64e+07
 4.12e+07 -4.12e+07
 -5.405e+07 5.405e+07
 2.36e+07 -2.36e+07
 7.212e+07 -7.212e+07
 -2.322e+07 2.322e+07
 -3.058e+07 3.058e+07
 -4.643e+07 4.643e+07
 -2.705e+07 2.705e+07
 -8.681e+06 8.681e+06
 6.997e+06 -6.997e+06
 2.156e+07 -2.156e+07
 1.598e+07 -1.598e+07
 -3.123e+07 3.123e+07
 -2.303e+07 2.303e+07
 2.665e+07 -2.665e+07
 2.461e+07 -2.461e+07
 -1.632e+07 1.632e+07
 -3.684e+04 3.684e+04
 1.221e+07 -1.221e+07
 1.826e+07 -1.826e+07
 -2.453e+07 2.453e+07
 3.326e+07 -3.326e+07
 -2.188e+07 2.188e+07
 -5.668e+07 5.668e+07
 -4.669e+06 4.669e+06
 -1.086e+06 1.086e+06
 -7.1e+07 7.1e+07
 1.149e+07 -1.149e+07
 -3.46e+06 3.46e+06
 7.305e+06 -7.305e+06
 1.08e+06 -1.08e+06
 2.554e+06 -2.554e+06
 -9.516e+06 9.516e+06
 -3.82e+06 3.82e+06
 4.443e+07 -4.443e+07
 5.614e+07 -5.614e+07
 -2.169e+07 2.169e+07
 -3.306e+07 3.306e+07
 4.062e+07 -4.062e+07
 2.383e+07 -2.383e+07
 3.621e+07 -3.621e+07
 -1.927e+07 1.927e+07
 2.105e+07 -2.105e+07
 1.08e+07 -1.08e+07
 -1.403e+07 1.403e+07
 3.57e+07 -3.57e+07
 -1.456e+07 1.456e+07
 -3.113e+07 3.113e+07
 -1.464e+07 1.464e+07
 -1.336e+07 1.336e+07
 3.273e+07 -3.273e+07
 -8.891e+06 8.891e+06
 -1.384e+06 1.384e+06
 -1.06e+07 1.06e+07
 3.911e+06 -3.911e+06
 -5.152e+07 5.152e+07
 2.438e+07 -2.438e+07
 -6.216e+06 6.216e+06
 3.029e+07 -3.029e+07
 -6.677e+06 6.677e+06
 -4.62e+07 4.62e+07
 -2.454e+07 2.454e+07
 -4.055e+07 4.055e+07
 9.227e+06 -9.227e+06
 -2.821e+07 2.821e+07
 1.955e+07 -1.955e+07
 1.197e+07 -1.197e+07
 -3.248e+07 3.248e+07
 -1.999e+07 1.999e+07
 -6.908e+06 6.908e+06
 -4.886e+07 4.886e+07
 4.013e+07 -4.013e+07
 -4.244e+07 4.244e+07
 -5.919e+07 5.919e+07
 -9.068e+06 9.068e+06
 -1.462e+06 1.462e+06
 -2.375e+07 2.375e+07
 -2.993e+07 2.993e+07
 -4.548e+06 4.548e+06
 -7.06e+07 7.06e+07
 -4.435e+06 4.435e+06
 -6.987e+07 6.987e+07
 -4.772e+07 4.772e+07
 -3.192e+07 3.192e+07
 9.495e+06 -9.495e+06
 -3.311e+07 3.311e+07
 3.212e+06 -3.212e+06
 -2.357e+07 2.357e+07
 6.992e+07 -6.992e+07
 1.205e+08 -1.205e+08
 -5.625e+07 5.625e+07
 -2.946e+07 2.946e+07
 -1.041e+08 1.041e+08
 4.983e+07 -4.983e+07
 5.579e+07 -5.579e+07
 8.906e+07 -8.906e+07
 4.074e+06 -4.074e+06
 -6.827e+07 6.827e+07
 4.553e+07 -4.553e+07
 -6.329e+07 6.329e+07
 -2.782e+07 2.782e+07
 -3.253e+07 3.253e+07
 -1.389e+07 1.389e+07
 -2.255e+07 2.255e+07
 7.438e+06 -7.438e+06
 -1.779e+07 1.779e+07
 1.783e+07 -1.783e+07
 -3.059e+06 3.059e+06
 2.811e+07 -2.811e+07
 4.146e+07 -4.146e+07
 -8.245e+07 8.245e+07
 -4.871e+07 4.871e+07
 -1.977e+07 1.977e+07
 -2.562e+07 2.562e+07
 3.589e+07 -3.589e+07
 5.909e+07 -5.909e+07
 -2.693e+07 2.693e+07
 -2.288e+07 2.288e+07
 -6.001e+07 6.001e+07
 -2.028e+07 2.028e+07
 5.192e+07 -5.192e+07
 3.533e+07 -3.533e+07
 -3.005e+07 3.005e+07
 1.488e+07 -1.488e+07
 -6.367e+07 6.367e+07
 1.868e+07 -1.868e+07
 9.189e+06 -9.189e+06
 -3.682e+07 3.682e+07
 5.856e+06 -5.856e+06
 -3.977e+07 3.977e+07
 9.434e+05 -9.434e+05
 -2.928e+07 2.928e+07
 6.423e+07 -6.423e+07
 -2.687e+07 2.687e+07
 2.584e+07 -2.584e+07
 -1.865e+07 1.865e+07
 -1.5e+04 1.5e+04
 -2.758e+07 2.758e+07
 1.391e+06 -1.391e+06
 1.39e+07 -1.39e+07
 -2.125e+07 2.125e+07
 -3.739e+07 3.739e+07
 2.223e+07 -2.223e+07
 -8.968e+06 8.968e+06
 1.301e+07 -1.301e+07
 9.806e+06 -9.806e+06
 -5.218e+07 5.218e+07
 -5.661e+07 5.661e+07
 4.984e+06 -4.984e+06
 -5.298e+07 5.298e+07
 -4.59e+07 4.59e+07
 5.604e+07 -5.604e+07
 -2.361e+07 2.361e+07
 3.826e+07 -3.826e+07
 1.688e+07 -1.688e+07
 5.312e+07 -5.312e+07
 -1.402e+07 1.402e+07
 1.313e+06 -1.313e+06
 1.232e+07 -1.232e+07
 -3.228e+07 3.228e+07
 1.241e+07 -1.241e+07
 9.289e+07 -9.289e+07
 -2.026e+07 2.026e+07
 5.289e+07 -5.289e+07
 5.556e+07 -5.556e+07
 -3.398e+07 3.398e+07
 5.192e+06 -5.192e+06
 -4.233e+07 4.233e+07
 5.879e+07 -5.879e+07
 -2.359e+07 2.359e+07
 1.419e+07 -1.419e+07
 5.101e+07 -5.101e+07
 4.918e+07 -4.918e+07
 3.602e+07 -3.602e+07
 6.641e+06 -6.641e+06
 1.209e+07 -1.209e+07
 4.168e+06 -4.168e+06
 -4.127e+07 4.127e+07
 3.742e+07 -3.742e+07


