# Created by Octave 5.2.0, Thu Sep 24 16:40:13 2020 CEST <jiwidi@land>
# name: w
# type: matrix
# rows: 1281
# columns: 2
 1600 -1600
 -1.824e+05 1.824e+05
 -4.837e+05 4.837e+05
 1.939e+05 -1.939e+05
 -2.632e+05 2.632e+05
 1.564e+05 -1.564e+05
 -7.818e+04 7.818e+04
 1.095e+06 -1.095e+06
 8.36e+05 -8.36e+05
 5.188e+05 -5.188e+05
 5.659e+05 -5.659e+05
 -3.962e+05 3.962e+05
 -1.809e+05 1.809e+05
 -9.531e+05 9.531e+05
 3.415e+05 -3.415e+05
 2.54e+05 -2.54e+05
 3.634e+05 -3.634e+05
 1.217e+05 -1.217e+05
 -2.152e+05 2.152e+05
 3.562e+05 -3.562e+05
 -1.841e+05 1.841e+05
 -3.195e+05 3.195e+05
 -4.898e+05 4.898e+05
 4.869e+04 -4.869e+04
 1.861e+05 -1.861e+05
 -1.859e+05 1.859e+05
 -3.795e+05 3.795e+05
 -3.472e+05 3.472e+05
 -4.119e+04 4.119e+04
 2.327e+05 -2.327e+05
 -3.32e+05 3.32e+05
 4.022e+04 -4.022e+04
 9.157e+05 -9.157e+05
 -1.956e+05 1.956e+05
 -4.207e+05 4.207e+05
 7678 -7678
 -4.289e+04 4.289e+04
 -2.265e+05 2.265e+05
 -4.518e+05 4.518e+05
 9.493e+05 -9.493e+05
 1.834e+05 -1.834e+05
 -1.312e+05 1.312e+05
 -3.913e+04 3.913e+04
 1.928e+04 -1.928e+04
 -8.266e+05 8.266e+05
 -2.71e+05 2.71e+05
 1.932e+05 -1.932e+05
 2.113e+05 -2.113e+05
 -8.645e+04 8.645e+04
 -3.234e+05 3.234e+05
 -3.006e+05 3.006e+05
 -1.095e+05 1.095e+05
 6297 -6297
 4.134e+05 -4.134e+05
 9.843e+05 -9.843e+05
 1.182e+05 -1.182e+05
 -3.298e+05 3.298e+05
 6.653e+05 -6.653e+05
 1.151e+05 -1.151e+05
 3.537e+04 -3.537e+04
 -4.209e+05 4.209e+05
 -3.832e+04 3.832e+04
 6.138e+04 -6.138e+04
 -6.274e+05 6.274e+05
 -2.215e+05 2.215e+05
 -5.164e+05 5.164e+05
 8.122e+04 -8.122e+04
 -1.572e+05 1.572e+05
 -5.553e+04 5.553e+04
 9.688e+05 -9.688e+05
 4.22e+05 -4.22e+05
 -4.709e+04 4.709e+04
 7.453e+04 -7.453e+04
 6.316e+04 -6.316e+04
 -3.268e+05 3.268e+05
 -1.41e+05 1.41e+05
 7.656e+05 -7.656e+05
 5.706e+05 -5.706e+05
 1.967e+05 -1.967e+05
 2.213e+05 -2.213e+05
 1.852e+05 -1.852e+05
 -9.236e+04 9.236e+04
 -1.095e+05 1.095e+05
 9.219e+04 -9.219e+04
 -3.014e+05 3.014e+05
 1.952e+04 -1.952e+04
 2.058e+04 -2.058e+04
 2.771e+05 -2.771e+05
 -3.751e+05 3.751e+05
 1.922e+05 -1.922e+05
 -2.287e+05 2.287e+05
 -4432 4432
 -2.679e+05 2.679e+05
 1.573e+04 -1.573e+04
 -3.366e+05 3.366e+05
 2.314e+05 -2.314e+05
 2.161e+05 -2.161e+05
 -2.533e+05 2.533e+05
 1.812e+04 -1.812e+04
 3.323e+05 -3.323e+05
 -3.596e+04 3.596e+04
 8.58e+04 -8.58e+04
 -1.122e+05 1.122e+05
 -1.559e+05 1.559e+05
 -3.851e+05 3.851e+05
 6.158e+05 -6.158e+05
 1.297e+05 -1.297e+05
 -1.618e+05 1.618e+05
 -1.582e+05 1.582e+05
 -8758 8758
 -7.188e+05 7.188e+05
 -3.474e+04 3.474e+04
 6.863e+04 -6.863e+04
 2.609e+04 -2.609e+04
 -5.702e+05 5.702e+05
 -1.864e+04 1.864e+04
 1.982e+05 -1.982e+05
 -3.269e+05 3.269e+05
 1.254e+04 -1.254e+04
 1.45e+05 -1.45e+05
 6.434e+04 -6.434e+04
 1.363e+05 -1.363e+05
 -1.822e+05 1.822e+05
 5.447e+05 -5.447e+05
 -6.437e+04 6.437e+04
 -2.444e+05 2.444e+05
 2.193e+05 -2.193e+05
 2.656e+05 -2.656e+05
 2.192e+05 -2.192e+05
 5.864e+04 -5.864e+04
 3.186e+04 -3.186e+04
 2.026e+05 -2.026e+05
 1.477e+05 -1.477e+05
 -3.55e+04 3.55e+04
 -1.191e+05 1.191e+05
 -1.525e+04 1.525e+04
 -8.859e+04 8.859e+04
 4.369e+04 -4.369e+04
 2.893e+05 -2.893e+05
 1.507e+05 -1.507e+05
 2.069e+05 -2.069e+05
 7.686e+04 -7.686e+04
 -1.807e+05 1.807e+05
 -3.186e+05 3.186e+05
 -2.57e+05 2.57e+05
 -3.205e+05 3.205e+05
 -1.146e+04 1.146e+04
 3.787e+05 -3.787e+05
 5.581e+05 -5.581e+05
 3.019e+05 -3.019e+05
 8.967e+05 -8.967e+05
 3.364e+05 -3.364e+05
 3.633e+05 -3.633e+05
 3.393e+05 -3.393e+05
 4.306e+05 -4.306e+05
 3.822e+04 -3.822e+04
 -1.841e+05 1.841e+05
 1.835e+05 -1.835e+05
 2.258e+05 -2.258e+05
 -4.175e+05 4.175e+05
 4.387e+04 -4.387e+04
 -2.484e+05 2.484e+05
 -1.258e+06 1.258e+06
 1.242e+05 -1.242e+05
 -1.311e+05 1.311e+05
 5.309e+04 -5.309e+04
 -1.607e+05 1.607e+05
 -3.021e+05 3.021e+05
 5.409e+04 -5.409e+04
 -2.065e+05 2.065e+05
 2.118e+04 -2.118e+04
 2.916e+05 -2.916e+05
 4.446e+05 -4.446e+05
 2.976e+05 -2.976e+05
 -1.762e+05 1.762e+05
 8.966e+04 -8.966e+04
 -5885 5885
 -1.434e+05 1.434e+05
 3.109e+05 -3.109e+05
 2.588e+05 -2.588e+05
 3.725e+05 -3.725e+05
 -4.367e+05 4.367e+05
 -2.34e+05 2.34e+05
 2.576e+05 -2.576e+05
 1.296e+05 -1.296e+05
 4.421e+05 -4.421e+05
 1.435e+05 -1.435e+05
 -6.433e+05 6.433e+05
 -4.037e+05 4.037e+05
 -6.499e+04 6.499e+04
 -1.104e+05 1.104e+05
 -5.018e+05 5.018e+05
 1.894e+04 -1.894e+04
 1.06e+05 -1.06e+05
 6.998e+04 -6.998e+04
 1.732e+05 -1.732e+05
 -2.331e+05 2.331e+05
 5.515e+05 -5.515e+05
 7.454e+05 -7.454e+05
 -3.371e+05 3.371e+05
 -3.249e+05 3.249e+05
 -2.439e+05 2.439e+05
 4.137e+05 -4.137e+05
 4.791e+04 -4.791e+04
 -2654 2654
 -2.637e+05 2.637e+05
 -2.75e+05 2.75e+05
 1.923e+05 -1.923e+05
 -4.92e+05 4.92e+05
 5.862e+05 -5.862e+05
 -6.726e+05 6.726e+05
 3.519e+05 -3.519e+05
 -4.949e+05 4.949e+05
 9.258e+04 -9.258e+04
 5.753e+05 -5.753e+05
 -6.644e+05 6.644e+05
 -2.006e+05 2.006e+05
 -5.056e+05 5.056e+05
 2.077e+05 -2.077e+05
 -2.512e+05 2.512e+05
 -4.362e+05 4.362e+05
 3.723e+04 -3.723e+04
 1.168e+05 -1.168e+05
 1.508e+05 -1.508e+05
 -1.973e+05 1.973e+05
 -1.985e+05 1.985e+05
 1.639e+05 -1.639e+05
 5.982e+05 -5.982e+05
 5.073e+05 -5.073e+05
 1.43e+05 -1.43e+05
 -2.641e+05 2.641e+05
 1.282e+06 -1.282e+06
 -6.389e+05 6.389e+05
 -2.939e+05 2.939e+05
 -1.149e+04 1.149e+04
 -4.492e+05 4.492e+05
 -5433 5433
 -1.03e+05 1.03e+05
 -1.603e+05 1.603e+05
 -1.459e+05 1.459e+05
 -2.827e+05 2.827e+05
 2.065e+05 -2.065e+05
 -1.947e+05 1.947e+05
 2.543e+05 -2.543e+05
 -4.548e+05 4.548e+05
 -1.557e+05 1.557e+05
 7.948e+04 -7.948e+04
 -1.037e+05 1.037e+05
 1.67e+05 -1.67e+05
 -5.615e+04 5.615e+04
 1.338e+05 -1.338e+05
 -6.437e+04 6.437e+04
 3.438e+05 -3.438e+05
 -3.689e+05 3.689e+05
 2.722e+05 -2.722e+05
 -3.104e+05 3.104e+05
 -1.289e+05 1.289e+05
 -6.057e+05 6.057e+05
 5.427e+05 -5.427e+05
 6.916e+04 -6.916e+04
 2.369e+05 -2.369e+05
 3.864e+05 -3.864e+05
 5.55e+04 -5.55e+04
 1.264e+05 -1.264e+05
 6.454e+04 -6.454e+04
 -5173 5173
 -7.953e+05 7.953e+05
 -3.582e+05 3.582e+05
 -1.501e+05 1.501e+05
 2.38e+05 -2.38e+05
 1.888e+05 -1.888e+05
 -4.481e+05 4.481e+05
 -6.04e+05 6.04e+05
 -3.026e+05 3.026e+05
 6.145e+05 -6.145e+05
 4.813e+04 -4.813e+04
 -5.771e+05 5.771e+05
 -3.261e+05 3.261e+05
 -2.455e+05 2.455e+05
 -8.194e+04 8.194e+04
 -2.804e+05 2.804e+05
 2.857e+05 -2.857e+05
 -3.4e+05 3.4e+05
 1.263e+05 -1.263e+05
 8.707e+04 -8.707e+04
 -7.402e+05 7.402e+05
 1.56e+05 -1.56e+05
 5.67e+05 -5.67e+05
 1.622e+05 -1.622e+05
 -7.108e+04 7.108e+04
 -1.391e+05 1.391e+05
 5.613e+05 -5.613e+05
 2.484e+05 -2.484e+05
 3.047e+05 -3.047e+05
 -1.46e+05 1.46e+05
 -1.015e+05 1.015e+05
 8.016e+05 -8.016e+05
 1.249e+05 -1.249e+05
 -6.108e+05 6.108e+05
 -1.97e+05 1.97e+05
 2.283e+05 -2.283e+05
 1.319e+05 -1.319e+05
 6.058e+04 -6.058e+04
 -3.094e+05 3.094e+05
 -3.022e+05 3.022e+05
 -1.889e+05 1.889e+05
 -2.294e+05 2.294e+05
 5.946e+05 -5.946e+05
 7.452e+05 -7.452e+05
 -3.539e+05 3.539e+05
 1798 -1798
 -2.085e+04 2.085e+04
 -2.256e+05 2.256e+05
 -2425 2425
 -5.935e+05 5.935e+05
 -8.745e+05 8.745e+05
 1.8e+05 -1.8e+05
 6.064e+05 -6.064e+05
 2.818e+05 -2.818e+05
 8.943e+04 -8.943e+04
 -1.034e+05 1.034e+05
 -2.123e+05 2.123e+05
 -9057 9057
 4.028e+05 -4.028e+05
 -7.924e+04 7.924e+04
 -4.396e+05 4.396e+05
 4.904e+05 -4.904e+05
 -1.262e+05 1.262e+05
 -5.795e+05 5.795e+05
 -3.305e+05 3.305e+05
 -2.854e+05 2.854e+05
 8.323e+04 -8.323e+04
 -1.116e+05 1.116e+05
 1.478e+05 -1.478e+05
 1.068e+06 -1.068e+06
 -8.174e+05 8.174e+05
 -2.301e+04 2.301e+04
 5.809e+05 -5.809e+05
 -6.711e+05 6.711e+05
 2.619e+05 -2.619e+05
 -2.714e+04 2.714e+04
 -1.169e+05 1.169e+05
 -2.146e+05 2.146e+05
 3.651e+05 -3.651e+05
 2.982e+05 -2.982e+05
 1.254e+05 -1.254e+05
 -5.215e+04 5.215e+04
 1.948e+05 -1.948e+05
 2.842e+05 -2.842e+05
 1.427e+05 -1.427e+05
 -1.875e+04 1.875e+04
 4.331e+05 -4.331e+05
 3.411e+04 -3.411e+04
 7.18e+04 -7.18e+04
 -4.599e+05 4.599e+05
 1.412e+05 -1.412e+05
 -2.152e+05 2.152e+05
 2.74e+05 -2.74e+05
 2.039e+05 -2.039e+05
 -7.43e+05 7.43e+05
 6.087e+04 -6.087e+04
 -1.535e+05 1.535e+05
 -5.225e+05 5.225e+05
 -1.598e+05 1.598e+05
 2.368e+05 -2.368e+05
 -2.33e+05 2.33e+05
 4.411e+05 -4.411e+05
 -4.046e+04 4.046e+04
 -3.997e+04 3.997e+04
 -3.737e+05 3.737e+05
 7.16e+05 -7.16e+05
 -1.137e+04 1.137e+04
 -2.723e+04 2.723e+04
 -2.989e+05 2.989e+05
 -4.748e+04 4.748e+04
 2.032e+05 -2.032e+05
 2.915e+05 -2.915e+05
 2.113e+05 -2.113e+05
 -3.633e+05 3.633e+05
 -2.932e+05 2.932e+05
 5.226e+05 -5.226e+05
 1.371e+05 -1.371e+05
 1.652e+05 -1.652e+05
 -2.355e+05 2.355e+05
 -78.36 78.36
 -2.043e+04 2.043e+04
 -4379 4379
 -5.159e+05 5.159e+05
 6.987e+04 -6.987e+04
 -6.347e+04 6.347e+04
 3.277e+05 -3.277e+05
 -5.152e+05 5.152e+05
 1.509e+05 -1.509e+05
 3.968e+05 -3.968e+05
 -1.713e+05 1.713e+05
 4.72e+05 -4.72e+05
 -2.215e+05 2.215e+05
 2.472e+05 -2.472e+05
 1.379e+04 -1.379e+04
 -3.001e+05 3.001e+05
 5.322e+05 -5.322e+05
 -5.629e+05 5.629e+05
 -7.895e+05 7.895e+05
 -5.777e+05 5.777e+05
 2.192e+05 -2.192e+05
 -1.733e+05 1.733e+05
 -1.263e+05 1.263e+05
 -7.452e+05 7.452e+05
 5.744e+05 -5.744e+05
 -1.169e+05 1.169e+05
 1.841e+05 -1.841e+05
 7.079e+04 -7.079e+04
 -2.042e+05 2.042e+05
 -6.507e+04 6.507e+04
 7.806e+04 -7.806e+04
 -2.197e+05 2.197e+05
 4.674e+05 -4.674e+05
 -4.457e+05 4.457e+05
 -4.941e+05 4.941e+05
 8.272e+04 -8.272e+04
 -1.381e+05 1.381e+05
 4.006e+05 -4.006e+05
 -4.182e+05 4.182e+05
 -5.436e+05 5.436e+05
 3.575e+04 -3.575e+04
 4.555e+05 -4.555e+05
 1.052e+05 -1.052e+05
 1.306e+05 -1.306e+05
 -2.137e+05 2.137e+05
 -8.149e+05 8.149e+05
 8.01e+04 -8.01e+04
 5.422e+05 -5.422e+05
 -3.371e+05 3.371e+05
 4.33e+04 -4.33e+04
 1.823e+05 -1.823e+05
 -1.288e+05 1.288e+05
 6.493e+05 -6.493e+05
 -1.428e+05 1.428e+05
 1.061e+04 -1.061e+04
 -4.353e+04 4.353e+04
 -4.681e+05 4.681e+05
 -7.952e+04 7.952e+04
 -7.428e+05 7.428e+05
 3.716e+05 -3.716e+05
 -2.908e+05 2.908e+05
 -4.158e+04 4.158e+04
 2.899e+04 -2.899e+04
 -1.801e+05 1.801e+05
 2.626e+05 -2.626e+05
 7.777e+04 -7.777e+04
 -1.384e+04 1.384e+04
 -3.055e+05 3.055e+05
 -2.313e+05 2.313e+05
 -1.018e+05 1.018e+05
 4.683e+05 -4.683e+05
 -9.693e+05 9.693e+05
 -9.808e+04 9.808e+04
 261.7 -261.7
 -2.835e+05 2.835e+05
 -1.564e+05 1.564e+05
 -1.749e+05 1.749e+05
 6.697e+05 -6.697e+05
 2.3e+05 -2.3e+05
 -3.874e+04 3.874e+04
 -3.88e+05 3.88e+05
 -4.656e+05 4.656e+05
 3.338e+05 -3.338e+05
 -2.165e+05 2.165e+05
 -1.177e+05 1.177e+05
 -2.162e+05 2.162e+05
 2.767e+05 -2.767e+05
 1.142e+06 -1.142e+06
 -3.067e+05 3.067e+05
 2.444e+04 -2.444e+04
 2.443e+05 -2.443e+05
 1.813e+05 -1.813e+05
 -7.964e+05 7.964e+05
 -2.603e+04 2.603e+04
 5.479e+05 -5.479e+05
 -5.978e+04 5.978e+04
 1.638e+05 -1.638e+05
 -3.165e+05 3.165e+05
 -2.932e+05 2.932e+05
 -2.671e+05 2.671e+05
 -1.298e+05 1.298e+05
 -1.506e+05 1.506e+05
 -1.021e+05 1.021e+05
 3.02e+04 -3.02e+04
 9.525e+04 -9.525e+04
 1.349e+05 -1.349e+05
 -1.973e+05 1.973e+05
 -9.154e+04 9.154e+04
 -2.436e+05 2.436e+05
 -2.078e+05 2.078e+05
 2.561e+05 -2.561e+05
 -4.864e+05 4.864e+05
 -3.607e+05 3.607e+05
 6.909e+05 -6.909e+05
 -2.203e+05 2.203e+05
 -2.02e+05 2.02e+05
 -1.023e+05 1.023e+05
 3.467e+05 -3.467e+05
 2.488e+05 -2.488e+05
 1.048e+05 -1.048e+05
 -1.729e+05 1.729e+05
 -7.54e+04 7.54e+04
 1.922e+05 -1.922e+05
 -3.814e+05 3.814e+05
 5.089e+05 -5.089e+05
 2.646e+05 -2.646e+05
 -3.632e+05 3.632e+05
 -2.764e+05 2.764e+05
 -5.785e+05 5.785e+05
 3.37e+05 -3.37e+05
 2.963e+05 -2.963e+05
 -1.367e+05 1.367e+05
 2.048e+05 -2.048e+05
 2.689e+05 -2.689e+05
 -3.75e+05 3.75e+05
 2.639e+05 -2.639e+05
 -1.797e+04 1.797e+04
 -9.34e+04 9.34e+04
 -5.039e+05 5.039e+05
 -3.204e+05 3.204e+05
 -4.915e+05 4.915e+05
 2.161e+05 -2.161e+05
 -4.081e+04 4.081e+04
 -2.513e+05 2.513e+05
 -3.392e+05 3.392e+05
 3.665e+05 -3.665e+05
 -1.368e+05 1.368e+05
 -5.123e+04 5.123e+04
 -2.972e+05 2.972e+05
 -5.643e+05 5.643e+05
 3.379e+05 -3.379e+05
 -7.738e+04 7.738e+04
 -1.231e+05 1.231e+05
 -9.681e+04 9.681e+04
 2.287e+05 -2.287e+05
 7.384e+04 -7.384e+04
 -3.675e+04 3.675e+04
 4.513e+05 -4.513e+05
 2.819e+05 -2.819e+05
 1.554e+05 -1.554e+05
 2.519e+05 -2.519e+05
 2.178e+05 -2.178e+05
 -5.531e+05 5.531e+05
 2.735e+05 -2.735e+05
 -2.756e+05 2.756e+05
 -7.212e+04 7.212e+04
 1.013e+04 -1.013e+04
 6.342e+05 -6.342e+05
 8.922e+04 -8.922e+04
 -1.799e+05 1.799e+05
 4.373e+05 -4.373e+05
 9.221e+05 -9.221e+05
 7.204e+05 -7.204e+05
 5.071e+05 -5.071e+05
 1.976e+05 -1.976e+05
 -7.46e+04 7.46e+04
 -2.29e+04 2.29e+04
 -2.301e+05 2.301e+05
 7.092e+05 -7.092e+05
 -5.814e+05 5.814e+05
 -6.328e+04 6.328e+04
 1.349e+05 -1.349e+05
 -2.998e+05 2.998e+05
 -3.385e+05 3.385e+05
 9.54e+04 -9.54e+04
 -1.607e+05 1.607e+05
 -9.956e+04 9.956e+04
 5.845e+05 -5.845e+05
 2.035e+05 -2.035e+05
 4.347e+05 -4.347e+05
 -1.532e+05 1.532e+05
 -2.638e+05 2.638e+05
 -6.252e+05 6.252e+05
 1.391e+05 -1.391e+05
 -3.176e+05 3.176e+05
 -7.363e+05 7.363e+05
 -6.236e+05 6.236e+05
 -1.467e+05 1.467e+05
 3.7e+04 -3.7e+04
 -1.178e+05 1.178e+05
 -3.719e+05 3.719e+05
 -1.41e+05 1.41e+05
 -4.755e+05 4.755e+05
 -7.965e+04 7.965e+04
 2.43e+05 -2.43e+05
 -2.302e+05 2.302e+05
 -4.773e+05 4.773e+05
 5.405e+04 -5.405e+04
 -2.189e+05 2.189e+05
 2.361e+05 -2.361e+05
 1.824e+05 -1.824e+05
 6.179e+05 -6.179e+05
 -5.135e+05 5.135e+05
 -7.799e+04 7.799e+04
 4.453e+05 -4.453e+05
 -9.672e+04 9.672e+04
 -7.393e+04 7.393e+04
 2.205e+05 -2.205e+05
 -1.253e+05 1.253e+05
 -9.896e+04 9.896e+04
 -4.526e+04 4.526e+04
 -1.312e+05 1.312e+05
 3.765e+05 -3.765e+05
 -5.056e+05 5.056e+05
 -1.369e+05 1.369e+05
 2.241e+05 -2.241e+05
 1.156e+05 -1.156e+05
 -9.436e+04 9.436e+04
 -9451 9451
 5.094e+05 -5.094e+05
 -4.73e+05 4.73e+05
 7.872e+04 -7.872e+04
 7.142e+05 -7.142e+05
 5.961e+05 -5.961e+05
 -1.717e+04 1.717e+04
 -5.529e+05 5.529e+05
 3.354e+05 -3.354e+05
 -2.923e+05 2.923e+05
 3.72e+05 -3.72e+05
 -4.941e+05 4.941e+05
 5.195e+05 -5.195e+05
 -5.324e+05 5.324e+05
 5.621e+04 -5.621e+04
 -3.716e+05 3.716e+05
 1.596e+05 -1.596e+05
 3.773e+05 -3.773e+05
 -4.356e+05 4.356e+05
 3.03e+05 -3.03e+05
 1307 -1307
 7.088e+05 -7.088e+05
 3.554e+05 -3.554e+05
 1.455e+05 -1.455e+05
 2.852e+05 -2.852e+05
 -6.509e+05 6.509e+05
 1.843e+05 -1.843e+05
 7.803e+04 -7.803e+04
 4.761e+05 -4.761e+05
 -2.35e+05 2.35e+05
 -2.137e+05 2.137e+05
 -2.831e+05 2.831e+05
 4.52e+05 -4.52e+05
 1.454e+05 -1.454e+05
 -1.919e+05 1.919e+05
 -2.345e+05 2.345e+05
 -2.791e+05 2.791e+05
 -9.103e+04 9.103e+04
 -5662 5662
 4.246e+05 -4.246e+05
 -1.82e+05 1.82e+05
 -1.654e+05 1.654e+05
 4.871e+05 -4.871e+05
 -4.65e+04 4.65e+04
 6.335e+05 -6.335e+05
 2.373e+05 -2.373e+05
 3.207e+05 -3.207e+05
 3.886e+05 -3.886e+05
 7.265e+04 -7.265e+04
 -2.418e+05 2.418e+05
 5.803e+04 -5.803e+04
 -6.994e+04 6.994e+04
 1240 -1240
 -1.761e+05 1.761e+05
 6.267e+05 -6.267e+05
 -8.089e+04 8.089e+04
 -1.295e+04 1.295e+04
 5.165e+05 -5.165e+05
 -1.645e+05 1.645e+05
 -4.432e+05 4.432e+05
 3.963e+05 -3.963e+05
 4.274e+04 -4.274e+04
 -2.536e+05 2.536e+05
 1696 -1696
 2.597e+05 -2.597e+05
 2.211e+05 -2.211e+05
 3.717e+05 -3.717e+05
 -4.139e+05 4.139e+05
 -3.269e+05 3.269e+05
 -1.177e+05 1.177e+05
 -1.041e+05 1.041e+05
 7.057e+05 -7.057e+05
 -2.27e+05 2.27e+05
 -5.681e+05 5.681e+05
 -2.982e+05 2.982e+05
 -4.795e+05 4.795e+05
 7.491e+05 -7.491e+05
 -1.879e+05 1.879e+05
 3.521e+05 -3.521e+05
 5.128e+05 -5.128e+05
 1.619e+05 -1.619e+05
 -3.563e+05 3.563e+05
 -2.553e+04 2.553e+04
 6346 -6346
 1.839e+05 -1.839e+05
 1.653e+05 -1.653e+05
 7.245e+05 -7.245e+05
 -3.145e+05 3.145e+05
 3.813e+05 -3.813e+05
 -1.891e+05 1.891e+05
 3.114e+05 -3.114e+05
 1.396e+05 -1.396e+05
 -4.512e+05 4.512e+05
 4.023e+05 -4.023e+05
 2.318e+05 -2.318e+05
 9.35e+05 -9.35e+05
 3595 -3595
 1.439e+04 -1.439e+04
 -3.672e+04 3.672e+04
 -1.689e+05 1.689e+05
 -1.987e+05 1.987e+05
 4.466e+05 -4.466e+05
 -4.135e+05 4.135e+05
 -1.67e+05 1.67e+05
 -4.945e+05 4.945e+05
 -3.278e+04 3.278e+04
 -2.624e+05 2.624e+05
 -4.282e+05 4.282e+05
 -5.093e+05 5.093e+05
 7.648e+05 -7.648e+05
 -3.85e+05 3.85e+05
 8.266e+05 -8.266e+05
 1.833e+05 -1.833e+05
 1.235e+05 -1.235e+05
 -4.066e+05 4.066e+05
 1.02e+06 -1.02e+06
 4.249e+05 -4.249e+05
 4.539e+05 -4.539e+05
 5.276e+05 -5.276e+05
 -5.24e+05 5.24e+05
 1.494e+05 -1.494e+05
 1.004e+05 -1.004e+05
 -7.595e+05 7.595e+05
 -3.78e+05 3.78e+05
 4.443e+05 -4.443e+05
 -2.577e+05 2.577e+05
 3.202e+04 -3.202e+04
 -8.763e+05 8.763e+05
 1.705e+05 -1.705e+05
 1.92e+05 -1.92e+05
 -8.842e+05 8.842e+05
 1987 -1987
 -5.197e+05 5.197e+05
 -2.648e+05 2.648e+05
 2.157e+05 -2.157e+05
 -1.106e+05 1.106e+05
 1.684e+05 -1.684e+05
 4.835e+04 -4.835e+04
 4.594e+05 -4.594e+05
 -7.653e+05 7.653e+05
 -1.002e+06 1.002e+06
 8.563e+04 -8.563e+04
 1.794e+05 -1.794e+05
 -1.729e+05 1.729e+05
 6.168e+05 -6.168e+05
 4.245e+05 -4.245e+05
 -5.061e+05 5.061e+05
 -6.294e+05 6.294e+05
 -8.73e+05 8.73e+05
 8.106e+04 -8.106e+04
 3.237e+04 -3.237e+04
 2.734e+05 -2.734e+05
 9.177e+05 -9.177e+05
 -1.061e+05 1.061e+05
 -2.094e+05 2.094e+05
 -5.614e+04 5.614e+04
 -1.742e+05 1.742e+05
 -6056 6056
 -9.788e+04 9.788e+04
 -3.591e+04 3.591e+04
 2.427e+05 -2.427e+05
 -5.783e+04 5.783e+04
 2.708e+05 -2.708e+05
 2.324e+05 -2.324e+05
 -6.487e+05 6.487e+05
 2.39e+05 -2.39e+05
 3.637e+05 -3.637e+05
 -1.415e+06 1.415e+06
 -1.96e+05 1.96e+05
 -5.178e+04 5.178e+04
 3.155e+05 -3.155e+05
 -2.041e+05 2.041e+05
 -4.953e+04 4.953e+04
 2.764e+05 -2.764e+05
 -9.835e+04 9.835e+04
 -1.301e+05 1.301e+05
 8.617e+05 -8.617e+05
 -3.822e+05 3.822e+05
 5.073e+04 -5.073e+04
 -1.095e+06 1.095e+06
 -4.152e+05 4.152e+05
 3.299e+04 -3.299e+04
 1.09e+05 -1.09e+05
 -4.09e+05 4.09e+05
 -1.134e+05 1.134e+05
 -4.659e+05 4.659e+05
 -3.598e+05 3.598e+05
 6848 -6848
 7.312e+04 -7.312e+04
 2.332e+05 -2.332e+05
 9.002e+04 -9.002e+04
 -3.021e+05 3.021e+05
 1.494e+05 -1.494e+05
 8.166e+04 -8.166e+04
 -1.896e+04 1.896e+04
 -8.042e+04 8.042e+04
 1.97e+05 -1.97e+05
 -3.062e+05 3.062e+05
 -9.258e+04 9.258e+04
 -7.271e+05 7.271e+05
 -1.519e+05 1.519e+05
 4.981e+04 -4.981e+04
 -5.161e+04 5.161e+04
 -2.746e+05 2.746e+05
 3.863e+04 -3.863e+04
 -2.038e+05 2.038e+05
 -1.29e+05 1.29e+05
 4.023e+04 -4.023e+04
 -3.048e+05 3.048e+05
 -2.06e+04 2.06e+04
 2.718e+05 -2.718e+05
 1.355e+05 -1.355e+05
 -1.711e+05 1.711e+05
 1.431e+06 -1.431e+06
 2.565e+05 -2.565e+05
 -3.696e+05 3.696e+05
 5.323e+04 -5.323e+04
 1.952e+05 -1.952e+05
 -4.699e+04 4.699e+04
 2.566e+05 -2.566e+05
 2.119e+05 -2.119e+05
 4.581e+05 -4.581e+05
 6.479e+05 -6.479e+05
 3.322e+05 -3.322e+05
 -2.231e+05 2.231e+05
 2.921e+04 -2.921e+04
 2.581e+05 -2.581e+05
 -2.325e+05 2.325e+05
 -1.44e+05 1.44e+05
 1334 -1334
 -9254 9254
 2.241e+05 -2.241e+05
 -1.96e+05 1.96e+05
 -6.423e+05 6.423e+05
 1.747e+05 -1.747e+05
 -9.07e+04 9.07e+04
 6.05e+05 -6.05e+05
 -3.192e+05 3.192e+05
 -4.637e+04 4.637e+04
 -5.926e+05 5.926e+05
 -4.029e+05 4.029e+05
 -1.837e+05 1.837e+05
 3.827e+05 -3.827e+05
 5.015e+05 -5.015e+05
 -2.456e+05 2.456e+05
 4.306e+04 -4.306e+04
 -4.966e+04 4.966e+04
 6.295e+04 -6.295e+04
 -1.146e+05 1.146e+05
 2.424e+05 -2.424e+05
 -4.749e+04 4.749e+04
 -5.917e+05 5.917e+05
 3.147e+05 -3.147e+05
 -3.404e+04 3.404e+04
 -3.203e+05 3.203e+05
 3.519e+05 -3.519e+05
 2.363e+05 -2.363e+05
 -2.599e+05 2.599e+05
 -1.13e+04 1.13e+04
 1.214e+04 -1.214e+04
 2.032e+05 -2.032e+05
 -4.533e+05 4.533e+05
 -1.1e+04 1.1e+04
 1.088e+06 -1.088e+06
 -5.771e+05 5.771e+05
 9162 -9162
 7.149e+05 -7.149e+05
 4382 -4382
 -9.118e+05 9.118e+05
 1.731e+05 -1.731e+05
 3.956e+05 -3.956e+05
 1.452e+05 -1.452e+05
 -4.165e+04 4.165e+04
 -3.988e+05 3.988e+05
 -4.521e+05 4.521e+05
 -8.516e+05 8.516e+05
 3.022e+05 -3.022e+05
 2.216e+05 -2.216e+05
 3.378e+04 -3.378e+04
 -3.412e+05 3.412e+05
 5.361e+04 -5.361e+04
 -1.625e+05 1.625e+05
 -4.951e+05 4.951e+05
 -5.439e+05 5.439e+05
 -1.584e+05 1.584e+05
 7.69e+04 -7.69e+04
 1.007e+05 -1.007e+05
 -2.5e+05 2.5e+05
 -4.176e+05 4.176e+05
 6.65e+05 -6.65e+05
 3.551e+05 -3.551e+05
 2.883e+05 -2.883e+05
 -1.039e+06 1.039e+06
 -1.105e+05 1.105e+05
 -4.241e+05 4.241e+05
 1.339e+04 -1.339e+04
 1.429e+05 -1.429e+05
 3.77e+05 -3.77e+05
 -4.397e+04 4.397e+04
 1.573e+05 -1.573e+05
 -5.167e+05 5.167e+05
 -1.967e+05 1.967e+05
 -3.732e+05 3.732e+05
 -4.925e+05 4.925e+05
 3.401e+05 -3.401e+05
 1.661e+05 -1.661e+05
 2.626e+05 -2.626e+05
 5.463e+05 -5.463e+05
 -4.148e+04 4.148e+04
 3.84e+05 -3.84e+05
 5.902e+04 -5.902e+04
 -1.771e+05 1.771e+05
 6.165e+05 -6.165e+05
 -2.831e+05 2.831e+05
 4.909e+05 -4.909e+05
 -1.39e+05 1.39e+05
 9.453e+04 -9.453e+04
 -8.722e+04 8.722e+04
 6.389e+05 -6.389e+05
 -5.387e+05 5.387e+05
 2.061e+05 -2.061e+05
 -3.231e+05 3.231e+05
 7.77e+05 -7.77e+05
 7.547e+04 -7.547e+04
 3.769e+05 -3.769e+05
 5743 -5743
 -6.516e+04 6.516e+04
 2.156e+05 -2.156e+05
 -2.376e+05 2.376e+05
 -3.606e+05 3.606e+05
 2.502e+05 -2.502e+05
 -2.149e+05 2.149e+05
 9.088e+04 -9.088e+04
 -1.436e+05 1.436e+05
 -3.357e+05 3.357e+05
 1.574e+05 -1.574e+05
 -1.705e+04 1.705e+04
 1.474e+05 -1.474e+05
 1.039e+05 -1.039e+05
 -1.153e+05 1.153e+05
 -1.602e+05 1.602e+05
 -3.156e+05 3.156e+05
 1.52e+05 -1.52e+05
 -9.436e+04 9.436e+04
 6.992e+04 -6.992e+04
 -1.668e+05 1.668e+05
 2.925e+05 -2.925e+05
 3.461e+04 -3.461e+04
 2.378e+05 -2.378e+05
 -1.875e+04 1.875e+04
 -1.322e+05 1.322e+05
 -7.31e+04 7.31e+04
 -1.489e+05 1.489e+05
 -5.62e+05 5.62e+05
 -2.727e+05 2.727e+05
 2936 -2936
 3.693e+05 -3.693e+05
 -2.628e+05 2.628e+05
 -3.126e+05 3.126e+05
 1.385e+05 -1.385e+05
 -3.923e+04 3.923e+04
 5.084e+05 -5.084e+05
 2.55e+05 -2.55e+05
 7.411e+05 -7.411e+05
 -1.17e+05 1.17e+05
 3.099e+05 -3.099e+05
 -5.082e+05 5.082e+05
 1.388e+05 -1.388e+05
 1.031e+04 -1.031e+04
 4.013e+04 -4.013e+04
 -6.565e+04 6.565e+04
 8.852e+04 -8.852e+04
 -4.658e+05 4.658e+05
 -2.748e+05 2.748e+05
 -1.97e+05 1.97e+05
 3.245e+05 -3.245e+05
 -9.008e+04 9.008e+04
 -3.335e+05 3.335e+05
 1.101e+05 -1.101e+05
 -3.84e+05 3.84e+05
 -4.922e+05 4.922e+05
 -4.108e+05 4.108e+05
 -8.081e+04 8.081e+04
 3.416e+05 -3.416e+05
 -1.694e+05 1.694e+05
 -6.47e+04 6.47e+04
 -1.523e+04 1.523e+04
 6.74e+05 -6.74e+05
 -1.072e+05 1.072e+05
 1.874e+05 -1.874e+05
 1.441e+05 -1.441e+05
 2.387e+05 -2.387e+05
 6.09e+05 -6.09e+05
 -1.328e+04 1.328e+04
 8.845e+04 -8.845e+04
 -6.533e+05 6.533e+05
 1.654e+05 -1.654e+05
 -7.066e+04 7.066e+04
 1.73e+05 -1.73e+05
 -4.194e+05 4.194e+05
 -4.248e+05 4.248e+05
 -5.693e+05 5.693e+05
 2.369e+04 -2.369e+04
 4.501e+05 -4.501e+05
 3.941e+04 -3.941e+04
 3.694e+04 -3.694e+04
 -1.526e+05 1.526e+05
 2.908e+04 -2.908e+04
 -4.295e+05 4.295e+05
 -5.356e+05 5.356e+05
 -4.832e+05 4.832e+05
 -2.554e+05 2.554e+05
 1.686e+05 -1.686e+05
 2.235e+05 -2.235e+05
 4.443e+05 -4.443e+05
 2.517e+05 -2.517e+05
 3.66e+05 -3.66e+05
 3.896e+04 -3.896e+04
 -3.692e+05 3.692e+05
 1.132e+05 -1.132e+05
 -9.982e+04 9.982e+04
 1.952e+05 -1.952e+05
 -3.704e+05 3.704e+05
 -1.993e+05 1.993e+05
 2.443e+05 -2.443e+05
 -6.022e+05 6.022e+05
 -3.295e+04 3.295e+04
 -2.546e+05 2.546e+05
 4.759e+05 -4.759e+05
 -6.935e+04 6.935e+04
 -1.268e+04 1.268e+04
 -2.589e+05 2.589e+05
 1.877e+05 -1.877e+05
 -1.442e+05 1.442e+05
 3.412e+05 -3.412e+05
 -8.717e+04 8.717e+04
 2.019e+04 -2.019e+04
 4.131e+05 -4.131e+05
 -2.615e+04 2.615e+04
 2.529e+05 -2.529e+05
 -3.157e+05 3.157e+05
 -4.94e+05 4.94e+05
 6.17e+05 -6.17e+05
 4.604e+05 -4.604e+05
 3.375e+04 -3.375e+04
 -1.805e+05 1.805e+05
 7.625e+05 -7.625e+05
 1.148e+05 -1.148e+05
 3.845e+05 -3.845e+05
 5.21e+05 -5.21e+05
 -3.708e+05 3.708e+05
 -6.407e+05 6.407e+05
 -3.956e+05 3.956e+05
 2.417e+05 -2.417e+05
 -1.165e+05 1.165e+05
 6.246e+05 -6.246e+05
 1.077e+05 -1.077e+05
 -3.999e+05 3.999e+05
 -3.414e+04 3.414e+04
 -6.727e+05 6.727e+05
 5.571e+05 -5.571e+05
 -2.582e+05 2.582e+05
 9.341e+05 -9.341e+05
 -7.919e+04 7.919e+04
 -9.49e+04 9.49e+04
 3.912e+05 -3.912e+05
 4.08e+05 -4.08e+05
 -1.136e+05 1.136e+05
 -6.673e+05 6.673e+05
 -5.003e+05 5.003e+05
 -6.314e+05 6.314e+05
 2.769e+05 -2.769e+05
 2.36e+04 -2.36e+04
 -5.41e+05 5.41e+05
 -3.478e+05 3.478e+05
 4.704e+05 -4.704e+05
 -8.999e+04 8.999e+04
 -1.104e+04 1.104e+04
 1.45e+05 -1.45e+05
 -2.666e+05 2.666e+05
 -3.892e+05 3.892e+05
 -4.551e+05 4.551e+05
 -3.631e+05 3.631e+05
 -4.803e+05 4.803e+05
 -2.753e+05 2.753e+05
 -3.945e+05 3.945e+05
 -6.505e+05 6.505e+05
 -3.223e+04 3.223e+04
 -4.909e+05 4.909e+05
 -6.547e+05 6.547e+05
 4.361e+05 -4.361e+05
 -5.767e+05 5.767e+05
 2.4e+05 -2.4e+05
 7.022e+05 -7.022e+05
 -2.12e+05 2.12e+05
 -3.707e+05 3.707e+05
 -5.174e+05 5.174e+05
 -2.628e+05 2.628e+05
 -1.065e+05 1.065e+05
 1.966e+05 -1.966e+05
 2.072e+05 -2.072e+05
 1.957e+05 -1.957e+05
 -3.163e+05 3.163e+05
 -2.367e+05 2.367e+05
 2.122e+05 -2.122e+05
 2.716e+05 -2.716e+05
 -1.287e+05 1.287e+05
 4.093e+04 -4.093e+04
 1.075e+05 -1.075e+05
 1.237e+05 -1.237e+05
 -2.697e+05 2.697e+05
 2.862e+05 -2.862e+05
 -1.623e+05 1.623e+05
 -5.249e+05 5.249e+05
 -6.153e+04 6.153e+04
 -2.381e+04 2.381e+04
 -6.939e+05 6.939e+05
 5.463e+04 -5.463e+04
 -5.295e+04 5.295e+04
 8.571e+04 -8.571e+04
 -1.118e+04 1.118e+04
 3761 -3761
 -1.018e+04 1.018e+04
 -3.78e+04 3.78e+04
 4.722e+05 -4.722e+05
 5.322e+05 -5.322e+05
 -2.517e+05 2.517e+05
 -3.438e+05 3.438e+05
 4.46e+05 -4.46e+05
 2.515e+05 -2.515e+05
 3.782e+05 -3.782e+05
 -2.317e+05 2.317e+05
 2.097e+05 -2.097e+05
 1.269e+05 -1.269e+05
 -1.248e+05 1.248e+05
 2.981e+05 -2.981e+05
 -1.22e+05 1.22e+05
 -3.506e+05 3.506e+05
 -1.469e+05 1.469e+05
 -1.338e+05 1.338e+05
 3.634e+05 -3.634e+05
 -1.139e+05 1.139e+05
 2.234e+04 -2.234e+04
 -6.415e+04 6.415e+04
 3.625e+04 -3.625e+04
 -4.872e+05 4.872e+05
 2.017e+05 -2.017e+05
 -5.704e+04 5.704e+04
 3.251e+05 -3.251e+05
 -7.205e+04 7.205e+04
 -4.34e+05 4.34e+05
 -2.612e+05 2.612e+05
 -4.261e+05 4.261e+05
 9.312e+04 -9.312e+04
 -2.763e+05 2.763e+05
 1.742e+05 -1.742e+05
 1.363e+05 -1.363e+05
 -3.648e+05 3.648e+05
 -2.434e+05 2.434e+05
 -4.545e+04 4.545e+04
 -4.824e+05 4.824e+05
 4.286e+05 -4.286e+05
 -3.148e+05 3.148e+05
 -6.483e+05 6.483e+05
 -1.207e+05 1.207e+05
 -3.087e+04 3.087e+04
 -2.791e+05 2.791e+05
 -2.62e+05 2.62e+05
 -2.828e+04 2.828e+04
 -8.098e+05 8.098e+05
 -4659 4659
 -7.795e+05 7.795e+05
 -5.425e+05 5.425e+05
 -3.544e+05 3.544e+05
 9.569e+04 -9.569e+04
 -3.705e+05 3.705e+05
 1.787e+04 -1.787e+04
 -2.707e+05 2.707e+05
 7.564e+05 -7.564e+05
 1.259e+06 -1.259e+06
 -5.241e+05 5.241e+05
 -3.019e+05 3.019e+05
 -1.108e+06 1.108e+06
 5.056e+05 -5.056e+05
 5.938e+05 -5.938e+05
 9.462e+05 -9.462e+05
 3.13e+04 -3.13e+04
 -7.174e+05 7.174e+05
 4.763e+05 -4.763e+05
 -5.997e+05 5.997e+05
 -3.068e+05 3.068e+05
 -3.256e+05 3.256e+05
 -1.5e+05 1.5e+05
 -2.35e+05 2.35e+05
 7.757e+04 -7.757e+04
 -1.71e+05 1.71e+05
 2.153e+05 -2.153e+05
 -2.379e+04 2.379e+04
 2.714e+05 -2.714e+05
 4.109e+05 -4.109e+05
 -8.165e+05 8.165e+05
 -5.065e+05 5.065e+05
 -1.025e+05 1.025e+05
 -2.366e+05 2.366e+05
 4.094e+05 -4.094e+05
 6.811e+05 -6.811e+05
 -3.417e+05 3.417e+05
 -2.086e+05 2.086e+05
 -6.246e+05 6.246e+05
 -2.651e+05 2.651e+05
 5.156e+05 -5.156e+05
 3.396e+05 -3.396e+05
 -2.926e+05 2.926e+05
 1.437e+05 -1.437e+05
 -6.765e+05 6.765e+05
 2.004e+05 -2.004e+05
 9.603e+04 -9.603e+04
 -3.18e+05 3.18e+05
 2.258e+04 -2.258e+04
 -4.354e+05 4.354e+05
 2.82e+04 -2.82e+04
 -2.769e+05 2.769e+05
 6.415e+05 -6.415e+05
 -2.837e+05 2.837e+05
 2.258e+05 -2.258e+05
 -2.42e+05 2.42e+05
 3.066e+04 -3.066e+04
 -2.688e+05 2.688e+05
 4.999e+04 -4.999e+04
 1.507e+05 -1.507e+05
 -1.986e+05 1.986e+05
 -3.932e+05 3.932e+05
 1.91e+05 -1.91e+05
 -9.665e+04 9.665e+04
 1.586e+05 -1.586e+05
 1.75e+05 -1.75e+05
 -5.653e+05 5.653e+05
 -6.076e+05 6.076e+05
 -2753 2753
 -5.245e+05 5.245e+05
 -4.838e+05 4.838e+05
 5.403e+05 -5.403e+05
 -2.438e+05 2.438e+05
 4.149e+05 -4.149e+05
 1.526e+05 -1.526e+05
 5.105e+05 -5.105e+05
 -1.652e+05 1.652e+05
 -2.667e+04 2.667e+04
 1.51e+05 -1.51e+05
 -3.593e+05 3.593e+05
 1.053e+05 -1.053e+05
 9.719e+05 -9.719e+05
 -2.126e+05 2.126e+05
 5.037e+05 -5.037e+05
 5.698e+05 -5.698e+05
 -3.907e+05 3.907e+05
 -2.223e+04 2.223e+04
 -4.504e+05 4.504e+05
 5.862e+05 -5.862e+05
 -2.597e+05 2.597e+05
 9.441e+04 -9.441e+04
 5.092e+05 -5.092e+05
 5.127e+05 -5.127e+05
 3.526e+05 -3.526e+05
 1.37e+05 -1.37e+05
 1.594e+05 -1.594e+05
 -1.022e+04 1.022e+04
 -4.589e+05 4.589e+05
 4.192e+05 -4.192e+05


