# Created by Octave 5.2.0, Thu Sep 24 16:39:10 2020 CEST <jiwidi@land>
# name: w
# type: matrix
# rows: 1281
# columns: 2
 160 -160
 -1.824e+04 1.824e+04
 -4.837e+04 4.837e+04
 1.939e+04 -1.939e+04
 -2.632e+04 2.632e+04
 1.564e+04 -1.564e+04
 -7818 7818
 1.095e+05 -1.095e+05
 8.36e+04 -8.36e+04
 5.188e+04 -5.188e+04
 5.659e+04 -5.659e+04
 -3.962e+04 3.962e+04
 -1.809e+04 1.809e+04
 -9.531e+04 9.531e+04
 3.415e+04 -3.415e+04
 2.54e+04 -2.54e+04
 3.634e+04 -3.634e+04
 1.217e+04 -1.217e+04
 -2.152e+04 2.152e+04
 3.562e+04 -3.562e+04
 -1.841e+04 1.841e+04
 -3.195e+04 3.195e+04
 -4.898e+04 4.898e+04
 4869 -4869
 1.861e+04 -1.861e+04
 -1.859e+04 1.859e+04
 -3.795e+04 3.795e+04
 -3.472e+04 3.472e+04
 -4119 4119
 2.327e+04 -2.327e+04
 -3.32e+04 3.32e+04
 4022 -4022
 9.157e+04 -9.157e+04
 -1.956e+04 1.956e+04
 -4.207e+04 4.207e+04
 767.8 -767.8
 -4289 4289
 -2.265e+04 2.265e+04
 -4.518e+04 4.518e+04
 9.493e+04 -9.493e+04
 1.834e+04 -1.834e+04
 -1.312e+04 1.312e+04
 -3913 3913
 1928 -1928
 -8.266e+04 8.266e+04
 -2.71e+04 2.71e+04
 1.932e+04 -1.932e+04
 2.113e+04 -2.113e+04
 -8645 8645
 -3.234e+04 3.234e+04
 -3.006e+04 3.006e+04
 -1.095e+04 1.095e+04
 629.7 -629.7
 4.134e+04 -4.134e+04
 9.843e+04 -9.843e+04
 1.182e+04 -1.182e+04
 -3.298e+04 3.298e+04
 6.653e+04 -6.653e+04
 1.151e+04 -1.151e+04
 3537 -3537
 -4.209e+04 4.209e+04
 -3832 3832
 6138 -6138
 -6.274e+04 6.274e+04
 -2.215e+04 2.215e+04
 -5.164e+04 5.164e+04
 8122 -8122
 -1.572e+04 1.572e+04
 -5553 5553
 9.688e+04 -9.688e+04
 4.22e+04 -4.22e+04
 -4709 4709
 7453 -7453
 6316 -6316
 -3.268e+04 3.268e+04
 -1.41e+04 1.41e+04
 7.656e+04 -7.656e+04
 5.706e+04 -5.706e+04
 1.967e+04 -1.967e+04
 2.213e+04 -2.213e+04
 1.852e+04 -1.852e+04
 -9236 9236
 -1.095e+04 1.095e+04
 9219 -9219
 -3.014e+04 3.014e+04
 1952 -1952
 2058 -2058
 2.771e+04 -2.771e+04
 -3.751e+04 3.751e+04
 1.922e+04 -1.922e+04
 -2.287e+04 2.287e+04
 -443.2 443.2
 -2.679e+04 2.679e+04
 1573 -1573
 -3.366e+04 3.366e+04
 2.314e+04 -2.314e+04
 2.161e+04 -2.161e+04
 -2.533e+04 2.533e+04
 1812 -1812
 3.323e+04 -3.323e+04
 -3596 3596
 8580 -8580
 -1.122e+04 1.122e+04
 -1.559e+04 1.559e+04
 -3.851e+04 3.851e+04
 6.158e+04 -6.158e+04
 1.297e+04 -1.297e+04
 -1.618e+04 1.618e+04
 -1.582e+04 1.582e+04
 -875.8 875.8
 -7.188e+04 7.188e+04
 -3474 3474
 6863 -6863
 2609 -2609
 -5.702e+04 5.702e+04
 -1864 1864
 1.982e+04 -1.982e+04
 -3.269e+04 3.269e+04
 1254 -1254
 1.45e+04 -1.45e+04
 6434 -6434
 1.363e+04 -1.363e+04
 -1.822e+04 1.822e+04
 5.447e+04 -5.447e+04
 -6437 6437
 -2.444e+04 2.444e+04
 2.193e+04 -2.193e+04
 2.656e+04 -2.656e+04
 2.192e+04 -2.192e+04
 5864 -5864
 3186 -3186
 2.026e+04 -2.026e+04
 1.477e+04 -1.477e+04
 -3550 3550
 -1.191e+04 1.191e+04
 -1525 1525
 -8859 8859
 4369 -4369
 2.893e+04 -2.893e+04
 1.507e+04 -1.507e+04
 2.069e+04 -2.069e+04
 7686 -7686
 -1.807e+04 1.807e+04
 -3.186e+04 3.186e+04
 -2.57e+04 2.57e+04
 -3.205e+04 3.205e+04
 -1146 1146
 3.787e+04 -3.787e+04
 5.581e+04 -5.581e+04
 3.019e+04 -3.019e+04
 8.967e+04 -8.967e+04
 3.364e+04 -3.364e+04
 3.633e+04 -3.633e+04
 3.393e+04 -3.393e+04
 4.306e+04 -4.306e+04
 3822 -3822
 -1.841e+04 1.841e+04
 1.835e+04 -1.835e+04
 2.258e+04 -2.258e+04
 -4.175e+04 4.175e+04
 4387 -4387
 -2.484e+04 2.484e+04
 -1.258e+05 1.258e+05
 1.242e+04 -1.242e+04
 -1.311e+04 1.311e+04
 5309 -5309
 -1.607e+04 1.607e+04
 -3.021e+04 3.021e+04
 5409 -5409
 -2.065e+04 2.065e+04
 2118 -2118
 2.916e+04 -2.916e+04
 4.446e+04 -4.446e+04
 2.976e+04 -2.976e+04
 -1.762e+04 1.762e+04
 8966 -8966
 -588.5 588.5
 -1.434e+04 1.434e+04
 3.109e+04 -3.109e+04
 2.588e+04 -2.588e+04
 3.725e+04 -3.725e+04
 -4.367e+04 4.367e+04
 -2.34e+04 2.34e+04
 2.576e+04 -2.576e+04
 1.296e+04 -1.296e+04
 4.421e+04 -4.421e+04
 1.435e+04 -1.435e+04
 -6.433e+04 6.433e+04
 -4.037e+04 4.037e+04
 -6499 6499
 -1.104e+04 1.104e+04
 -5.018e+04 5.018e+04
 1894 -1894
 1.06e+04 -1.06e+04
 6998 -6998
 1.732e+04 -1.732e+04
 -2.331e+04 2.331e+04
 5.515e+04 -5.515e+04
 7.454e+04 -7.454e+04
 -3.371e+04 3.371e+04
 -3.249e+04 3.249e+04
 -2.439e+04 2.439e+04
 4.137e+04 -4.137e+04
 4791 -4791
 -265.4 265.4
 -2.637e+04 2.637e+04
 -2.75e+04 2.75e+04
 1.923e+04 -1.923e+04
 -4.92e+04 4.92e+04
 5.862e+04 -5.862e+04
 -6.726e+04 6.726e+04
 3.519e+04 -3.519e+04
 -4.949e+04 4.949e+04
 9258 -9258
 5.753e+04 -5.753e+04
 -6.644e+04 6.644e+04
 -2.006e+04 2.006e+04
 -5.056e+04 5.056e+04
 2.077e+04 -2.077e+04
 -2.512e+04 2.512e+04
 -4.362e+04 4.362e+04
 3723 -3723
 1.168e+04 -1.168e+04
 1.508e+04 -1.508e+04
 -1.973e+04 1.973e+04
 -1.985e+04 1.985e+04
 1.639e+04 -1.639e+04
 5.982e+04 -5.982e+04
 5.073e+04 -5.073e+04
 1.43e+04 -1.43e+04
 -2.641e+04 2.641e+04
 1.282e+05 -1.282e+05
 -6.389e+04 6.389e+04
 -2.939e+04 2.939e+04
 -1149 1149
 -4.492e+04 4.492e+04
 -543.3 543.3
 -1.03e+04 1.03e+04
 -1.603e+04 1.603e+04
 -1.459e+04 1.459e+04
 -2.827e+04 2.827e+04
 2.065e+04 -2.065e+04
 -1.947e+04 1.947e+04
 2.543e+04 -2.543e+04
 -4.548e+04 4.548e+04
 -1.557e+04 1.557e+04
 7948 -7948
 -1.037e+04 1.037e+04
 1.67e+04 -1.67e+04
 -5615 5615
 1.338e+04 -1.338e+04
 -6437 6437
 3.438e+04 -3.438e+04
 -3.689e+04 3.689e+04
 2.722e+04 -2.722e+04
 -3.104e+04 3.104e+04
 -1.289e+04 1.289e+04
 -6.057e+04 6.057e+04
 5.427e+04 -5.427e+04
 6916 -6916
 2.369e+04 -2.369e+04
 3.864e+04 -3.864e+04
 5550 -5550
 1.264e+04 -1.264e+04
 6454 -6454
 -517.3 517.3
 -7.953e+04 7.953e+04
 -3.582e+04 3.582e+04
 -1.501e+04 1.501e+04
 2.38e+04 -2.38e+04
 1.888e+04 -1.888e+04
 -4.481e+04 4.481e+04
 -6.04e+04 6.04e+04
 -3.026e+04 3.026e+04
 6.145e+04 -6.145e+04
 4813 -4813
 -5.771e+04 5.771e+04
 -3.261e+04 3.261e+04
 -2.455e+04 2.455e+04
 -8194 8194
 -2.804e+04 2.804e+04
 2.857e+04 -2.857e+04
 -3.4e+04 3.4e+04
 1.263e+04 -1.263e+04
 8707 -8707
 -7.402e+04 7.402e+04
 1.56e+04 -1.56e+04
 5.67e+04 -5.67e+04
 1.622e+04 -1.622e+04
 -7108 7108
 -1.391e+04 1.391e+04
 5.613e+04 -5.613e+04
 2.484e+04 -2.484e+04
 3.047e+04 -3.047e+04
 -1.46e+04 1.46e+04
 -1.015e+04 1.015e+04
 8.016e+04 -8.016e+04
 1.249e+04 -1.249e+04
 -6.108e+04 6.108e+04
 -1.97e+04 1.97e+04
 2.283e+04 -2.283e+04
 1.319e+04 -1.319e+04
 6058 -6058
 -3.094e+04 3.094e+04
 -3.022e+04 3.022e+04
 -1.889e+04 1.889e+04
 -2.294e+04 2.294e+04
 5.946e+04 -5.946e+04
 7.452e+04 -7.452e+04
 -3.539e+04 3.539e+04
 179.8 -179.8
 -2085 2085
 -2.256e+04 2.256e+04
 -242.5 242.5
 -5.935e+04 5.935e+04
 -8.745e+04 8.745e+04
 1.8e+04 -1.8e+04
 6.064e+04 -6.064e+04
 2.818e+04 -2.818e+04
 8943 -8943
 -1.034e+04 1.034e+04
 -2.123e+04 2.123e+04
 -905.7 905.7
 4.028e+04 -4.028e+04
 -7924 7924
 -4.396e+04 4.396e+04
 4.904e+04 -4.904e+04
 -1.262e+04 1.262e+04
 -5.795e+04 5.795e+04
 -3.305e+04 3.305e+04
 -2.854e+04 2.854e+04
 8323 -8323
 -1.116e+04 1.116e+04
 1.478e+04 -1.478e+04
 1.068e+05 -1.068e+05
 -8.174e+04 8.174e+04
 -2301 2301
 5.809e+04 -5.809e+04
 -6.711e+04 6.711e+04
 2.619e+04 -2.619e+04
 -2714 2714
 -1.169e+04 1.169e+04
 -2.146e+04 2.146e+04
 3.651e+04 -3.651e+04
 2.982e+04 -2.982e+04
 1.254e+04 -1.254e+04
 -5215 5215
 1.948e+04 -1.948e+04
 2.842e+04 -2.842e+04
 1.427e+04 -1.427e+04
 -1875 1875
 4.331e+04 -4.331e+04
 3411 -3411
 7180 -7180
 -4.599e+04 4.599e+04
 1.412e+04 -1.412e+04
 -2.152e+04 2.152e+04
 2.74e+04 -2.74e+04
 2.039e+04 -2.039e+04
 -7.43e+04 7.43e+04
 6087 -6087
 -1.535e+04 1.535e+04
 -5.225e+04 5.225e+04
 -1.598e+04 1.598e+04
 2.368e+04 -2.368e+04
 -2.33e+04 2.33e+04
 4.411e+04 -4.411e+04
 -4046 4046
 -3997 3997
 -3.737e+04 3.737e+04
 7.16e+04 -7.16e+04
 -1137 1137
 -2723 2723
 -2.989e+04 2.989e+04
 -4748 4748
 2.032e+04 -2.032e+04
 2.915e+04 -2.915e+04
 2.113e+04 -2.113e+04
 -3.633e+04 3.633e+04
 -2.932e+04 2.932e+04
 5.226e+04 -5.226e+04
 1.371e+04 -1.371e+04
 1.652e+04 -1.652e+04
 -2.355e+04 2.355e+04
 -7.836 7.836
 -2043 2043
 -437.9 437.9
 -5.159e+04 5.159e+04
 6987 -6987
 -6347 6347
 3.277e+04 -3.277e+04
 -5.152e+04 5.152e+04
 1.509e+04 -1.509e+04
 3.968e+04 -3.968e+04
 -1.713e+04 1.713e+04
 4.72e+04 -4.72e+04
 -2.215e+04 2.215e+04
 2.472e+04 -2.472e+04
 1379 -1379
 -3.001e+04 3.001e+04
 5.322e+04 -5.322e+04
 -5.629e+04 5.629e+04
 -7.895e+04 7.895e+04
 -5.777e+04 5.777e+04
 2.192e+04 -2.192e+04
 -1.733e+04 1.733e+04
 -1.263e+04 1.263e+04
 -7.452e+04 7.452e+04
 5.744e+04 -5.744e+04
 -1.169e+04 1.169e+04
 1.841e+04 -1.841e+04
 7079 -7079
 -2.042e+04 2.042e+04
 -6507 6507
 7806 -7806
 -2.197e+04 2.197e+04
 4.674e+04 -4.674e+04
 -4.457e+04 4.457e+04
 -4.941e+04 4.941e+04
 8272 -8272
 -1.381e+04 1.381e+04
 4.006e+04 -4.006e+04
 -4.182e+04 4.182e+04
 -5.436e+04 5.436e+04
 3575 -3575
 4.555e+04 -4.555e+04
 1.052e+04 -1.052e+04
 1.306e+04 -1.306e+04
 -2.137e+04 2.137e+04
 -8.149e+04 8.149e+04
 8010 -8010
 5.422e+04 -5.422e+04
 -3.371e+04 3.371e+04
 4330 -4330
 1.823e+04 -1.823e+04
 -1.288e+04 1.288e+04
 6.493e+04 -6.493e+04
 -1.428e+04 1.428e+04
 1061 -1061
 -4353 4353
 -4.681e+04 4.681e+04
 -7952 7952
 -7.428e+04 7.428e+04
 3.716e+04 -3.716e+04
 -2.908e+04 2.908e+04
 -4158 4158
 2899 -2899
 -1.801e+04 1.801e+04
 2.626e+04 -2.626e+04
 7777 -7777
 -1384 1384
 -3.055e+04 3.055e+04
 -2.313e+04 2.313e+04
 -1.018e+04 1.018e+04
 4.683e+04 -4.683e+04
 -9.693e+04 9.693e+04
 -9808 9808
 26.17 -26.17
 -2.835e+04 2.835e+04
 -1.564e+04 1.564e+04
 -1.749e+04 1.749e+04
 6.697e+04 -6.697e+04
 2.3e+04 -2.3e+04
 -3874 3874
 -3.88e+04 3.88e+04
 -4.656e+04 4.656e+04
 3.338e+04 -3.338e+04
 -2.165e+04 2.165e+04
 -1.177e+04 1.177e+04
 -2.162e+04 2.162e+04
 2.767e+04 -2.767e+04
 1.142e+05 -1.142e+05
 -3.067e+04 3.067e+04
 2444 -2444
 2.443e+04 -2.443e+04
 1.813e+04 -1.813e+04
 -7.964e+04 7.964e+04
 -2603 2603
 5.479e+04 -5.479e+04
 -5978 5978
 1.638e+04 -1.638e+04
 -3.165e+04 3.165e+04
 -2.932e+04 2.932e+04
 -2.671e+04 2.671e+04
 -1.298e+04 1.298e+04
 -1.506e+04 1.506e+04
 -1.021e+04 1.021e+04
 3020 -3020
 9525 -9525
 1.349e+04 -1.349e+04
 -1.973e+04 1.973e+04
 -9154 9154
 -2.436e+04 2.436e+04
 -2.078e+04 2.078e+04
 2.561e+04 -2.561e+04
 -4.864e+04 4.864e+04
 -3.607e+04 3.607e+04
 6.909e+04 -6.909e+04
 -2.203e+04 2.203e+04
 -2.02e+04 2.02e+04
 -1.023e+04 1.023e+04
 3.467e+04 -3.467e+04
 2.488e+04 -2.488e+04
 1.048e+04 -1.048e+04
 -1.729e+04 1.729e+04
 -7540 7540
 1.922e+04 -1.922e+04
 -3.814e+04 3.814e+04
 5.089e+04 -5.089e+04
 2.646e+04 -2.646e+04
 -3.632e+04 3.632e+04
 -2.764e+04 2.764e+04
 -5.785e+04 5.785e+04
 3.37e+04 -3.37e+04
 2.963e+04 -2.963e+04
 -1.367e+04 1.367e+04
 2.048e+04 -2.048e+04
 2.689e+04 -2.689e+04
 -3.75e+04 3.75e+04
 2.639e+04 -2.639e+04
 -1797 1797
 -9340 9340
 -5.039e+04 5.039e+04
 -3.204e+04 3.204e+04
 -4.915e+04 4.915e+04
 2.161e+04 -2.161e+04
 -4081 4081
 -2.513e+04 2.513e+04
 -3.392e+04 3.392e+04
 3.665e+04 -3.665e+04
 -1.368e+04 1.368e+04
 -5123 5123
 -2.972e+04 2.972e+04
 -5.643e+04 5.643e+04
 3.379e+04 -3.379e+04
 -7738 7738
 -1.231e+04 1.231e+04
 -9681 9681
 2.287e+04 -2.287e+04
 7384 -7384
 -3675 3675
 4.513e+04 -4.513e+04
 2.819e+04 -2.819e+04
 1.554e+04 -1.554e+04
 2.519e+04 -2.519e+04
 2.178e+04 -2.178e+04
 -5.531e+04 5.531e+04
 2.735e+04 -2.735e+04
 -2.756e+04 2.756e+04
 -7212 7212
 1013 -1013
 6.342e+04 -6.342e+04
 8922 -8922
 -1.799e+04 1.799e+04
 4.373e+04 -4.373e+04
 9.221e+04 -9.221e+04
 7.204e+04 -7.204e+04
 5.071e+04 -5.071e+04
 1.976e+04 -1.976e+04
 -7460 7460
 -2290 2290
 -2.301e+04 2.301e+04
 7.092e+04 -7.092e+04
 -5.814e+04 5.814e+04
 -6328 6328
 1.349e+04 -1.349e+04
 -2.998e+04 2.998e+04
 -3.385e+04 3.385e+04
 9540 -9540
 -1.607e+04 1.607e+04
 -9956 9956
 5.845e+04 -5.845e+04
 2.035e+04 -2.035e+04
 4.347e+04 -4.347e+04
 -1.532e+04 1.532e+04
 -2.638e+04 2.638e+04
 -6.252e+04 6.252e+04
 1.391e+04 -1.391e+04
 -3.176e+04 3.176e+04
 -7.363e+04 7.363e+04
 -6.236e+04 6.236e+04
 -1.467e+04 1.467e+04
 3700 -3700
 -1.178e+04 1.178e+04
 -3.719e+04 3.719e+04
 -1.41e+04 1.41e+04
 -4.755e+04 4.755e+04
 -7965 7965
 2.43e+04 -2.43e+04
 -2.302e+04 2.302e+04
 -4.773e+04 4.773e+04
 5405 -5405
 -2.189e+04 2.189e+04
 2.361e+04 -2.361e+04
 1.824e+04 -1.824e+04
 6.179e+04 -6.179e+04
 -5.135e+04 5.135e+04
 -7799 7799
 4.453e+04 -4.453e+04
 -9672 9672
 -7393 7393
 2.205e+04 -2.205e+04
 -1.253e+04 1.253e+04
 -9896 9896
 -4526 4526
 -1.312e+04 1.312e+04
 3.765e+04 -3.765e+04
 -5.056e+04 5.056e+04
 -1.369e+04 1.369e+04
 2.241e+04 -2.241e+04
 1.156e+04 -1.156e+04
 -9436 9436
 -945.1 945.1
 5.094e+04 -5.094e+04
 -4.73e+04 4.73e+04
 7872 -7872
 7.142e+04 -7.142e+04
 5.961e+04 -5.961e+04
 -1717 1717
 -5.529e+04 5.529e+04
 3.354e+04 -3.354e+04
 -2.923e+04 2.923e+04
 3.72e+04 -3.72e+04
 -4.941e+04 4.941e+04
 5.195e+04 -5.195e+04
 -5.324e+04 5.324e+04
 5621 -5621
 -3.716e+04 3.716e+04
 1.596e+04 -1.596e+04
 3.773e+04 -3.773e+04
 -4.356e+04 4.356e+04
 3.03e+04 -3.03e+04
 130.7 -130.7
 7.088e+04 -7.088e+04
 3.554e+04 -3.554e+04
 1.455e+04 -1.455e+04
 2.852e+04 -2.852e+04
 -6.509e+04 6.509e+04
 1.843e+04 -1.843e+04
 7803 -7803
 4.761e+04 -4.761e+04
 -2.35e+04 2.35e+04
 -2.137e+04 2.137e+04
 -2.831e+04 2.831e+04
 4.52e+04 -4.52e+04
 1.454e+04 -1.454e+04
 -1.919e+04 1.919e+04
 -2.345e+04 2.345e+04
 -2.791e+04 2.791e+04
 -9103 9103
 -566.2 566.2
 4.246e+04 -4.246e+04
 -1.82e+04 1.82e+04
 -1.654e+04 1.654e+04
 4.871e+04 -4.871e+04
 -4650 4650
 6.335e+04 -6.335e+04
 2.373e+04 -2.373e+04
 3.207e+04 -3.207e+04
 3.886e+04 -3.886e+04
 7265 -7265
 -2.418e+04 2.418e+04
 5803 -5803
 -6994 6994
 124 -124
 -1.761e+04 1.761e+04
 6.267e+04 -6.267e+04
 -8089 8089
 -1295 1295
 5.165e+04 -5.165e+04
 -1.645e+04 1.645e+04
 -4.432e+04 4.432e+04
 3.963e+04 -3.963e+04
 4274 -4274
 -2.536e+04 2.536e+04
 169.6 -169.6
 2.597e+04 -2.597e+04
 2.211e+04 -2.211e+04
 3.717e+04 -3.717e+04
 -4.139e+04 4.139e+04
 -3.269e+04 3.269e+04
 -1.177e+04 1.177e+04
 -1.041e+04 1.041e+04
 7.057e+04 -7.057e+04
 -2.27e+04 2.27e+04
 -5.681e+04 5.681e+04
 -2.982e+04 2.982e+04
 -4.795e+04 4.795e+04
 7.491e+04 -7.491e+04
 -1.879e+04 1.879e+04
 3.521e+04 -3.521e+04
 5.128e+04 -5.128e+04
 1.619e+04 -1.619e+04
 -3.563e+04 3.563e+04
 -2553 2553
 634.6 -634.6
 1.839e+04 -1.839e+04
 1.653e+04 -1.653e+04
 7.245e+04 -7.245e+04
 -3.145e+04 3.145e+04
 3.813e+04 -3.813e+04
 -1.891e+04 1.891e+04
 3.114e+04 -3.114e+04
 1.396e+04 -1.396e+04
 -4.512e+04 4.512e+04
 4.023e+04 -4.023e+04
 2.318e+04 -2.318e+04
 9.35e+04 -9.35e+04
 359.5 -359.5
 1439 -1439
 -3672 3672
 -1.689e+04 1.689e+04
 -1.987e+04 1.987e+04
 4.466e+04 -4.466e+04
 -4.135e+04 4.135e+04
 -1.67e+04 1.67e+04
 -4.945e+04 4.945e+04
 -3278 3278
 -2.624e+04 2.624e+04
 -4.282e+04 4.282e+04
 -5.093e+04 5.093e+04
 7.648e+04 -7.648e+04
 -3.85e+04 3.85e+04
 8.266e+04 -8.266e+04
 1.833e+04 -1.833e+04
 1.235e+04 -1.235e+04
 -4.066e+04 4.066e+04
 1.02e+05 -1.02e+05
 4.249e+04 -4.249e+04
 4.539e+04 -4.539e+04
 5.276e+04 -5.276e+04
 -5.24e+04 5.24e+04
 1.494e+04 -1.494e+04
 1.004e+04 -1.004e+04
 -7.595e+04 7.595e+04
 -3.78e+04 3.78e+04
 4.443e+04 -4.443e+04
 -2.577e+04 2.577e+04
 3202 -3202
 -8.763e+04 8.763e+04
 1.705e+04 -1.705e+04
 1.92e+04 -1.92e+04
 -8.842e+04 8.842e+04
 198.7 -198.7
 -5.197e+04 5.197e+04
 -2.648e+04 2.648e+04
 2.157e+04 -2.157e+04
 -1.106e+04 1.106e+04
 1.684e+04 -1.684e+04
 4835 -4835
 4.594e+04 -4.594e+04
 -7.653e+04 7.653e+04
 -1.002e+05 1.002e+05
 8563 -8563
 1.794e+04 -1.794e+04
 -1.729e+04 1.729e+04
 6.168e+04 -6.168e+04
 4.245e+04 -4.245e+04
 -5.061e+04 5.061e+04
 -6.294e+04 6.294e+04
 -8.73e+04 8.73e+04
 8106 -8106
 3237 -3237
 2.734e+04 -2.734e+04
 9.177e+04 -9.177e+04
 -1.061e+04 1.061e+04
 -2.094e+04 2.094e+04
 -5614 5614
 -1.742e+04 1.742e+04
 -605.6 605.6
 -9788 9788
 -3591 3591
 2.427e+04 -2.427e+04
 -5783 5783
 2.708e+04 -2.708e+04
 2.324e+04 -2.324e+04
 -6.487e+04 6.487e+04
 2.39e+04 -2.39e+04
 3.637e+04 -3.637e+04
 -1.415e+05 1.415e+05
 -1.96e+04 1.96e+04
 -5178 5178
 3.155e+04 -3.155e+04
 -2.041e+04 2.041e+04
 -4953 4953
 2.764e+04 -2.764e+04
 -9835 9835
 -1.301e+04 1.301e+04
 8.617e+04 -8.617e+04
 -3.822e+04 3.822e+04
 5073 -5073
 -1.095e+05 1.095e+05
 -4.152e+04 4.152e+04
 3299 -3299
 1.09e+04 -1.09e+04
 -4.09e+04 4.09e+04
 -1.134e+04 1.134e+04
 -4.659e+04 4.659e+04
 -3.598e+04 3.598e+04
 684.8 -684.8
 7312 -7312
 2.332e+04 -2.332e+04
 9002 -9002
 -3.021e+04 3.021e+04
 1.494e+04 -1.494e+04
 8166 -8166
 -1896 1896
 -8042 8042
 1.97e+04 -1.97e+04
 -3.062e+04 3.062e+04
 -9258 9258
 -7.271e+04 7.271e+04
 -1.519e+04 1.519e+04
 4981 -4981
 -5161 5161
 -2.746e+04 2.746e+04
 3863 -3863
 -2.038e+04 2.038e+04
 -1.29e+04 1.29e+04
 4023 -4023
 -3.048e+04 3.048e+04
 -2060 2060
 2.718e+04 -2.718e+04
 1.355e+04 -1.355e+04
 -1.711e+04 1.711e+04
 1.431e+05 -1.431e+05
 2.565e+04 -2.565e+04
 -3.696e+04 3.696e+04
 5323 -5323
 1.952e+04 -1.952e+04
 -4699 4699
 2.566e+04 -2.566e+04
 2.119e+04 -2.119e+04
 4.581e+04 -4.581e+04
 6.479e+04 -6.479e+04
 3.322e+04 -3.322e+04
 -2.231e+04 2.231e+04
 2921 -2921
 2.581e+04 -2.581e+04
 -2.325e+04 2.325e+04
 -1.44e+04 1.44e+04
 133.4 -133.4
 -925.4 925.4
 2.241e+04 -2.241e+04
 -1.96e+04 1.96e+04
 -6.423e+04 6.423e+04
 1.747e+04 -1.747e+04
 -9070 9070
 6.05e+04 -6.05e+04
 -3.192e+04 3.192e+04
 -4637 4637
 -5.926e+04 5.926e+04
 -4.029e+04 4.029e+04
 -1.837e+04 1.837e+04
 3.827e+04 -3.827e+04
 5.015e+04 -5.015e+04
 -2.456e+04 2.456e+04
 4306 -4306
 -4966 4966
 6295 -6295
 -1.146e+04 1.146e+04
 2.424e+04 -2.424e+04
 -4749 4749
 -5.917e+04 5.917e+04
 3.147e+04 -3.147e+04
 -3404 3404
 -3.203e+04 3.203e+04
 3.519e+04 -3.519e+04
 2.363e+04 -2.363e+04
 -2.599e+04 2.599e+04
 -1130 1130
 1214 -1214
 2.032e+04 -2.032e+04
 -4.533e+04 4.533e+04
 -1100 1100
 1.088e+05 -1.088e+05
 -5.771e+04 5.771e+04
 916.2 -916.2
 7.149e+04 -7.149e+04
 438.2 -438.2
 -9.118e+04 9.118e+04
 1.731e+04 -1.731e+04
 3.956e+04 -3.956e+04
 1.452e+04 -1.452e+04
 -4165 4165
 -3.988e+04 3.988e+04
 -4.521e+04 4.521e+04
 -8.516e+04 8.516e+04
 3.022e+04 -3.022e+04
 2.216e+04 -2.216e+04
 3378 -3378
 -3.412e+04 3.412e+04
 5361 -5361
 -1.625e+04 1.625e+04
 -4.951e+04 4.951e+04
 -5.439e+04 5.439e+04
 -1.584e+04 1.584e+04
 7690 -7690
 1.007e+04 -1.007e+04
 -2.5e+04 2.5e+04
 -4.176e+04 4.176e+04
 6.65e+04 -6.65e+04
 3.551e+04 -3.551e+04
 2.883e+04 -2.883e+04
 -1.039e+05 1.039e+05
 -1.105e+04 1.105e+04
 -4.241e+04 4.241e+04
 1339 -1339
 1.429e+04 -1.429e+04
 3.77e+04 -3.77e+04
 -4397 4397
 1.573e+04 -1.573e+04
 -5.167e+04 5.167e+04
 -1.967e+04 1.967e+04
 -3.732e+04 3.732e+04
 -4.925e+04 4.925e+04
 3.401e+04 -3.401e+04
 1.661e+04 -1.661e+04
 2.626e+04 -2.626e+04
 5.463e+04 -5.463e+04
 -4148 4148
 3.84e+04 -3.84e+04
 5902 -5902
 -1.771e+04 1.771e+04
 6.165e+04 -6.165e+04
 -2.831e+04 2.831e+04
 4.909e+04 -4.909e+04
 -1.39e+04 1.39e+04
 9453 -9453
 -8722 8722
 6.389e+04 -6.389e+04
 -5.387e+04 5.387e+04
 2.061e+04 -2.061e+04
 -3.231e+04 3.231e+04
 7.77e+04 -7.77e+04
 7547 -7547
 3.769e+04 -3.769e+04
 574.3 -574.3
 -6516 6516
 2.156e+04 -2.156e+04
 -2.376e+04 2.376e+04
 -3.606e+04 3.606e+04
 2.502e+04 -2.502e+04
 -2.149e+04 2.149e+04
 9088 -9088
 -1.436e+04 1.436e+04
 -3.357e+04 3.357e+04
 1.574e+04 -1.574e+04
 -1705 1705
 1.474e+04 -1.474e+04
 1.039e+04 -1.039e+04
 -1.153e+04 1.153e+04
 -1.602e+04 1.602e+04
 -3.156e+04 3.156e+04
 1.52e+04 -1.52e+04
 -9436 9436
 6992 -6992
 -1.668e+04 1.668e+04
 2.925e+04 -2.925e+04
 3461 -3461
 2.378e+04 -2.378e+04
 -1875 1875
 -1.322e+04 1.322e+04
 -7310 7310
 -1.489e+04 1.489e+04
 -5.62e+04 5.62e+04
 -2.727e+04 2.727e+04
 293.6 -293.6
 3.693e+04 -3.693e+04
 -2.628e+04 2.628e+04
 -3.126e+04 3.126e+04
 1.385e+04 -1.385e+04
 -3923 3923
 5.084e+04 -5.084e+04
 2.55e+04 -2.55e+04
 7.411e+04 -7.411e+04
 -1.17e+04 1.17e+04
 3.099e+04 -3.099e+04
 -5.082e+04 5.082e+04
 1.388e+04 -1.388e+04
 1031 -1031
 4013 -4013
 -6565 6565
 8852 -8852
 -4.658e+04 4.658e+04
 -2.748e+04 2.748e+04
 -1.97e+04 1.97e+04
 3.245e+04 -3.245e+04
 -9008 9008
 -3.335e+04 3.335e+04
 1.101e+04 -1.101e+04
 -3.84e+04 3.84e+04
 -4.922e+04 4.922e+04
 -4.108e+04 4.108e+04
 -8081 8081
 3.416e+04 -3.416e+04
 -1.694e+04 1.694e+04
 -6470 6470
 -1523 1523
 6.74e+04 -6.74e+04
 -1.072e+04 1.072e+04
 1.874e+04 -1.874e+04
 1.441e+04 -1.441e+04
 2.387e+04 -2.387e+04
 6.09e+04 -6.09e+04
 -1328 1328
 8845 -8845
 -6.533e+04 6.533e+04
 1.654e+04 -1.654e+04
 -7066 7066
 1.73e+04 -1.73e+04
 -4.194e+04 4.194e+04
 -4.248e+04 4.248e+04
 -5.693e+04 5.693e+04
 2369 -2369
 4.501e+04 -4.501e+04
 3941 -3941
 3694 -3694
 -1.526e+04 1.526e+04
 2908 -2908
 -4.295e+04 4.295e+04
 -5.356e+04 5.356e+04
 -4.832e+04 4.832e+04
 -2.554e+04 2.554e+04
 1.686e+04 -1.686e+04
 2.235e+04 -2.235e+04
 4.443e+04 -4.443e+04
 2.517e+04 -2.517e+04
 3.66e+04 -3.66e+04
 3896 -3896
 -3.692e+04 3.692e+04
 1.132e+04 -1.132e+04
 -9982 9982
 1.952e+04 -1.952e+04
 -3.704e+04 3.704e+04
 -1.993e+04 1.993e+04
 2.443e+04 -2.443e+04
 -6.022e+04 6.022e+04
 -3295 3295
 -2.546e+04 2.546e+04
 4.759e+04 -4.759e+04
 -6935 6935
 -1268 1268
 -2.589e+04 2.589e+04
 1.877e+04 -1.877e+04
 -1.442e+04 1.442e+04
 3.412e+04 -3.412e+04
 -8717 8717
 2019 -2019
 4.131e+04 -4.131e+04
 -2615 2615
 2.529e+04 -2.529e+04
 -3.157e+04 3.157e+04
 -4.94e+04 4.94e+04
 6.17e+04 -6.17e+04
 4.604e+04 -4.604e+04
 3375 -3375
 -1.805e+04 1.805e+04
 7.625e+04 -7.625e+04
 1.148e+04 -1.148e+04
 3.845e+04 -3.845e+04
 5.21e+04 -5.21e+04
 -3.708e+04 3.708e+04
 -6.407e+04 6.407e+04
 -3.956e+04 3.956e+04
 2.417e+04 -2.417e+04
 -1.165e+04 1.165e+04
 6.246e+04 -6.246e+04
 1.077e+04 -1.077e+04
 -3.999e+04 3.999e+04
 -3414 3414
 -6.727e+04 6.727e+04
 5.571e+04 -5.571e+04
 -2.582e+04 2.582e+04
 9.341e+04 -9.341e+04
 -7919 7919
 -9490 9490
 3.912e+04 -3.912e+04
 4.08e+04 -4.08e+04
 -1.136e+04 1.136e+04
 -6.673e+04 6.673e+04
 -5.003e+04 5.003e+04
 -6.314e+04 6.314e+04
 2.769e+04 -2.769e+04
 2360 -2360
 -5.41e+04 5.41e+04
 -3.478e+04 3.478e+04
 4.704e+04 -4.704e+04
 -8999 8999
 -1104 1104
 1.45e+04 -1.45e+04
 -2.666e+04 2.666e+04
 -3.892e+04 3.892e+04
 -4.551e+04 4.551e+04
 -3.631e+04 3.631e+04
 -4.803e+04 4.803e+04
 -2.753e+04 2.753e+04
 -3.945e+04 3.945e+04
 -6.505e+04 6.505e+04
 -3223 3223
 -4.909e+04 4.909e+04
 -6.547e+04 6.547e+04
 4.361e+04 -4.361e+04
 -5.767e+04 5.767e+04
 2.4e+04 -2.4e+04
 7.022e+04 -7.022e+04
 -2.12e+04 2.12e+04
 -3.707e+04 3.707e+04
 -5.174e+04 5.174e+04
 -2.628e+04 2.628e+04
 -1.065e+04 1.065e+04
 1.966e+04 -1.966e+04
 2.072e+04 -2.072e+04
 1.957e+04 -1.957e+04
 -3.163e+04 3.163e+04
 -2.367e+04 2.367e+04
 2.122e+04 -2.122e+04
 2.716e+04 -2.716e+04
 -1.287e+04 1.287e+04
 4093 -4093
 1.075e+04 -1.075e+04
 1.237e+04 -1.237e+04
 -2.697e+04 2.697e+04
 2.862e+04 -2.862e+04
 -1.623e+04 1.623e+04
 -5.249e+04 5.249e+04
 -6153 6153
 -2381 2381
 -6.939e+04 6.939e+04
 5463 -5463
 -5295 5295
 8571 -8571
 -1118 1118
 376.1 -376.1
 -1018 1018
 -3780 3780
 4.722e+04 -4.722e+04
 5.322e+04 -5.322e+04
 -2.517e+04 2.517e+04
 -3.438e+04 3.438e+04
 4.46e+04 -4.46e+04
 2.515e+04 -2.515e+04
 3.782e+04 -3.782e+04
 -2.317e+04 2.317e+04
 2.097e+04 -2.097e+04
 1.269e+04 -1.269e+04
 -1.248e+04 1.248e+04
 2.981e+04 -2.981e+04
 -1.22e+04 1.22e+04
 -3.506e+04 3.506e+04
 -1.469e+04 1.469e+04
 -1.338e+04 1.338e+04
 3.634e+04 -3.634e+04
 -1.139e+04 1.139e+04
 2234 -2234
 -6415 6415
 3625 -3625
 -4.872e+04 4.872e+04
 2.017e+04 -2.017e+04
 -5704 5704
 3.251e+04 -3.251e+04
 -7205 7205
 -4.34e+04 4.34e+04
 -2.612e+04 2.612e+04
 -4.261e+04 4.261e+04
 9312 -9312
 -2.763e+04 2.763e+04
 1.742e+04 -1.742e+04
 1.363e+04 -1.363e+04
 -3.648e+04 3.648e+04
 -2.434e+04 2.434e+04
 -4545 4545
 -4.824e+04 4.824e+04
 4.286e+04 -4.286e+04
 -3.148e+04 3.148e+04
 -6.483e+04 6.483e+04
 -1.207e+04 1.207e+04
 -3087 3087
 -2.791e+04 2.791e+04
 -2.62e+04 2.62e+04
 -2828 2828
 -8.098e+04 8.098e+04
 -465.9 465.9
 -7.795e+04 7.795e+04
 -5.425e+04 5.425e+04
 -3.544e+04 3.544e+04
 9569 -9569
 -3.705e+04 3.705e+04
 1787 -1787
 -2.707e+04 2.707e+04
 7.564e+04 -7.564e+04
 1.259e+05 -1.259e+05
 -5.241e+04 5.241e+04
 -3.019e+04 3.019e+04
 -1.108e+05 1.108e+05
 5.056e+04 -5.056e+04
 5.938e+04 -5.938e+04
 9.462e+04 -9.462e+04
 3130 -3130
 -7.174e+04 7.174e+04
 4.763e+04 -4.763e+04
 -5.997e+04 5.997e+04
 -3.068e+04 3.068e+04
 -3.256e+04 3.256e+04
 -1.5e+04 1.5e+04
 -2.35e+04 2.35e+04
 7757 -7757
 -1.71e+04 1.71e+04
 2.153e+04 -2.153e+04
 -2379 2379
 2.714e+04 -2.714e+04
 4.109e+04 -4.109e+04
 -8.165e+04 8.165e+04
 -5.065e+04 5.065e+04
 -1.025e+04 1.025e+04
 -2.366e+04 2.366e+04
 4.094e+04 -4.094e+04
 6.811e+04 -6.811e+04
 -3.417e+04 3.417e+04
 -2.086e+04 2.086e+04
 -6.246e+04 6.246e+04
 -2.651e+04 2.651e+04
 5.156e+04 -5.156e+04
 3.396e+04 -3.396e+04
 -2.926e+04 2.926e+04
 1.437e+04 -1.437e+04
 -6.765e+04 6.765e+04
 2.004e+04 -2.004e+04
 9603 -9603
 -3.18e+04 3.18e+04
 2258 -2258
 -4.354e+04 4.354e+04
 2820 -2820
 -2.769e+04 2.769e+04
 6.415e+04 -6.415e+04
 -2.837e+04 2.837e+04
 2.258e+04 -2.258e+04
 -2.42e+04 2.42e+04
 3066 -3066
 -2.688e+04 2.688e+04
 4999 -4999
 1.507e+04 -1.507e+04
 -1.986e+04 1.986e+04
 -3.932e+04 3.932e+04
 1.91e+04 -1.91e+04
 -9665 9665
 1.586e+04 -1.586e+04
 1.75e+04 -1.75e+04
 -5.653e+04 5.653e+04
 -6.076e+04 6.076e+04
 -275.3 275.3
 -5.245e+04 5.245e+04
 -4.838e+04 4.838e+04
 5.403e+04 -5.403e+04
 -2.438e+04 2.438e+04
 4.149e+04 -4.149e+04
 1.526e+04 -1.526e+04
 5.105e+04 -5.105e+04
 -1.652e+04 1.652e+04
 -2667 2667
 1.51e+04 -1.51e+04
 -3.593e+04 3.593e+04
 1.053e+04 -1.053e+04
 9.719e+04 -9.719e+04
 -2.126e+04 2.126e+04
 5.037e+04 -5.037e+04
 5.698e+04 -5.698e+04
 -3.907e+04 3.907e+04
 -2223 2223
 -4.504e+04 4.504e+04
 5.862e+04 -5.862e+04
 -2.597e+04 2.597e+04
 9441 -9441
 5.092e+04 -5.092e+04
 5.127e+04 -5.127e+04
 3.526e+04 -3.526e+04
 1.37e+04 -1.37e+04
 1.594e+04 -1.594e+04
 -1022 1022
 -4.589e+04 4.589e+04
 4.192e+04 -4.192e+04


