# Created by Octave 5.2.0, Thu Sep 24 16:42:04 2020 CEST <jiwidi@land>
# name: w
# type: matrix
# rows: 1281
# columns: 2
 1.2e+06 -1.2e+06
 -2.129e+08 2.129e+08
 -4.758e+08 4.758e+08
 1.655e+08 -1.655e+08
 -2.683e+08 2.683e+08
 1.512e+08 -1.512e+08
 -3.402e+07 3.402e+07
 1.027e+09 -1.027e+09
 7.96e+08 -7.96e+08
 4.851e+08 -4.851e+08
 5.537e+08 -5.537e+08
 -3.838e+08 3.838e+08
 -1.947e+08 1.947e+08
 -8.621e+08 8.621e+08
 3.26e+08 -3.26e+08
 3.108e+08 -3.108e+08
 2.854e+08 -2.854e+08
 9.542e+07 -9.542e+07
 -2.454e+08 2.454e+08
 3.373e+08 -3.373e+08
 -1.149e+08 1.149e+08
 -3.125e+08 3.125e+08
 -4.261e+08 4.261e+08
 -1.996e+07 1.996e+07
 2.167e+08 -2.167e+08
 -2.176e+08 2.176e+08
 -3.732e+08 3.732e+08
 -3.606e+08 3.606e+08
 -4.149e+07 4.149e+07
 2.295e+08 -2.295e+08
 -3.787e+08 3.787e+08
 7.586e+07 -7.586e+07
 9.12e+08 -9.12e+08
 -1.277e+08 1.277e+08
 -4.043e+08 4.043e+08
 1.878e+05 -1.878e+05
 -5.574e+07 5.574e+07
 -2.365e+08 2.365e+08
 -4.894e+08 4.894e+08
 9.661e+08 -9.661e+08
 2.672e+08 -2.672e+08
 -1.801e+08 1.801e+08
 -4.926e+07 4.926e+07
 -1.03e+07 1.03e+07
 -8.256e+08 8.256e+08
 -2.26e+08 2.26e+08
 1.622e+08 -1.622e+08
 2.451e+08 -2.451e+08
 -5.581e+07 5.581e+07
 -3.073e+08 3.073e+08
 -3.074e+08 3.074e+08
 -8.246e+07 8.246e+07
 3.14e+07 -3.14e+07
 3.36e+08 -3.36e+08
 1.003e+09 -1.003e+09
 1.308e+08 -1.308e+08
 -2.596e+08 2.596e+08
 6.249e+08 -6.249e+08
 1.487e+08 -1.487e+08
 3.912e+07 -3.912e+07
 -4.292e+08 4.292e+08
 3.725e+05 -3.725e+05
 4.912e+07 -4.912e+07
 -5.985e+08 5.985e+08
 -1.99e+08 1.99e+08
 -4.186e+08 4.186e+08
 8.695e+07 -8.695e+07
 -1.222e+08 1.222e+08
 -6.27e+07 6.27e+07
 9.209e+08 -9.209e+08
 3.608e+08 -3.608e+08
 -1.88e+07 1.88e+07
 6.429e+07 -6.429e+07
 1.075e+08 -1.075e+08
 -2.972e+08 2.972e+08
 -1.24e+08 1.24e+08
 7.328e+08 -7.328e+08
 5.86e+08 -5.86e+08
 1.883e+08 -1.883e+08
 2.556e+08 -2.556e+08
 1.71e+08 -1.71e+08
 -6.424e+07 6.424e+07
 -1.301e+08 1.301e+08
 7.153e+07 -7.153e+07
 -3.268e+08 3.268e+08
 7.266e+07 -7.266e+07
 3.901e+07 -3.901e+07
 3.276e+08 -3.276e+08
 -3.792e+08 3.792e+08
 1.84e+08 -1.84e+08
 -2.178e+08 2.178e+08
 3.493e+07 -3.493e+07
 -3.516e+08 3.516e+08
 5.904e+07 -5.904e+07
 -3.703e+08 3.703e+08
 2.451e+08 -2.451e+08
 2.627e+08 -2.627e+08
 -2.67e+08 2.67e+08
 -4.792e+07 4.792e+07
 2.828e+08 -2.828e+08
 -6.256e+07 6.256e+07
 6.363e+07 -6.363e+07
 -8.285e+07 8.285e+07
 -1.358e+08 1.358e+08
 -3.393e+08 3.393e+08
 6.596e+08 -6.596e+08
 1.609e+08 -1.609e+08
 -1.255e+08 1.255e+08
 -1.322e+08 1.322e+08
 -2.494e+07 2.494e+07
 -6.64e+08 6.64e+08
 -4.005e+07 4.005e+07
 3.829e+07 -3.829e+07
 -1.244e+07 1.244e+07
 -5.025e+08 5.025e+08
 -7.387e+07 7.387e+07
 2.135e+08 -2.135e+08
 -3.17e+08 3.17e+08
 -1.645e+07 1.645e+07
 1.444e+08 -1.444e+08
 2.924e+07 -2.924e+07
 1.419e+08 -1.419e+08
 -1.766e+08 1.766e+08
 5.397e+08 -5.397e+08
 -4.166e+07 4.166e+07
 -2.757e+08 2.757e+08
 2.725e+08 -2.725e+08
 2.774e+08 -2.774e+08
 1.868e+08 -1.868e+08
 6.017e+07 -6.017e+07
 5.264e+07 -5.264e+07
 2.116e+08 -2.116e+08
 1.194e+08 -1.194e+08
 -6.664e+07 6.664e+07
 -1.192e+08 1.192e+08
 -6.414e+07 6.414e+07
 -4.548e+07 4.548e+07
 1.001e+08 -1.001e+08
 2.441e+08 -2.441e+08
 2.009e+08 -2.009e+08
 2.034e+08 -2.034e+08
 9.967e+07 -9.967e+07
 -1.787e+08 1.787e+08
 -3.445e+08 3.445e+08
 -2.906e+08 2.906e+08
 -2.297e+08 2.297e+08
 -3.373e+07 3.373e+07
 3.689e+08 -3.689e+08
 5.224e+08 -5.224e+08
 2.455e+08 -2.455e+08
 8.994e+08 -8.994e+08
 3.123e+08 -3.123e+08
 3.323e+08 -3.323e+08
 3.443e+08 -3.443e+08
 4.427e+08 -4.427e+08
 5.049e+07 -5.049e+07
 -1.703e+08 1.703e+08
 2.16e+08 -2.16e+08
 2.313e+08 -2.313e+08
 -4.221e+08 4.221e+08
 -8.73e+05 8.73e+05
 -2.019e+08 2.019e+08
 -1.258e+09 1.258e+09
 1.148e+08 -1.148e+08
 -1.279e+08 1.279e+08
 4.998e+06 -4.998e+06
 -1.933e+08 1.933e+08
 -3.088e+08 3.088e+08
 9.96e+07 -9.96e+07
 -1.674e+08 1.674e+08
 2.411e+07 -2.411e+07
 3.129e+08 -3.129e+08
 4.224e+08 -4.224e+08
 2.712e+08 -2.712e+08
 -1.033e+08 1.033e+08
 1.283e+08 -1.283e+08
 1.852e+07 -1.852e+07
 -2.231e+08 2.231e+08
 3.015e+08 -3.015e+08
 2.691e+08 -2.691e+08
 3.714e+08 -3.714e+08
 -4.092e+08 4.092e+08
 -2.183e+08 2.183e+08
 2.029e+08 -2.029e+08
 8.601e+07 -8.601e+07
 4.769e+08 -4.769e+08
 1.58e+08 -1.58e+08
 -6.543e+08 6.543e+08
 -4.186e+08 4.186e+08
 -9.742e+07 9.742e+07
 -7.502e+07 7.502e+07
 -4.972e+08 4.972e+08
 7.201e+07 -7.201e+07
 9.658e+07 -9.658e+07
 7.715e+07 -7.715e+07
 1.339e+08 -1.339e+08
 -1.732e+08 1.732e+08
 5.239e+08 -5.239e+08
 7.394e+08 -7.394e+08
 -2.963e+08 2.963e+08
 -3.33e+08 3.33e+08
 -2.799e+08 2.799e+08
 3.608e+08 -3.608e+08
 3.188e+07 -3.188e+07
 -5.527e+07 5.527e+07
 -3.243e+08 3.243e+08
 -2.658e+08 2.658e+08
 1.534e+08 -1.534e+08
 -4.879e+08 4.879e+08
 5.303e+08 -5.303e+08
 -7.22e+08 7.22e+08
 2.898e+08 -2.898e+08
 -4.468e+08 4.468e+08
 1.211e+08 -1.211e+08
 5.759e+08 -5.759e+08
 -6.496e+08 6.496e+08
 -2.105e+08 2.105e+08
 -4.677e+08 4.677e+08
 1.273e+08 -1.273e+08
 -2.34e+08 2.34e+08
 -4.094e+08 4.094e+08
 2.978e+07 -2.978e+07
 8.766e+07 -8.766e+07
 1.393e+08 -1.393e+08
 -2.065e+08 2.065e+08
 -2.182e+08 2.182e+08
 1.913e+08 -1.913e+08
 5.8e+08 -5.8e+08
 4.895e+08 -4.895e+08
 1.192e+08 -1.192e+08
 -2.652e+08 2.652e+08
 1.259e+09 -1.259e+09
 -6.358e+08 6.358e+08
 -2.577e+08 2.577e+08
 -4.606e+07 4.606e+07
 -4.241e+08 4.241e+08
 -8.59e+07 8.59e+07
 -1.051e+08 1.051e+08
 -1.575e+08 1.575e+08
 -1.59e+08 1.59e+08
 -2.64e+08 2.64e+08
 2.003e+08 -2.003e+08
 -1.726e+08 1.726e+08
 2.608e+08 -2.608e+08
 -4.14e+08 4.14e+08
 -1.216e+08 1.216e+08
 6.93e+07 -6.93e+07
 -1.168e+08 1.168e+08
 1.393e+08 -1.393e+08
 -2.4e+07 2.4e+07
 1.161e+08 -1.161e+08
 -7.612e+07 7.612e+07
 3.611e+08 -3.611e+08
 -3.204e+08 3.204e+08
 2.575e+08 -2.575e+08
 -3.266e+08 3.266e+08
 -1.389e+08 1.389e+08
 -6.085e+08 6.085e+08
 5.607e+08 -5.607e+08
 9.776e+07 -9.776e+07
 1.986e+08 -1.986e+08
 3.629e+08 -3.629e+08
 4.825e+07 -4.825e+07
 1.124e+08 -1.124e+08
 3.979e+07 -3.979e+07
 3.465e+07 -3.465e+07
 -7.352e+08 7.352e+08
 -3.642e+08 3.642e+08
 -1.801e+08 1.801e+08
 2.053e+08 -2.053e+08
 1.931e+08 -1.931e+08
 -4.057e+08 4.057e+08
 -6.261e+08 6.261e+08
 -2.904e+08 2.904e+08
 5.387e+08 -5.387e+08
 1.766e+07 -1.766e+07
 -5.965e+08 5.965e+08
 -2.956e+08 2.956e+08
 -2.241e+08 2.241e+08
 -4.718e+07 4.718e+07
 -2.676e+08 2.676e+08
 2.945e+08 -2.945e+08
 -2.659e+08 2.659e+08
 6.297e+07 -6.297e+07
 1.01e+08 -1.01e+08
 -7.336e+08 7.336e+08
 4.595e+07 -4.595e+07
 5.689e+08 -5.689e+08
 2.158e+08 -2.158e+08
 -4.005e+07 4.005e+07
 -1.161e+08 1.161e+08
 5.809e+08 -5.809e+08
 2.546e+08 -2.546e+08
 3.169e+08 -3.169e+08
 -1.455e+08 1.455e+08
 -8.468e+07 8.468e+07
 7.763e+08 -7.763e+08
 8.255e+07 -8.255e+07
 -5.914e+08 5.914e+08
 -2.322e+08 2.322e+08
 1.713e+08 -1.713e+08
 1.193e+08 -1.193e+08
 5.707e+07 -5.707e+07
 -2.866e+08 2.866e+08
 -2.598e+08 2.598e+08
 -1.695e+08 1.695e+08
 -2.182e+08 2.182e+08
 5.919e+08 -5.919e+08
 7.091e+08 -7.091e+08
 -3.586e+08 3.586e+08
 2.527e+07 -2.527e+07
 1.814e+07 -1.814e+07
 -2.312e+08 2.312e+08
 -6.925e+06 6.925e+06
 -6.097e+08 6.097e+08
 -7.856e+08 7.856e+08
 1.811e+08 -1.811e+08
 6.065e+08 -6.065e+08
 2.91e+08 -2.91e+08
 6.642e+07 -6.642e+07
 -9.611e+07 9.611e+07
 -1.955e+08 1.955e+08
 3.236e+07 -3.236e+07
 3.998e+08 -3.998e+08
 -6.352e+07 6.352e+07
 -4.058e+08 4.058e+08
 4.658e+08 -4.658e+08
 -1.718e+08 1.718e+08
 -5.808e+08 5.808e+08
 -3.262e+08 3.262e+08
 -2.974e+08 2.974e+08
 6.58e+07 -6.58e+07
 -7.172e+07 7.172e+07
 1.403e+08 -1.403e+08
 1.12e+09 -1.12e+09
 -7.915e+08 7.915e+08
 -4.736e+07 4.736e+07
 5.61e+08 -5.61e+08
 -6.138e+08 6.138e+08
 2.85e+08 -2.85e+08
 -4.184e+07 4.184e+07
 -1.664e+08 1.664e+08
 -1.952e+08 1.952e+08
 3.903e+08 -3.903e+08
 3.141e+08 -3.141e+08
 9.87e+07 -9.87e+07
 -9.313e+07 9.313e+07
 1.817e+08 -1.817e+08
 2.528e+08 -2.528e+08
 9.96e+07 -9.96e+07
 1.277e+07 -1.277e+07
 3.97e+08 -3.97e+08
 4.239e+07 -4.239e+07
 4.97e+07 -4.97e+07
 -4.506e+08 4.506e+08
 1.611e+08 -1.611e+08
 -2.036e+08 2.036e+08
 2.922e+08 -2.922e+08
 1.794e+08 -1.794e+08
 -7.388e+08 7.388e+08
 4.331e+07 -4.331e+07
 -2.214e+08 2.214e+08
 -5.094e+08 5.094e+08
 -1.153e+08 1.153e+08
 1.958e+08 -1.958e+08
 -2.364e+08 2.364e+08
 4.741e+08 -4.741e+08
 -5.609e+07 5.609e+07
 -3.979e+07 3.979e+07
 -3.719e+08 3.719e+08
 7.017e+08 -7.017e+08
 -1.617e+07 1.617e+07
 -1.434e+07 1.434e+07
 -2.855e+08 2.855e+08
 -7.163e+07 7.163e+07
 1.874e+08 -1.874e+08
 2.835e+08 -2.835e+08
 2.135e+08 -2.135e+08
 -3.906e+08 3.906e+08
 -3.276e+08 3.276e+08
 5.004e+08 -5.004e+08
 2.148e+08 -2.148e+08
 1.339e+08 -1.339e+08
 -1.844e+08 1.844e+08
 -2.096e+07 2.096e+07
 1.94e+07 -1.94e+07
 3.543e+07 -3.543e+07
 -5.07e+08 5.07e+08
 4.124e+07 -4.124e+07
 4.243e+07 -4.243e+07
 2.875e+08 -2.875e+08
 -5.112e+08 5.112e+08
 1.767e+08 -1.767e+08
 4.008e+08 -4.008e+08
 -1.977e+08 1.977e+08
 4.22e+08 -4.22e+08
 -2.003e+08 2.003e+08
 2.659e+08 -2.659e+08
 5.662e+06 -5.662e+06
 -2.86e+08 2.86e+08
 4.539e+08 -4.539e+08
 -5.842e+08 5.842e+08
 -7.913e+08 7.913e+08
 -5.985e+08 5.985e+08
 2.308e+08 -2.308e+08
 -1.456e+08 1.456e+08
 -8.204e+07 8.204e+07
 -7.602e+08 7.602e+08
 5.667e+08 -5.667e+08
 -1.328e+08 1.328e+08
 1.696e+08 -1.696e+08
 8.729e+07 -8.729e+07
 -2.219e+08 2.219e+08
 -5.134e+07 5.134e+07
 3.252e+07 -3.252e+07
 -1.455e+08 1.455e+08
 4.451e+08 -4.451e+08
 -4.307e+08 4.307e+08
 -4.746e+08 4.746e+08
 7.71e+07 -7.71e+07
 -2.074e+08 2.074e+08
 3.011e+08 -3.011e+08
 -4.311e+08 4.311e+08
 -5.33e+08 5.33e+08
 1.242e+06 -1.242e+06
 4.654e+08 -4.654e+08
 7.289e+07 -7.289e+07
 1.56e+08 -1.56e+08
 -1.735e+08 1.735e+08
 -7.947e+08 7.947e+08
 8.744e+07 -8.744e+07
 5.177e+08 -5.177e+08
 -3.122e+08 3.122e+08
 4.691e+07 -4.691e+07
 2.253e+08 -2.253e+08
 -9.934e+07 9.934e+07
 6.14e+08 -6.14e+08
 -1.429e+08 1.429e+08
 5.131e+07 -5.131e+07
 -7.216e+07 7.216e+07
 -4.72e+08 4.72e+08
 -5.35e+07 5.35e+07
 -7.825e+08 7.825e+08
 3.901e+08 -3.901e+08
 -3.361e+08 3.361e+08
 -8.11e+07 8.11e+07
 7.691e+07 -7.691e+07
 -1.789e+08 1.789e+08
 2.32e+08 -2.32e+08
 1.454e+08 -1.454e+08
 2.23e+07 -2.23e+07
 -3.089e+08 3.089e+08
 -2.375e+08 2.375e+08
 -1.098e+08 1.098e+08
 4.286e+08 -4.286e+08
 -8.897e+08 8.897e+08
 -6.25e+07 6.25e+07
 1.863e+07 -1.863e+07
 -3.398e+08 3.398e+08
 -1.311e+08 1.311e+08
 -1.206e+08 1.206e+08
 6.866e+08 -6.866e+08
 2.239e+08 -2.239e+08
 -4.171e+07 4.171e+07
 -3.292e+08 3.292e+08
 -4.59e+08 4.59e+08
 2.762e+08 -2.762e+08
 -1.902e+08 1.902e+08
 -9.948e+07 9.948e+07
 -2.184e+08 2.184e+08
 3.173e+08 -3.173e+08
 1.144e+09 -1.144e+09
 -3.032e+08 3.032e+08
 3.988e+07 -3.988e+07
 2.946e+08 -2.946e+08
 1.682e+08 -1.682e+08
 -7.887e+08 7.887e+08
 -9.011e+07 9.011e+07
 5.745e+08 -5.745e+08
 -5.796e+07 5.796e+07
 1.405e+08 -1.405e+08
 -3.26e+08 3.26e+08
 -3.097e+08 3.097e+08
 -2.584e+08 2.584e+08
 -1.782e+08 1.782e+08
 -1.512e+08 1.512e+08
 -1.422e+08 1.422e+08
 5.401e+07 -5.401e+07
 1.015e+08 -1.015e+08
 1.08e+08 -1.08e+08
 -1.57e+08 1.57e+08
 -9.926e+07 9.926e+07
 -2.117e+08 2.117e+08
 -1.089e+08 1.089e+08
 2.604e+08 -2.604e+08
 -4.573e+08 4.573e+08
 -3.1e+08 3.1e+08
 6.405e+08 -6.405e+08
 -2.422e+08 2.422e+08
 -1.666e+08 1.666e+08
 -1.085e+08 1.085e+08
 3.574e+08 -3.574e+08
 2.42e+08 -2.42e+08
 9.126e+07 -9.126e+07
 -1.533e+08 1.533e+08
 -8.25e+07 8.25e+07
 1.925e+08 -1.925e+08
 -4.347e+08 4.347e+08
 4.505e+08 -4.505e+08
 2.556e+08 -2.556e+08
 -3.053e+08 3.053e+08
 -2.537e+08 2.537e+08
 -5.854e+08 5.854e+08
 3.098e+08 -3.098e+08
 2.834e+08 -2.834e+08
 -1.494e+08 1.494e+08
 2.163e+08 -2.163e+08
 2.199e+08 -2.199e+08
 -4.029e+08 4.029e+08
 2.696e+08 -2.696e+08
 -4.523e+06 4.523e+06
 -5.983e+07 5.983e+07
 -5.101e+08 5.101e+08
 -2.607e+08 2.607e+08
 -4.162e+08 4.162e+08
 1.753e+08 -1.753e+08
 -1.049e+08 1.049e+08
 -2.24e+08 2.24e+08
 -3.724e+08 3.724e+08
 3.135e+08 -3.135e+08
 -7.964e+07 7.964e+07
 -4.601e+07 4.601e+07
 -3.352e+08 3.352e+08
 -5.36e+08 5.36e+08
 3.217e+08 -3.217e+08
 -1.025e+08 1.025e+08
 -1.26e+08 1.26e+08
 -4.718e+07 4.718e+07
 2.564e+08 -2.564e+08
 5.567e+07 -5.567e+07
 3.157e+06 -3.157e+06
 4.255e+08 -4.255e+08
 2.94e+08 -2.94e+08
 1.262e+08 -1.262e+08
 2.512e+08 -2.512e+08
 2.003e+08 -2.003e+08
 -5.405e+08 5.405e+08
 2.679e+08 -2.679e+08
 -2.333e+08 2.333e+08
 -6.385e+07 6.385e+07
 2.491e+07 -2.491e+07
 6.623e+08 -6.623e+08
 6.177e+07 -6.177e+07
 -2.303e+08 2.303e+08
 4.427e+08 -4.427e+08
 9.331e+08 -9.331e+08
 6.659e+08 -6.659e+08
 4.72e+08 -4.72e+08
 1.593e+08 -1.593e+08
 -8.602e+07 8.602e+07
 -3.126e+07 3.126e+07
 -2.052e+08 2.052e+08
 7.234e+08 -7.234e+08
 -6.346e+08 6.346e+08
 -1.518e+08 1.518e+08
 1.25e+08 -1.25e+08
 -3.323e+08 3.323e+08
 -3.313e+08 3.313e+08
 1.024e+08 -1.024e+08
 -1.901e+08 1.901e+08
 -8.962e+07 8.962e+07
 5.619e+08 -5.619e+08
 1.944e+08 -1.944e+08
 4.456e+08 -4.456e+08
 -1.136e+08 1.136e+08
 -2.692e+08 2.692e+08
 -6.476e+08 6.476e+08
 9.199e+07 -9.199e+07
 -3.206e+08 3.206e+08
 -6.953e+08 6.953e+08
 -5.821e+08 5.821e+08
 -1.825e+08 1.825e+08
 7.138e+06 -7.138e+06
 -1.009e+08 1.009e+08
 -3.657e+08 3.657e+08
 -1.57e+08 1.57e+08
 -4.136e+08 4.136e+08
 -7.882e+07 7.882e+07
 2.439e+08 -2.439e+08
 -2.163e+08 2.163e+08
 -4.303e+08 4.303e+08
 8.726e+07 -8.726e+07
 -2.451e+08 2.451e+08
 2.391e+08 -2.391e+08
 1.442e+08 -1.442e+08
 5.74e+08 -5.74e+08
 -4.712e+08 4.712e+08
 -4.63e+07 4.63e+07
 4.393e+08 -4.393e+08
 -1.308e+08 1.308e+08
 -1.186e+08 1.186e+08
 1.703e+08 -1.703e+08
 -9.081e+07 9.081e+07
 -7.454e+07 7.454e+07
 -5.962e+07 5.962e+07
 -1.792e+08 1.792e+08
 3.342e+08 -3.342e+08
 -4.952e+08 4.952e+08
 -1.215e+08 1.215e+08
 1.954e+08 -1.954e+08
 1.508e+08 -1.508e+08
 -5.386e+07 5.386e+07
 -7.715e+06 7.715e+06
 5.321e+08 -5.321e+08
 -4.742e+08 4.742e+08
 1.212e+08 -1.212e+08
 6.949e+08 -6.949e+08
 5.438e+08 -5.438e+08
 -1.394e+07 1.394e+07
 -5.648e+08 5.648e+08
 2.8e+08 -2.8e+08
 -2.992e+08 2.992e+08
 3.794e+08 -3.794e+08
 -5.033e+08 5.033e+08
 4.612e+08 -4.612e+08
 -4.987e+08 4.987e+08
 4.653e+07 -4.653e+07
 -3.562e+08 3.562e+08
 1.887e+08 -1.887e+08
 3.701e+08 -3.701e+08
 -4.062e+08 4.062e+08
 2.725e+08 -2.725e+08
 -1.899e+07 1.899e+07
 6.712e+08 -6.712e+08
 3.4e+08 -3.4e+08
 1.592e+08 -1.592e+08
 3.185e+08 -3.185e+08
 -6.495e+08 6.495e+08
 1.417e+08 -1.417e+08
 1.007e+08 -1.007e+08
 4.689e+08 -4.689e+08
 -2.369e+08 2.369e+08
 -2.159e+08 2.159e+08
 -3.319e+08 3.319e+08
 4.096e+08 -4.096e+08
 1.637e+08 -1.637e+08
 -1.944e+08 1.944e+08
 -1.825e+08 1.825e+08
 -2.774e+08 2.774e+08
 -2.352e+07 2.352e+07
 6.904e+07 -6.904e+07
 3.729e+08 -3.729e+08
 -1.571e+08 1.571e+08
 -1.912e+08 1.912e+08
 4.848e+08 -4.848e+08
 -4.806e+07 4.806e+07
 6e+08 -6e+08
 2.273e+08 -2.273e+08
 3.172e+08 -3.172e+08
 3.514e+08 -3.514e+08
 9.507e+07 -9.507e+07
 -2.094e+08 2.094e+08
 6.968e+07 -6.968e+07
 -9.639e+06 9.639e+06
 -1.697e+07 1.697e+07
 -1.484e+08 1.484e+08
 5.603e+08 -5.603e+08
 -8.683e+07 8.683e+07
 2.154e+05 -2.154e+05
 4.538e+08 -4.538e+08
 -1.661e+08 1.661e+08
 -3.428e+08 3.428e+08
 4.017e+08 -4.017e+08
 4.649e+07 -4.649e+07
 -2.479e+08 2.479e+08
 -4.01e+07 4.01e+07
 3.02e+08 -3.02e+08
 1.777e+08 -1.777e+08
 3.175e+08 -3.175e+08
 -3.849e+08 3.849e+08
 -3.167e+08 3.167e+08
 -7.536e+07 7.536e+07
 -5.179e+07 5.179e+07
 6.94e+08 -6.94e+08
 -2.116e+08 2.116e+08
 -5.783e+08 5.783e+08
 -2.229e+08 2.229e+08
 -4.631e+08 4.631e+08
 7.145e+08 -7.145e+08
 -1.747e+08 1.747e+08
 3.632e+08 -3.632e+08
 4.602e+08 -4.602e+08
 1.772e+08 -1.772e+08
 -3.34e+08 3.34e+08
 -3.509e+07 3.509e+07
 1.041e+07 -1.041e+07
 1.488e+08 -1.488e+08
 1.977e+08 -1.977e+08
 7.832e+08 -7.832e+08
 -3.363e+08 3.363e+08
 3.185e+08 -3.185e+08
 -1.29e+08 1.29e+08
 3.137e+08 -3.137e+08
 2.173e+08 -2.173e+08
 -4.826e+08 4.826e+08
 3.892e+08 -3.892e+08
 2.524e+08 -2.524e+08
 8.988e+08 -8.988e+08
 -2.204e+07 2.204e+07
 1.082e+07 -1.082e+07
 -7.001e+07 7.001e+07
 -1.818e+08 1.818e+08
 -1.951e+08 1.951e+08
 4.321e+08 -4.321e+08
 -4.049e+08 4.049e+08
 -1.469e+08 1.469e+08
 -5.457e+08 5.457e+08
 1.22e+07 -1.22e+07
 -2.443e+08 2.443e+08
 -4.494e+08 4.494e+08
 -5.06e+08 5.06e+08
 7.662e+08 -7.662e+08
 -3.853e+08 3.853e+08
 7.306e+08 -7.306e+08
 1.992e+08 -1.992e+08
 1.199e+08 -1.199e+08
 -3.986e+08 3.986e+08
 1.01e+09 -1.01e+09
 4.269e+08 -4.269e+08
 4.523e+08 -4.523e+08
 4.857e+08 -4.857e+08
 -5.184e+08 5.184e+08
 9.805e+07 -9.805e+07
 9.292e+07 -9.292e+07
 -7.657e+08 7.657e+08
 -3.72e+08 3.72e+08
 4.42e+08 -4.42e+08
 -2.018e+08 2.018e+08
 -3.8e+06 3.8e+06
 -8.323e+08 8.323e+08
 1.569e+08 -1.569e+08
 2.304e+08 -2.304e+08
 -8.163e+08 8.163e+08
 8.922e+06 -8.922e+06
 -4.648e+08 4.648e+08
 -2.672e+08 2.672e+08
 1.637e+08 -1.637e+08
 -8.153e+07 8.153e+07
 1.944e+08 -1.944e+08
 7.186e+07 -7.186e+07
 4.465e+08 -4.465e+08
 -6.778e+08 6.778e+08
 -9.83e+08 9.83e+08
 9.728e+07 -9.728e+07
 1.079e+08 -1.079e+08
 -1.65e+08 1.65e+08
 5.544e+08 -5.544e+08
 4.011e+08 -4.011e+08
 -4.618e+08 4.618e+08
 -5.835e+08 5.835e+08
 -9.271e+08 9.271e+08
 5.965e+07 -5.965e+07
 1.488e+07 -1.488e+07
 3.372e+08 -3.372e+08
 8.626e+08 -8.626e+08
 -1.427e+08 1.427e+08
 -2.774e+08 2.774e+08
 -3.233e+07 3.233e+07
 -1.626e+08 1.626e+08
 1.181e+07 -1.181e+07
 -6.092e+07 6.092e+07
 1.572e+07 -1.572e+07
 2.066e+08 -2.066e+08
 -2.741e+07 2.741e+07
 3.288e+08 -3.288e+08
 2.449e+08 -2.449e+08
 -6.588e+08 6.588e+08
 1.995e+08 -1.995e+08
 3.713e+08 -3.713e+08
 -1.324e+09 1.324e+09
 -2.037e+08 2.037e+08
 1.73e+06 -1.73e+06
 3.265e+08 -3.265e+08
 -2.253e+08 2.253e+08
 -9.14e+07 9.14e+07
 3.026e+08 -3.026e+08
 -1.717e+08 1.717e+08
 -2.103e+08 2.103e+08
 8.084e+08 -8.084e+08
 -4.009e+08 4.009e+08
 2.043e+07 -2.043e+07
 -9.949e+08 9.949e+08
 -3.729e+08 3.729e+08
 1.981e+07 -1.981e+07
 1.13e+08 -1.13e+08
 -3.88e+08 3.88e+08
 -1.35e+08 1.35e+08
 -4.246e+08 4.246e+08
 -3.304e+08 3.304e+08
 1.872e+07 -1.872e+07
 1.132e+08 -1.132e+08
 2.14e+08 -2.14e+08
 9.75e+07 -9.75e+07
 -3.171e+08 3.171e+08
 1.596e+08 -1.596e+08
 1.051e+08 -1.051e+08
 -9.554e+06 9.554e+06
 -8.752e+07 8.752e+07
 1.585e+08 -1.585e+08
 -3.273e+08 3.273e+08
 -1.051e+08 1.051e+08
 -6.957e+08 6.957e+08
 -8.67e+07 8.67e+07
 8.166e+07 -8.166e+07
 -7.956e+07 7.956e+07
 -2.554e+08 2.554e+08
 6.472e+07 -6.472e+07
 -1.849e+08 1.849e+08
 -9.77e+07 9.77e+07
 5.493e+07 -5.493e+07
 -2.617e+08 2.617e+08
 2.205e+07 -2.205e+07
 2.261e+08 -2.261e+08
 1.674e+08 -1.674e+08
 -1.588e+08 1.588e+08
 1.416e+09 -1.416e+09
 2.544e+08 -2.544e+08
 -3.463e+08 3.463e+08
 6.317e+07 -6.317e+07
 2.264e+08 -2.264e+08
 -4.031e+07 4.031e+07
 2.562e+08 -2.562e+08
 2.26e+08 -2.26e+08
 4.722e+08 -4.722e+08
 6.589e+08 -6.589e+08
 3.654e+08 -3.654e+08
 -1.735e+08 1.735e+08
 1.525e+07 -1.525e+07
 2.255e+08 -2.255e+08
 -2.6e+08 2.6e+08
 -1.576e+08 1.576e+08
 2.504e+07 -2.504e+07
 2.407e+07 -2.407e+07
 2.613e+08 -2.613e+08
 -1.618e+08 1.618e+08
 -5.868e+08 5.868e+08
 1.55e+08 -1.55e+08
 -2.625e+07 2.625e+07
 5.647e+08 -5.647e+08
 -3.614e+08 3.614e+08
 -4.848e+07 4.848e+07
 -5.553e+08 5.553e+08
 -4.281e+08 4.281e+08
 -1.842e+08 1.842e+08
 3.281e+08 -3.281e+08
 4.868e+08 -4.868e+08
 -1.925e+08 1.925e+08
 5.049e+07 -5.049e+07
 -1.91e+07 1.91e+07
 3.888e+07 -3.888e+07
 -1.479e+08 1.479e+08
 2.169e+08 -2.169e+08
 -8.719e+07 8.719e+07
 -5.138e+08 5.138e+08
 3.008e+08 -3.008e+08
 -2.091e+05 2.091e+05
 -3.752e+08 3.752e+08
 3.022e+08 -3.022e+08
 2.152e+08 -2.152e+08
 -2.579e+08 2.579e+08
 -7.316e+06 7.316e+06
 3.839e+07 -3.839e+07
 2.285e+08 -2.285e+08
 -3.978e+08 3.978e+08
 -6.92e+07 6.92e+07
 1.059e+09 -1.059e+09
 -5.571e+08 5.571e+08
 3.913e+07 -3.913e+07
 7.318e+08 -7.318e+08
 -6.831e+07 6.831e+07
 -8.214e+08 8.214e+08
 1.663e+08 -1.663e+08
 3.265e+08 -3.265e+08
 1.316e+08 -1.316e+08
 -8.875e+07 8.875e+07
 -3.816e+08 3.816e+08
 -3.976e+08 3.976e+08
 -8.127e+08 8.127e+08
 2.771e+08 -2.771e+08
 1.512e+08 -1.512e+08
 5.156e+07 -5.156e+07
 -3.404e+08 3.404e+08
 7.23e+07 -7.23e+07
 -1.493e+08 1.493e+08
 -4.394e+08 4.394e+08
 -4.83e+08 4.83e+08
 -1.736e+08 1.736e+08
 3.632e+07 -3.632e+07
 7.262e+07 -7.262e+07
 -1.534e+08 1.534e+08
 -3.987e+08 3.987e+08
 6.225e+08 -6.225e+08
 3.695e+08 -3.695e+08
 2.523e+08 -2.523e+08
 -1.009e+09 1.009e+09
 -1.317e+08 1.317e+08
 -4.104e+08 4.104e+08
 5.323e+06 -5.323e+06
 6.119e+07 -6.119e+07
 3.602e+08 -3.602e+08
 -5.441e+07 5.441e+07
 1.69e+08 -1.69e+08
 -5.028e+08 5.028e+08
 -1.561e+08 1.561e+08
 -3.479e+08 3.479e+08
 -5.144e+08 5.144e+08
 3e+08 -3e+08
 1.8e+08 -1.8e+08
 2.853e+08 -2.853e+08
 5.814e+08 -5.814e+08
 -2.311e+06 2.311e+06
 3.689e+08 -3.689e+08
 4.83e+07 -4.83e+07
 -1.883e+08 1.883e+08
 5.366e+08 -5.366e+08
 -2.848e+08 2.848e+08
 4.558e+08 -4.558e+08
 -1.7e+08 1.7e+08
 1.098e+08 -1.098e+08
 -8.138e+07 8.138e+07
 5.792e+08 -5.792e+08
 -5.173e+08 5.173e+08
 2.669e+08 -2.669e+08
 -3.241e+08 3.241e+08
 7.747e+08 -7.747e+08
 6.986e+07 -6.986e+07
 3.308e+08 -3.308e+08
 4.967e+07 -4.967e+07
 -6.375e+07 6.375e+07
 1.826e+08 -1.826e+08
 -2.564e+08 2.564e+08
 -3.317e+08 3.317e+08
 2.219e+08 -2.219e+08
 -2.364e+08 2.364e+08
 1.335e+08 -1.335e+08
 -1.241e+08 1.241e+08
 -3.53e+08 3.53e+08
 1.084e+08 -1.084e+08
 -8.421e+07 8.421e+07
 8.179e+07 -8.179e+07
 1.163e+08 -1.163e+08
 -1.365e+08 1.365e+08
 -1.145e+08 1.145e+08
 -2.51e+08 2.51e+08
 1.347e+08 -1.347e+08
 -9.34e+07 9.34e+07
 -2.403e+07 2.403e+07
 -1.328e+08 1.328e+08
 2.604e+08 -2.604e+08
 7.396e+07 -7.396e+07
 1.982e+08 -1.982e+08
 4.399e+07 -4.399e+07
 -9.072e+07 9.072e+07
 -1.109e+08 1.109e+08
 -1.588e+08 1.588e+08
 -5.506e+08 5.506e+08
 -2.768e+08 2.768e+08
 -4.455e+06 4.455e+06
 3.496e+08 -3.496e+08
 -2.181e+08 2.181e+08
 -2.791e+08 2.791e+08
 1.621e+08 -1.621e+08
 -6.276e+07 6.276e+07
 4.891e+08 -4.891e+08
 2.627e+08 -2.627e+08
 6.346e+08 -6.346e+08
 -1.376e+08 1.376e+08
 3.495e+08 -3.495e+08
 -3.925e+08 3.925e+08
 1.713e+08 -1.713e+08
 1.892e+07 -1.892e+07
 1.158e+08 -1.158e+08
 -4.025e+07 4.025e+07
 5.33e+07 -5.33e+07
 -4.204e+08 4.204e+08
 -2.831e+08 2.831e+08
 -2.446e+08 2.446e+08
 3.206e+08 -3.206e+08
 -8.507e+07 8.507e+07
 -3.111e+08 3.111e+08
 9.367e+07 -9.367e+07
 -3.795e+08 3.795e+08
 -4.758e+08 4.758e+08
 -3.721e+08 3.721e+08
 -1.174e+08 1.174e+08
 2.455e+08 -2.455e+08
 -1.551e+08 1.551e+08
 -6.126e+07 6.126e+07
 3.31e+07 -3.31e+07
 6.55e+08 -6.55e+08
 -1.108e+08 1.108e+08
 1.958e+08 -1.958e+08
 1.42e+08 -1.42e+08
 2.673e+08 -2.673e+08
 5.818e+08 -5.818e+08
 1.292e+07 -1.292e+07
 1.358e+08 -1.358e+08
 -5.867e+08 5.867e+08
 1.64e+08 -1.64e+08
 -1.259e+08 1.259e+08
 1.284e+08 -1.284e+08
 -3.653e+08 3.653e+08
 -4.629e+08 4.629e+08
 -5.548e+08 5.548e+08
 2.14e+07 -2.14e+07
 4.031e+08 -4.031e+08
 2.655e+07 -2.655e+07
 3.234e+07 -3.234e+07
 -1.734e+08 1.734e+08
 3.169e+07 -3.169e+07
 -4.164e+08 4.164e+08
 -5.023e+08 5.023e+08
 -4.51e+08 4.51e+08
 -2.395e+08 2.395e+08
 1.561e+08 -1.561e+08
 2.275e+08 -2.275e+08
 4.407e+08 -4.407e+08
 2.354e+08 -2.354e+08
 3.216e+08 -3.216e+08
 -6.513e+07 6.513e+07
 -3.47e+08 3.47e+08
 1.014e+08 -1.014e+08
 -1.037e+08 1.037e+08
 1.16e+08 -1.16e+08
 -3.595e+08 3.595e+08
 -1.54e+08 1.54e+08
 2.656e+08 -2.656e+08
 -5.554e+08 5.554e+08
 5.391e+07 -5.391e+07
 -2.368e+08 2.368e+08
 4.732e+08 -4.732e+08
 -5.833e+07 5.833e+07
 2.941e+07 -2.941e+07
 -2.748e+08 2.748e+08
 1.923e+08 -1.923e+08
 -1.342e+08 1.342e+08
 3.019e+08 -3.019e+08
 -1.204e+08 1.204e+08
 5.649e+07 -5.649e+07
 3.633e+08 -3.633e+08
 9.726e+06 -9.726e+06
 2.468e+08 -2.468e+08
 -2.444e+08 2.444e+08
 -5.235e+08 5.235e+08
 6.167e+08 -6.167e+08
 4.764e+08 -4.764e+08
 1.869e+07 -1.869e+07
 -1.868e+08 1.868e+08
 7.18e+08 -7.18e+08
 1.637e+08 -1.637e+08
 4.082e+08 -4.082e+08
 4.451e+08 -4.451e+08
 -3.58e+08 3.58e+08
 -6.403e+08 6.403e+08
 -3.602e+08 3.602e+08
 2.133e+08 -2.133e+08
 -7.007e+07 7.007e+07
 6.255e+08 -6.255e+08
 1.145e+08 -1.145e+08
 -3.956e+08 3.956e+08
 -3.147e+07 3.147e+07
 -6.566e+08 6.566e+08
 5.373e+08 -5.373e+08
 -2.551e+08 2.551e+08
 9.675e+08 -9.675e+08
 -7.486e+07 7.486e+07
 -1.978e+08 1.978e+08
 3.357e+08 -3.357e+08
 3.912e+08 -3.912e+08
 -1.15e+08 1.15e+08
 -7.196e+08 7.196e+08
 -4.338e+08 4.338e+08
 -6.675e+08 6.675e+08
 2.106e+08 -2.106e+08
 -3.315e+07 3.315e+07
 -5.752e+08 5.752e+08
 -3.758e+08 3.758e+08
 3.86e+08 -3.86e+08
 -2.127e+07 2.127e+07
 -3.318e+07 3.318e+07
 2.056e+08 -2.056e+08
 -2.168e+08 2.168e+08
 -3.698e+08 3.698e+08
 -4.656e+08 4.656e+08
 -4.021e+08 4.021e+08
 -4.128e+08 4.128e+08
 -2.625e+08 2.625e+08
 -3.964e+08 3.964e+08
 -6.267e+08 6.267e+08
 1.266e+07 -1.266e+07
 -4.734e+08 4.734e+08
 -5.64e+08 5.64e+08
 4.12e+08 -4.12e+08
 -5.405e+08 5.405e+08
 2.36e+08 -2.36e+08
 7.212e+08 -7.212e+08
 -2.322e+08 2.322e+08
 -3.058e+08 3.058e+08
 -4.643e+08 4.643e+08
 -2.705e+08 2.705e+08
 -8.681e+07 8.681e+07
 6.997e+07 -6.997e+07
 2.156e+08 -2.156e+08
 1.598e+08 -1.598e+08
 -3.123e+08 3.123e+08
 -2.303e+08 2.303e+08
 2.665e+08 -2.665e+08
 2.461e+08 -2.461e+08
 -1.632e+08 1.632e+08
 -3.684e+05 3.684e+05
 1.221e+08 -1.221e+08
 1.826e+08 -1.826e+08
 -2.453e+08 2.453e+08
 3.326e+08 -3.326e+08
 -2.188e+08 2.188e+08
 -5.668e+08 5.668e+08
 -4.669e+07 4.669e+07
 -1.086e+07 1.086e+07
 -7.1e+08 7.1e+08
 1.149e+08 -1.149e+08
 -3.46e+07 3.46e+07
 7.305e+07 -7.305e+07
 1.08e+07 -1.08e+07
 2.554e+07 -2.554e+07
 -9.516e+07 9.516e+07
 -3.82e+07 3.82e+07
 4.443e+08 -4.443e+08
 5.614e+08 -5.614e+08
 -2.169e+08 2.169e+08
 -3.306e+08 3.306e+08
 4.062e+08 -4.062e+08
 2.383e+08 -2.383e+08
 3.621e+08 -3.621e+08
 -1.927e+08 1.927e+08
 2.105e+08 -2.105e+08
 1.08e+08 -1.08e+08
 -1.403e+08 1.403e+08
 3.57e+08 -3.57e+08
 -1.456e+08 1.456e+08
 -3.113e+08 3.113e+08
 -1.464e+08 1.464e+08
 -1.336e+08 1.336e+08
 3.273e+08 -3.273e+08
 -8.891e+07 8.891e+07
 -1.384e+07 1.384e+07
 -1.06e+08 1.06e+08
 3.911e+07 -3.911e+07
 -5.152e+08 5.152e+08
 2.438e+08 -2.438e+08
 -6.216e+07 6.216e+07
 3.029e+08 -3.029e+08
 -6.677e+07 6.677e+07
 -4.62e+08 4.62e+08
 -2.454e+08 2.454e+08
 -4.055e+08 4.055e+08
 9.227e+07 -9.227e+07
 -2.821e+08 2.821e+08
 1.955e+08 -1.955e+08
 1.197e+08 -1.197e+08
 -3.248e+08 3.248e+08
 -1.999e+08 1.999e+08
 -6.908e+07 6.908e+07
 -4.886e+08 4.886e+08
 4.013e+08 -4.013e+08
 -4.244e+08 4.244e+08
 -5.919e+08 5.919e+08
 -9.068e+07 9.068e+07
 -1.462e+07 1.462e+07
 -2.375e+08 2.375e+08
 -2.993e+08 2.993e+08
 -4.548e+07 4.548e+07
 -7.06e+08 7.06e+08
 -4.435e+07 4.435e+07
 -6.987e+08 6.987e+08
 -4.772e+08 4.772e+08
 -3.192e+08 3.192e+08
 9.495e+07 -9.495e+07
 -3.311e+08 3.311e+08
 3.212e+07 -3.212e+07
 -2.357e+08 2.357e+08
 6.992e+08 -6.992e+08
 1.205e+09 -1.205e+09
 -5.625e+08 5.625e+08
 -2.946e+08 2.946e+08
 -1.041e+09 1.041e+09
 4.983e+08 -4.983e+08
 5.579e+08 -5.579e+08
 8.906e+08 -8.906e+08
 4.074e+07 -4.074e+07
 -6.827e+08 6.827e+08
 4.553e+08 -4.553e+08
 -6.329e+08 6.329e+08
 -2.782e+08 2.782e+08
 -3.253e+08 3.253e+08
 -1.389e+08 1.389e+08
 -2.255e+08 2.255e+08
 7.438e+07 -7.438e+07
 -1.779e+08 1.779e+08
 1.783e+08 -1.783e+08
 -3.059e+07 3.059e+07
 2.811e+08 -2.811e+08
 4.146e+08 -4.146e+08
 -8.245e+08 8.245e+08
 -4.871e+08 4.871e+08
 -1.977e+08 1.977e+08
 -2.562e+08 2.562e+08
 3.589e+08 -3.589e+08
 5.909e+08 -5.909e+08
 -2.693e+08 2.693e+08
 -2.288e+08 2.288e+08
 -6.001e+08 6.001e+08
 -2.028e+08 2.028e+08
 5.192e+08 -5.192e+08
 3.533e+08 -3.533e+08
 -3.005e+08 3.005e+08
 1.488e+08 -1.488e+08
 -6.367e+08 6.367e+08
 1.868e+08 -1.868e+08
 9.189e+07 -9.189e+07
 -3.682e+08 3.682e+08
 5.856e+07 -5.856e+07
 -3.977e+08 3.977e+08
 9.434e+06 -9.434e+06
 -2.928e+08 2.928e+08
 6.423e+08 -6.423e+08
 -2.687e+08 2.687e+08
 2.584e+08 -2.584e+08
 -1.865e+08 1.865e+08
 -1.5e+05 1.5e+05
 -2.758e+08 2.758e+08
 1.391e+07 -1.391e+07
 1.39e+08 -1.39e+08
 -2.125e+08 2.125e+08
 -3.739e+08 3.739e+08
 2.223e+08 -2.223e+08
 -8.968e+07 8.968e+07
 1.301e+08 -1.301e+08
 9.806e+07 -9.806e+07
 -5.218e+08 5.218e+08
 -5.661e+08 5.661e+08
 4.984e+07 -4.984e+07
 -5.298e+08 5.298e+08
 -4.59e+08 4.59e+08
 5.604e+08 -5.604e+08
 -2.361e+08 2.361e+08
 3.826e+08 -3.826e+08
 1.688e+08 -1.688e+08
 5.312e+08 -5.312e+08
 -1.402e+08 1.402e+08
 1.313e+07 -1.313e+07
 1.232e+08 -1.232e+08
 -3.228e+08 3.228e+08
 1.241e+08 -1.241e+08
 9.289e+08 -9.289e+08
 -2.026e+08 2.026e+08
 5.289e+08 -5.289e+08
 5.556e+08 -5.556e+08
 -3.398e+08 3.398e+08
 5.192e+07 -5.192e+07
 -4.233e+08 4.233e+08
 5.879e+08 -5.879e+08
 -2.359e+08 2.359e+08
 1.419e+08 -1.419e+08
 5.101e+08 -5.101e+08
 4.918e+08 -4.918e+08
 3.602e+08 -3.602e+08
 6.641e+07 -6.641e+07
 1.209e+08 -1.209e+08
 4.168e+07 -4.168e+07
 -4.127e+08 4.127e+08
 3.742e+08 -3.742e+08


