# Created by Octave 5.2.0, Thu Sep 24 16:38:41 2020 CEST <jiwidi@land>
# name: w
# type: matrix
# rows: 1281
# columns: 2
 120 -120
 -2.129e+04 2.129e+04
 -4.758e+04 4.758e+04
 1.655e+04 -1.655e+04
 -2.683e+04 2.683e+04
 1.512e+04 -1.512e+04
 -3402 3402
 1.027e+05 -1.027e+05
 7.96e+04 -7.96e+04
 4.851e+04 -4.851e+04
 5.537e+04 -5.537e+04
 -3.838e+04 3.838e+04
 -1.947e+04 1.947e+04
 -8.621e+04 8.621e+04
 3.26e+04 -3.26e+04
 3.108e+04 -3.108e+04
 2.854e+04 -2.854e+04
 9542 -9542
 -2.454e+04 2.454e+04
 3.373e+04 -3.373e+04
 -1.149e+04 1.149e+04
 -3.125e+04 3.125e+04
 -4.261e+04 4.261e+04
 -1996 1996
 2.167e+04 -2.167e+04
 -2.176e+04 2.176e+04
 -3.732e+04 3.732e+04
 -3.606e+04 3.606e+04
 -4149 4149
 2.295e+04 -2.295e+04
 -3.787e+04 3.787e+04
 7586 -7586
 9.12e+04 -9.12e+04
 -1.277e+04 1.277e+04
 -4.043e+04 4.043e+04
 18.78 -18.78
 -5574 5574
 -2.365e+04 2.365e+04
 -4.894e+04 4.894e+04
 9.661e+04 -9.661e+04
 2.672e+04 -2.672e+04
 -1.801e+04 1.801e+04
 -4926 4926
 -1030 1030
 -8.256e+04 8.256e+04
 -2.26e+04 2.26e+04
 1.622e+04 -1.622e+04
 2.451e+04 -2.451e+04
 -5581 5581
 -3.073e+04 3.073e+04
 -3.074e+04 3.074e+04
 -8246 8246
 3140 -3140
 3.36e+04 -3.36e+04
 1.003e+05 -1.003e+05
 1.308e+04 -1.308e+04
 -2.596e+04 2.596e+04
 6.249e+04 -6.249e+04
 1.487e+04 -1.487e+04
 3912 -3912
 -4.292e+04 4.292e+04
 37.25 -37.25
 4912 -4912
 -5.985e+04 5.985e+04
 -1.99e+04 1.99e+04
 -4.186e+04 4.186e+04
 8695 -8695
 -1.222e+04 1.222e+04
 -6270 6270
 9.209e+04 -9.209e+04
 3.608e+04 -3.608e+04
 -1880 1880
 6429 -6429
 1.075e+04 -1.075e+04
 -2.972e+04 2.972e+04
 -1.24e+04 1.24e+04
 7.328e+04 -7.328e+04
 5.86e+04 -5.86e+04
 1.883e+04 -1.883e+04
 2.556e+04 -2.556e+04
 1.71e+04 -1.71e+04
 -6424 6424
 -1.301e+04 1.301e+04
 7153 -7153
 -3.268e+04 3.268e+04
 7266 -7266
 3901 -3901
 3.276e+04 -3.276e+04
 -3.792e+04 3.792e+04
 1.84e+04 -1.84e+04
 -2.178e+04 2.178e+04
 3493 -3493
 -3.516e+04 3.516e+04
 5904 -5904
 -3.703e+04 3.703e+04
 2.451e+04 -2.451e+04
 2.627e+04 -2.627e+04
 -2.67e+04 2.67e+04
 -4792 4792
 2.828e+04 -2.828e+04
 -6256 6256
 6363 -6363
 -8285 8285
 -1.358e+04 1.358e+04
 -3.393e+04 3.393e+04
 6.596e+04 -6.596e+04
 1.609e+04 -1.609e+04
 -1.255e+04 1.255e+04
 -1.322e+04 1.322e+04
 -2494 2494
 -6.64e+04 6.64e+04
 -4005 4005
 3829 -3829
 -1244 1244
 -5.025e+04 5.025e+04
 -7387 7387
 2.135e+04 -2.135e+04
 -3.17e+04 3.17e+04
 -1645 1645
 1.444e+04 -1.444e+04
 2924 -2924
 1.419e+04 -1.419e+04
 -1.766e+04 1.766e+04
 5.397e+04 -5.397e+04
 -4166 4166
 -2.757e+04 2.757e+04
 2.725e+04 -2.725e+04
 2.774e+04 -2.774e+04
 1.868e+04 -1.868e+04
 6017 -6017
 5264 -5264
 2.116e+04 -2.116e+04
 1.194e+04 -1.194e+04
 -6664 6664
 -1.192e+04 1.192e+04
 -6414 6414
 -4548 4548
 1.001e+04 -1.001e+04
 2.441e+04 -2.441e+04
 2.009e+04 -2.009e+04
 2.034e+04 -2.034e+04
 9967 -9967
 -1.787e+04 1.787e+04
 -3.445e+04 3.445e+04
 -2.906e+04 2.906e+04
 -2.297e+04 2.297e+04
 -3373 3373
 3.689e+04 -3.689e+04
 5.224e+04 -5.224e+04
 2.455e+04 -2.455e+04
 8.994e+04 -8.994e+04
 3.123e+04 -3.123e+04
 3.323e+04 -3.323e+04
 3.443e+04 -3.443e+04
 4.427e+04 -4.427e+04
 5049 -5049
 -1.703e+04 1.703e+04
 2.16e+04 -2.16e+04
 2.313e+04 -2.313e+04
 -4.221e+04 4.221e+04
 -87.3 87.3
 -2.019e+04 2.019e+04
 -1.258e+05 1.258e+05
 1.148e+04 -1.148e+04
 -1.279e+04 1.279e+04
 499.8 -499.8
 -1.933e+04 1.933e+04
 -3.088e+04 3.088e+04
 9960 -9960
 -1.674e+04 1.674e+04
 2411 -2411
 3.129e+04 -3.129e+04
 4.224e+04 -4.224e+04
 2.712e+04 -2.712e+04
 -1.033e+04 1.033e+04
 1.283e+04 -1.283e+04
 1852 -1852
 -2.231e+04 2.231e+04
 3.015e+04 -3.015e+04
 2.691e+04 -2.691e+04
 3.714e+04 -3.714e+04
 -4.092e+04 4.092e+04
 -2.183e+04 2.183e+04
 2.029e+04 -2.029e+04
 8601 -8601
 4.769e+04 -4.769e+04
 1.58e+04 -1.58e+04
 -6.543e+04 6.543e+04
 -4.186e+04 4.186e+04
 -9742 9742
 -7502 7502
 -4.972e+04 4.972e+04
 7201 -7201
 9658 -9658
 7715 -7715
 1.339e+04 -1.339e+04
 -1.732e+04 1.732e+04
 5.239e+04 -5.239e+04
 7.394e+04 -7.394e+04
 -2.963e+04 2.963e+04
 -3.33e+04 3.33e+04
 -2.799e+04 2.799e+04
 3.608e+04 -3.608e+04
 3188 -3188
 -5527 5527
 -3.243e+04 3.243e+04
 -2.658e+04 2.658e+04
 1.534e+04 -1.534e+04
 -4.879e+04 4.879e+04
 5.303e+04 -5.303e+04
 -7.22e+04 7.22e+04
 2.898e+04 -2.898e+04
 -4.468e+04 4.468e+04
 1.211e+04 -1.211e+04
 5.759e+04 -5.759e+04
 -6.496e+04 6.496e+04
 -2.105e+04 2.105e+04
 -4.677e+04 4.677e+04
 1.273e+04 -1.273e+04
 -2.34e+04 2.34e+04
 -4.094e+04 4.094e+04
 2978 -2978
 8766 -8766
 1.393e+04 -1.393e+04
 -2.065e+04 2.065e+04
 -2.182e+04 2.182e+04
 1.913e+04 -1.913e+04
 5.8e+04 -5.8e+04
 4.895e+04 -4.895e+04
 1.192e+04 -1.192e+04
 -2.652e+04 2.652e+04
 1.259e+05 -1.259e+05
 -6.358e+04 6.358e+04
 -2.577e+04 2.577e+04
 -4606 4606
 -4.241e+04 4.241e+04
 -8590 8590
 -1.051e+04 1.051e+04
 -1.575e+04 1.575e+04
 -1.59e+04 1.59e+04
 -2.64e+04 2.64e+04
 2.003e+04 -2.003e+04
 -1.726e+04 1.726e+04
 2.608e+04 -2.608e+04
 -4.14e+04 4.14e+04
 -1.216e+04 1.216e+04
 6930 -6930
 -1.168e+04 1.168e+04
 1.393e+04 -1.393e+04
 -2400 2400
 1.161e+04 -1.161e+04
 -7612 7612
 3.611e+04 -3.611e+04
 -3.204e+04 3.204e+04
 2.575e+04 -2.575e+04
 -3.266e+04 3.266e+04
 -1.389e+04 1.389e+04
 -6.085e+04 6.085e+04
 5.607e+04 -5.607e+04
 9776 -9776
 1.986e+04 -1.986e+04
 3.629e+04 -3.629e+04
 4825 -4825
 1.124e+04 -1.124e+04
 3979 -3979
 3465 -3465
 -7.352e+04 7.352e+04
 -3.642e+04 3.642e+04
 -1.801e+04 1.801e+04
 2.053e+04 -2.053e+04
 1.931e+04 -1.931e+04
 -4.057e+04 4.057e+04
 -6.261e+04 6.261e+04
 -2.904e+04 2.904e+04
 5.387e+04 -5.387e+04
 1766 -1766
 -5.965e+04 5.965e+04
 -2.956e+04 2.956e+04
 -2.241e+04 2.241e+04
 -4718 4718
 -2.676e+04 2.676e+04
 2.945e+04 -2.945e+04
 -2.659e+04 2.659e+04
 6297 -6297
 1.01e+04 -1.01e+04
 -7.336e+04 7.336e+04
 4595 -4595
 5.689e+04 -5.689e+04
 2.158e+04 -2.158e+04
 -4005 4005
 -1.161e+04 1.161e+04
 5.809e+04 -5.809e+04
 2.546e+04 -2.546e+04
 3.169e+04 -3.169e+04
 -1.455e+04 1.455e+04
 -8468 8468
 7.763e+04 -7.763e+04
 8255 -8255
 -5.914e+04 5.914e+04
 -2.322e+04 2.322e+04
 1.713e+04 -1.713e+04
 1.193e+04 -1.193e+04
 5707 -5707
 -2.866e+04 2.866e+04
 -2.598e+04 2.598e+04
 -1.695e+04 1.695e+04
 -2.182e+04 2.182e+04
 5.919e+04 -5.919e+04
 7.091e+04 -7.091e+04
 -3.586e+04 3.586e+04
 2527 -2527
 1814 -1814
 -2.312e+04 2.312e+04
 -692.5 692.5
 -6.097e+04 6.097e+04
 -7.856e+04 7.856e+04
 1.811e+04 -1.811e+04
 6.065e+04 -6.065e+04
 2.91e+04 -2.91e+04
 6642 -6642
 -9611 9611
 -1.955e+04 1.955e+04
 3236 -3236
 3.998e+04 -3.998e+04
 -6352 6352
 -4.058e+04 4.058e+04
 4.658e+04 -4.658e+04
 -1.718e+04 1.718e+04
 -5.808e+04 5.808e+04
 -3.262e+04 3.262e+04
 -2.974e+04 2.974e+04
 6580 -6580
 -7172 7172
 1.403e+04 -1.403e+04
 1.12e+05 -1.12e+05
 -7.915e+04 7.915e+04
 -4736 4736
 5.61e+04 -5.61e+04
 -6.138e+04 6.138e+04
 2.85e+04 -2.85e+04
 -4184 4184
 -1.664e+04 1.664e+04
 -1.952e+04 1.952e+04
 3.903e+04 -3.903e+04
 3.141e+04 -3.141e+04
 9870 -9870
 -9313 9313
 1.817e+04 -1.817e+04
 2.528e+04 -2.528e+04
 9960 -9960
 1277 -1277
 3.97e+04 -3.97e+04
 4239 -4239
 4970 -4970
 -4.506e+04 4.506e+04
 1.611e+04 -1.611e+04
 -2.036e+04 2.036e+04
 2.922e+04 -2.922e+04
 1.794e+04 -1.794e+04
 -7.388e+04 7.388e+04
 4331 -4331
 -2.214e+04 2.214e+04
 -5.094e+04 5.094e+04
 -1.153e+04 1.153e+04
 1.958e+04 -1.958e+04
 -2.364e+04 2.364e+04
 4.741e+04 -4.741e+04
 -5609 5609
 -3979 3979
 -3.719e+04 3.719e+04
 7.017e+04 -7.017e+04
 -1617 1617
 -1434 1434
 -2.855e+04 2.855e+04
 -7163 7163
 1.874e+04 -1.874e+04
 2.835e+04 -2.835e+04
 2.135e+04 -2.135e+04
 -3.906e+04 3.906e+04
 -3.276e+04 3.276e+04
 5.004e+04 -5.004e+04
 2.148e+04 -2.148e+04
 1.339e+04 -1.339e+04
 -1.844e+04 1.844e+04
 -2096 2096
 1940 -1940
 3543 -3543
 -5.07e+04 5.07e+04
 4124 -4124
 4243 -4243
 2.875e+04 -2.875e+04
 -5.112e+04 5.112e+04
 1.767e+04 -1.767e+04
 4.008e+04 -4.008e+04
 -1.977e+04 1.977e+04
 4.22e+04 -4.22e+04
 -2.003e+04 2.003e+04
 2.659e+04 -2.659e+04
 566.2 -566.2
 -2.86e+04 2.86e+04
 4.539e+04 -4.539e+04
 -5.842e+04 5.842e+04
 -7.913e+04 7.913e+04
 -5.985e+04 5.985e+04
 2.308e+04 -2.308e+04
 -1.456e+04 1.456e+04
 -8204 8204
 -7.602e+04 7.602e+04
 5.667e+04 -5.667e+04
 -1.328e+04 1.328e+04
 1.696e+04 -1.696e+04
 8729 -8729
 -2.219e+04 2.219e+04
 -5134 5134
 3252 -3252
 -1.455e+04 1.455e+04
 4.451e+04 -4.451e+04
 -4.307e+04 4.307e+04
 -4.746e+04 4.746e+04
 7710 -7710
 -2.074e+04 2.074e+04
 3.011e+04 -3.011e+04
 -4.311e+04 4.311e+04
 -5.33e+04 5.33e+04
 124.2 -124.2
 4.654e+04 -4.654e+04
 7289 -7289
 1.56e+04 -1.56e+04
 -1.735e+04 1.735e+04
 -7.947e+04 7.947e+04
 8744 -8744
 5.177e+04 -5.177e+04
 -3.122e+04 3.122e+04
 4691 -4691
 2.253e+04 -2.253e+04
 -9934 9934
 6.14e+04 -6.14e+04
 -1.429e+04 1.429e+04
 5131 -5131
 -7216 7216
 -4.72e+04 4.72e+04
 -5350 5350
 -7.825e+04 7.825e+04
 3.901e+04 -3.901e+04
 -3.361e+04 3.361e+04
 -8110 8110
 7691 -7691
 -1.789e+04 1.789e+04
 2.32e+04 -2.32e+04
 1.454e+04 -1.454e+04
 2230 -2230
 -3.089e+04 3.089e+04
 -2.375e+04 2.375e+04
 -1.098e+04 1.098e+04
 4.286e+04 -4.286e+04
 -8.897e+04 8.897e+04
 -6250 6250
 1863 -1863
 -3.398e+04 3.398e+04
 -1.311e+04 1.311e+04
 -1.206e+04 1.206e+04
 6.866e+04 -6.866e+04
 2.239e+04 -2.239e+04
 -4171 4171
 -3.292e+04 3.292e+04
 -4.59e+04 4.59e+04
 2.762e+04 -2.762e+04
 -1.902e+04 1.902e+04
 -9948 9948
 -2.184e+04 2.184e+04
 3.173e+04 -3.173e+04
 1.144e+05 -1.144e+05
 -3.032e+04 3.032e+04
 3988 -3988
 2.946e+04 -2.946e+04
 1.682e+04 -1.682e+04
 -7.887e+04 7.887e+04
 -9011 9011
 5.745e+04 -5.745e+04
 -5796 5796
 1.405e+04 -1.405e+04
 -3.26e+04 3.26e+04
 -3.097e+04 3.097e+04
 -2.584e+04 2.584e+04
 -1.782e+04 1.782e+04
 -1.512e+04 1.512e+04
 -1.422e+04 1.422e+04
 5401 -5401
 1.015e+04 -1.015e+04
 1.08e+04 -1.08e+04
 -1.57e+04 1.57e+04
 -9926 9926
 -2.117e+04 2.117e+04
 -1.089e+04 1.089e+04
 2.604e+04 -2.604e+04
 -4.573e+04 4.573e+04
 -3.1e+04 3.1e+04
 6.405e+04 -6.405e+04
 -2.422e+04 2.422e+04
 -1.666e+04 1.666e+04
 -1.085e+04 1.085e+04
 3.574e+04 -3.574e+04
 2.42e+04 -2.42e+04
 9126 -9126
 -1.533e+04 1.533e+04
 -8250 8250
 1.925e+04 -1.925e+04
 -4.347e+04 4.347e+04
 4.505e+04 -4.505e+04
 2.556e+04 -2.556e+04
 -3.053e+04 3.053e+04
 -2.537e+04 2.537e+04
 -5.854e+04 5.854e+04
 3.098e+04 -3.098e+04
 2.834e+04 -2.834e+04
 -1.494e+04 1.494e+04
 2.163e+04 -2.163e+04
 2.199e+04 -2.199e+04
 -4.029e+04 4.029e+04
 2.696e+04 -2.696e+04
 -452.3 452.3
 -5983 5983
 -5.101e+04 5.101e+04
 -2.607e+04 2.607e+04
 -4.162e+04 4.162e+04
 1.753e+04 -1.753e+04
 -1.049e+04 1.049e+04
 -2.24e+04 2.24e+04
 -3.724e+04 3.724e+04
 3.135e+04 -3.135e+04
 -7964 7964
 -4601 4601
 -3.352e+04 3.352e+04
 -5.36e+04 5.36e+04
 3.217e+04 -3.217e+04
 -1.025e+04 1.025e+04
 -1.26e+04 1.26e+04
 -4718 4718
 2.564e+04 -2.564e+04
 5567 -5567
 315.7 -315.7
 4.255e+04 -4.255e+04
 2.94e+04 -2.94e+04
 1.262e+04 -1.262e+04
 2.512e+04 -2.512e+04
 2.003e+04 -2.003e+04
 -5.405e+04 5.405e+04
 2.679e+04 -2.679e+04
 -2.333e+04 2.333e+04
 -6385 6385
 2491 -2491
 6.623e+04 -6.623e+04
 6177 -6177
 -2.303e+04 2.303e+04
 4.427e+04 -4.427e+04
 9.331e+04 -9.331e+04
 6.659e+04 -6.659e+04
 4.72e+04 -4.72e+04
 1.593e+04 -1.593e+04
 -8602 8602
 -3126 3126
 -2.052e+04 2.052e+04
 7.234e+04 -7.234e+04
 -6.346e+04 6.346e+04
 -1.518e+04 1.518e+04
 1.25e+04 -1.25e+04
 -3.323e+04 3.323e+04
 -3.313e+04 3.313e+04
 1.024e+04 -1.024e+04
 -1.901e+04 1.901e+04
 -8962 8962
 5.619e+04 -5.619e+04
 1.944e+04 -1.944e+04
 4.456e+04 -4.456e+04
 -1.136e+04 1.136e+04
 -2.692e+04 2.692e+04
 -6.476e+04 6.476e+04
 9199 -9199
 -3.206e+04 3.206e+04
 -6.953e+04 6.953e+04
 -5.821e+04 5.821e+04
 -1.825e+04 1.825e+04
 713.8 -713.8
 -1.009e+04 1.009e+04
 -3.657e+04 3.657e+04
 -1.57e+04 1.57e+04
 -4.136e+04 4.136e+04
 -7882 7882
 2.439e+04 -2.439e+04
 -2.163e+04 2.163e+04
 -4.303e+04 4.303e+04
 8726 -8726
 -2.451e+04 2.451e+04
 2.391e+04 -2.391e+04
 1.442e+04 -1.442e+04
 5.74e+04 -5.74e+04
 -4.712e+04 4.712e+04
 -4630 4630
 4.393e+04 -4.393e+04
 -1.308e+04 1.308e+04
 -1.186e+04 1.186e+04
 1.703e+04 -1.703e+04
 -9081 9081
 -7454 7454
 -5962 5962
 -1.792e+04 1.792e+04
 3.342e+04 -3.342e+04
 -4.952e+04 4.952e+04
 -1.215e+04 1.215e+04
 1.954e+04 -1.954e+04
 1.508e+04 -1.508e+04
 -5386 5386
 -771.5 771.5
 5.321e+04 -5.321e+04
 -4.742e+04 4.742e+04
 1.212e+04 -1.212e+04
 6.949e+04 -6.949e+04
 5.438e+04 -5.438e+04
 -1394 1394
 -5.648e+04 5.648e+04
 2.8e+04 -2.8e+04
 -2.992e+04 2.992e+04
 3.794e+04 -3.794e+04
 -5.033e+04 5.033e+04
 4.612e+04 -4.612e+04
 -4.987e+04 4.987e+04
 4653 -4653
 -3.562e+04 3.562e+04
 1.887e+04 -1.887e+04
 3.701e+04 -3.701e+04
 -4.062e+04 4.062e+04
 2.725e+04 -2.725e+04
 -1899 1899
 6.712e+04 -6.712e+04
 3.4e+04 -3.4e+04
 1.592e+04 -1.592e+04
 3.185e+04 -3.185e+04
 -6.495e+04 6.495e+04
 1.417e+04 -1.417e+04
 1.007e+04 -1.007e+04
 4.689e+04 -4.689e+04
 -2.369e+04 2.369e+04
 -2.159e+04 2.159e+04
 -3.319e+04 3.319e+04
 4.096e+04 -4.096e+04
 1.637e+04 -1.637e+04
 -1.944e+04 1.944e+04
 -1.825e+04 1.825e+04
 -2.774e+04 2.774e+04
 -2352 2352
 6904 -6904
 3.729e+04 -3.729e+04
 -1.571e+04 1.571e+04
 -1.912e+04 1.912e+04
 4.848e+04 -4.848e+04
 -4806 4806
 6e+04 -6e+04
 2.273e+04 -2.273e+04
 3.172e+04 -3.172e+04
 3.514e+04 -3.514e+04
 9507 -9507
 -2.094e+04 2.094e+04
 6968 -6968
 -963.9 963.9
 -1697 1697
 -1.484e+04 1.484e+04
 5.603e+04 -5.603e+04
 -8683 8683
 21.54 -21.54
 4.538e+04 -4.538e+04
 -1.661e+04 1.661e+04
 -3.428e+04 3.428e+04
 4.017e+04 -4.017e+04
 4649 -4649
 -2.479e+04 2.479e+04
 -4010 4010
 3.02e+04 -3.02e+04
 1.777e+04 -1.777e+04
 3.175e+04 -3.175e+04
 -3.849e+04 3.849e+04
 -3.167e+04 3.167e+04
 -7536 7536
 -5179 5179
 6.94e+04 -6.94e+04
 -2.116e+04 2.116e+04
 -5.783e+04 5.783e+04
 -2.229e+04 2.229e+04
 -4.631e+04 4.631e+04
 7.145e+04 -7.145e+04
 -1.747e+04 1.747e+04
 3.632e+04 -3.632e+04
 4.602e+04 -4.602e+04
 1.772e+04 -1.772e+04
 -3.34e+04 3.34e+04
 -3509 3509
 1041 -1041
 1.488e+04 -1.488e+04
 1.977e+04 -1.977e+04
 7.832e+04 -7.832e+04
 -3.363e+04 3.363e+04
 3.185e+04 -3.185e+04
 -1.29e+04 1.29e+04
 3.137e+04 -3.137e+04
 2.173e+04 -2.173e+04
 -4.826e+04 4.826e+04
 3.892e+04 -3.892e+04
 2.524e+04 -2.524e+04
 8.988e+04 -8.988e+04
 -2204 2204
 1082 -1082
 -7001 7001
 -1.818e+04 1.818e+04
 -1.951e+04 1.951e+04
 4.321e+04 -4.321e+04
 -4.049e+04 4.049e+04
 -1.469e+04 1.469e+04
 -5.457e+04 5.457e+04
 1220 -1220
 -2.443e+04 2.443e+04
 -4.494e+04 4.494e+04
 -5.06e+04 5.06e+04
 7.662e+04 -7.662e+04
 -3.853e+04 3.853e+04
 7.306e+04 -7.306e+04
 1.992e+04 -1.992e+04
 1.199e+04 -1.199e+04
 -3.986e+04 3.986e+04
 1.01e+05 -1.01e+05
 4.269e+04 -4.269e+04
 4.523e+04 -4.523e+04
 4.857e+04 -4.857e+04
 -5.184e+04 5.184e+04
 9805 -9805
 9292 -9292
 -7.657e+04 7.657e+04
 -3.72e+04 3.72e+04
 4.42e+04 -4.42e+04
 -2.018e+04 2.018e+04
 -380 380
 -8.323e+04 8.323e+04
 1.569e+04 -1.569e+04
 2.304e+04 -2.304e+04
 -8.163e+04 8.163e+04
 892.2 -892.2
 -4.648e+04 4.648e+04
 -2.672e+04 2.672e+04
 1.637e+04 -1.637e+04
 -8153 8153
 1.944e+04 -1.944e+04
 7186 -7186
 4.465e+04 -4.465e+04
 -6.778e+04 6.778e+04
 -9.83e+04 9.83e+04
 9728 -9728
 1.079e+04 -1.079e+04
 -1.65e+04 1.65e+04
 5.544e+04 -5.544e+04
 4.011e+04 -4.011e+04
 -4.618e+04 4.618e+04
 -5.835e+04 5.835e+04
 -9.271e+04 9.271e+04
 5965 -5965
 1488 -1488
 3.372e+04 -3.372e+04
 8.626e+04 -8.626e+04
 -1.427e+04 1.427e+04
 -2.774e+04 2.774e+04
 -3233 3233
 -1.626e+04 1.626e+04
 1181 -1181
 -6092 6092
 1572 -1572
 2.066e+04 -2.066e+04
 -2741 2741
 3.288e+04 -3.288e+04
 2.449e+04 -2.449e+04
 -6.588e+04 6.588e+04
 1.995e+04 -1.995e+04
 3.713e+04 -3.713e+04
 -1.324e+05 1.324e+05
 -2.037e+04 2.037e+04
 173 -173
 3.265e+04 -3.265e+04
 -2.253e+04 2.253e+04
 -9140 9140
 3.026e+04 -3.026e+04
 -1.717e+04 1.717e+04
 -2.103e+04 2.103e+04
 8.084e+04 -8.084e+04
 -4.009e+04 4.009e+04
 2043 -2043
 -9.949e+04 9.949e+04
 -3.729e+04 3.729e+04
 1981 -1981
 1.13e+04 -1.13e+04
 -3.88e+04 3.88e+04
 -1.35e+04 1.35e+04
 -4.246e+04 4.246e+04
 -3.304e+04 3.304e+04
 1872 -1872
 1.132e+04 -1.132e+04
 2.14e+04 -2.14e+04
 9750 -9750
 -3.171e+04 3.171e+04
 1.596e+04 -1.596e+04
 1.051e+04 -1.051e+04
 -955.4 955.4
 -8752 8752
 1.585e+04 -1.585e+04
 -3.273e+04 3.273e+04
 -1.051e+04 1.051e+04
 -6.957e+04 6.957e+04
 -8670 8670
 8166 -8166
 -7956 7956
 -2.554e+04 2.554e+04
 6472 -6472
 -1.849e+04 1.849e+04
 -9770 9770
 5493 -5493
 -2.617e+04 2.617e+04
 2205 -2205
 2.261e+04 -2.261e+04
 1.674e+04 -1.674e+04
 -1.588e+04 1.588e+04
 1.416e+05 -1.416e+05
 2.544e+04 -2.544e+04
 -3.463e+04 3.463e+04
 6317 -6317
 2.264e+04 -2.264e+04
 -4031 4031
 2.562e+04 -2.562e+04
 2.26e+04 -2.26e+04
 4.722e+04 -4.722e+04
 6.589e+04 -6.589e+04
 3.654e+04 -3.654e+04
 -1.735e+04 1.735e+04
 1525 -1525
 2.255e+04 -2.255e+04
 -2.6e+04 2.6e+04
 -1.576e+04 1.576e+04
 2504 -2504
 2407 -2407
 2.613e+04 -2.613e+04
 -1.618e+04 1.618e+04
 -5.868e+04 5.868e+04
 1.55e+04 -1.55e+04
 -2625 2625
 5.647e+04 -5.647e+04
 -3.614e+04 3.614e+04
 -4848 4848
 -5.553e+04 5.553e+04
 -4.281e+04 4.281e+04
 -1.842e+04 1.842e+04
 3.281e+04 -3.281e+04
 4.868e+04 -4.868e+04
 -1.925e+04 1.925e+04
 5049 -5049
 -1910 1910
 3888 -3888
 -1.479e+04 1.479e+04
 2.169e+04 -2.169e+04
 -8719 8719
 -5.138e+04 5.138e+04
 3.008e+04 -3.008e+04
 -20.91 20.91
 -3.752e+04 3.752e+04
 3.022e+04 -3.022e+04
 2.152e+04 -2.152e+04
 -2.579e+04 2.579e+04
 -731.6 731.6
 3839 -3839
 2.285e+04 -2.285e+04
 -3.978e+04 3.978e+04
 -6920 6920
 1.059e+05 -1.059e+05
 -5.571e+04 5.571e+04
 3913 -3913
 7.318e+04 -7.318e+04
 -6831 6831
 -8.214e+04 8.214e+04
 1.663e+04 -1.663e+04
 3.265e+04 -3.265e+04
 1.316e+04 -1.316e+04
 -8875 8875
 -3.816e+04 3.816e+04
 -3.976e+04 3.976e+04
 -8.127e+04 8.127e+04
 2.771e+04 -2.771e+04
 1.512e+04 -1.512e+04
 5156 -5156
 -3.404e+04 3.404e+04
 7230 -7230
 -1.493e+04 1.493e+04
 -4.394e+04 4.394e+04
 -4.83e+04 4.83e+04
 -1.736e+04 1.736e+04
 3632 -3632
 7262 -7262
 -1.534e+04 1.534e+04
 -3.987e+04 3.987e+04
 6.225e+04 -6.225e+04
 3.695e+04 -3.695e+04
 2.523e+04 -2.523e+04
 -1.009e+05 1.009e+05
 -1.317e+04 1.317e+04
 -4.104e+04 4.104e+04
 532.3 -532.3
 6119 -6119
 3.602e+04 -3.602e+04
 -5441 5441
 1.69e+04 -1.69e+04
 -5.028e+04 5.028e+04
 -1.561e+04 1.561e+04
 -3.479e+04 3.479e+04
 -5.144e+04 5.144e+04
 3e+04 -3e+04
 1.8e+04 -1.8e+04
 2.853e+04 -2.853e+04
 5.814e+04 -5.814e+04
 -231.1 231.1
 3.689e+04 -3.689e+04
 4830 -4830
 -1.883e+04 1.883e+04
 5.366e+04 -5.366e+04
 -2.848e+04 2.848e+04
 4.558e+04 -4.558e+04
 -1.7e+04 1.7e+04
 1.098e+04 -1.098e+04
 -8138 8138
 5.792e+04 -5.792e+04
 -5.173e+04 5.173e+04
 2.669e+04 -2.669e+04
 -3.241e+04 3.241e+04
 7.747e+04 -7.747e+04
 6986 -6986
 3.308e+04 -3.308e+04
 4967 -4967
 -6375 6375
 1.826e+04 -1.826e+04
 -2.564e+04 2.564e+04
 -3.317e+04 3.317e+04
 2.219e+04 -2.219e+04
 -2.364e+04 2.364e+04
 1.335e+04 -1.335e+04
 -1.241e+04 1.241e+04
 -3.53e+04 3.53e+04
 1.084e+04 -1.084e+04
 -8421 8421
 8179 -8179
 1.163e+04 -1.163e+04
 -1.365e+04 1.365e+04
 -1.145e+04 1.145e+04
 -2.51e+04 2.51e+04
 1.347e+04 -1.347e+04
 -9340 9340
 -2403 2403
 -1.328e+04 1.328e+04
 2.604e+04 -2.604e+04
 7396 -7396
 1.982e+04 -1.982e+04
 4399 -4399
 -9072 9072
 -1.109e+04 1.109e+04
 -1.588e+04 1.588e+04
 -5.506e+04 5.506e+04
 -2.768e+04 2.768e+04
 -445.5 445.5
 3.496e+04 -3.496e+04
 -2.181e+04 2.181e+04
 -2.791e+04 2.791e+04
 1.621e+04 -1.621e+04
 -6276 6276
 4.891e+04 -4.891e+04
 2.627e+04 -2.627e+04
 6.346e+04 -6.346e+04
 -1.376e+04 1.376e+04
 3.495e+04 -3.495e+04
 -3.925e+04 3.925e+04
 1.713e+04 -1.713e+04
 1892 -1892
 1.158e+04 -1.158e+04
 -4025 4025
 5330 -5330
 -4.204e+04 4.204e+04
 -2.831e+04 2.831e+04
 -2.446e+04 2.446e+04
 3.206e+04 -3.206e+04
 -8507 8507
 -3.111e+04 3.111e+04
 9367 -9367
 -3.795e+04 3.795e+04
 -4.758e+04 4.758e+04
 -3.721e+04 3.721e+04
 -1.174e+04 1.174e+04
 2.455e+04 -2.455e+04
 -1.551e+04 1.551e+04
 -6126 6126
 3310 -3310
 6.55e+04 -6.55e+04
 -1.108e+04 1.108e+04
 1.958e+04 -1.958e+04
 1.42e+04 -1.42e+04
 2.673e+04 -2.673e+04
 5.818e+04 -5.818e+04
 1292 -1292
 1.358e+04 -1.358e+04
 -5.867e+04 5.867e+04
 1.64e+04 -1.64e+04
 -1.259e+04 1.259e+04
 1.284e+04 -1.284e+04
 -3.653e+04 3.653e+04
 -4.629e+04 4.629e+04
 -5.548e+04 5.548e+04
 2140 -2140
 4.031e+04 -4.031e+04
 2655 -2655
 3234 -3234
 -1.734e+04 1.734e+04
 3169 -3169
 -4.164e+04 4.164e+04
 -5.023e+04 5.023e+04
 -4.51e+04 4.51e+04
 -2.395e+04 2.395e+04
 1.561e+04 -1.561e+04
 2.275e+04 -2.275e+04
 4.407e+04 -4.407e+04
 2.354e+04 -2.354e+04
 3.216e+04 -3.216e+04
 -6513 6513
 -3.47e+04 3.47e+04
 1.014e+04 -1.014e+04
 -1.037e+04 1.037e+04
 1.16e+04 -1.16e+04
 -3.595e+04 3.595e+04
 -1.54e+04 1.54e+04
 2.656e+04 -2.656e+04
 -5.554e+04 5.554e+04
 5391 -5391
 -2.368e+04 2.368e+04
 4.732e+04 -4.732e+04
 -5833 5833
 2941 -2941
 -2.748e+04 2.748e+04
 1.923e+04 -1.923e+04
 -1.342e+04 1.342e+04
 3.019e+04 -3.019e+04
 -1.204e+04 1.204e+04
 5649 -5649
 3.633e+04 -3.633e+04
 972.6 -972.6
 2.468e+04 -2.468e+04
 -2.444e+04 2.444e+04
 -5.235e+04 5.235e+04
 6.167e+04 -6.167e+04
 4.764e+04 -4.764e+04
 1869 -1869
 -1.868e+04 1.868e+04
 7.18e+04 -7.18e+04
 1.637e+04 -1.637e+04
 4.082e+04 -4.082e+04
 4.451e+04 -4.451e+04
 -3.58e+04 3.58e+04
 -6.403e+04 6.403e+04
 -3.602e+04 3.602e+04
 2.133e+04 -2.133e+04
 -7007 7007
 6.255e+04 -6.255e+04
 1.145e+04 -1.145e+04
 -3.956e+04 3.956e+04
 -3147 3147
 -6.566e+04 6.566e+04
 5.373e+04 -5.373e+04
 -2.551e+04 2.551e+04
 9.675e+04 -9.675e+04
 -7486 7486
 -1.978e+04 1.978e+04
 3.357e+04 -3.357e+04
 3.912e+04 -3.912e+04
 -1.15e+04 1.15e+04
 -7.196e+04 7.196e+04
 -4.338e+04 4.338e+04
 -6.675e+04 6.675e+04
 2.106e+04 -2.106e+04
 -3315 3315
 -5.752e+04 5.752e+04
 -3.758e+04 3.758e+04
 3.86e+04 -3.86e+04
 -2127 2127
 -3318 3318
 2.056e+04 -2.056e+04
 -2.168e+04 2.168e+04
 -3.698e+04 3.698e+04
 -4.656e+04 4.656e+04
 -4.021e+04 4.021e+04
 -4.128e+04 4.128e+04
 -2.625e+04 2.625e+04
 -3.964e+04 3.964e+04
 -6.267e+04 6.267e+04
 1266 -1266
 -4.734e+04 4.734e+04
 -5.64e+04 5.64e+04
 4.12e+04 -4.12e+04
 -5.405e+04 5.405e+04
 2.36e+04 -2.36e+04
 7.212e+04 -7.212e+04
 -2.322e+04 2.322e+04
 -3.058e+04 3.058e+04
 -4.643e+04 4.643e+04
 -2.705e+04 2.705e+04
 -8681 8681
 6997 -6997
 2.156e+04 -2.156e+04
 1.598e+04 -1.598e+04
 -3.123e+04 3.123e+04
 -2.303e+04 2.303e+04
 2.665e+04 -2.665e+04
 2.461e+04 -2.461e+04
 -1.632e+04 1.632e+04
 -36.84 36.84
 1.221e+04 -1.221e+04
 1.826e+04 -1.826e+04
 -2.453e+04 2.453e+04
 3.326e+04 -3.326e+04
 -2.188e+04 2.188e+04
 -5.668e+04 5.668e+04
 -4669 4669
 -1086 1086
 -7.1e+04 7.1e+04
 1.149e+04 -1.149e+04
 -3460 3460
 7305 -7305
 1080 -1080
 2554 -2554
 -9516 9516
 -3820 3820
 4.443e+04 -4.443e+04
 5.614e+04 -5.614e+04
 -2.169e+04 2.169e+04
 -3.306e+04 3.306e+04
 4.062e+04 -4.062e+04
 2.383e+04 -2.383e+04
 3.621e+04 -3.621e+04
 -1.927e+04 1.927e+04
 2.105e+04 -2.105e+04
 1.08e+04 -1.08e+04
 -1.403e+04 1.403e+04
 3.57e+04 -3.57e+04
 -1.456e+04 1.456e+04
 -3.113e+04 3.113e+04
 -1.464e+04 1.464e+04
 -1.336e+04 1.336e+04
 3.273e+04 -3.273e+04
 -8891 8891
 -1384 1384
 -1.06e+04 1.06e+04
 3911 -3911
 -5.152e+04 5.152e+04
 2.438e+04 -2.438e+04
 -6216 6216
 3.029e+04 -3.029e+04
 -6677 6677
 -4.62e+04 4.62e+04
 -2.454e+04 2.454e+04
 -4.055e+04 4.055e+04
 9227 -9227
 -2.821e+04 2.821e+04
 1.955e+04 -1.955e+04
 1.197e+04 -1.197e+04
 -3.248e+04 3.248e+04
 -1.999e+04 1.999e+04
 -6908 6908
 -4.886e+04 4.886e+04
 4.013e+04 -4.013e+04
 -4.244e+04 4.244e+04
 -5.919e+04 5.919e+04
 -9068 9068
 -1462 1462
 -2.375e+04 2.375e+04
 -2.993e+04 2.993e+04
 -4548 4548
 -7.06e+04 7.06e+04
 -4435 4435
 -6.987e+04 6.987e+04
 -4.772e+04 4.772e+04
 -3.192e+04 3.192e+04
 9495 -9495
 -3.311e+04 3.311e+04
 3212 -3212
 -2.357e+04 2.357e+04
 6.992e+04 -6.992e+04
 1.205e+05 -1.205e+05
 -5.625e+04 5.625e+04
 -2.946e+04 2.946e+04
 -1.041e+05 1.041e+05
 4.983e+04 -4.983e+04
 5.579e+04 -5.579e+04
 8.906e+04 -8.906e+04
 4074 -4074
 -6.827e+04 6.827e+04
 4.553e+04 -4.553e+04
 -6.329e+04 6.329e+04
 -2.782e+04 2.782e+04
 -3.253e+04 3.253e+04
 -1.389e+04 1.389e+04
 -2.255e+04 2.255e+04
 7438 -7438
 -1.779e+04 1.779e+04
 1.783e+04 -1.783e+04
 -3059 3059
 2.811e+04 -2.811e+04
 4.146e+04 -4.146e+04
 -8.245e+04 8.245e+04
 -4.871e+04 4.871e+04
 -1.977e+04 1.977e+04
 -2.562e+04 2.562e+04
 3.589e+04 -3.589e+04
 5.909e+04 -5.909e+04
 -2.693e+04 2.693e+04
 -2.288e+04 2.288e+04
 -6.001e+04 6.001e+04
 -2.028e+04 2.028e+04
 5.192e+04 -5.192e+04
 3.533e+04 -3.533e+04
 -3.005e+04 3.005e+04
 1.488e+04 -1.488e+04
 -6.367e+04 6.367e+04
 1.868e+04 -1.868e+04
 9189 -9189
 -3.682e+04 3.682e+04
 5856 -5856
 -3.977e+04 3.977e+04
 943.4 -943.4
 -2.928e+04 2.928e+04
 6.423e+04 -6.423e+04
 -2.687e+04 2.687e+04
 2.584e+04 -2.584e+04
 -1.865e+04 1.865e+04
 -15 15
 -2.758e+04 2.758e+04
 1391 -1391
 1.39e+04 -1.39e+04
 -2.125e+04 2.125e+04
 -3.739e+04 3.739e+04
 2.223e+04 -2.223e+04
 -8968 8968
 1.301e+04 -1.301e+04
 9806 -9806
 -5.218e+04 5.218e+04
 -5.661e+04 5.661e+04
 4984 -4984
 -5.298e+04 5.298e+04
 -4.59e+04 4.59e+04
 5.604e+04 -5.604e+04
 -2.361e+04 2.361e+04
 3.826e+04 -3.826e+04
 1.688e+04 -1.688e+04
 5.312e+04 -5.312e+04
 -1.402e+04 1.402e+04
 1313 -1313
 1.232e+04 -1.232e+04
 -3.228e+04 3.228e+04
 1.241e+04 -1.241e+04
 9.289e+04 -9.289e+04
 -2.026e+04 2.026e+04
 5.289e+04 -5.289e+04
 5.556e+04 -5.556e+04
 -3.398e+04 3.398e+04
 5192 -5192
 -4.233e+04 4.233e+04
 5.879e+04 -5.879e+04
 -2.359e+04 2.359e+04
 1.419e+04 -1.419e+04
 5.101e+04 -5.101e+04
 4.918e+04 -4.918e+04
 3.602e+04 -3.602e+04
 6641 -6641
 1.209e+04 -1.209e+04
 4168 -4168
 -4.127e+04 4.127e+04
 3.742e+04 -3.742e+04


