# Created by Octave 5.2.0, Thu Sep 24 16:40:48 2020 CEST <jiwidi@land>
# name: w
# type: matrix
# rows: 1281
# columns: 2
 1.2e+04 -1.2e+04
 -2.129e+06 2.129e+06
 -4.758e+06 4.758e+06
 1.655e+06 -1.655e+06
 -2.683e+06 2.683e+06
 1.512e+06 -1.512e+06
 -3.402e+05 3.402e+05
 1.027e+07 -1.027e+07
 7.96e+06 -7.96e+06
 4.851e+06 -4.851e+06
 5.537e+06 -5.537e+06
 -3.838e+06 3.838e+06
 -1.947e+06 1.947e+06
 -8.621e+06 8.621e+06
 3.26e+06 -3.26e+06
 3.108e+06 -3.108e+06
 2.854e+06 -2.854e+06
 9.542e+05 -9.542e+05
 -2.454e+06 2.454e+06
 3.373e+06 -3.373e+06
 -1.149e+06 1.149e+06
 -3.125e+06 3.125e+06
 -4.261e+06 4.261e+06
 -1.996e+05 1.996e+05
 2.167e+06 -2.167e+06
 -2.176e+06 2.176e+06
 -3.732e+06 3.732e+06
 -3.606e+06 3.606e+06
 -4.149e+05 4.149e+05
 2.295e+06 -2.295e+06
 -3.787e+06 3.787e+06
 7.586e+05 -7.586e+05
 9.12e+06 -9.12e+06
 -1.277e+06 1.277e+06
 -4.043e+06 4.043e+06
 1878 -1878
 -5.574e+05 5.574e+05
 -2.365e+06 2.365e+06
 -4.894e+06 4.894e+06
 9.661e+06 -9.661e+06
 2.672e+06 -2.672e+06
 -1.801e+06 1.801e+06
 -4.926e+05 4.926e+05
 -1.03e+05 1.03e+05
 -8.256e+06 8.256e+06
 -2.26e+06 2.26e+06
 1.622e+06 -1.622e+06
 2.451e+06 -2.451e+06
 -5.581e+05 5.581e+05
 -3.073e+06 3.073e+06
 -3.074e+06 3.074e+06
 -8.246e+05 8.246e+05
 3.14e+05 -3.14e+05
 3.36e+06 -3.36e+06
 1.003e+07 -1.003e+07
 1.308e+06 -1.308e+06
 -2.596e+06 2.596e+06
 6.249e+06 -6.249e+06
 1.487e+06 -1.487e+06
 3.912e+05 -3.912e+05
 -4.292e+06 4.292e+06
 3725 -3725
 4.912e+05 -4.912e+05
 -5.985e+06 5.985e+06
 -1.99e+06 1.99e+06
 -4.186e+06 4.186e+06
 8.695e+05 -8.695e+05
 -1.222e+06 1.222e+06
 -6.27e+05 6.27e+05
 9.209e+06 -9.209e+06
 3.608e+06 -3.608e+06
 -1.88e+05 1.88e+05
 6.429e+05 -6.429e+05
 1.075e+06 -1.075e+06
 -2.972e+06 2.972e+06
 -1.24e+06 1.24e+06
 7.328e+06 -7.328e+06
 5.86e+06 -5.86e+06
 1.883e+06 -1.883e+06
 2.556e+06 -2.556e+06
 1.71e+06 -1.71e+06
 -6.424e+05 6.424e+05
 -1.301e+06 1.301e+06
 7.153e+05 -7.153e+05
 -3.268e+06 3.268e+06
 7.266e+05 -7.266e+05
 3.901e+05 -3.901e+05
 3.276e+06 -3.276e+06
 -3.792e+06 3.792e+06
 1.84e+06 -1.84e+06
 -2.178e+06 2.178e+06
 3.493e+05 -3.493e+05
 -3.516e+06 3.516e+06
 5.904e+05 -5.904e+05
 -3.703e+06 3.703e+06
 2.451e+06 -2.451e+06
 2.627e+06 -2.627e+06
 -2.67e+06 2.67e+06
 -4.792e+05 4.792e+05
 2.828e+06 -2.828e+06
 -6.256e+05 6.256e+05
 6.363e+05 -6.363e+05
 -8.285e+05 8.285e+05
 -1.358e+06 1.358e+06
 -3.393e+06 3.393e+06
 6.596e+06 -6.596e+06
 1.609e+06 -1.609e+06
 -1.255e+06 1.255e+06
 -1.322e+06 1.322e+06
 -2.494e+05 2.494e+05
 -6.64e+06 6.64e+06
 -4.005e+05 4.005e+05
 3.829e+05 -3.829e+05
 -1.244e+05 1.244e+05
 -5.025e+06 5.025e+06
 -7.387e+05 7.387e+05
 2.135e+06 -2.135e+06
 -3.17e+06 3.17e+06
 -1.645e+05 1.645e+05
 1.444e+06 -1.444e+06
 2.924e+05 -2.924e+05
 1.419e+06 -1.419e+06
 -1.766e+06 1.766e+06
 5.397e+06 -5.397e+06
 -4.166e+05 4.166e+05
 -2.757e+06 2.757e+06
 2.725e+06 -2.725e+06
 2.774e+06 -2.774e+06
 1.868e+06 -1.868e+06
 6.017e+05 -6.017e+05
 5.264e+05 -5.264e+05
 2.116e+06 -2.116e+06
 1.194e+06 -1.194e+06
 -6.664e+05 6.664e+05
 -1.192e+06 1.192e+06
 -6.414e+05 6.414e+05
 -4.548e+05 4.548e+05
 1.001e+06 -1.001e+06
 2.441e+06 -2.441e+06
 2.009e+06 -2.009e+06
 2.034e+06 -2.034e+06
 9.967e+05 -9.967e+05
 -1.787e+06 1.787e+06
 -3.445e+06 3.445e+06
 -2.906e+06 2.906e+06
 -2.297e+06 2.297e+06
 -3.373e+05 3.373e+05
 3.689e+06 -3.689e+06
 5.224e+06 -5.224e+06
 2.455e+06 -2.455e+06
 8.994e+06 -8.994e+06
 3.123e+06 -3.123e+06
 3.323e+06 -3.323e+06
 3.443e+06 -3.443e+06
 4.427e+06 -4.427e+06
 5.049e+05 -5.049e+05
 -1.703e+06 1.703e+06
 2.16e+06 -2.16e+06
 2.313e+06 -2.313e+06
 -4.221e+06 4.221e+06
 -8730 8730
 -2.019e+06 2.019e+06
 -1.258e+07 1.258e+07
 1.148e+06 -1.148e+06
 -1.279e+06 1.279e+06
 4.998e+04 -4.998e+04
 -1.933e+06 1.933e+06
 -3.088e+06 3.088e+06
 9.96e+05 -9.96e+05
 -1.674e+06 1.674e+06
 2.411e+05 -2.411e+05
 3.129e+06 -3.129e+06
 4.224e+06 -4.224e+06
 2.712e+06 -2.712e+06
 -1.033e+06 1.033e+06
 1.283e+06 -1.283e+06
 1.852e+05 -1.852e+05
 -2.231e+06 2.231e+06
 3.015e+06 -3.015e+06
 2.691e+06 -2.691e+06
 3.714e+06 -3.714e+06
 -4.092e+06 4.092e+06
 -2.183e+06 2.183e+06
 2.029e+06 -2.029e+06
 8.601e+05 -8.601e+05
 4.769e+06 -4.769e+06
 1.58e+06 -1.58e+06
 -6.543e+06 6.543e+06
 -4.186e+06 4.186e+06
 -9.742e+05 9.742e+05
 -7.502e+05 7.502e+05
 -4.972e+06 4.972e+06
 7.201e+05 -7.201e+05
 9.658e+05 -9.658e+05
 7.715e+05 -7.715e+05
 1.339e+06 -1.339e+06
 -1.732e+06 1.732e+06
 5.239e+06 -5.239e+06
 7.394e+06 -7.394e+06
 -2.963e+06 2.963e+06
 -3.33e+06 3.33e+06
 -2.799e+06 2.799e+06
 3.608e+06 -3.608e+06
 3.188e+05 -3.188e+05
 -5.527e+05 5.527e+05
 -3.243e+06 3.243e+06
 -2.658e+06 2.658e+06
 1.534e+06 -1.534e+06
 -4.879e+06 4.879e+06
 5.303e+06 -5.303e+06
 -7.22e+06 7.22e+06
 2.898e+06 -2.898e+06
 -4.468e+06 4.468e+06
 1.211e+06 -1.211e+06
 5.759e+06 -5.759e+06
 -6.496e+06 6.496e+06
 -2.105e+06 2.105e+06
 -4.677e+06 4.677e+06
 1.273e+06 -1.273e+06
 -2.34e+06 2.34e+06
 -4.094e+06 4.094e+06
 2.978e+05 -2.978e+05
 8.766e+05 -8.766e+05
 1.393e+06 -1.393e+06
 -2.065e+06 2.065e+06
 -2.182e+06 2.182e+06
 1.913e+06 -1.913e+06
 5.8e+06 -5.8e+06
 4.895e+06 -4.895e+06
 1.192e+06 -1.192e+06
 -2.652e+06 2.652e+06
 1.259e+07 -1.259e+07
 -6.358e+06 6.358e+06
 -2.577e+06 2.577e+06
 -4.606e+05 4.606e+05
 -4.241e+06 4.241e+06
 -8.59e+05 8.59e+05
 -1.051e+06 1.051e+06
 -1.575e+06 1.575e+06
 -1.59e+06 1.59e+06
 -2.64e+06 2.64e+06
 2.003e+06 -2.003e+06
 -1.726e+06 1.726e+06
 2.608e+06 -2.608e+06
 -4.14e+06 4.14e+06
 -1.216e+06 1.216e+06
 6.93e+05 -6.93e+05
 -1.168e+06 1.168e+06
 1.393e+06 -1.393e+06
 -2.4e+05 2.4e+05
 1.161e+06 -1.161e+06
 -7.612e+05 7.612e+05
 3.611e+06 -3.611e+06
 -3.204e+06 3.204e+06
 2.575e+06 -2.575e+06
 -3.266e+06 3.266e+06
 -1.389e+06 1.389e+06
 -6.085e+06 6.085e+06
 5.607e+06 -5.607e+06
 9.776e+05 -9.776e+05
 1.986e+06 -1.986e+06
 3.629e+06 -3.629e+06
 4.825e+05 -4.825e+05
 1.124e+06 -1.124e+06
 3.979e+05 -3.979e+05
 3.465e+05 -3.465e+05
 -7.352e+06 7.352e+06
 -3.642e+06 3.642e+06
 -1.801e+06 1.801e+06
 2.053e+06 -2.053e+06
 1.931e+06 -1.931e+06
 -4.057e+06 4.057e+06
 -6.261e+06 6.261e+06
 -2.904e+06 2.904e+06
 5.387e+06 -5.387e+06
 1.766e+05 -1.766e+05
 -5.965e+06 5.965e+06
 -2.956e+06 2.956e+06
 -2.241e+06 2.241e+06
 -4.718e+05 4.718e+05
 -2.676e+06 2.676e+06
 2.945e+06 -2.945e+06
 -2.659e+06 2.659e+06
 6.297e+05 -6.297e+05
 1.01e+06 -1.01e+06
 -7.336e+06 7.336e+06
 4.595e+05 -4.595e+05
 5.689e+06 -5.689e+06
 2.158e+06 -2.158e+06
 -4.005e+05 4.005e+05
 -1.161e+06 1.161e+06
 5.809e+06 -5.809e+06
 2.546e+06 -2.546e+06
 3.169e+06 -3.169e+06
 -1.455e+06 1.455e+06
 -8.468e+05 8.468e+05
 7.763e+06 -7.763e+06
 8.255e+05 -8.255e+05
 -5.914e+06 5.914e+06
 -2.322e+06 2.322e+06
 1.713e+06 -1.713e+06
 1.193e+06 -1.193e+06
 5.707e+05 -5.707e+05
 -2.866e+06 2.866e+06
 -2.598e+06 2.598e+06
 -1.695e+06 1.695e+06
 -2.182e+06 2.182e+06
 5.919e+06 -5.919e+06
 7.091e+06 -7.091e+06
 -3.586e+06 3.586e+06
 2.527e+05 -2.527e+05
 1.814e+05 -1.814e+05
 -2.312e+06 2.312e+06
 -6.925e+04 6.925e+04
 -6.097e+06 6.097e+06
 -7.856e+06 7.856e+06
 1.811e+06 -1.811e+06
 6.065e+06 -6.065e+06
 2.91e+06 -2.91e+06
 6.642e+05 -6.642e+05
 -9.611e+05 9.611e+05
 -1.955e+06 1.955e+06
 3.236e+05 -3.236e+05
 3.998e+06 -3.998e+06
 -6.352e+05 6.352e+05
 -4.058e+06 4.058e+06
 4.658e+06 -4.658e+06
 -1.718e+06 1.718e+06
 -5.808e+06 5.808e+06
 -3.262e+06 3.262e+06
 -2.974e+06 2.974e+06
 6.58e+05 -6.58e+05
 -7.172e+05 7.172e+05
 1.403e+06 -1.403e+06
 1.12e+07 -1.12e+07
 -7.915e+06 7.915e+06
 -4.736e+05 4.736e+05
 5.61e+06 -5.61e+06
 -6.138e+06 6.138e+06
 2.85e+06 -2.85e+06
 -4.184e+05 4.184e+05
 -1.664e+06 1.664e+06
 -1.952e+06 1.952e+06
 3.903e+06 -3.903e+06
 3.141e+06 -3.141e+06
 9.87e+05 -9.87e+05
 -9.313e+05 9.313e+05
 1.817e+06 -1.817e+06
 2.528e+06 -2.528e+06
 9.96e+05 -9.96e+05
 1.277e+05 -1.277e+05
 3.97e+06 -3.97e+06
 4.239e+05 -4.239e+05
 4.97e+05 -4.97e+05
 -4.506e+06 4.506e+06
 1.611e+06 -1.611e+06
 -2.036e+06 2.036e+06
 2.922e+06 -2.922e+06
 1.794e+06 -1.794e+06
 -7.388e+06 7.388e+06
 4.331e+05 -4.331e+05
 -2.214e+06 2.214e+06
 -5.094e+06 5.094e+06
 -1.153e+06 1.153e+06
 1.958e+06 -1.958e+06
 -2.364e+06 2.364e+06
 4.741e+06 -4.741e+06
 -5.609e+05 5.609e+05
 -3.979e+05 3.979e+05
 -3.719e+06 3.719e+06
 7.017e+06 -7.017e+06
 -1.617e+05 1.617e+05
 -1.434e+05 1.434e+05
 -2.855e+06 2.855e+06
 -7.163e+05 7.163e+05
 1.874e+06 -1.874e+06
 2.835e+06 -2.835e+06
 2.135e+06 -2.135e+06
 -3.906e+06 3.906e+06
 -3.276e+06 3.276e+06
 5.004e+06 -5.004e+06
 2.148e+06 -2.148e+06
 1.339e+06 -1.339e+06
 -1.844e+06 1.844e+06
 -2.096e+05 2.096e+05
 1.94e+05 -1.94e+05
 3.543e+05 -3.543e+05
 -5.07e+06 5.07e+06
 4.124e+05 -4.124e+05
 4.243e+05 -4.243e+05
 2.875e+06 -2.875e+06
 -5.112e+06 5.112e+06
 1.767e+06 -1.767e+06
 4.008e+06 -4.008e+06
 -1.977e+06 1.977e+06
 4.22e+06 -4.22e+06
 -2.003e+06 2.003e+06
 2.659e+06 -2.659e+06
 5.662e+04 -5.662e+04
 -2.86e+06 2.86e+06
 4.539e+06 -4.539e+06
 -5.842e+06 5.842e+06
 -7.913e+06 7.913e+06
 -5.985e+06 5.985e+06
 2.308e+06 -2.308e+06
 -1.456e+06 1.456e+06
 -8.204e+05 8.204e+05
 -7.602e+06 7.602e+06
 5.667e+06 -5.667e+06
 -1.328e+06 1.328e+06
 1.696e+06 -1.696e+06
 8.729e+05 -8.729e+05
 -2.219e+06 2.219e+06
 -5.134e+05 5.134e+05
 3.252e+05 -3.252e+05
 -1.455e+06 1.455e+06
 4.451e+06 -4.451e+06
 -4.307e+06 4.307e+06
 -4.746e+06 4.746e+06
 7.71e+05 -7.71e+05
 -2.074e+06 2.074e+06
 3.011e+06 -3.011e+06
 -4.311e+06 4.311e+06
 -5.33e+06 5.33e+06
 1.242e+04 -1.242e+04
 4.654e+06 -4.654e+06
 7.289e+05 -7.289e+05
 1.56e+06 -1.56e+06
 -1.735e+06 1.735e+06
 -7.947e+06 7.947e+06
 8.744e+05 -8.744e+05
 5.177e+06 -5.177e+06
 -3.122e+06 3.122e+06
 4.691e+05 -4.691e+05
 2.253e+06 -2.253e+06
 -9.934e+05 9.934e+05
 6.14e+06 -6.14e+06
 -1.429e+06 1.429e+06
 5.131e+05 -5.131e+05
 -7.216e+05 7.216e+05
 -4.72e+06 4.72e+06
 -5.35e+05 5.35e+05
 -7.825e+06 7.825e+06
 3.901e+06 -3.901e+06
 -3.361e+06 3.361e+06
 -8.11e+05 8.11e+05
 7.691e+05 -7.691e+05
 -1.789e+06 1.789e+06
 2.32e+06 -2.32e+06
 1.454e+06 -1.454e+06
 2.23e+05 -2.23e+05
 -3.089e+06 3.089e+06
 -2.375e+06 2.375e+06
 -1.098e+06 1.098e+06
 4.286e+06 -4.286e+06
 -8.897e+06 8.897e+06
 -6.25e+05 6.25e+05
 1.863e+05 -1.863e+05
 -3.398e+06 3.398e+06
 -1.311e+06 1.311e+06
 -1.206e+06 1.206e+06
 6.866e+06 -6.866e+06
 2.239e+06 -2.239e+06
 -4.171e+05 4.171e+05
 -3.292e+06 3.292e+06
 -4.59e+06 4.59e+06
 2.762e+06 -2.762e+06
 -1.902e+06 1.902e+06
 -9.948e+05 9.948e+05
 -2.184e+06 2.184e+06
 3.173e+06 -3.173e+06
 1.144e+07 -1.144e+07
 -3.032e+06 3.032e+06
 3.988e+05 -3.988e+05
 2.946e+06 -2.946e+06
 1.682e+06 -1.682e+06
 -7.887e+06 7.887e+06
 -9.011e+05 9.011e+05
 5.745e+06 -5.745e+06
 -5.796e+05 5.796e+05
 1.405e+06 -1.405e+06
 -3.26e+06 3.26e+06
 -3.097e+06 3.097e+06
 -2.584e+06 2.584e+06
 -1.782e+06 1.782e+06
 -1.512e+06 1.512e+06
 -1.422e+06 1.422e+06
 5.401e+05 -5.401e+05
 1.015e+06 -1.015e+06
 1.08e+06 -1.08e+06
 -1.57e+06 1.57e+06
 -9.926e+05 9.926e+05
 -2.117e+06 2.117e+06
 -1.089e+06 1.089e+06
 2.604e+06 -2.604e+06
 -4.573e+06 4.573e+06
 -3.1e+06 3.1e+06
 6.405e+06 -6.405e+06
 -2.422e+06 2.422e+06
 -1.666e+06 1.666e+06
 -1.085e+06 1.085e+06
 3.574e+06 -3.574e+06
 2.42e+06 -2.42e+06
 9.126e+05 -9.126e+05
 -1.533e+06 1.533e+06
 -8.25e+05 8.25e+05
 1.925e+06 -1.925e+06
 -4.347e+06 4.347e+06
 4.505e+06 -4.505e+06
 2.556e+06 -2.556e+06
 -3.053e+06 3.053e+06
 -2.537e+06 2.537e+06
 -5.854e+06 5.854e+06
 3.098e+06 -3.098e+06
 2.834e+06 -2.834e+06
 -1.494e+06 1.494e+06
 2.163e+06 -2.163e+06
 2.199e+06 -2.199e+06
 -4.029e+06 4.029e+06
 2.696e+06 -2.696e+06
 -4.523e+04 4.523e+04
 -5.983e+05 5.983e+05
 -5.101e+06 5.101e+06
 -2.607e+06 2.607e+06
 -4.162e+06 4.162e+06
 1.753e+06 -1.753e+06
 -1.049e+06 1.049e+06
 -2.24e+06 2.24e+06
 -3.724e+06 3.724e+06
 3.135e+06 -3.135e+06
 -7.964e+05 7.964e+05
 -4.601e+05 4.601e+05
 -3.352e+06 3.352e+06
 -5.36e+06 5.36e+06
 3.217e+06 -3.217e+06
 -1.025e+06 1.025e+06
 -1.26e+06 1.26e+06
 -4.718e+05 4.718e+05
 2.564e+06 -2.564e+06
 5.567e+05 -5.567e+05
 3.157e+04 -3.157e+04
 4.255e+06 -4.255e+06
 2.94e+06 -2.94e+06
 1.262e+06 -1.262e+06
 2.512e+06 -2.512e+06
 2.003e+06 -2.003e+06
 -5.405e+06 5.405e+06
 2.679e+06 -2.679e+06
 -2.333e+06 2.333e+06
 -6.385e+05 6.385e+05
 2.491e+05 -2.491e+05
 6.623e+06 -6.623e+06
 6.177e+05 -6.177e+05
 -2.303e+06 2.303e+06
 4.427e+06 -4.427e+06
 9.331e+06 -9.331e+06
 6.659e+06 -6.659e+06
 4.72e+06 -4.72e+06
 1.593e+06 -1.593e+06
 -8.602e+05 8.602e+05
 -3.126e+05 3.126e+05
 -2.052e+06 2.052e+06
 7.234e+06 -7.234e+06
 -6.346e+06 6.346e+06
 -1.518e+06 1.518e+06
 1.25e+06 -1.25e+06
 -3.323e+06 3.323e+06
 -3.313e+06 3.313e+06
 1.024e+06 -1.024e+06
 -1.901e+06 1.901e+06
 -8.962e+05 8.962e+05
 5.619e+06 -5.619e+06
 1.944e+06 -1.944e+06
 4.456e+06 -4.456e+06
 -1.136e+06 1.136e+06
 -2.692e+06 2.692e+06
 -6.476e+06 6.476e+06
 9.199e+05 -9.199e+05
 -3.206e+06 3.206e+06
 -6.953e+06 6.953e+06
 -5.821e+06 5.821e+06
 -1.825e+06 1.825e+06
 7.138e+04 -7.138e+04
 -1.009e+06 1.009e+06
 -3.657e+06 3.657e+06
 -1.57e+06 1.57e+06
 -4.136e+06 4.136e+06
 -7.882e+05 7.882e+05
 2.439e+06 -2.439e+06
 -2.163e+06 2.163e+06
 -4.303e+06 4.303e+06
 8.726e+05 -8.726e+05
 -2.451e+06 2.451e+06
 2.391e+06 -2.391e+06
 1.442e+06 -1.442e+06
 5.74e+06 -5.74e+06
 -4.712e+06 4.712e+06
 -4.63e+05 4.63e+05
 4.393e+06 -4.393e+06
 -1.308e+06 1.308e+06
 -1.186e+06 1.186e+06
 1.703e+06 -1.703e+06
 -9.081e+05 9.081e+05
 -7.454e+05 7.454e+05
 -5.962e+05 5.962e+05
 -1.792e+06 1.792e+06
 3.342e+06 -3.342e+06
 -4.952e+06 4.952e+06
 -1.215e+06 1.215e+06
 1.954e+06 -1.954e+06
 1.508e+06 -1.508e+06
 -5.386e+05 5.386e+05
 -7.715e+04 7.715e+04
 5.321e+06 -5.321e+06
 -4.742e+06 4.742e+06
 1.212e+06 -1.212e+06
 6.949e+06 -6.949e+06
 5.438e+06 -5.438e+06
 -1.394e+05 1.394e+05
 -5.648e+06 5.648e+06
 2.8e+06 -2.8e+06
 -2.992e+06 2.992e+06
 3.794e+06 -3.794e+06
 -5.033e+06 5.033e+06
 4.612e+06 -4.612e+06
 -4.987e+06 4.987e+06
 4.653e+05 -4.653e+05
 -3.562e+06 3.562e+06
 1.887e+06 -1.887e+06
 3.701e+06 -3.701e+06
 -4.062e+06 4.062e+06
 2.725e+06 -2.725e+06
 -1.899e+05 1.899e+05
 6.712e+06 -6.712e+06
 3.4e+06 -3.4e+06
 1.592e+06 -1.592e+06
 3.185e+06 -3.185e+06
 -6.495e+06 6.495e+06
 1.417e+06 -1.417e+06
 1.007e+06 -1.007e+06
 4.689e+06 -4.689e+06
 -2.369e+06 2.369e+06
 -2.159e+06 2.159e+06
 -3.319e+06 3.319e+06
 4.096e+06 -4.096e+06
 1.637e+06 -1.637e+06
 -1.944e+06 1.944e+06
 -1.825e+06 1.825e+06
 -2.774e+06 2.774e+06
 -2.352e+05 2.352e+05
 6.904e+05 -6.904e+05
 3.729e+06 -3.729e+06
 -1.571e+06 1.571e+06
 -1.912e+06 1.912e+06
 4.848e+06 -4.848e+06
 -4.806e+05 4.806e+05
 6e+06 -6e+06
 2.273e+06 -2.273e+06
 3.172e+06 -3.172e+06
 3.514e+06 -3.514e+06
 9.507e+05 -9.507e+05
 -2.094e+06 2.094e+06
 6.968e+05 -6.968e+05
 -9.639e+04 9.639e+04
 -1.697e+05 1.697e+05
 -1.484e+06 1.484e+06
 5.603e+06 -5.603e+06
 -8.683e+05 8.683e+05
 2154 -2154
 4.538e+06 -4.538e+06
 -1.661e+06 1.661e+06
 -3.428e+06 3.428e+06
 4.017e+06 -4.017e+06
 4.649e+05 -4.649e+05
 -2.479e+06 2.479e+06
 -4.01e+05 4.01e+05
 3.02e+06 -3.02e+06
 1.777e+06 -1.777e+06
 3.175e+06 -3.175e+06
 -3.849e+06 3.849e+06
 -3.167e+06 3.167e+06
 -7.536e+05 7.536e+05
 -5.179e+05 5.179e+05
 6.94e+06 -6.94e+06
 -2.116e+06 2.116e+06
 -5.783e+06 5.783e+06
 -2.229e+06 2.229e+06
 -4.631e+06 4.631e+06
 7.145e+06 -7.145e+06
 -1.747e+06 1.747e+06
 3.632e+06 -3.632e+06
 4.602e+06 -4.602e+06
 1.772e+06 -1.772e+06
 -3.34e+06 3.34e+06
 -3.509e+05 3.509e+05
 1.041e+05 -1.041e+05
 1.488e+06 -1.488e+06
 1.977e+06 -1.977e+06
 7.832e+06 -7.832e+06
 -3.363e+06 3.363e+06
 3.185e+06 -3.185e+06
 -1.29e+06 1.29e+06
 3.137e+06 -3.137e+06
 2.173e+06 -2.173e+06
 -4.826e+06 4.826e+06
 3.892e+06 -3.892e+06
 2.524e+06 -2.524e+06
 8.988e+06 -8.988e+06
 -2.204e+05 2.204e+05
 1.082e+05 -1.082e+05
 -7.001e+05 7.001e+05
 -1.818e+06 1.818e+06
 -1.951e+06 1.951e+06
 4.321e+06 -4.321e+06
 -4.049e+06 4.049e+06
 -1.469e+06 1.469e+06
 -5.457e+06 5.457e+06
 1.22e+05 -1.22e+05
 -2.443e+06 2.443e+06
 -4.494e+06 4.494e+06
 -5.06e+06 5.06e+06
 7.662e+06 -7.662e+06
 -3.853e+06 3.853e+06
 7.306e+06 -7.306e+06
 1.992e+06 -1.992e+06
 1.199e+06 -1.199e+06
 -3.986e+06 3.986e+06
 1.01e+07 -1.01e+07
 4.269e+06 -4.269e+06
 4.523e+06 -4.523e+06
 4.857e+06 -4.857e+06
 -5.184e+06 5.184e+06
 9.805e+05 -9.805e+05
 9.292e+05 -9.292e+05
 -7.657e+06 7.657e+06
 -3.72e+06 3.72e+06
 4.42e+06 -4.42e+06
 -2.018e+06 2.018e+06
 -3.8e+04 3.8e+04
 -8.323e+06 8.323e+06
 1.569e+06 -1.569e+06
 2.304e+06 -2.304e+06
 -8.163e+06 8.163e+06
 8.922e+04 -8.922e+04
 -4.648e+06 4.648e+06
 -2.672e+06 2.672e+06
 1.637e+06 -1.637e+06
 -8.153e+05 8.153e+05
 1.944e+06 -1.944e+06
 7.186e+05 -7.186e+05
 4.465e+06 -4.465e+06
 -6.778e+06 6.778e+06
 -9.83e+06 9.83e+06
 9.728e+05 -9.728e+05
 1.079e+06 -1.079e+06
 -1.65e+06 1.65e+06
 5.544e+06 -5.544e+06
 4.011e+06 -4.011e+06
 -4.618e+06 4.618e+06
 -5.835e+06 5.835e+06
 -9.271e+06 9.271e+06
 5.965e+05 -5.965e+05
 1.488e+05 -1.488e+05
 3.372e+06 -3.372e+06
 8.626e+06 -8.626e+06
 -1.427e+06 1.427e+06
 -2.774e+06 2.774e+06
 -3.233e+05 3.233e+05
 -1.626e+06 1.626e+06
 1.181e+05 -1.181e+05
 -6.092e+05 6.092e+05
 1.572e+05 -1.572e+05
 2.066e+06 -2.066e+06
 -2.741e+05 2.741e+05
 3.288e+06 -3.288e+06
 2.449e+06 -2.449e+06
 -6.588e+06 6.588e+06
 1.995e+06 -1.995e+06
 3.713e+06 -3.713e+06
 -1.324e+07 1.324e+07
 -2.037e+06 2.037e+06
 1.73e+04 -1.73e+04
 3.265e+06 -3.265e+06
 -2.253e+06 2.253e+06
 -9.14e+05 9.14e+05
 3.026e+06 -3.026e+06
 -1.717e+06 1.717e+06
 -2.103e+06 2.103e+06
 8.084e+06 -8.084e+06
 -4.009e+06 4.009e+06
 2.043e+05 -2.043e+05
 -9.949e+06 9.949e+06
 -3.729e+06 3.729e+06
 1.981e+05 -1.981e+05
 1.13e+06 -1.13e+06
 -3.88e+06 3.88e+06
 -1.35e+06 1.35e+06
 -4.246e+06 4.246e+06
 -3.304e+06 3.304e+06
 1.872e+05 -1.872e+05
 1.132e+06 -1.132e+06
 2.14e+06 -2.14e+06
 9.75e+05 -9.75e+05
 -3.171e+06 3.171e+06
 1.596e+06 -1.596e+06
 1.051e+06 -1.051e+06
 -9.554e+04 9.554e+04
 -8.752e+05 8.752e+05
 1.585e+06 -1.585e+06
 -3.273e+06 3.273e+06
 -1.051e+06 1.051e+06
 -6.957e+06 6.957e+06
 -8.67e+05 8.67e+05
 8.166e+05 -8.166e+05
 -7.956e+05 7.956e+05
 -2.554e+06 2.554e+06
 6.472e+05 -6.472e+05
 -1.849e+06 1.849e+06
 -9.77e+05 9.77e+05
 5.493e+05 -5.493e+05
 -2.617e+06 2.617e+06
 2.205e+05 -2.205e+05
 2.261e+06 -2.261e+06
 1.674e+06 -1.674e+06
 -1.588e+06 1.588e+06
 1.416e+07 -1.416e+07
 2.544e+06 -2.544e+06
 -3.463e+06 3.463e+06
 6.317e+05 -6.317e+05
 2.264e+06 -2.264e+06
 -4.031e+05 4.031e+05
 2.562e+06 -2.562e+06
 2.26e+06 -2.26e+06
 4.722e+06 -4.722e+06
 6.589e+06 -6.589e+06
 3.654e+06 -3.654e+06
 -1.735e+06 1.735e+06
 1.525e+05 -1.525e+05
 2.255e+06 -2.255e+06
 -2.6e+06 2.6e+06
 -1.576e+06 1.576e+06
 2.504e+05 -2.504e+05
 2.407e+05 -2.407e+05
 2.613e+06 -2.613e+06
 -1.618e+06 1.618e+06
 -5.868e+06 5.868e+06
 1.55e+06 -1.55e+06
 -2.625e+05 2.625e+05
 5.647e+06 -5.647e+06
 -3.614e+06 3.614e+06
 -4.848e+05 4.848e+05
 -5.553e+06 5.553e+06
 -4.281e+06 4.281e+06
 -1.842e+06 1.842e+06
 3.281e+06 -3.281e+06
 4.868e+06 -4.868e+06
 -1.925e+06 1.925e+06
 5.049e+05 -5.049e+05
 -1.91e+05 1.91e+05
 3.888e+05 -3.888e+05
 -1.479e+06 1.479e+06
 2.169e+06 -2.169e+06
 -8.719e+05 8.719e+05
 -5.138e+06 5.138e+06
 3.008e+06 -3.008e+06
 -2091 2091
 -3.752e+06 3.752e+06
 3.022e+06 -3.022e+06
 2.152e+06 -2.152e+06
 -2.579e+06 2.579e+06
 -7.316e+04 7.316e+04
 3.839e+05 -3.839e+05
 2.285e+06 -2.285e+06
 -3.978e+06 3.978e+06
 -6.92e+05 6.92e+05
 1.059e+07 -1.059e+07
 -5.571e+06 5.571e+06
 3.913e+05 -3.913e+05
 7.318e+06 -7.318e+06
 -6.831e+05 6.831e+05
 -8.214e+06 8.214e+06
 1.663e+06 -1.663e+06
 3.265e+06 -3.265e+06
 1.316e+06 -1.316e+06
 -8.875e+05 8.875e+05
 -3.816e+06 3.816e+06
 -3.976e+06 3.976e+06
 -8.127e+06 8.127e+06
 2.771e+06 -2.771e+06
 1.512e+06 -1.512e+06
 5.156e+05 -5.156e+05
 -3.404e+06 3.404e+06
 7.23e+05 -7.23e+05
 -1.493e+06 1.493e+06
 -4.394e+06 4.394e+06
 -4.83e+06 4.83e+06
 -1.736e+06 1.736e+06
 3.632e+05 -3.632e+05
 7.262e+05 -7.262e+05
 -1.534e+06 1.534e+06
 -3.987e+06 3.987e+06
 6.225e+06 -6.225e+06
 3.695e+06 -3.695e+06
 2.523e+06 -2.523e+06
 -1.009e+07 1.009e+07
 -1.317e+06 1.317e+06
 -4.104e+06 4.104e+06
 5.323e+04 -5.323e+04
 6.119e+05 -6.119e+05
 3.602e+06 -3.602e+06
 -5.441e+05 5.441e+05
 1.69e+06 -1.69e+06
 -5.028e+06 5.028e+06
 -1.561e+06 1.561e+06
 -3.479e+06 3.479e+06
 -5.144e+06 5.144e+06
 3e+06 -3e+06
 1.8e+06 -1.8e+06
 2.853e+06 -2.853e+06
 5.814e+06 -5.814e+06
 -2.311e+04 2.311e+04
 3.689e+06 -3.689e+06
 4.83e+05 -4.83e+05
 -1.883e+06 1.883e+06
 5.366e+06 -5.366e+06
 -2.848e+06 2.848e+06
 4.558e+06 -4.558e+06
 -1.7e+06 1.7e+06
 1.098e+06 -1.098e+06
 -8.138e+05 8.138e+05
 5.792e+06 -5.792e+06
 -5.173e+06 5.173e+06
 2.669e+06 -2.669e+06
 -3.241e+06 3.241e+06
 7.747e+06 -7.747e+06
 6.986e+05 -6.986e+05
 3.308e+06 -3.308e+06
 4.967e+05 -4.967e+05
 -6.375e+05 6.375e+05
 1.826e+06 -1.826e+06
 -2.564e+06 2.564e+06
 -3.317e+06 3.317e+06
 2.219e+06 -2.219e+06
 -2.364e+06 2.364e+06
 1.335e+06 -1.335e+06
 -1.241e+06 1.241e+06
 -3.53e+06 3.53e+06
 1.084e+06 -1.084e+06
 -8.421e+05 8.421e+05
 8.179e+05 -8.179e+05
 1.163e+06 -1.163e+06
 -1.365e+06 1.365e+06
 -1.145e+06 1.145e+06
 -2.51e+06 2.51e+06
 1.347e+06 -1.347e+06
 -9.34e+05 9.34e+05
 -2.403e+05 2.403e+05
 -1.328e+06 1.328e+06
 2.604e+06 -2.604e+06
 7.396e+05 -7.396e+05
 1.982e+06 -1.982e+06
 4.399e+05 -4.399e+05
 -9.072e+05 9.072e+05
 -1.109e+06 1.109e+06
 -1.588e+06 1.588e+06
 -5.506e+06 5.506e+06
 -2.768e+06 2.768e+06
 -4.455e+04 4.455e+04
 3.496e+06 -3.496e+06
 -2.181e+06 2.181e+06
 -2.791e+06 2.791e+06
 1.621e+06 -1.621e+06
 -6.276e+05 6.276e+05
 4.891e+06 -4.891e+06
 2.627e+06 -2.627e+06
 6.346e+06 -6.346e+06
 -1.376e+06 1.376e+06
 3.495e+06 -3.495e+06
 -3.925e+06 3.925e+06
 1.713e+06 -1.713e+06
 1.892e+05 -1.892e+05
 1.158e+06 -1.158e+06
 -4.025e+05 4.025e+05
 5.33e+05 -5.33e+05
 -4.204e+06 4.204e+06
 -2.831e+06 2.831e+06
 -2.446e+06 2.446e+06
 3.206e+06 -3.206e+06
 -8.507e+05 8.507e+05
 -3.111e+06 3.111e+06
 9.367e+05 -9.367e+05
 -3.795e+06 3.795e+06
 -4.758e+06 4.758e+06
 -3.721e+06 3.721e+06
 -1.174e+06 1.174e+06
 2.455e+06 -2.455e+06
 -1.551e+06 1.551e+06
 -6.126e+05 6.126e+05
 3.31e+05 -3.31e+05
 6.55e+06 -6.55e+06
 -1.108e+06 1.108e+06
 1.958e+06 -1.958e+06
 1.42e+06 -1.42e+06
 2.673e+06 -2.673e+06
 5.818e+06 -5.818e+06
 1.292e+05 -1.292e+05
 1.358e+06 -1.358e+06
 -5.867e+06 5.867e+06
 1.64e+06 -1.64e+06
 -1.259e+06 1.259e+06
 1.284e+06 -1.284e+06
 -3.653e+06 3.653e+06
 -4.629e+06 4.629e+06
 -5.548e+06 5.548e+06
 2.14e+05 -2.14e+05
 4.031e+06 -4.031e+06
 2.655e+05 -2.655e+05
 3.234e+05 -3.234e+05
 -1.734e+06 1.734e+06
 3.169e+05 -3.169e+05
 -4.164e+06 4.164e+06
 -5.023e+06 5.023e+06
 -4.51e+06 4.51e+06
 -2.395e+06 2.395e+06
 1.561e+06 -1.561e+06
 2.275e+06 -2.275e+06
 4.407e+06 -4.407e+06
 2.354e+06 -2.354e+06
 3.216e+06 -3.216e+06
 -6.513e+05 6.513e+05
 -3.47e+06 3.47e+06
 1.014e+06 -1.014e+06
 -1.037e+06 1.037e+06
 1.16e+06 -1.16e+06
 -3.595e+06 3.595e+06
 -1.54e+06 1.54e+06
 2.656e+06 -2.656e+06
 -5.554e+06 5.554e+06
 5.391e+05 -5.391e+05
 -2.368e+06 2.368e+06
 4.732e+06 -4.732e+06
 -5.833e+05 5.833e+05
 2.941e+05 -2.941e+05
 -2.748e+06 2.748e+06
 1.923e+06 -1.923e+06
 -1.342e+06 1.342e+06
 3.019e+06 -3.019e+06
 -1.204e+06 1.204e+06
 5.649e+05 -5.649e+05
 3.633e+06 -3.633e+06
 9.726e+04 -9.726e+04
 2.468e+06 -2.468e+06
 -2.444e+06 2.444e+06
 -5.235e+06 5.235e+06
 6.167e+06 -6.167e+06
 4.764e+06 -4.764e+06
 1.869e+05 -1.869e+05
 -1.868e+06 1.868e+06
 7.18e+06 -7.18e+06
 1.637e+06 -1.637e+06
 4.082e+06 -4.082e+06
 4.451e+06 -4.451e+06
 -3.58e+06 3.58e+06
 -6.403e+06 6.403e+06
 -3.602e+06 3.602e+06
 2.133e+06 -2.133e+06
 -7.007e+05 7.007e+05
 6.255e+06 -6.255e+06
 1.145e+06 -1.145e+06
 -3.956e+06 3.956e+06
 -3.147e+05 3.147e+05
 -6.566e+06 6.566e+06
 5.373e+06 -5.373e+06
 -2.551e+06 2.551e+06
 9.675e+06 -9.675e+06
 -7.486e+05 7.486e+05
 -1.978e+06 1.978e+06
 3.357e+06 -3.357e+06
 3.912e+06 -3.912e+06
 -1.15e+06 1.15e+06
 -7.196e+06 7.196e+06
 -4.338e+06 4.338e+06
 -6.675e+06 6.675e+06
 2.106e+06 -2.106e+06
 -3.315e+05 3.315e+05
 -5.752e+06 5.752e+06
 -3.758e+06 3.758e+06
 3.86e+06 -3.86e+06
 -2.127e+05 2.127e+05
 -3.318e+05 3.318e+05
 2.056e+06 -2.056e+06
 -2.168e+06 2.168e+06
 -3.698e+06 3.698e+06
 -4.656e+06 4.656e+06
 -4.021e+06 4.021e+06
 -4.128e+06 4.128e+06
 -2.625e+06 2.625e+06
 -3.964e+06 3.964e+06
 -6.267e+06 6.267e+06
 1.266e+05 -1.266e+05
 -4.734e+06 4.734e+06
 -5.64e+06 5.64e+06
 4.12e+06 -4.12e+06
 -5.405e+06 5.405e+06
 2.36e+06 -2.36e+06
 7.212e+06 -7.212e+06
 -2.322e+06 2.322e+06
 -3.058e+06 3.058e+06
 -4.643e+06 4.643e+06
 -2.705e+06 2.705e+06
 -8.681e+05 8.681e+05
 6.997e+05 -6.997e+05
 2.156e+06 -2.156e+06
 1.598e+06 -1.598e+06
 -3.123e+06 3.123e+06
 -2.303e+06 2.303e+06
 2.665e+06 -2.665e+06
 2.461e+06 -2.461e+06
 -1.632e+06 1.632e+06
 -3684 3684
 1.221e+06 -1.221e+06
 1.826e+06 -1.826e+06
 -2.453e+06 2.453e+06
 3.326e+06 -3.326e+06
 -2.188e+06 2.188e+06
 -5.668e+06 5.668e+06
 -4.669e+05 4.669e+05
 -1.086e+05 1.086e+05
 -7.1e+06 7.1e+06
 1.149e+06 -1.149e+06
 -3.46e+05 3.46e+05
 7.305e+05 -7.305e+05
 1.08e+05 -1.08e+05
 2.554e+05 -2.554e+05
 -9.516e+05 9.516e+05
 -3.82e+05 3.82e+05
 4.443e+06 -4.443e+06
 5.614e+06 -5.614e+06
 -2.169e+06 2.169e+06
 -3.306e+06 3.306e+06
 4.062e+06 -4.062e+06
 2.383e+06 -2.383e+06
 3.621e+06 -3.621e+06
 -1.927e+06 1.927e+06
 2.105e+06 -2.105e+06
 1.08e+06 -1.08e+06
 -1.403e+06 1.403e+06
 3.57e+06 -3.57e+06
 -1.456e+06 1.456e+06
 -3.113e+06 3.113e+06
 -1.464e+06 1.464e+06
 -1.336e+06 1.336e+06
 3.273e+06 -3.273e+06
 -8.891e+05 8.891e+05
 -1.384e+05 1.384e+05
 -1.06e+06 1.06e+06
 3.911e+05 -3.911e+05
 -5.152e+06 5.152e+06
 2.438e+06 -2.438e+06
 -6.216e+05 6.216e+05
 3.029e+06 -3.029e+06
 -6.677e+05 6.677e+05
 -4.62e+06 4.62e+06
 -2.454e+06 2.454e+06
 -4.055e+06 4.055e+06
 9.227e+05 -9.227e+05
 -2.821e+06 2.821e+06
 1.955e+06 -1.955e+06
 1.197e+06 -1.197e+06
 -3.248e+06 3.248e+06
 -1.999e+06 1.999e+06
 -6.908e+05 6.908e+05
 -4.886e+06 4.886e+06
 4.013e+06 -4.013e+06
 -4.244e+06 4.244e+06
 -5.919e+06 5.919e+06
 -9.068e+05 9.068e+05
 -1.462e+05 1.462e+05
 -2.375e+06 2.375e+06
 -2.993e+06 2.993e+06
 -4.548e+05 4.548e+05
 -7.06e+06 7.06e+06
 -4.435e+05 4.435e+05
 -6.987e+06 6.987e+06
 -4.772e+06 4.772e+06
 -3.192e+06 3.192e+06
 9.495e+05 -9.495e+05
 -3.311e+06 3.311e+06
 3.212e+05 -3.212e+05
 -2.357e+06 2.357e+06
 6.992e+06 -6.992e+06
 1.205e+07 -1.205e+07
 -5.625e+06 5.625e+06
 -2.946e+06 2.946e+06
 -1.041e+07 1.041e+07
 4.983e+06 -4.983e+06
 5.579e+06 -5.579e+06
 8.906e+06 -8.906e+06
 4.074e+05 -4.074e+05
 -6.827e+06 6.827e+06
 4.553e+06 -4.553e+06
 -6.329e+06 6.329e+06
 -2.782e+06 2.782e+06
 -3.253e+06 3.253e+06
 -1.389e+06 1.389e+06
 -2.255e+06 2.255e+06
 7.438e+05 -7.438e+05
 -1.779e+06 1.779e+06
 1.783e+06 -1.783e+06
 -3.059e+05 3.059e+05
 2.811e+06 -2.811e+06
 4.146e+06 -4.146e+06
 -8.245e+06 8.245e+06
 -4.871e+06 4.871e+06
 -1.977e+06 1.977e+06
 -2.562e+06 2.562e+06
 3.589e+06 -3.589e+06
 5.909e+06 -5.909e+06
 -2.693e+06 2.693e+06
 -2.288e+06 2.288e+06
 -6.001e+06 6.001e+06
 -2.028e+06 2.028e+06
 5.192e+06 -5.192e+06
 3.533e+06 -3.533e+06
 -3.005e+06 3.005e+06
 1.488e+06 -1.488e+06
 -6.367e+06 6.367e+06
 1.868e+06 -1.868e+06
 9.189e+05 -9.189e+05
 -3.682e+06 3.682e+06
 5.856e+05 -5.856e+05
 -3.977e+06 3.977e+06
 9.434e+04 -9.434e+04
 -2.928e+06 2.928e+06
 6.423e+06 -6.423e+06
 -2.687e+06 2.687e+06
 2.584e+06 -2.584e+06
 -1.865e+06 1.865e+06
 -1500 1500
 -2.758e+06 2.758e+06
 1.391e+05 -1.391e+05
 1.39e+06 -1.39e+06
 -2.125e+06 2.125e+06
 -3.739e+06 3.739e+06
 2.223e+06 -2.223e+06
 -8.968e+05 8.968e+05
 1.301e+06 -1.301e+06
 9.806e+05 -9.806e+05
 -5.218e+06 5.218e+06
 -5.661e+06 5.661e+06
 4.984e+05 -4.984e+05
 -5.298e+06 5.298e+06
 -4.59e+06 4.59e+06
 5.604e+06 -5.604e+06
 -2.361e+06 2.361e+06
 3.826e+06 -3.826e+06
 1.688e+06 -1.688e+06
 5.312e+06 -5.312e+06
 -1.402e+06 1.402e+06
 1.313e+05 -1.313e+05
 1.232e+06 -1.232e+06
 -3.228e+06 3.228e+06
 1.241e+06 -1.241e+06
 9.289e+06 -9.289e+06
 -2.026e+06 2.026e+06
 5.289e+06 -5.289e+06
 5.556e+06 -5.556e+06
 -3.398e+06 3.398e+06
 5.192e+05 -5.192e+05
 -4.233e+06 4.233e+06
 5.879e+06 -5.879e+06
 -2.359e+06 2.359e+06
 1.419e+06 -1.419e+06
 5.101e+06 -5.101e+06
 4.918e+06 -4.918e+06
 3.602e+06 -3.602e+06
 6.641e+05 -6.641e+05
 1.209e+06 -1.209e+06
 4.168e+05 -4.168e+05
 -4.127e+06 4.127e+06
 3.742e+06 -3.742e+06


