# Created by Octave 5.2.0, Thu Sep 24 16:40:04 2020 CEST <jiwidi@land>
# name: w
# type: matrix
# rows: 1281
# columns: 2
 1200 -1200
 -2.129e+05 2.129e+05
 -4.758e+05 4.758e+05
 1.655e+05 -1.655e+05
 -2.683e+05 2.683e+05
 1.512e+05 -1.512e+05
 -3.402e+04 3.402e+04
 1.027e+06 -1.027e+06
 7.96e+05 -7.96e+05
 4.851e+05 -4.851e+05
 5.537e+05 -5.537e+05
 -3.838e+05 3.838e+05
 -1.947e+05 1.947e+05
 -8.621e+05 8.621e+05
 3.26e+05 -3.26e+05
 3.108e+05 -3.108e+05
 2.854e+05 -2.854e+05
 9.542e+04 -9.542e+04
 -2.454e+05 2.454e+05
 3.373e+05 -3.373e+05
 -1.149e+05 1.149e+05
 -3.125e+05 3.125e+05
 -4.261e+05 4.261e+05
 -1.996e+04 1.996e+04
 2.167e+05 -2.167e+05
 -2.176e+05 2.176e+05
 -3.732e+05 3.732e+05
 -3.606e+05 3.606e+05
 -4.149e+04 4.149e+04
 2.295e+05 -2.295e+05
 -3.787e+05 3.787e+05
 7.586e+04 -7.586e+04
 9.12e+05 -9.12e+05
 -1.277e+05 1.277e+05
 -4.043e+05 4.043e+05
 187.8 -187.8
 -5.574e+04 5.574e+04
 -2.365e+05 2.365e+05
 -4.894e+05 4.894e+05
 9.661e+05 -9.661e+05
 2.672e+05 -2.672e+05
 -1.801e+05 1.801e+05
 -4.926e+04 4.926e+04
 -1.03e+04 1.03e+04
 -8.256e+05 8.256e+05
 -2.26e+05 2.26e+05
 1.622e+05 -1.622e+05
 2.451e+05 -2.451e+05
 -5.581e+04 5.581e+04
 -3.073e+05 3.073e+05
 -3.074e+05 3.074e+05
 -8.246e+04 8.246e+04
 3.14e+04 -3.14e+04
 3.36e+05 -3.36e+05
 1.003e+06 -1.003e+06
 1.308e+05 -1.308e+05
 -2.596e+05 2.596e+05
 6.249e+05 -6.249e+05
 1.487e+05 -1.487e+05
 3.912e+04 -3.912e+04
 -4.292e+05 4.292e+05
 372.5 -372.5
 4.912e+04 -4.912e+04
 -5.985e+05 5.985e+05
 -1.99e+05 1.99e+05
 -4.186e+05 4.186e+05
 8.695e+04 -8.695e+04
 -1.222e+05 1.222e+05
 -6.27e+04 6.27e+04
 9.209e+05 -9.209e+05
 3.608e+05 -3.608e+05
 -1.88e+04 1.88e+04
 6.429e+04 -6.429e+04
 1.075e+05 -1.075e+05
 -2.972e+05 2.972e+05
 -1.24e+05 1.24e+05
 7.328e+05 -7.328e+05
 5.86e+05 -5.86e+05
 1.883e+05 -1.883e+05
 2.556e+05 -2.556e+05
 1.71e+05 -1.71e+05
 -6.424e+04 6.424e+04
 -1.301e+05 1.301e+05
 7.153e+04 -7.153e+04
 -3.268e+05 3.268e+05
 7.266e+04 -7.266e+04
 3.901e+04 -3.901e+04
 3.276e+05 -3.276e+05
 -3.792e+05 3.792e+05
 1.84e+05 -1.84e+05
 -2.178e+05 2.178e+05
 3.493e+04 -3.493e+04
 -3.516e+05 3.516e+05
 5.904e+04 -5.904e+04
 -3.703e+05 3.703e+05
 2.451e+05 -2.451e+05
 2.627e+05 -2.627e+05
 -2.67e+05 2.67e+05
 -4.792e+04 4.792e+04
 2.828e+05 -2.828e+05
 -6.256e+04 6.256e+04
 6.363e+04 -6.363e+04
 -8.285e+04 8.285e+04
 -1.358e+05 1.358e+05
 -3.393e+05 3.393e+05
 6.596e+05 -6.596e+05
 1.609e+05 -1.609e+05
 -1.255e+05 1.255e+05
 -1.322e+05 1.322e+05
 -2.494e+04 2.494e+04
 -6.64e+05 6.64e+05
 -4.005e+04 4.005e+04
 3.829e+04 -3.829e+04
 -1.244e+04 1.244e+04
 -5.025e+05 5.025e+05
 -7.387e+04 7.387e+04
 2.135e+05 -2.135e+05
 -3.17e+05 3.17e+05
 -1.645e+04 1.645e+04
 1.444e+05 -1.444e+05
 2.924e+04 -2.924e+04
 1.419e+05 -1.419e+05
 -1.766e+05 1.766e+05
 5.397e+05 -5.397e+05
 -4.166e+04 4.166e+04
 -2.757e+05 2.757e+05
 2.725e+05 -2.725e+05
 2.774e+05 -2.774e+05
 1.868e+05 -1.868e+05
 6.017e+04 -6.017e+04
 5.264e+04 -5.264e+04
 2.116e+05 -2.116e+05
 1.194e+05 -1.194e+05
 -6.664e+04 6.664e+04
 -1.192e+05 1.192e+05
 -6.414e+04 6.414e+04
 -4.548e+04 4.548e+04
 1.001e+05 -1.001e+05
 2.441e+05 -2.441e+05
 2.009e+05 -2.009e+05
 2.034e+05 -2.034e+05
 9.967e+04 -9.967e+04
 -1.787e+05 1.787e+05
 -3.445e+05 3.445e+05
 -2.906e+05 2.906e+05
 -2.297e+05 2.297e+05
 -3.373e+04 3.373e+04
 3.689e+05 -3.689e+05
 5.224e+05 -5.224e+05
 2.455e+05 -2.455e+05
 8.994e+05 -8.994e+05
 3.123e+05 -3.123e+05
 3.323e+05 -3.323e+05
 3.443e+05 -3.443e+05
 4.427e+05 -4.427e+05
 5.049e+04 -5.049e+04
 -1.703e+05 1.703e+05
 2.16e+05 -2.16e+05
 2.313e+05 -2.313e+05
 -4.221e+05 4.221e+05
 -873 873
 -2.019e+05 2.019e+05
 -1.258e+06 1.258e+06
 1.148e+05 -1.148e+05
 -1.279e+05 1.279e+05
 4998 -4998
 -1.933e+05 1.933e+05
 -3.088e+05 3.088e+05
 9.96e+04 -9.96e+04
 -1.674e+05 1.674e+05
 2.411e+04 -2.411e+04
 3.129e+05 -3.129e+05
 4.224e+05 -4.224e+05
 2.712e+05 -2.712e+05
 -1.033e+05 1.033e+05
 1.283e+05 -1.283e+05
 1.852e+04 -1.852e+04
 -2.231e+05 2.231e+05
 3.015e+05 -3.015e+05
 2.691e+05 -2.691e+05
 3.714e+05 -3.714e+05
 -4.092e+05 4.092e+05
 -2.183e+05 2.183e+05
 2.029e+05 -2.029e+05
 8.601e+04 -8.601e+04
 4.769e+05 -4.769e+05
 1.58e+05 -1.58e+05
 -6.543e+05 6.543e+05
 -4.186e+05 4.186e+05
 -9.742e+04 9.742e+04
 -7.502e+04 7.502e+04
 -4.972e+05 4.972e+05
 7.201e+04 -7.201e+04
 9.658e+04 -9.658e+04
 7.715e+04 -7.715e+04
 1.339e+05 -1.339e+05
 -1.732e+05 1.732e+05
 5.239e+05 -5.239e+05
 7.394e+05 -7.394e+05
 -2.963e+05 2.963e+05
 -3.33e+05 3.33e+05
 -2.799e+05 2.799e+05
 3.608e+05 -3.608e+05
 3.188e+04 -3.188e+04
 -5.527e+04 5.527e+04
 -3.243e+05 3.243e+05
 -2.658e+05 2.658e+05
 1.534e+05 -1.534e+05
 -4.879e+05 4.879e+05
 5.303e+05 -5.303e+05
 -7.22e+05 7.22e+05
 2.898e+05 -2.898e+05
 -4.468e+05 4.468e+05
 1.211e+05 -1.211e+05
 5.759e+05 -5.759e+05
 -6.496e+05 6.496e+05
 -2.105e+05 2.105e+05
 -4.677e+05 4.677e+05
 1.273e+05 -1.273e+05
 -2.34e+05 2.34e+05
 -4.094e+05 4.094e+05
 2.978e+04 -2.978e+04
 8.766e+04 -8.766e+04
 1.393e+05 -1.393e+05
 -2.065e+05 2.065e+05
 -2.182e+05 2.182e+05
 1.913e+05 -1.913e+05
 5.8e+05 -5.8e+05
 4.895e+05 -4.895e+05
 1.192e+05 -1.192e+05
 -2.652e+05 2.652e+05
 1.259e+06 -1.259e+06
 -6.358e+05 6.358e+05
 -2.577e+05 2.577e+05
 -4.606e+04 4.606e+04
 -4.241e+05 4.241e+05
 -8.59e+04 8.59e+04
 -1.051e+05 1.051e+05
 -1.575e+05 1.575e+05
 -1.59e+05 1.59e+05
 -2.64e+05 2.64e+05
 2.003e+05 -2.003e+05
 -1.726e+05 1.726e+05
 2.608e+05 -2.608e+05
 -4.14e+05 4.14e+05
 -1.216e+05 1.216e+05
 6.93e+04 -6.93e+04
 -1.168e+05 1.168e+05
 1.393e+05 -1.393e+05
 -2.4e+04 2.4e+04
 1.161e+05 -1.161e+05
 -7.612e+04 7.612e+04
 3.611e+05 -3.611e+05
 -3.204e+05 3.204e+05
 2.575e+05 -2.575e+05
 -3.266e+05 3.266e+05
 -1.389e+05 1.389e+05
 -6.085e+05 6.085e+05
 5.607e+05 -5.607e+05
 9.776e+04 -9.776e+04
 1.986e+05 -1.986e+05
 3.629e+05 -3.629e+05
 4.825e+04 -4.825e+04
 1.124e+05 -1.124e+05
 3.979e+04 -3.979e+04
 3.465e+04 -3.465e+04
 -7.352e+05 7.352e+05
 -3.642e+05 3.642e+05
 -1.801e+05 1.801e+05
 2.053e+05 -2.053e+05
 1.931e+05 -1.931e+05
 -4.057e+05 4.057e+05
 -6.261e+05 6.261e+05
 -2.904e+05 2.904e+05
 5.387e+05 -5.387e+05
 1.766e+04 -1.766e+04
 -5.965e+05 5.965e+05
 -2.956e+05 2.956e+05
 -2.241e+05 2.241e+05
 -4.718e+04 4.718e+04
 -2.676e+05 2.676e+05
 2.945e+05 -2.945e+05
 -2.659e+05 2.659e+05
 6.297e+04 -6.297e+04
 1.01e+05 -1.01e+05
 -7.336e+05 7.336e+05
 4.595e+04 -4.595e+04
 5.689e+05 -5.689e+05
 2.158e+05 -2.158e+05
 -4.005e+04 4.005e+04
 -1.161e+05 1.161e+05
 5.809e+05 -5.809e+05
 2.546e+05 -2.546e+05
 3.169e+05 -3.169e+05
 -1.455e+05 1.455e+05
 -8.468e+04 8.468e+04
 7.763e+05 -7.763e+05
 8.255e+04 -8.255e+04
 -5.914e+05 5.914e+05
 -2.322e+05 2.322e+05
 1.713e+05 -1.713e+05
 1.193e+05 -1.193e+05
 5.707e+04 -5.707e+04
 -2.866e+05 2.866e+05
 -2.598e+05 2.598e+05
 -1.695e+05 1.695e+05
 -2.182e+05 2.182e+05
 5.919e+05 -5.919e+05
 7.091e+05 -7.091e+05
 -3.586e+05 3.586e+05
 2.527e+04 -2.527e+04
 1.814e+04 -1.814e+04
 -2.312e+05 2.312e+05
 -6925 6925
 -6.097e+05 6.097e+05
 -7.856e+05 7.856e+05
 1.811e+05 -1.811e+05
 6.065e+05 -6.065e+05
 2.91e+05 -2.91e+05
 6.642e+04 -6.642e+04
 -9.611e+04 9.611e+04
 -1.955e+05 1.955e+05
 3.236e+04 -3.236e+04
 3.998e+05 -3.998e+05
 -6.352e+04 6.352e+04
 -4.058e+05 4.058e+05
 4.658e+05 -4.658e+05
 -1.718e+05 1.718e+05
 -5.808e+05 5.808e+05
 -3.262e+05 3.262e+05
 -2.974e+05 2.974e+05
 6.58e+04 -6.58e+04
 -7.172e+04 7.172e+04
 1.403e+05 -1.403e+05
 1.12e+06 -1.12e+06
 -7.915e+05 7.915e+05
 -4.736e+04 4.736e+04
 5.61e+05 -5.61e+05
 -6.138e+05 6.138e+05
 2.85e+05 -2.85e+05
 -4.184e+04 4.184e+04
 -1.664e+05 1.664e+05
 -1.952e+05 1.952e+05
 3.903e+05 -3.903e+05
 3.141e+05 -3.141e+05
 9.87e+04 -9.87e+04
 -9.313e+04 9.313e+04
 1.817e+05 -1.817e+05
 2.528e+05 -2.528e+05
 9.96e+04 -9.96e+04
 1.277e+04 -1.277e+04
 3.97e+05 -3.97e+05
 4.239e+04 -4.239e+04
 4.97e+04 -4.97e+04
 -4.506e+05 4.506e+05
 1.611e+05 -1.611e+05
 -2.036e+05 2.036e+05
 2.922e+05 -2.922e+05
 1.794e+05 -1.794e+05
 -7.388e+05 7.388e+05
 4.331e+04 -4.331e+04
 -2.214e+05 2.214e+05
 -5.094e+05 5.094e+05
 -1.153e+05 1.153e+05
 1.958e+05 -1.958e+05
 -2.364e+05 2.364e+05
 4.741e+05 -4.741e+05
 -5.609e+04 5.609e+04
 -3.979e+04 3.979e+04
 -3.719e+05 3.719e+05
 7.017e+05 -7.017e+05
 -1.617e+04 1.617e+04
 -1.434e+04 1.434e+04
 -2.855e+05 2.855e+05
 -7.163e+04 7.163e+04
 1.874e+05 -1.874e+05
 2.835e+05 -2.835e+05
 2.135e+05 -2.135e+05
 -3.906e+05 3.906e+05
 -3.276e+05 3.276e+05
 5.004e+05 -5.004e+05
 2.148e+05 -2.148e+05
 1.339e+05 -1.339e+05
 -1.844e+05 1.844e+05
 -2.096e+04 2.096e+04
 1.94e+04 -1.94e+04
 3.543e+04 -3.543e+04
 -5.07e+05 5.07e+05
 4.124e+04 -4.124e+04
 4.243e+04 -4.243e+04
 2.875e+05 -2.875e+05
 -5.112e+05 5.112e+05
 1.767e+05 -1.767e+05
 4.008e+05 -4.008e+05
 -1.977e+05 1.977e+05
 4.22e+05 -4.22e+05
 -2.003e+05 2.003e+05
 2.659e+05 -2.659e+05
 5662 -5662
 -2.86e+05 2.86e+05
 4.539e+05 -4.539e+05
 -5.842e+05 5.842e+05
 -7.913e+05 7.913e+05
 -5.985e+05 5.985e+05
 2.308e+05 -2.308e+05
 -1.456e+05 1.456e+05
 -8.204e+04 8.204e+04
 -7.602e+05 7.602e+05
 5.667e+05 -5.667e+05
 -1.328e+05 1.328e+05
 1.696e+05 -1.696e+05
 8.729e+04 -8.729e+04
 -2.219e+05 2.219e+05
 -5.134e+04 5.134e+04
 3.252e+04 -3.252e+04
 -1.455e+05 1.455e+05
 4.451e+05 -4.451e+05
 -4.307e+05 4.307e+05
 -4.746e+05 4.746e+05
 7.71e+04 -7.71e+04
 -2.074e+05 2.074e+05
 3.011e+05 -3.011e+05
 -4.311e+05 4.311e+05
 -5.33e+05 5.33e+05
 1242 -1242
 4.654e+05 -4.654e+05
 7.289e+04 -7.289e+04
 1.56e+05 -1.56e+05
 -1.735e+05 1.735e+05
 -7.947e+05 7.947e+05
 8.744e+04 -8.744e+04
 5.177e+05 -5.177e+05
 -3.122e+05 3.122e+05
 4.691e+04 -4.691e+04
 2.253e+05 -2.253e+05
 -9.934e+04 9.934e+04
 6.14e+05 -6.14e+05
 -1.429e+05 1.429e+05
 5.131e+04 -5.131e+04
 -7.216e+04 7.216e+04
 -4.72e+05 4.72e+05
 -5.35e+04 5.35e+04
 -7.825e+05 7.825e+05
 3.901e+05 -3.901e+05
 -3.361e+05 3.361e+05
 -8.11e+04 8.11e+04
 7.691e+04 -7.691e+04
 -1.789e+05 1.789e+05
 2.32e+05 -2.32e+05
 1.454e+05 -1.454e+05
 2.23e+04 -2.23e+04
 -3.089e+05 3.089e+05
 -2.375e+05 2.375e+05
 -1.098e+05 1.098e+05
 4.286e+05 -4.286e+05
 -8.897e+05 8.897e+05
 -6.25e+04 6.25e+04
 1.863e+04 -1.863e+04
 -3.398e+05 3.398e+05
 -1.311e+05 1.311e+05
 -1.206e+05 1.206e+05
 6.866e+05 -6.866e+05
 2.239e+05 -2.239e+05
 -4.171e+04 4.171e+04
 -3.292e+05 3.292e+05
 -4.59e+05 4.59e+05
 2.762e+05 -2.762e+05
 -1.902e+05 1.902e+05
 -9.948e+04 9.948e+04
 -2.184e+05 2.184e+05
 3.173e+05 -3.173e+05
 1.144e+06 -1.144e+06
 -3.032e+05 3.032e+05
 3.988e+04 -3.988e+04
 2.946e+05 -2.946e+05
 1.682e+05 -1.682e+05
 -7.887e+05 7.887e+05
 -9.011e+04 9.011e+04
 5.745e+05 -5.745e+05
 -5.796e+04 5.796e+04
 1.405e+05 -1.405e+05
 -3.26e+05 3.26e+05
 -3.097e+05 3.097e+05
 -2.584e+05 2.584e+05
 -1.782e+05 1.782e+05
 -1.512e+05 1.512e+05
 -1.422e+05 1.422e+05
 5.401e+04 -5.401e+04
 1.015e+05 -1.015e+05
 1.08e+05 -1.08e+05
 -1.57e+05 1.57e+05
 -9.926e+04 9.926e+04
 -2.117e+05 2.117e+05
 -1.089e+05 1.089e+05
 2.604e+05 -2.604e+05
 -4.573e+05 4.573e+05
 -3.1e+05 3.1e+05
 6.405e+05 -6.405e+05
 -2.422e+05 2.422e+05
 -1.666e+05 1.666e+05
 -1.085e+05 1.085e+05
 3.574e+05 -3.574e+05
 2.42e+05 -2.42e+05
 9.126e+04 -9.126e+04
 -1.533e+05 1.533e+05
 -8.25e+04 8.25e+04
 1.925e+05 -1.925e+05
 -4.347e+05 4.347e+05
 4.505e+05 -4.505e+05
 2.556e+05 -2.556e+05
 -3.053e+05 3.053e+05
 -2.537e+05 2.537e+05
 -5.854e+05 5.854e+05
 3.098e+05 -3.098e+05
 2.834e+05 -2.834e+05
 -1.494e+05 1.494e+05
 2.163e+05 -2.163e+05
 2.199e+05 -2.199e+05
 -4.029e+05 4.029e+05
 2.696e+05 -2.696e+05
 -4523 4523
 -5.983e+04 5.983e+04
 -5.101e+05 5.101e+05
 -2.607e+05 2.607e+05
 -4.162e+05 4.162e+05
 1.753e+05 -1.753e+05
 -1.049e+05 1.049e+05
 -2.24e+05 2.24e+05
 -3.724e+05 3.724e+05
 3.135e+05 -3.135e+05
 -7.964e+04 7.964e+04
 -4.601e+04 4.601e+04
 -3.352e+05 3.352e+05
 -5.36e+05 5.36e+05
 3.217e+05 -3.217e+05
 -1.025e+05 1.025e+05
 -1.26e+05 1.26e+05
 -4.718e+04 4.718e+04
 2.564e+05 -2.564e+05
 5.567e+04 -5.567e+04
 3157 -3157
 4.255e+05 -4.255e+05
 2.94e+05 -2.94e+05
 1.262e+05 -1.262e+05
 2.512e+05 -2.512e+05
 2.003e+05 -2.003e+05
 -5.405e+05 5.405e+05
 2.679e+05 -2.679e+05
 -2.333e+05 2.333e+05
 -6.385e+04 6.385e+04
 2.491e+04 -2.491e+04
 6.623e+05 -6.623e+05
 6.177e+04 -6.177e+04
 -2.303e+05 2.303e+05
 4.427e+05 -4.427e+05
 9.331e+05 -9.331e+05
 6.659e+05 -6.659e+05
 4.72e+05 -4.72e+05
 1.593e+05 -1.593e+05
 -8.602e+04 8.602e+04
 -3.126e+04 3.126e+04
 -2.052e+05 2.052e+05
 7.234e+05 -7.234e+05
 -6.346e+05 6.346e+05
 -1.518e+05 1.518e+05
 1.25e+05 -1.25e+05
 -3.323e+05 3.323e+05
 -3.313e+05 3.313e+05
 1.024e+05 -1.024e+05
 -1.901e+05 1.901e+05
 -8.962e+04 8.962e+04
 5.619e+05 -5.619e+05
 1.944e+05 -1.944e+05
 4.456e+05 -4.456e+05
 -1.136e+05 1.136e+05
 -2.692e+05 2.692e+05
 -6.476e+05 6.476e+05
 9.199e+04 -9.199e+04
 -3.206e+05 3.206e+05
 -6.953e+05 6.953e+05
 -5.821e+05 5.821e+05
 -1.825e+05 1.825e+05
 7138 -7138
 -1.009e+05 1.009e+05
 -3.657e+05 3.657e+05
 -1.57e+05 1.57e+05
 -4.136e+05 4.136e+05
 -7.882e+04 7.882e+04
 2.439e+05 -2.439e+05
 -2.163e+05 2.163e+05
 -4.303e+05 4.303e+05
 8.726e+04 -8.726e+04
 -2.451e+05 2.451e+05
 2.391e+05 -2.391e+05
 1.442e+05 -1.442e+05
 5.74e+05 -5.74e+05
 -4.712e+05 4.712e+05
 -4.63e+04 4.63e+04
 4.393e+05 -4.393e+05
 -1.308e+05 1.308e+05
 -1.186e+05 1.186e+05
 1.703e+05 -1.703e+05
 -9.081e+04 9.081e+04
 -7.454e+04 7.454e+04
 -5.962e+04 5.962e+04
 -1.792e+05 1.792e+05
 3.342e+05 -3.342e+05
 -4.952e+05 4.952e+05
 -1.215e+05 1.215e+05
 1.954e+05 -1.954e+05
 1.508e+05 -1.508e+05
 -5.386e+04 5.386e+04
 -7715 7715
 5.321e+05 -5.321e+05
 -4.742e+05 4.742e+05
 1.212e+05 -1.212e+05
 6.949e+05 -6.949e+05
 5.438e+05 -5.438e+05
 -1.394e+04 1.394e+04
 -5.648e+05 5.648e+05
 2.8e+05 -2.8e+05
 -2.992e+05 2.992e+05
 3.794e+05 -3.794e+05
 -5.033e+05 5.033e+05
 4.612e+05 -4.612e+05
 -4.987e+05 4.987e+05
 4.653e+04 -4.653e+04
 -3.562e+05 3.562e+05
 1.887e+05 -1.887e+05
 3.701e+05 -3.701e+05
 -4.062e+05 4.062e+05
 2.725e+05 -2.725e+05
 -1.899e+04 1.899e+04
 6.712e+05 -6.712e+05
 3.4e+05 -3.4e+05
 1.592e+05 -1.592e+05
 3.185e+05 -3.185e+05
 -6.495e+05 6.495e+05
 1.417e+05 -1.417e+05
 1.007e+05 -1.007e+05
 4.689e+05 -4.689e+05
 -2.369e+05 2.369e+05
 -2.159e+05 2.159e+05
 -3.319e+05 3.319e+05
 4.096e+05 -4.096e+05
 1.637e+05 -1.637e+05
 -1.944e+05 1.944e+05
 -1.825e+05 1.825e+05
 -2.774e+05 2.774e+05
 -2.352e+04 2.352e+04
 6.904e+04 -6.904e+04
 3.729e+05 -3.729e+05
 -1.571e+05 1.571e+05
 -1.912e+05 1.912e+05
 4.848e+05 -4.848e+05
 -4.806e+04 4.806e+04
 6e+05 -6e+05
 2.273e+05 -2.273e+05
 3.172e+05 -3.172e+05
 3.514e+05 -3.514e+05
 9.507e+04 -9.507e+04
 -2.094e+05 2.094e+05
 6.968e+04 -6.968e+04
 -9639 9639
 -1.697e+04 1.697e+04
 -1.484e+05 1.484e+05
 5.603e+05 -5.603e+05
 -8.683e+04 8.683e+04
 215.4 -215.4
 4.538e+05 -4.538e+05
 -1.661e+05 1.661e+05
 -3.428e+05 3.428e+05
 4.017e+05 -4.017e+05
 4.649e+04 -4.649e+04
 -2.479e+05 2.479e+05
 -4.01e+04 4.01e+04
 3.02e+05 -3.02e+05
 1.777e+05 -1.777e+05
 3.175e+05 -3.175e+05
 -3.849e+05 3.849e+05
 -3.167e+05 3.167e+05
 -7.536e+04 7.536e+04
 -5.179e+04 5.179e+04
 6.94e+05 -6.94e+05
 -2.116e+05 2.116e+05
 -5.783e+05 5.783e+05
 -2.229e+05 2.229e+05
 -4.631e+05 4.631e+05
 7.145e+05 -7.145e+05
 -1.747e+05 1.747e+05
 3.632e+05 -3.632e+05
 4.602e+05 -4.602e+05
 1.772e+05 -1.772e+05
 -3.34e+05 3.34e+05
 -3.509e+04 3.509e+04
 1.041e+04 -1.041e+04
 1.488e+05 -1.488e+05
 1.977e+05 -1.977e+05
 7.832e+05 -7.832e+05
 -3.363e+05 3.363e+05
 3.185e+05 -3.185e+05
 -1.29e+05 1.29e+05
 3.137e+05 -3.137e+05
 2.173e+05 -2.173e+05
 -4.826e+05 4.826e+05
 3.892e+05 -3.892e+05
 2.524e+05 -2.524e+05
 8.988e+05 -8.988e+05
 -2.204e+04 2.204e+04
 1.082e+04 -1.082e+04
 -7.001e+04 7.001e+04
 -1.818e+05 1.818e+05
 -1.951e+05 1.951e+05
 4.321e+05 -4.321e+05
 -4.049e+05 4.049e+05
 -1.469e+05 1.469e+05
 -5.457e+05 5.457e+05
 1.22e+04 -1.22e+04
 -2.443e+05 2.443e+05
 -4.494e+05 4.494e+05
 -5.06e+05 5.06e+05
 7.662e+05 -7.662e+05
 -3.853e+05 3.853e+05
 7.306e+05 -7.306e+05
 1.992e+05 -1.992e+05
 1.199e+05 -1.199e+05
 -3.986e+05 3.986e+05
 1.01e+06 -1.01e+06
 4.269e+05 -4.269e+05
 4.523e+05 -4.523e+05
 4.857e+05 -4.857e+05
 -5.184e+05 5.184e+05
 9.805e+04 -9.805e+04
 9.292e+04 -9.292e+04
 -7.657e+05 7.657e+05
 -3.72e+05 3.72e+05
 4.42e+05 -4.42e+05
 -2.018e+05 2.018e+05
 -3800 3800
 -8.323e+05 8.323e+05
 1.569e+05 -1.569e+05
 2.304e+05 -2.304e+05
 -8.163e+05 8.163e+05
 8922 -8922
 -4.648e+05 4.648e+05
 -2.672e+05 2.672e+05
 1.637e+05 -1.637e+05
 -8.153e+04 8.153e+04
 1.944e+05 -1.944e+05
 7.186e+04 -7.186e+04
 4.465e+05 -4.465e+05
 -6.778e+05 6.778e+05
 -9.83e+05 9.83e+05
 9.728e+04 -9.728e+04
 1.079e+05 -1.079e+05
 -1.65e+05 1.65e+05
 5.544e+05 -5.544e+05
 4.011e+05 -4.011e+05
 -4.618e+05 4.618e+05
 -5.835e+05 5.835e+05
 -9.271e+05 9.271e+05
 5.965e+04 -5.965e+04
 1.488e+04 -1.488e+04
 3.372e+05 -3.372e+05
 8.626e+05 -8.626e+05
 -1.427e+05 1.427e+05
 -2.774e+05 2.774e+05
 -3.233e+04 3.233e+04
 -1.626e+05 1.626e+05
 1.181e+04 -1.181e+04
 -6.092e+04 6.092e+04
 1.572e+04 -1.572e+04
 2.066e+05 -2.066e+05
 -2.741e+04 2.741e+04
 3.288e+05 -3.288e+05
 2.449e+05 -2.449e+05
 -6.588e+05 6.588e+05
 1.995e+05 -1.995e+05
 3.713e+05 -3.713e+05
 -1.324e+06 1.324e+06
 -2.037e+05 2.037e+05
 1730 -1730
 3.265e+05 -3.265e+05
 -2.253e+05 2.253e+05
 -9.14e+04 9.14e+04
 3.026e+05 -3.026e+05
 -1.717e+05 1.717e+05
 -2.103e+05 2.103e+05
 8.084e+05 -8.084e+05
 -4.009e+05 4.009e+05
 2.043e+04 -2.043e+04
 -9.949e+05 9.949e+05
 -3.729e+05 3.729e+05
 1.981e+04 -1.981e+04
 1.13e+05 -1.13e+05
 -3.88e+05 3.88e+05
 -1.35e+05 1.35e+05
 -4.246e+05 4.246e+05
 -3.304e+05 3.304e+05
 1.872e+04 -1.872e+04
 1.132e+05 -1.132e+05
 2.14e+05 -2.14e+05
 9.75e+04 -9.75e+04
 -3.171e+05 3.171e+05
 1.596e+05 -1.596e+05
 1.051e+05 -1.051e+05
 -9554 9554
 -8.752e+04 8.752e+04
 1.585e+05 -1.585e+05
 -3.273e+05 3.273e+05
 -1.051e+05 1.051e+05
 -6.957e+05 6.957e+05
 -8.67e+04 8.67e+04
 8.166e+04 -8.166e+04
 -7.956e+04 7.956e+04
 -2.554e+05 2.554e+05
 6.472e+04 -6.472e+04
 -1.849e+05 1.849e+05
 -9.77e+04 9.77e+04
 5.493e+04 -5.493e+04
 -2.617e+05 2.617e+05
 2.205e+04 -2.205e+04
 2.261e+05 -2.261e+05
 1.674e+05 -1.674e+05
 -1.588e+05 1.588e+05
 1.416e+06 -1.416e+06
 2.544e+05 -2.544e+05
 -3.463e+05 3.463e+05
 6.317e+04 -6.317e+04
 2.264e+05 -2.264e+05
 -4.031e+04 4.031e+04
 2.562e+05 -2.562e+05
 2.26e+05 -2.26e+05
 4.722e+05 -4.722e+05
 6.589e+05 -6.589e+05
 3.654e+05 -3.654e+05
 -1.735e+05 1.735e+05
 1.525e+04 -1.525e+04
 2.255e+05 -2.255e+05
 -2.6e+05 2.6e+05
 -1.576e+05 1.576e+05
 2.504e+04 -2.504e+04
 2.407e+04 -2.407e+04
 2.613e+05 -2.613e+05
 -1.618e+05 1.618e+05
 -5.868e+05 5.868e+05
 1.55e+05 -1.55e+05
 -2.625e+04 2.625e+04
 5.647e+05 -5.647e+05
 -3.614e+05 3.614e+05
 -4.848e+04 4.848e+04
 -5.553e+05 5.553e+05
 -4.281e+05 4.281e+05
 -1.842e+05 1.842e+05
 3.281e+05 -3.281e+05
 4.868e+05 -4.868e+05
 -1.925e+05 1.925e+05
 5.049e+04 -5.049e+04
 -1.91e+04 1.91e+04
 3.888e+04 -3.888e+04
 -1.479e+05 1.479e+05
 2.169e+05 -2.169e+05
 -8.719e+04 8.719e+04
 -5.138e+05 5.138e+05
 3.008e+05 -3.008e+05
 -209.1 209.1
 -3.752e+05 3.752e+05
 3.022e+05 -3.022e+05
 2.152e+05 -2.152e+05
 -2.579e+05 2.579e+05
 -7316 7316
 3.839e+04 -3.839e+04
 2.285e+05 -2.285e+05
 -3.978e+05 3.978e+05
 -6.92e+04 6.92e+04
 1.059e+06 -1.059e+06
 -5.571e+05 5.571e+05
 3.913e+04 -3.913e+04
 7.318e+05 -7.318e+05
 -6.831e+04 6.831e+04
 -8.214e+05 8.214e+05
 1.663e+05 -1.663e+05
 3.265e+05 -3.265e+05
 1.316e+05 -1.316e+05
 -8.875e+04 8.875e+04
 -3.816e+05 3.816e+05
 -3.976e+05 3.976e+05
 -8.127e+05 8.127e+05
 2.771e+05 -2.771e+05
 1.512e+05 -1.512e+05
 5.156e+04 -5.156e+04
 -3.404e+05 3.404e+05
 7.23e+04 -7.23e+04
 -1.493e+05 1.493e+05
 -4.394e+05 4.394e+05
 -4.83e+05 4.83e+05
 -1.736e+05 1.736e+05
 3.632e+04 -3.632e+04
 7.262e+04 -7.262e+04
 -1.534e+05 1.534e+05
 -3.987e+05 3.987e+05
 6.225e+05 -6.225e+05
 3.695e+05 -3.695e+05
 2.523e+05 -2.523e+05
 -1.009e+06 1.009e+06
 -1.317e+05 1.317e+05
 -4.104e+05 4.104e+05
 5323 -5323
 6.119e+04 -6.119e+04
 3.602e+05 -3.602e+05
 -5.441e+04 5.441e+04
 1.69e+05 -1.69e+05
 -5.028e+05 5.028e+05
 -1.561e+05 1.561e+05
 -3.479e+05 3.479e+05
 -5.144e+05 5.144e+05
 3e+05 -3e+05
 1.8e+05 -1.8e+05
 2.853e+05 -2.853e+05
 5.814e+05 -5.814e+05
 -2311 2311
 3.689e+05 -3.689e+05
 4.83e+04 -4.83e+04
 -1.883e+05 1.883e+05
 5.366e+05 -5.366e+05
 -2.848e+05 2.848e+05
 4.558e+05 -4.558e+05
 -1.7e+05 1.7e+05
 1.098e+05 -1.098e+05
 -8.138e+04 8.138e+04
 5.792e+05 -5.792e+05
 -5.173e+05 5.173e+05
 2.669e+05 -2.669e+05
 -3.241e+05 3.241e+05
 7.747e+05 -7.747e+05
 6.986e+04 -6.986e+04
 3.308e+05 -3.308e+05
 4.967e+04 -4.967e+04
 -6.375e+04 6.375e+04
 1.826e+05 -1.826e+05
 -2.564e+05 2.564e+05
 -3.317e+05 3.317e+05
 2.219e+05 -2.219e+05
 -2.364e+05 2.364e+05
 1.335e+05 -1.335e+05
 -1.241e+05 1.241e+05
 -3.53e+05 3.53e+05
 1.084e+05 -1.084e+05
 -8.421e+04 8.421e+04
 8.179e+04 -8.179e+04
 1.163e+05 -1.163e+05
 -1.365e+05 1.365e+05
 -1.145e+05 1.145e+05
 -2.51e+05 2.51e+05
 1.347e+05 -1.347e+05
 -9.34e+04 9.34e+04
 -2.403e+04 2.403e+04
 -1.328e+05 1.328e+05
 2.604e+05 -2.604e+05
 7.396e+04 -7.396e+04
 1.982e+05 -1.982e+05
 4.399e+04 -4.399e+04
 -9.072e+04 9.072e+04
 -1.109e+05 1.109e+05
 -1.588e+05 1.588e+05
 -5.506e+05 5.506e+05
 -2.768e+05 2.768e+05
 -4455 4455
 3.496e+05 -3.496e+05
 -2.181e+05 2.181e+05
 -2.791e+05 2.791e+05
 1.621e+05 -1.621e+05
 -6.276e+04 6.276e+04
 4.891e+05 -4.891e+05
 2.627e+05 -2.627e+05
 6.346e+05 -6.346e+05
 -1.376e+05 1.376e+05
 3.495e+05 -3.495e+05
 -3.925e+05 3.925e+05
 1.713e+05 -1.713e+05
 1.892e+04 -1.892e+04
 1.158e+05 -1.158e+05
 -4.025e+04 4.025e+04
 5.33e+04 -5.33e+04
 -4.204e+05 4.204e+05
 -2.831e+05 2.831e+05
 -2.446e+05 2.446e+05
 3.206e+05 -3.206e+05
 -8.507e+04 8.507e+04
 -3.111e+05 3.111e+05
 9.367e+04 -9.367e+04
 -3.795e+05 3.795e+05
 -4.758e+05 4.758e+05
 -3.721e+05 3.721e+05
 -1.174e+05 1.174e+05
 2.455e+05 -2.455e+05
 -1.551e+05 1.551e+05
 -6.126e+04 6.126e+04
 3.31e+04 -3.31e+04
 6.55e+05 -6.55e+05
 -1.108e+05 1.108e+05
 1.958e+05 -1.958e+05
 1.42e+05 -1.42e+05
 2.673e+05 -2.673e+05
 5.818e+05 -5.818e+05
 1.292e+04 -1.292e+04
 1.358e+05 -1.358e+05
 -5.867e+05 5.867e+05
 1.64e+05 -1.64e+05
 -1.259e+05 1.259e+05
 1.284e+05 -1.284e+05
 -3.653e+05 3.653e+05
 -4.629e+05 4.629e+05
 -5.548e+05 5.548e+05
 2.14e+04 -2.14e+04
 4.031e+05 -4.031e+05
 2.655e+04 -2.655e+04
 3.234e+04 -3.234e+04
 -1.734e+05 1.734e+05
 3.169e+04 -3.169e+04
 -4.164e+05 4.164e+05
 -5.023e+05 5.023e+05
 -4.51e+05 4.51e+05
 -2.395e+05 2.395e+05
 1.561e+05 -1.561e+05
 2.275e+05 -2.275e+05
 4.407e+05 -4.407e+05
 2.354e+05 -2.354e+05
 3.216e+05 -3.216e+05
 -6.513e+04 6.513e+04
 -3.47e+05 3.47e+05
 1.014e+05 -1.014e+05
 -1.037e+05 1.037e+05
 1.16e+05 -1.16e+05
 -3.595e+05 3.595e+05
 -1.54e+05 1.54e+05
 2.656e+05 -2.656e+05
 -5.554e+05 5.554e+05
 5.391e+04 -5.391e+04
 -2.368e+05 2.368e+05
 4.732e+05 -4.732e+05
 -5.833e+04 5.833e+04
 2.941e+04 -2.941e+04
 -2.748e+05 2.748e+05
 1.923e+05 -1.923e+05
 -1.342e+05 1.342e+05
 3.019e+05 -3.019e+05
 -1.204e+05 1.204e+05
 5.649e+04 -5.649e+04
 3.633e+05 -3.633e+05
 9726 -9726
 2.468e+05 -2.468e+05
 -2.444e+05 2.444e+05
 -5.235e+05 5.235e+05
 6.167e+05 -6.167e+05
 4.764e+05 -4.764e+05
 1.869e+04 -1.869e+04
 -1.868e+05 1.868e+05
 7.18e+05 -7.18e+05
 1.637e+05 -1.637e+05
 4.082e+05 -4.082e+05
 4.451e+05 -4.451e+05
 -3.58e+05 3.58e+05
 -6.403e+05 6.403e+05
 -3.602e+05 3.602e+05
 2.133e+05 -2.133e+05
 -7.007e+04 7.007e+04
 6.255e+05 -6.255e+05
 1.145e+05 -1.145e+05
 -3.956e+05 3.956e+05
 -3.147e+04 3.147e+04
 -6.566e+05 6.566e+05
 5.373e+05 -5.373e+05
 -2.551e+05 2.551e+05
 9.675e+05 -9.675e+05
 -7.486e+04 7.486e+04
 -1.978e+05 1.978e+05
 3.357e+05 -3.357e+05
 3.912e+05 -3.912e+05
 -1.15e+05 1.15e+05
 -7.196e+05 7.196e+05
 -4.338e+05 4.338e+05
 -6.675e+05 6.675e+05
 2.106e+05 -2.106e+05
 -3.315e+04 3.315e+04
 -5.752e+05 5.752e+05
 -3.758e+05 3.758e+05
 3.86e+05 -3.86e+05
 -2.127e+04 2.127e+04
 -3.318e+04 3.318e+04
 2.056e+05 -2.056e+05
 -2.168e+05 2.168e+05
 -3.698e+05 3.698e+05
 -4.656e+05 4.656e+05
 -4.021e+05 4.021e+05
 -4.128e+05 4.128e+05
 -2.625e+05 2.625e+05
 -3.964e+05 3.964e+05
 -6.267e+05 6.267e+05
 1.266e+04 -1.266e+04
 -4.734e+05 4.734e+05
 -5.64e+05 5.64e+05
 4.12e+05 -4.12e+05
 -5.405e+05 5.405e+05
 2.36e+05 -2.36e+05
 7.212e+05 -7.212e+05
 -2.322e+05 2.322e+05
 -3.058e+05 3.058e+05
 -4.643e+05 4.643e+05
 -2.705e+05 2.705e+05
 -8.681e+04 8.681e+04
 6.997e+04 -6.997e+04
 2.156e+05 -2.156e+05
 1.598e+05 -1.598e+05
 -3.123e+05 3.123e+05
 -2.303e+05 2.303e+05
 2.665e+05 -2.665e+05
 2.461e+05 -2.461e+05
 -1.632e+05 1.632e+05
 -368.4 368.4
 1.221e+05 -1.221e+05
 1.826e+05 -1.826e+05
 -2.453e+05 2.453e+05
 3.326e+05 -3.326e+05
 -2.188e+05 2.188e+05
 -5.668e+05 5.668e+05
 -4.669e+04 4.669e+04
 -1.086e+04 1.086e+04
 -7.1e+05 7.1e+05
 1.149e+05 -1.149e+05
 -3.46e+04 3.46e+04
 7.305e+04 -7.305e+04
 1.08e+04 -1.08e+04
 2.554e+04 -2.554e+04
 -9.516e+04 9.516e+04
 -3.82e+04 3.82e+04
 4.443e+05 -4.443e+05
 5.614e+05 -5.614e+05
 -2.169e+05 2.169e+05
 -3.306e+05 3.306e+05
 4.062e+05 -4.062e+05
 2.383e+05 -2.383e+05
 3.621e+05 -3.621e+05
 -1.927e+05 1.927e+05
 2.105e+05 -2.105e+05
 1.08e+05 -1.08e+05
 -1.403e+05 1.403e+05
 3.57e+05 -3.57e+05
 -1.456e+05 1.456e+05
 -3.113e+05 3.113e+05
 -1.464e+05 1.464e+05
 -1.336e+05 1.336e+05
 3.273e+05 -3.273e+05
 -8.891e+04 8.891e+04
 -1.384e+04 1.384e+04
 -1.06e+05 1.06e+05
 3.911e+04 -3.911e+04
 -5.152e+05 5.152e+05
 2.438e+05 -2.438e+05
 -6.216e+04 6.216e+04
 3.029e+05 -3.029e+05
 -6.677e+04 6.677e+04
 -4.62e+05 4.62e+05
 -2.454e+05 2.454e+05
 -4.055e+05 4.055e+05
 9.227e+04 -9.227e+04
 -2.821e+05 2.821e+05
 1.955e+05 -1.955e+05
 1.197e+05 -1.197e+05
 -3.248e+05 3.248e+05
 -1.999e+05 1.999e+05
 -6.908e+04 6.908e+04
 -4.886e+05 4.886e+05
 4.013e+05 -4.013e+05
 -4.244e+05 4.244e+05
 -5.919e+05 5.919e+05
 -9.068e+04 9.068e+04
 -1.462e+04 1.462e+04
 -2.375e+05 2.375e+05
 -2.993e+05 2.993e+05
 -4.548e+04 4.548e+04
 -7.06e+05 7.06e+05
 -4.435e+04 4.435e+04
 -6.987e+05 6.987e+05
 -4.772e+05 4.772e+05
 -3.192e+05 3.192e+05
 9.495e+04 -9.495e+04
 -3.311e+05 3.311e+05
 3.212e+04 -3.212e+04
 -2.357e+05 2.357e+05
 6.992e+05 -6.992e+05
 1.205e+06 -1.205e+06
 -5.625e+05 5.625e+05
 -2.946e+05 2.946e+05
 -1.041e+06 1.041e+06
 4.983e+05 -4.983e+05
 5.579e+05 -5.579e+05
 8.906e+05 -8.906e+05
 4.074e+04 -4.074e+04
 -6.827e+05 6.827e+05
 4.553e+05 -4.553e+05
 -6.329e+05 6.329e+05
 -2.782e+05 2.782e+05
 -3.253e+05 3.253e+05
 -1.389e+05 1.389e+05
 -2.255e+05 2.255e+05
 7.438e+04 -7.438e+04
 -1.779e+05 1.779e+05
 1.783e+05 -1.783e+05
 -3.059e+04 3.059e+04
 2.811e+05 -2.811e+05
 4.146e+05 -4.146e+05
 -8.245e+05 8.245e+05
 -4.871e+05 4.871e+05
 -1.977e+05 1.977e+05
 -2.562e+05 2.562e+05
 3.589e+05 -3.589e+05
 5.909e+05 -5.909e+05
 -2.693e+05 2.693e+05
 -2.288e+05 2.288e+05
 -6.001e+05 6.001e+05
 -2.028e+05 2.028e+05
 5.192e+05 -5.192e+05
 3.533e+05 -3.533e+05
 -3.005e+05 3.005e+05
 1.488e+05 -1.488e+05
 -6.367e+05 6.367e+05
 1.868e+05 -1.868e+05
 9.189e+04 -9.189e+04
 -3.682e+05 3.682e+05
 5.856e+04 -5.856e+04
 -3.977e+05 3.977e+05
 9434 -9434
 -2.928e+05 2.928e+05
 6.423e+05 -6.423e+05
 -2.687e+05 2.687e+05
 2.584e+05 -2.584e+05
 -1.865e+05 1.865e+05
 -150 150
 -2.758e+05 2.758e+05
 1.391e+04 -1.391e+04
 1.39e+05 -1.39e+05
 -2.125e+05 2.125e+05
 -3.739e+05 3.739e+05
 2.223e+05 -2.223e+05
 -8.968e+04 8.968e+04
 1.301e+05 -1.301e+05
 9.806e+04 -9.806e+04
 -5.218e+05 5.218e+05
 -5.661e+05 5.661e+05
 4.984e+04 -4.984e+04
 -5.298e+05 5.298e+05
 -4.59e+05 4.59e+05
 5.604e+05 -5.604e+05
 -2.361e+05 2.361e+05
 3.826e+05 -3.826e+05
 1.688e+05 -1.688e+05
 5.312e+05 -5.312e+05
 -1.402e+05 1.402e+05
 1.313e+04 -1.313e+04
 1.232e+05 -1.232e+05
 -3.228e+05 3.228e+05
 1.241e+05 -1.241e+05
 9.289e+05 -9.289e+05
 -2.026e+05 2.026e+05
 5.289e+05 -5.289e+05
 5.556e+05 -5.556e+05
 -3.398e+05 3.398e+05
 5.192e+04 -5.192e+04
 -4.233e+05 4.233e+05
 5.879e+05 -5.879e+05
 -2.359e+05 2.359e+05
 1.419e+05 -1.419e+05
 5.101e+05 -5.101e+05
 4.918e+05 -4.918e+05
 3.602e+05 -3.602e+05
 6.641e+04 -6.641e+04
 1.209e+05 -1.209e+05
 4.168e+04 -4.168e+04
 -4.127e+05 4.127e+05
 3.742e+05 -3.742e+05


