# Created by Octave 5.2.0, Thu Sep 24 20:54:02 2020 CEST <jiwidi@land>
# name: w
# type: matrix
# rows: 101
# columns: 20
 -1.007e+08 -1.007e+08 -1.007e+08 -1.007e+08 -1.007e+08 -1.007e+08 -1.007e+08 -1.007e+08 -1.007e+08 -1.007e+08 -1.007e+08 -1.007e+08 -1.007e+08 -1.007e+08 -1.007e+08 -1.007e+08 -1.007e+08 -1.007e+08 -1.007e+08 -1.007e+08
 -8.337e+06 -8.335e+06 -8.335e+06 -8.335e+06 -8.334e+06 -8.335e+06 -8.334e+06 -8.335e+06 -8.335e+06 -8.336e+06 -8.335e+06 -8.334e+06 -8.336e+06 -8.336e+06 -8.334e+06 -8.334e+06 -8.335e+06 -8.336e+06 -8.331e+06 -8.335e+06
 -1.638e+06 -1.638e+06 -1.637e+06 -1.637e+06 -1.637e+06 -1.636e+06 -1.636e+06 -1.637e+06 -1.637e+06 -1.636e+06 -1.636e+06 -1.629e+06 -1.636e+06 -1.638e+06 -1.638e+06 -1.637e+06 -1.637e+06 -1.635e+06 -1.639e+06 -1.637e+06
 -1.596e+06 -1.594e+06 -1.594e+06 -1.593e+06 -1.594e+06 -1.605e+06 -1.594e+06 -1.596e+06 -1.594e+06 -1.595e+06 -1.594e+06 -1.594e+06 -1.594e+06 -1.596e+06 -1.594e+06 -1.594e+06 -1.584e+06 -1.596e+06 -1.59e+06 -1.594e+06
 -8.05e+04 -8.26e+04 -8.36e+04 -8.45e+04 -8.32e+04 -8.19e+04 -8.28e+04 -8.44e+04 -8.37e+04 -8.33e+04 -8.24e+04 -8.44e+04 -8.64e+04 -8.29e+04 -8.24e+04 -8.12e+04 -8.79e+04 -6.59e+04 -6.95e+04 -8.05e+04
 -7.502e+06 -7.504e+06 -7.504e+06 -7.504e+06 -7.504e+06 -7.504e+06 -7.505e+06 -7.504e+06 -7.504e+06 -7.504e+06 -7.505e+06 -7.503e+06 -7.503e+06 -7.505e+06 -7.505e+06 -7.503e+06 -7.5e+06 -7.504e+06 -7.504e+06 -7.504e+06
 -3.988e+06 -3.988e+06 -3.989e+06 -3.99e+06 -3.989e+06 -3.99e+06 -3.987e+06 -3.989e+06 -3.988e+06 -3.984e+06 -3.984e+06 -3.989e+06 -3.99e+06 -3.99e+06 -3.989e+06 -3.99e+06 -3.989e+06 -3.988e+06 -3.99e+06 -3.988e+06
 -1.102e+05 -1.034e+05 -1.033e+05 -1.041e+05 -1.064e+05 -1.062e+05 -1.078e+05 -1.067e+05 -1.052e+05 -1.103e+05 -1.153e+05 -1.048e+05 -1.043e+05 -1.068e+05 -1.047e+05 -1.033e+05 -1.114e+05 -9.06e+04 -1.017e+05 -1.018e+05
 -7.75e+04 -8.04e+04 -7.79e+04 -8.02e+04 -8.72e+04 -7.96e+04 -7.84e+04 -7.83e+04 -7.64e+04 -7.82e+04 -7.72e+04 -5.81e+04 -8.72e+04 -7.96e+04 -6.81e+04 -8.28e+04 -7.77e+04 -7.83e+04 -8.27e+04 -7.91e+04
 -2.566e+06 -2.565e+06 -2.565e+06 -2.565e+06 -2.565e+06 -2.566e+06 -2.562e+06 -2.565e+06 -2.565e+06 -2.561e+06 -2.563e+06 -2.565e+06 -2.565e+06 -2.565e+06 -2.565e+06 -2.565e+06 -2.565e+06 -2.565e+06 -2.566e+06 -2.565e+06
 -6.09e+04 -5.81e+04 -5.87e+04 -5.99e+04 -5.88e+04 -5.79e+04 -5.74e+04 -5.87e+04 -5.71e+04 -5.81e+04 -5.68e+04 -4.69e+04 -6.07e+04 -6.03e+04 -5.93e+04 -5.85e+04 -5.56e+04 -5.84e+04 -5.84e+04 -5.88e+04
 -3.476e+06 -3.474e+06 -3.474e+06 -3.473e+06 -3.474e+06 -3.474e+06 -3.474e+06 -3.474e+06 -3.474e+06 -3.474e+06 -3.474e+06 -3.474e+06 -3.475e+06 -3.476e+06 -3.474e+06 -3.475e+06 -3.468e+06 -3.474e+06 -3.473e+06 -3.472e+06
 -9.073e+05 -9.023e+05 -9.065e+05 -9.072e+05 -9.073e+05 -9.081e+05 -9.032e+05 -9.074e+05 -9.056e+05 -9.018e+05 -8.999e+05 -9.058e+05 -9.044e+05 -9.073e+05 -9.086e+05 -9.065e+05 -9.066e+05 -9.06e+05 -9.07e+05 -9.071e+05
 -3.446e+05 -3.329e+05 -3.584e+05 -3.698e+05 -3.454e+05 -3.179e+05 -3.522e+05 -3.477e+05 -3.477e+05 -3.459e+05 -3.453e+05 -3.502e+05 -3.46e+05 -3.438e+05 -3.483e+05 -3.448e+05 -3.516e+05 -3.466e+05 -3.487e+05 -3.369e+05
 -1.089e+06 -1.088e+06 -1.087e+06 -1.072e+06 -1.078e+06 -1.103e+06 -1.082e+06 -1.089e+06 -1.088e+06 -1.088e+06 -1.088e+06 -1.089e+06 -1.088e+06 -1.09e+06 -1.089e+06 -1.089e+06 -1.089e+06 -1.088e+06 -1.09e+06 -1.089e+06
 -3.615e+06 -3.615e+06 -3.615e+06 -3.615e+06 -3.616e+06 -3.615e+06 -3.615e+06 -3.615e+06 -3.615e+06 -3.616e+06 -3.615e+06 -3.616e+06 -3.616e+06 -3.617e+06 -3.615e+06 -3.617e+06 -3.615e+06 -3.617e+06 -3.615e+06 -3.611e+06
 -3.7e+06 -3.698e+06 -3.698e+06 -3.699e+06 -3.699e+06 -3.699e+06 -3.699e+06 -3.699e+06 -3.698e+06 -3.699e+06 -3.698e+06 -3.698e+06 -3.7e+06 -3.7e+06 -3.698e+06 -3.699e+06 -3.699e+06 -3.697e+06 -3.695e+06 -3.698e+06
 -2.228e+06 -2.227e+06 -2.227e+06 -2.227e+06 -2.227e+06 -2.226e+06 -2.227e+06 -2.226e+06 -2.226e+06 -2.227e+06 -2.226e+06 -2.226e+06 -2.227e+06 -2.228e+06 -2.228e+06 -2.227e+06 -2.223e+06 -2.226e+06 -2.226e+06 -2.224e+06
 -2.29e+06 -2.29e+06 -2.29e+06 -2.29e+06 -2.29e+06 -2.29e+06 -2.29e+06 -2.291e+06 -2.29e+06 -2.291e+06 -2.29e+06 -2.29e+06 -2.29e+06 -2.291e+06 -2.29e+06 -2.289e+06 -2.291e+06 -2.286e+06 -2.289e+06 -2.291e+06
 -9.492e+06 -9.493e+06 -9.493e+06 -9.493e+06 -9.493e+06 -9.494e+06 -9.493e+06 -9.493e+06 -9.493e+06 -9.493e+06 -9.493e+06 -9.493e+06 -9.493e+06 -9.492e+06 -9.493e+06 -9.494e+06 -9.495e+06 -9.493e+06 -9.491e+06 -9.491e+06
 -4.88e+06 -4.891e+06 -4.891e+06 -4.89e+06 -4.891e+06 -4.891e+06 -4.891e+06 -4.891e+06 -4.891e+06 -4.891e+06 -4.891e+06 -4.89e+06 -4.892e+06 -4.891e+06 -4.892e+06 -4.896e+06 -4.889e+06 -4.899e+06 -4.892e+06 -4.893e+06
 -4.918e+06 -4.918e+06 -4.918e+06 -4.918e+06 -4.918e+06 -4.918e+06 -4.917e+06 -4.918e+06 -4.917e+06 -4.918e+06 -4.918e+06 -4.917e+06 -4.918e+06 -4.917e+06 -4.918e+06 -4.918e+06 -4.916e+06 -4.918e+06 -4.917e+06 -4.916e+06
 -3.686e+06 -3.687e+06 -3.686e+06 -3.688e+06 -3.676e+06 -3.687e+06 -3.685e+06 -3.686e+06 -3.685e+06 -3.687e+06 -3.685e+06 -3.685e+06 -3.687e+06 -3.687e+06 -3.686e+06 -3.686e+06 -3.687e+06 -3.686e+06 -3.687e+06 -3.682e+06
 -4.05e+06 -4.052e+06 -4.052e+06 -4.053e+06 -4.053e+06 -4.053e+06 -4.052e+06 -4.053e+06 -4.053e+06 -4.053e+06 -4.052e+06 -4.053e+06 -4.052e+06 -4.054e+06 -4.05e+06 -4.054e+06 -4.053e+06 -4.052e+06 -4.055e+06 -4.05e+06
 -8.828e+06 -8.826e+06 -8.83e+06 -8.828e+06 -8.827e+06 -8.826e+06 -8.827e+06 -8.829e+06 -8.828e+06 -8.828e+06 -8.829e+06 -8.828e+06 -8.826e+06 -8.828e+06 -8.827e+06 -8.829e+06 -8.828e+06 -8.828e+06 -8.829e+06 -8.828e+06
 -7.956e+05 -7.934e+05 -7.953e+05 -7.916e+05 -7.957e+05 -7.952e+05 -7.944e+05 -7.944e+05 -7.939e+05 -7.89e+05 -7.907e+05 -7.943e+05 -7.939e+05 -7.957e+05 -7.923e+05 -7.946e+05 -7.936e+05 -7.945e+05 -7.942e+05 -7.951e+05
 -3.697e+05 -3.684e+05 -3.695e+05 -3.685e+05 -3.688e+05 -3.69e+05 -3.67e+05 -3.675e+05 -3.675e+05 -3.56e+05 -3.568e+05 -3.668e+05 -3.714e+05 -3.688e+05 -3.679e+05 -3.679e+05 -3.695e+05 -3.688e+05 -3.71e+05 -3.692e+05
 -9.786e+06 -9.785e+06 -9.786e+06 -9.786e+06 -9.787e+06 -9.786e+06 -9.787e+06 -9.786e+06 -9.786e+06 -9.787e+06 -9.786e+06 -9.787e+06 -9.785e+06 -9.784e+06 -9.786e+06 -9.786e+06 -9.788e+06 -9.787e+06 -9.786e+06 -9.786e+06
 -3.245e+06 -3.246e+06 -3.246e+06 -3.246e+06 -3.246e+06 -3.246e+06 -3.246e+06 -3.246e+06 -3.246e+06 -3.246e+06 -3.246e+06 -3.246e+06 -3.246e+06 -3.246e+06 -3.246e+06 -3.243e+06 -3.246e+06 -3.247e+06 -3.248e+06 -3.241e+06
 -6.325e+06 -6.326e+06 -6.323e+06 -6.317e+06 -6.328e+06 -6.322e+06 -6.326e+06 -6.325e+06 -6.324e+06 -6.325e+06 -6.325e+06 -6.324e+06 -6.322e+06 -6.325e+06 -6.325e+06 -6.325e+06 -6.325e+06 -6.325e+06 -6.325e+06 -6.325e+06
 -9.264e+06 -9.264e+06 -9.264e+06 -9.264e+06 -9.264e+06 -9.262e+06 -9.263e+06 -9.262e+06 -9.263e+06 -9.26e+06 -9.262e+06 -9.264e+06 -9.264e+06 -9.26e+06 -9.262e+06 -9.262e+06 -9.261e+06 -9.263e+06 -9.263e+06 -9.264e+06
 -1.647e+06 -1.647e+06 -1.646e+06 -1.646e+06 -1.646e+06 -1.647e+06 -1.646e+06 -1.645e+06 -1.645e+06 -1.646e+06 -1.646e+06 -1.646e+06 -1.647e+06 -1.647e+06 -1.646e+06 -1.648e+06 -1.636e+06 -1.643e+06 -1.646e+06 -1.645e+06
 -1.136e+06 -1.136e+06 -1.136e+06 -1.137e+06 -1.136e+06 -1.136e+06 -1.134e+06 -1.134e+06 -1.134e+06 -1.127e+06 -1.126e+06 -1.135e+06 -1.136e+06 -1.136e+06 -1.134e+06 -1.136e+06 -1.135e+06 -1.136e+06 -1.135e+06 -1.133e+06
 -1.218e+06 -1.213e+06 -1.213e+06 -1.213e+06 -1.213e+06 -1.213e+06 -1.212e+06 -1.213e+06 -1.213e+06 -1.212e+06 -1.212e+06 -1.212e+06 -1.213e+06 -1.213e+06 -1.212e+06 -1.204e+06 -1.212e+06 -1.213e+06 -1.213e+06 -1.204e+06
 -4.363e+06 -4.362e+06 -4.362e+06 -4.362e+06 -4.362e+06 -4.363e+06 -4.363e+06 -4.363e+06 -4.362e+06 -4.362e+06 -4.362e+06 -4.362e+06 -4.36e+06 -4.363e+06 -4.362e+06 -4.363e+06 -4.36e+06 -4.362e+06 -4.361e+06 -4.362e+06
 -3.423e+05 -3.428e+05 -3.425e+05 -3.421e+05 -3.403e+05 -3.438e+05 -3.376e+05 -3.409e+05 -3.403e+05 -3.285e+05 -3.392e+05 -3.411e+05 -3.43e+05 -3.421e+05 -3.413e+05 -3.414e+05 -3.424e+05 -3.406e+05 -3.415e+05 -3.403e+05
 -6.59e+05 -6.631e+05 -6.588e+05 -6.592e+05 -6.537e+05 -6.68e+05 -6.386e+05 -6.568e+05 -6.58e+05 -6.593e+05 -6.591e+05 -6.654e+05 -6.616e+05 -6.546e+05 -6.576e+05 -6.583e+05 -6.563e+05 -6.584e+05 -6.589e+05 -6.591e+05
 -1.454e+06 -1.455e+06 -1.455e+06 -1.454e+06 -1.454e+06 -1.449e+06 -1.454e+06 -1.451e+06 -1.454e+06 -1.454e+06 -1.453e+06 -1.449e+06 -1.456e+06 -1.454e+06 -1.454e+06 -1.454e+06 -1.454e+06 -1.454e+06 -1.455e+06 -1.455e+06
 -4900 -3800 -4000 -4600 -4000 -4500 -3700 -6900 -3100 -4100 -2800 -3200 -4800 -4800 -4300 -5900 -8800 9100 200 -6700
 -3300 -2200 -2400 -3600 -4000 -6000 -1000 -4100 -1600 -1.79e+04 1.1e+04 -2000 -3400 -9300 -6100 -6100 -6400 -2100 -1200 -2000
 -3.69e+06 -3.689e+06 -3.691e+06 -3.69e+06 -3.689e+06 -3.687e+06 -3.69e+06 -3.691e+06 -3.69e+06 -3.691e+06 -3.69e+06 -3.691e+06 -3.689e+06 -3.688e+06 -3.683e+06 -3.69e+06 -3.691e+06 -3.69e+06 -3.691e+06 -3.692e+06
 -5.274e+05 -5.287e+05 -5.27e+05 -5.274e+05 -5.272e+05 -5.259e+05 -5.253e+05 -5.268e+05 -5.25e+05 -5.162e+05 -5.181e+05 -5.259e+05 -5.264e+05 -5.254e+05 -5.221e+05 -5.27e+05 -5.26e+05 -5.258e+05 -5.296e+05 -5.268e+05
 -4.53e+06 -4.53e+06 -4.53e+06 -4.531e+06 -4.53e+06 -4.53e+06 -4.528e+06 -4.519e+06 -4.528e+06 -4.53e+06 -4.529e+06 -4.53e+06 -4.526e+06 -4.531e+06 -4.53e+06 -4.53e+06 -4.531e+06 -4.529e+06 -4.53e+06 -4.529e+06
 -1.424e+07 -1.425e+07 -1.425e+07 -1.425e+07 -1.425e+07 -1.425e+07 -1.425e+07 -1.425e+07 -1.425e+07 -1.425e+07 -1.425e+07 -1.425e+07 -1.425e+07 -1.425e+07 -1.425e+07 -1.424e+07 -1.425e+07 -1.425e+07 -1.425e+07 -1.424e+07
 -2.429e+06 -2.429e+06 -2.429e+06 -2.429e+06 -2.429e+06 -2.429e+06 -2.429e+06 -2.429e+06 -2.429e+06 -2.43e+06 -2.429e+06 -2.429e+06 -2.429e+06 -2.43e+06 -2.429e+06 -2.424e+06 -2.431e+06 -2.43e+06 -2.427e+06 -2.429e+06
 -3.49e+06 -3.489e+06 -3.489e+06 -3.49e+06 -3.49e+06 -3.49e+06 -3.489e+06 -3.489e+06 -3.49e+06 -3.489e+06 -3.485e+06 -3.489e+06 -3.488e+06 -3.488e+06 -3.49e+06 -3.489e+06 -3.492e+06 -3.489e+06 -3.489e+06 -3.49e+06
 -1.046e+05 -1.12e+05 -1.14e+05 -1.059e+05 -1.091e+05 -1.22e+05 -1.108e+05 -1.075e+05 -1.056e+05 -1.063e+05 -1.066e+05 -8.35e+04 -9.84e+04 -1.038e+05 -1.075e+05 -1.029e+05 -9.81e+04 -1.062e+05 -1.034e+05 -1.051e+05
 -7.699e+07 -7.699e+07 -7.699e+07 -7.699e+07 -7.699e+07 -7.699e+07 -7.699e+07 -7.699e+07 -7.699e+07 -7.699e+07 -7.699e+07 -7.699e+07 -7.699e+07 -7.699e+07 -7.699e+07 -7.699e+07 -7.699e+07 -7.699e+07 -7.698e+07 -7.699e+07
 1.31e+04 -1e+04 -1.06e+04 -1.34e+04 -1.32e+04 -9000 -9100 -3.39e+04 -1.4e+04 -1.04e+04 -1e+04 -1.13e+04 -1.98e+04 -2.81e+04 -1.95e+04 -1.57e+04 -1.22e+04 -1.16e+04 -3.23e+04 1.12e+04
 -9.68e+04 -1.082e+05 -1.05e+05 -1.038e+05 -9.86e+04 -1.055e+05 -1.032e+05 -1.027e+05 -1.022e+05 -1.033e+05 -1.021e+05 -1.033e+05 -1.056e+05 -1.04e+05 -8.6e+04 -1.06e+05 -1.071e+05 -1.029e+05 -1.062e+05 -1.037e+05
 -1.751e+06 -1.75e+06 -1.75e+06 -1.75e+06 -1.75e+06 -1.75e+06 -1.75e+06 -1.749e+06 -1.75e+06 -1.751e+06 -1.75e+06 -1.75e+06 -1.75e+06 -1.751e+06 -1.751e+06 -1.747e+06 -1.751e+06 -1.751e+06 -1.751e+06 -1.747e+06
 -8.96e+04 -8.87e+04 -8.82e+04 -8.95e+04 -8.85e+04 -8.89e+04 -8.94e+04 -8.82e+04 -8.83e+04 -8.91e+04 -8.84e+04 -8.93e+04 -8.94e+04 -8.89e+04 -9.06e+04 -8.93e+04 -9.21e+04 -8.16e+04 -9.11e+04 -8.99e+04
 -5.67e+04 -8300 -8500 -8500 -9000 -8100 -7800 -7600 -7700 -7700 -7900 -1.1e+04 -6200 -9200 -4700 9.53e+04 -1.2e+04 -5800 -6700 -7.59e+04
 -3.977e+06 -3.98e+06 -3.981e+06 -3.98e+06 -3.98e+06 -3.981e+06 -3.98e+06 -3.98e+06 -3.98e+06 -3.981e+06 -3.981e+06 -3.981e+06 -3.981e+06 -3.983e+06 -3.981e+06 -3.982e+06 -3.981e+06 -3.981e+06 -3.981e+06 -3.978e+06
 -6.429e+05 -6.387e+05 -6.387e+05 -6.379e+05 -6.364e+05 -6.357e+05 -6.38e+05 -6.378e+05 -6.384e+05 -6.369e+05 -6.383e+05 -6.399e+05 -6.372e+05 -6.394e+05 -6.356e+05 -6.28e+05 -6.392e+05 -6.398e+05 -6.378e+05 -6.311e+05
 -4.213e+06 -4.216e+06 -4.216e+06 -4.216e+06 -4.216e+06 -4.216e+06 -4.215e+06 -4.216e+06 -4.216e+06 -4.215e+06 -4.217e+06 -4.215e+06 -4.216e+06 -4.215e+06 -4.214e+06 -4.216e+06 -4.216e+06 -4.213e+06 -4.212e+06 -4.216e+06
 -3.557e+06 -3.56e+06 -3.56e+06 -3.559e+06 -3.56e+06 -3.56e+06 -3.56e+06 -3.56e+06 -3.56e+06 -3.56e+06 -3.56e+06 -3.56e+06 -3.561e+06 -3.56e+06 -3.56e+06 -3.56e+06 -3.56e+06 -3.557e+06 -3.56e+06 -3.561e+06
 -4.063e+06 -4.059e+06 -4.059e+06 -4.063e+06 -4.064e+06 -4.062e+06 -4.065e+06 -4.064e+06 -4.063e+06 -4.063e+06 -4.063e+06 -4.063e+06 -4.064e+06 -4.064e+06 -4.063e+06 -4.064e+06 -4.066e+06 -4.063e+06 -4.064e+06 -4.062e+06
 -5.06e+05 -5.152e+05 -5.152e+05 -5.148e+05 -5.155e+05 -5.149e+05 -5.148e+05 -5.153e+05 -5.144e+05 -5.152e+05 -5.143e+05 -5.144e+05 -5.152e+05 -5.151e+05 -5.155e+05 -5.141e+05 -5.161e+05 -5.047e+05 -5.172e+05 -5.167e+05
 -3.152e+05 -3.114e+05 -3.1e+05 -3.114e+05 -3.109e+05 -3.083e+05 -3.089e+05 -3.081e+05 -2.961e+05 -3.123e+05 -3.125e+05 -3.106e+05 -3.122e+05 -3.128e+05 -3.095e+05 -3.117e+05 -3.122e+05 -3.11e+05 -3.101e+05 -3.105e+05
 -3.64e+05 -3.517e+05 -3.684e+05 -3.685e+05 -3.689e+05 -3.71e+05 -3.669e+05 -3.666e+05 -3.657e+05 -3.666e+05 -3.661e+05 -3.568e+05 -3.693e+05 -3.677e+05 -3.65e+05 -3.669e+05 -3.696e+05 -3.665e+05 -3.682e+05 -3.673e+05
 -3.048e+06 -3.049e+06 -3.049e+06 -3.049e+06 -3.05e+06 -3.049e+06 -3.049e+06 -3.049e+06 -3.049e+06 -3.049e+06 -3.049e+06 -3.049e+06 -3.049e+06 -3.05e+06 -3.05e+06 -3.043e+06 -3.049e+06 -3.051e+06 -3.05e+06 -3.045e+06
 -2.517e+05 -2.549e+05 -2.551e+05 -2.548e+05 -2.56e+05 -2.564e+05 -2.559e+05 -2.548e+05 -2.533e+05 -2.458e+05 -2.477e+05 -2.536e+05 -2.565e+05 -2.566e+05 -2.574e+05 -2.547e+05 -2.553e+05 -2.546e+05 -2.554e+05 -2.548e+05
 -2.558e+06 -2.558e+06 -2.557e+06 -2.558e+06 -2.555e+06 -2.543e+06 -2.558e+06 -2.555e+06 -2.556e+06 -2.556e+06 -2.557e+06 -2.559e+06 -2.559e+06 -2.556e+06 -2.558e+06 -2.556e+06 -2.556e+06 -2.557e+06 -2.558e+06 -2.558e+06
 -8.685e+06 -8.686e+06 -8.687e+06 -8.683e+06 -8.683e+06 -8.687e+06 -8.684e+06 -8.684e+06 -8.683e+06 -8.685e+06 -8.686e+06 -8.685e+06 -8.685e+06 -8.686e+06 -8.686e+06 -8.685e+06 -8.685e+06 -8.685e+06 -8.686e+06 -8.684e+06
 -3.915e+06 -3.916e+06 -3.914e+06 -3.912e+06 -3.911e+06 -3.915e+06 -3.914e+06 -3.915e+06 -3.915e+06 -3.915e+06 -3.915e+06 -3.916e+06 -3.913e+06 -3.916e+06 -3.915e+06 -3.916e+06 -3.915e+06 -3.915e+06 -3.916e+06 -3.916e+06
 -9.921e+05 -9.906e+05 -9.92e+05 -9.925e+05 -9.916e+05 -9.916e+05 -9.913e+05 -9.783e+05 -9.885e+05 -9.912e+05 -9.915e+05 -9.925e+05 -9.903e+05 -9.931e+05 -9.914e+05 -9.919e+05 -9.916e+05 -9.907e+05 -9.929e+05 -9.937e+05
 -4.045e+06 -4.046e+06 -4.043e+06 -4.041e+06 -4.044e+06 -4.047e+06 -4.045e+06 -4.045e+06 -4.045e+06 -4.045e+06 -4.045e+06 -4.045e+06 -4.043e+06 -4.045e+06 -4.045e+06 -4.044e+06 -4.044e+06 -4.045e+06 -4.045e+06 -4.045e+06
 -8.498e+06 -8.494e+06 -8.494e+06 -8.497e+06 -8.498e+06 -8.494e+06 -8.498e+06 -8.498e+06 -8.497e+06 -8.498e+06 -8.497e+06 -8.497e+06 -8.498e+06 -8.497e+06 -8.498e+06 -8.498e+06 -8.497e+06 -8.498e+06 -8.498e+06 -8.498e+06
 -6.806e+05 -6.832e+05 -6.817e+05 -6.837e+05 -6.847e+05 -6.839e+05 -6.815e+05 -6.822e+05 -6.802e+05 -6.724e+05 -6.75e+05 -6.808e+05 -6.832e+05 -6.838e+05 -6.82e+05 -6.831e+05 -6.861e+05 -6.807e+05 -6.844e+05 -6.806e+05
 -4.747e+06 -4.746e+06 -4.746e+06 -4.746e+06 -4.746e+06 -4.746e+06 -4.746e+06 -4.747e+06 -4.746e+06 -4.746e+06 -4.746e+06 -4.747e+06 -4.747e+06 -4.747e+06 -4.746e+06 -4.747e+06 -4.743e+06 -4.743e+06 -4.746e+06 -4.746e+06
 -3.804e+07 -3.804e+07 -3.804e+07 -3.804e+07 -3.804e+07 -3.804e+07 -3.804e+07 -3.804e+07 -3.804e+07 -3.804e+07 -3.804e+07 -3.804e+07 -3.804e+07 -3.803e+07 -3.804e+07 -3.804e+07 -3.804e+07 -3.804e+07 -3.804e+07 -3.804e+07
 -1.017e+05 -1.013e+05 -1.013e+05 -1.022e+05 -1.021e+05 -1.014e+05 -9.93e+04 -1.016e+05 -1.007e+05 -1.018e+05 -7.88e+04 -1.018e+05 -1.02e+05 -1.019e+05 -1.015e+05 -1.014e+05 -1.002e+05 -1.004e+05 -1.023e+05 -1.026e+05
 -2.399e+06 -2.398e+06 -2.398e+06 -2.395e+06 -2.398e+06 -2.4e+06 -2.399e+06 -2.398e+06 -2.398e+06 -2.399e+06 -2.398e+06 -2.396e+06 -2.392e+06 -2.4e+06 -2.399e+06 -2.399e+06 -2.399e+06 -2.398e+06 -2.4e+06 -2.4e+06
 -7.62e+05 -7.665e+05 -7.671e+05 -7.667e+05 -7.661e+05 -7.661e+05 -7.658e+05 -7.66e+05 -7.649e+05 -7.681e+05 -7.646e+05 -7.655e+05 -7.676e+05 -7.681e+05 -7.666e+05 -7.726e+05 -7.673e+05 -7.551e+05 -7.639e+05 -7.676e+05
 -9.238e+06 -9.238e+06 -9.241e+06 -9.237e+06 -9.24e+06 -9.232e+06 -9.229e+06 -9.238e+06 -9.238e+06 -9.238e+06 -9.238e+06 -9.237e+06 -9.238e+06 -9.238e+06 -9.239e+06 -9.238e+06 -9.239e+06 -9.238e+06 -9.238e+06 -9.238e+06
 -4.693e+05 -4.686e+05 -4.669e+05 -4.675e+05 -4.697e+05 -4.723e+05 -4.69e+05 -4.589e+05 -4.432e+05 -4.696e+05 -4.677e+05 -4.686e+05 -4.651e+05 -4.704e+05 -4.686e+05 -4.706e+05 -4.707e+05 -4.684e+05 -4.741e+05 -4.685e+05
 -2.091e+05 -2.084e+05 -2.088e+05 -2.095e+05 -2.094e+05 -2.08e+05 -2.041e+05 -2.081e+05 -1.888e+05 -2.079e+05 -2.078e+05 -2.089e+05 -2.094e+05 -2.076e+05 -2.082e+05 -2.084e+05 -2.094e+05 -2.08e+05 -2.112e+05 -2.101e+05
 -1.422e+06 -1.421e+06 -1.422e+06 -1.421e+06 -1.421e+06 -1.422e+06 -1.421e+06 -1.42e+06 -1.421e+06 -1.422e+06 -1.422e+06 -1.422e+06 -1.422e+06 -1.422e+06 -1.422e+06 -1.421e+06 -1.42e+06 -1.422e+06 -1.42e+06 -1.422e+06
 -3.567e+06 -3.566e+06 -3.565e+06 -3.566e+06 -3.566e+06 -3.564e+06 -3.566e+06 -3.567e+06 -3.565e+06 -3.565e+06 -3.565e+06 -3.56e+06 -3.566e+06 -3.565e+06 -3.566e+06 -3.566e+06 -3.566e+06 -3.566e+06 -3.567e+06 -3.565e+06
 -6.413e+07 -6.413e+07 -6.413e+07 -6.413e+07 -6.413e+07 -6.413e+07 -6.413e+07 -6.413e+07 -6.413e+07 -6.413e+07 -6.413e+07 -6.413e+07 -6.413e+07 -6.413e+07 -6.413e+07 -6.413e+07 -6.413e+07 -6.413e+07 -6.413e+07 -6.413e+07
 -1.938e+06 -1.936e+06 -1.937e+06 -1.936e+06 -1.936e+06 -1.936e+06 -1.936e+06 -1.936e+06 -1.936e+06 -1.932e+06 -1.936e+06 -1.936e+06 -1.937e+06 -1.936e+06 -1.936e+06 -1.935e+06 -1.936e+06 -1.935e+06 -1.934e+06 -1.937e+06
 -1.408e+06 -1.409e+06 -1.409e+06 -1.409e+06 -1.41e+06 -1.408e+06 -1.408e+06 -1.408e+06 -1.408e+06 -1.408e+06 -1.408e+06 -1.409e+06 -1.409e+06 -1.41e+06 -1.409e+06 -1.402e+06 -1.408e+06 -1.409e+06 -1.41e+06 -1.409e+06
 -1.976e+06 -1.979e+06 -1.98e+06 -1.98e+06 -1.98e+06 -1.979e+06 -1.979e+06 -1.98e+06 -1.98e+06 -1.98e+06 -1.979e+06 -1.979e+06 -1.981e+06 -1.982e+06 -1.979e+06 -1.976e+06 -1.979e+06 -1.982e+06 -1.982e+06 -1.983e+06
 -1.164e+05 -1.15e+05 -1.168e+05 -1.156e+05 -1.159e+05 -1.147e+05 -1.142e+05 -1.162e+05 -1.16e+05 -1.169e+05 -1.144e+05 -1.166e+05 -1.165e+05 -1.119e+05 -1.174e+05 -1.187e+05 -1.171e+05 -9.7e+04 -1.097e+05 -1.163e+05
 -1.869e+07 -1.869e+07 -1.869e+07 -1.869e+07 -1.869e+07 -1.869e+07 -1.869e+07 -1.869e+07 -1.869e+07 -1.87e+07 -1.869e+07 -1.869e+07 -1.869e+07 -1.869e+07 -1.869e+07 -1.869e+07 -1.87e+07 -1.869e+07 -1.869e+07 -1.869e+07
 -3.197e+06 -3.198e+06 -3.198e+06 -3.197e+06 -3.199e+06 -3.197e+06 -3.198e+06 -3.198e+06 -3.198e+06 -3.198e+06 -3.197e+06 -3.196e+06 -3.199e+06 -3.198e+06 -3.199e+06 -3.199e+06 -3.195e+06 -3.197e+06 -3.193e+06 -3.198e+06
 -7.545e+06 -7.542e+06 -7.529e+06 -7.538e+06 -7.546e+06 -7.544e+06 -7.55e+06 -7.545e+06 -7.545e+06 -7.546e+06 -7.544e+06 -7.546e+06 -7.547e+06 -7.546e+06 -7.545e+06 -7.546e+06 -7.546e+06 -7.544e+06 -7.546e+06 -7.544e+06
 -1.946e+06 -1.947e+06 -1.947e+06 -1.946e+06 -1.946e+06 -1.946e+06 -1.947e+06 -1.947e+06 -1.946e+06 -1.946e+06 -1.947e+06 -1.947e+06 -1.946e+06 -1.946e+06 -1.946e+06 -1.946e+06 -1.942e+06 -1.943e+06 -1.951e+06 -1.944e+06
 -3.137e+06 -3.138e+06 -3.139e+06 -3.146e+06 -3.129e+06 -3.145e+06 -3.14e+06 -3.14e+06 -3.14e+06 -3.14e+06 -3.14e+06 -3.14e+06 -3.143e+06 -3.141e+06 -3.14e+06 -3.14e+06 -3.141e+06 -3.14e+06 -3.142e+06 -3.14e+06
 -1.395e+06 -1.394e+06 -1.4e+06 -1.396e+06 -1.394e+06 -1.399e+06 -1.373e+06 -1.394e+06 -1.393e+06 -1.398e+06 -1.397e+06 -1.395e+06 -1.395e+06 -1.392e+06 -1.396e+06 -1.397e+06 -1.396e+06 -1.397e+06 -1.397e+06 -1.397e+06
 -4.182e+06 -4.182e+06 -4.184e+06 -4.184e+06 -4.182e+06 -4.183e+06 -4.183e+06 -4.183e+06 -4.182e+06 -4.183e+06 -4.182e+06 -4.182e+06 -4.182e+06 -4.183e+06 -4.172e+06 -4.183e+06 -4.183e+06 -4.183e+06 -4.185e+06 -4.181e+06
 -2.299e+06 -2.279e+06 -2.303e+06 -2.305e+06 -2.298e+06 -2.292e+06 -2.297e+06 -2.298e+06 -2.298e+06 -2.299e+06 -2.299e+06 -2.3e+06 -2.298e+06 -2.298e+06 -2.299e+06 -2.298e+06 -2.3e+06 -2.298e+06 -2.299e+06 -2.298e+06
 -7.119e+06 -7.116e+06 -7.118e+06 -7.115e+06 -7.116e+06 -7.119e+06 -7.118e+06 -7.119e+06 -7.118e+06 -7.119e+06 -7.118e+06 -7.119e+06 -7.12e+06 -7.12e+06 -7.119e+06 -7.119e+06 -7.116e+06 -7.119e+06 -7.119e+06 -7.119e+06
 -2.34e+04 -2.29e+04 -2.45e+04 -2.34e+04 -2.28e+04 -2.27e+04 -2.35e+04 -2.27e+04 -2.23e+04 -2.01e+04 2.47e+04 -2.28e+04 -2.39e+04 -2.32e+04 -2.3e+04 -2.31e+04 -2.35e+04 -2.24e+04 -2.35e+04 -2.29e+04
 -4700 -3500 -2800 -3400 -3900 -4100 -3200 -4600 -3300 -4400 -3100 -3000 -2800 -4100 -7600 -5400 -4400 3800 400 -6300
 -6.468e+06 -6.472e+06 -6.471e+06 -6.472e+06 -6.471e+06 -6.472e+06 -6.471e+06 -6.472e+06 -6.472e+06 -6.471e+06 -6.471e+06 -6.47e+06 -6.472e+06 -6.468e+06 -6.471e+06 -6.472e+06 -6.471e+06 -6.472e+06 -6.47e+06 -6.47e+06
 -4.8e+04 -3.62e+04 -3.59e+04 -3.64e+04 -3.67e+04 -3.79e+04 -4.01e+04 -3.76e+04 -3.59e+04 -3.44e+04 -3.78e+04 -3.56e+04 -3.69e+04 -3.99e+04 -3.67e+04 -3.13e+04 -2.74e+04 -3.11e+04 -3.5e+04 -3.11e+04
 -3.952e+06 -3.953e+06 -3.951e+06 -3.954e+06 -3.953e+06 -3.95e+06 -3.953e+06 -3.952e+06 -3.953e+06 -3.952e+06 -3.952e+06 -3.953e+06 -3.952e+06 -3.953e+06 -3.952e+06 -3.954e+06 -3.952e+06 -3.952e+06 -3.952e+06 -3.952e+06
 -2.37e+04 -1.28e+04 -7000 -1.06e+04 -3.12e+04 -5900 -6700 -1.21e+04 -2.78e+04 -7900 -8200 1.15e+04 -2.11e+04 -1.49e+04 -1.1e+04 -2.07e+04 -500 -1.31e+04 -2.23e+04 -2.65e+04
 -3.29e+04 -3.21e+04 -3.06e+04 -3.31e+04 -3.05e+04 -3.18e+04 -2.9e+04 -3.26e+04 -3.07e+04 -3.32e+04 -2.98e+04 -3.08e+04 -3.59e+04 -3.31e+04 -3.14e+04 -2.75e+04 -3.57e+04 -1.45e+04 -2.16e+04 -3.2e+04


