# Created by Octave 5.2.0, Thu Sep 24 22:00:55 2020 CEST <jiwidi@land>
# name: w
# type: matrix
# rows: 101
# columns: 20
 -1.007e+09 -1.007e+09 -1.007e+09 -1.007e+09 -1.007e+09 -1.007e+09 -1.007e+09 -1.007e+09 -1.007e+09 -1.007e+09 -1.007e+09 -1.007e+09 -1.007e+09 -1.007e+09 -1.007e+09 -1.007e+09 -1.007e+09 -1.007e+09 -1.007e+09 -1.007e+09
 -8.337e+07 -8.335e+07 -8.335e+07 -8.335e+07 -8.334e+07 -8.335e+07 -8.334e+07 -8.335e+07 -8.335e+07 -8.336e+07 -8.335e+07 -8.334e+07 -8.336e+07 -8.336e+07 -8.334e+07 -8.334e+07 -8.335e+07 -8.336e+07 -8.331e+07 -8.335e+07
 -1.638e+07 -1.638e+07 -1.637e+07 -1.637e+07 -1.637e+07 -1.636e+07 -1.636e+07 -1.637e+07 -1.637e+07 -1.636e+07 -1.636e+07 -1.629e+07 -1.636e+07 -1.638e+07 -1.638e+07 -1.637e+07 -1.637e+07 -1.635e+07 -1.639e+07 -1.637e+07
 -1.596e+07 -1.594e+07 -1.594e+07 -1.593e+07 -1.594e+07 -1.605e+07 -1.594e+07 -1.596e+07 -1.594e+07 -1.595e+07 -1.594e+07 -1.594e+07 -1.594e+07 -1.596e+07 -1.594e+07 -1.594e+07 -1.584e+07 -1.596e+07 -1.59e+07 -1.594e+07
 -8.05e+05 -8.26e+05 -8.36e+05 -8.45e+05 -8.32e+05 -8.19e+05 -8.28e+05 -8.44e+05 -8.37e+05 -8.33e+05 -8.24e+05 -8.44e+05 -8.64e+05 -8.29e+05 -8.24e+05 -8.12e+05 -8.79e+05 -6.59e+05 -6.95e+05 -8.05e+05
 -7.502e+07 -7.504e+07 -7.504e+07 -7.504e+07 -7.504e+07 -7.504e+07 -7.505e+07 -7.504e+07 -7.504e+07 -7.504e+07 -7.505e+07 -7.503e+07 -7.503e+07 -7.505e+07 -7.505e+07 -7.503e+07 -7.5e+07 -7.504e+07 -7.504e+07 -7.504e+07
 -3.988e+07 -3.988e+07 -3.989e+07 -3.99e+07 -3.989e+07 -3.99e+07 -3.987e+07 -3.989e+07 -3.988e+07 -3.984e+07 -3.984e+07 -3.989e+07 -3.99e+07 -3.99e+07 -3.989e+07 -3.99e+07 -3.989e+07 -3.988e+07 -3.99e+07 -3.988e+07
 -1.102e+06 -1.034e+06 -1.033e+06 -1.041e+06 -1.064e+06 -1.062e+06 -1.078e+06 -1.067e+06 -1.052e+06 -1.103e+06 -1.153e+06 -1.048e+06 -1.043e+06 -1.068e+06 -1.047e+06 -1.033e+06 -1.114e+06 -9.06e+05 -1.017e+06 -1.018e+06
 -7.75e+05 -8.04e+05 -7.79e+05 -8.02e+05 -8.72e+05 -7.96e+05 -7.84e+05 -7.83e+05 -7.64e+05 -7.82e+05 -7.72e+05 -5.81e+05 -8.72e+05 -7.96e+05 -6.81e+05 -8.28e+05 -7.77e+05 -7.83e+05 -8.27e+05 -7.91e+05
 -2.566e+07 -2.565e+07 -2.565e+07 -2.565e+07 -2.565e+07 -2.566e+07 -2.562e+07 -2.565e+07 -2.565e+07 -2.561e+07 -2.563e+07 -2.565e+07 -2.565e+07 -2.565e+07 -2.565e+07 -2.565e+07 -2.565e+07 -2.565e+07 -2.566e+07 -2.565e+07
 -6.09e+05 -5.81e+05 -5.87e+05 -5.99e+05 -5.88e+05 -5.79e+05 -5.74e+05 -5.87e+05 -5.71e+05 -5.81e+05 -5.68e+05 -4.69e+05 -6.07e+05 -6.03e+05 -5.93e+05 -5.85e+05 -5.56e+05 -5.84e+05 -5.84e+05 -5.88e+05
 -3.476e+07 -3.474e+07 -3.474e+07 -3.473e+07 -3.474e+07 -3.474e+07 -3.474e+07 -3.474e+07 -3.474e+07 -3.474e+07 -3.474e+07 -3.474e+07 -3.475e+07 -3.476e+07 -3.474e+07 -3.475e+07 -3.468e+07 -3.474e+07 -3.473e+07 -3.472e+07
 -9.073e+06 -9.023e+06 -9.065e+06 -9.072e+06 -9.073e+06 -9.081e+06 -9.032e+06 -9.074e+06 -9.056e+06 -9.018e+06 -8.999e+06 -9.058e+06 -9.044e+06 -9.073e+06 -9.086e+06 -9.065e+06 -9.066e+06 -9.06e+06 -9.07e+06 -9.071e+06
 -3.446e+06 -3.329e+06 -3.584e+06 -3.698e+06 -3.454e+06 -3.179e+06 -3.522e+06 -3.477e+06 -3.477e+06 -3.459e+06 -3.453e+06 -3.502e+06 -3.46e+06 -3.438e+06 -3.483e+06 -3.448e+06 -3.516e+06 -3.466e+06 -3.487e+06 -3.369e+06
 -1.089e+07 -1.088e+07 -1.087e+07 -1.072e+07 -1.078e+07 -1.103e+07 -1.082e+07 -1.089e+07 -1.088e+07 -1.088e+07 -1.088e+07 -1.089e+07 -1.088e+07 -1.09e+07 -1.089e+07 -1.089e+07 -1.089e+07 -1.088e+07 -1.09e+07 -1.089e+07
 -3.615e+07 -3.615e+07 -3.615e+07 -3.615e+07 -3.616e+07 -3.615e+07 -3.615e+07 -3.615e+07 -3.615e+07 -3.616e+07 -3.615e+07 -3.616e+07 -3.616e+07 -3.617e+07 -3.615e+07 -3.617e+07 -3.615e+07 -3.617e+07 -3.615e+07 -3.611e+07
 -3.7e+07 -3.698e+07 -3.698e+07 -3.699e+07 -3.699e+07 -3.699e+07 -3.699e+07 -3.699e+07 -3.698e+07 -3.699e+07 -3.698e+07 -3.698e+07 -3.7e+07 -3.7e+07 -3.698e+07 -3.699e+07 -3.699e+07 -3.697e+07 -3.695e+07 -3.698e+07
 -2.228e+07 -2.227e+07 -2.227e+07 -2.227e+07 -2.227e+07 -2.226e+07 -2.227e+07 -2.226e+07 -2.226e+07 -2.227e+07 -2.226e+07 -2.226e+07 -2.227e+07 -2.228e+07 -2.228e+07 -2.227e+07 -2.223e+07 -2.226e+07 -2.226e+07 -2.224e+07
 -2.29e+07 -2.29e+07 -2.29e+07 -2.29e+07 -2.29e+07 -2.29e+07 -2.29e+07 -2.291e+07 -2.29e+07 -2.291e+07 -2.29e+07 -2.29e+07 -2.29e+07 -2.291e+07 -2.29e+07 -2.289e+07 -2.291e+07 -2.286e+07 -2.289e+07 -2.291e+07
 -9.492e+07 -9.493e+07 -9.493e+07 -9.493e+07 -9.493e+07 -9.494e+07 -9.493e+07 -9.493e+07 -9.493e+07 -9.493e+07 -9.493e+07 -9.493e+07 -9.493e+07 -9.492e+07 -9.493e+07 -9.494e+07 -9.495e+07 -9.493e+07 -9.491e+07 -9.491e+07
 -4.88e+07 -4.891e+07 -4.891e+07 -4.89e+07 -4.891e+07 -4.891e+07 -4.891e+07 -4.891e+07 -4.891e+07 -4.891e+07 -4.891e+07 -4.89e+07 -4.892e+07 -4.891e+07 -4.892e+07 -4.896e+07 -4.889e+07 -4.899e+07 -4.892e+07 -4.893e+07
 -4.918e+07 -4.918e+07 -4.918e+07 -4.918e+07 -4.918e+07 -4.918e+07 -4.917e+07 -4.918e+07 -4.917e+07 -4.918e+07 -4.918e+07 -4.917e+07 -4.918e+07 -4.917e+07 -4.918e+07 -4.918e+07 -4.916e+07 -4.918e+07 -4.917e+07 -4.916e+07
 -3.686e+07 -3.687e+07 -3.686e+07 -3.688e+07 -3.676e+07 -3.687e+07 -3.685e+07 -3.686e+07 -3.685e+07 -3.687e+07 -3.685e+07 -3.685e+07 -3.687e+07 -3.687e+07 -3.686e+07 -3.686e+07 -3.687e+07 -3.686e+07 -3.687e+07 -3.682e+07
 -4.05e+07 -4.052e+07 -4.052e+07 -4.053e+07 -4.053e+07 -4.053e+07 -4.052e+07 -4.053e+07 -4.053e+07 -4.053e+07 -4.052e+07 -4.053e+07 -4.052e+07 -4.054e+07 -4.05e+07 -4.054e+07 -4.053e+07 -4.052e+07 -4.055e+07 -4.05e+07
 -8.828e+07 -8.826e+07 -8.83e+07 -8.828e+07 -8.827e+07 -8.826e+07 -8.827e+07 -8.829e+07 -8.828e+07 -8.828e+07 -8.829e+07 -8.828e+07 -8.826e+07 -8.828e+07 -8.827e+07 -8.829e+07 -8.828e+07 -8.828e+07 -8.829e+07 -8.828e+07
 -7.956e+06 -7.934e+06 -7.953e+06 -7.916e+06 -7.957e+06 -7.952e+06 -7.944e+06 -7.944e+06 -7.939e+06 -7.89e+06 -7.907e+06 -7.943e+06 -7.939e+06 -7.957e+06 -7.923e+06 -7.946e+06 -7.936e+06 -7.945e+06 -7.942e+06 -7.951e+06
 -3.697e+06 -3.684e+06 -3.695e+06 -3.685e+06 -3.688e+06 -3.69e+06 -3.67e+06 -3.675e+06 -3.675e+06 -3.56e+06 -3.568e+06 -3.668e+06 -3.714e+06 -3.688e+06 -3.679e+06 -3.679e+06 -3.695e+06 -3.688e+06 -3.71e+06 -3.692e+06
 -9.786e+07 -9.785e+07 -9.786e+07 -9.786e+07 -9.787e+07 -9.786e+07 -9.787e+07 -9.786e+07 -9.786e+07 -9.787e+07 -9.786e+07 -9.787e+07 -9.785e+07 -9.784e+07 -9.786e+07 -9.786e+07 -9.788e+07 -9.787e+07 -9.786e+07 -9.786e+07
 -3.245e+07 -3.246e+07 -3.246e+07 -3.246e+07 -3.246e+07 -3.246e+07 -3.246e+07 -3.246e+07 -3.246e+07 -3.246e+07 -3.246e+07 -3.246e+07 -3.246e+07 -3.246e+07 -3.246e+07 -3.243e+07 -3.246e+07 -3.247e+07 -3.248e+07 -3.241e+07
 -6.325e+07 -6.326e+07 -6.323e+07 -6.317e+07 -6.328e+07 -6.322e+07 -6.326e+07 -6.325e+07 -6.324e+07 -6.325e+07 -6.325e+07 -6.324e+07 -6.322e+07 -6.325e+07 -6.325e+07 -6.325e+07 -6.325e+07 -6.325e+07 -6.325e+07 -6.325e+07
 -9.264e+07 -9.264e+07 -9.264e+07 -9.264e+07 -9.264e+07 -9.262e+07 -9.263e+07 -9.262e+07 -9.263e+07 -9.26e+07 -9.262e+07 -9.264e+07 -9.264e+07 -9.26e+07 -9.262e+07 -9.262e+07 -9.261e+07 -9.263e+07 -9.263e+07 -9.264e+07
 -1.647e+07 -1.647e+07 -1.646e+07 -1.646e+07 -1.646e+07 -1.647e+07 -1.646e+07 -1.645e+07 -1.645e+07 -1.646e+07 -1.646e+07 -1.646e+07 -1.647e+07 -1.647e+07 -1.646e+07 -1.648e+07 -1.636e+07 -1.643e+07 -1.646e+07 -1.645e+07
 -1.136e+07 -1.136e+07 -1.136e+07 -1.137e+07 -1.136e+07 -1.136e+07 -1.134e+07 -1.134e+07 -1.134e+07 -1.127e+07 -1.126e+07 -1.135e+07 -1.136e+07 -1.136e+07 -1.134e+07 -1.136e+07 -1.135e+07 -1.136e+07 -1.135e+07 -1.133e+07
 -1.218e+07 -1.213e+07 -1.213e+07 -1.213e+07 -1.213e+07 -1.213e+07 -1.212e+07 -1.213e+07 -1.213e+07 -1.212e+07 -1.212e+07 -1.212e+07 -1.213e+07 -1.213e+07 -1.212e+07 -1.204e+07 -1.212e+07 -1.213e+07 -1.213e+07 -1.204e+07
 -4.363e+07 -4.362e+07 -4.362e+07 -4.362e+07 -4.362e+07 -4.363e+07 -4.363e+07 -4.363e+07 -4.362e+07 -4.362e+07 -4.362e+07 -4.362e+07 -4.36e+07 -4.363e+07 -4.362e+07 -4.363e+07 -4.36e+07 -4.362e+07 -4.361e+07 -4.362e+07
 -3.423e+06 -3.428e+06 -3.425e+06 -3.421e+06 -3.403e+06 -3.438e+06 -3.376e+06 -3.409e+06 -3.403e+06 -3.285e+06 -3.392e+06 -3.411e+06 -3.43e+06 -3.421e+06 -3.413e+06 -3.414e+06 -3.424e+06 -3.406e+06 -3.415e+06 -3.403e+06
 -6.59e+06 -6.631e+06 -6.588e+06 -6.592e+06 -6.537e+06 -6.68e+06 -6.386e+06 -6.568e+06 -6.58e+06 -6.593e+06 -6.591e+06 -6.654e+06 -6.616e+06 -6.546e+06 -6.576e+06 -6.583e+06 -6.563e+06 -6.584e+06 -6.589e+06 -6.591e+06
 -1.454e+07 -1.455e+07 -1.455e+07 -1.454e+07 -1.454e+07 -1.449e+07 -1.454e+07 -1.451e+07 -1.454e+07 -1.454e+07 -1.453e+07 -1.449e+07 -1.456e+07 -1.454e+07 -1.454e+07 -1.454e+07 -1.454e+07 -1.454e+07 -1.455e+07 -1.455e+07
 -4.9e+04 -3.8e+04 -4e+04 -4.6e+04 -4e+04 -4.5e+04 -3.7e+04 -6.9e+04 -3.1e+04 -4.1e+04 -2.8e+04 -3.2e+04 -4.8e+04 -4.8e+04 -4.3e+04 -5.9e+04 -8.8e+04 9.1e+04 2000 -6.7e+04
 -3.3e+04 -2.2e+04 -2.4e+04 -3.6e+04 -4e+04 -6e+04 -1e+04 -4.1e+04 -1.6e+04 -1.79e+05 1.1e+05 -2e+04 -3.4e+04 -9.3e+04 -6.1e+04 -6.1e+04 -6.4e+04 -2.1e+04 -1.2e+04 -2e+04
 -3.69e+07 -3.689e+07 -3.691e+07 -3.69e+07 -3.689e+07 -3.687e+07 -3.69e+07 -3.691e+07 -3.69e+07 -3.691e+07 -3.69e+07 -3.691e+07 -3.689e+07 -3.688e+07 -3.683e+07 -3.69e+07 -3.691e+07 -3.69e+07 -3.691e+07 -3.692e+07
 -5.274e+06 -5.287e+06 -5.27e+06 -5.274e+06 -5.272e+06 -5.259e+06 -5.253e+06 -5.268e+06 -5.25e+06 -5.162e+06 -5.181e+06 -5.259e+06 -5.264e+06 -5.254e+06 -5.221e+06 -5.27e+06 -5.26e+06 -5.258e+06 -5.296e+06 -5.268e+06
 -4.53e+07 -4.53e+07 -4.53e+07 -4.531e+07 -4.53e+07 -4.53e+07 -4.528e+07 -4.519e+07 -4.528e+07 -4.53e+07 -4.529e+07 -4.53e+07 -4.526e+07 -4.531e+07 -4.53e+07 -4.53e+07 -4.531e+07 -4.529e+07 -4.53e+07 -4.529e+07
 -1.424e+08 -1.425e+08 -1.425e+08 -1.425e+08 -1.425e+08 -1.425e+08 -1.425e+08 -1.425e+08 -1.425e+08 -1.425e+08 -1.425e+08 -1.425e+08 -1.425e+08 -1.425e+08 -1.425e+08 -1.424e+08 -1.425e+08 -1.425e+08 -1.425e+08 -1.424e+08
 -2.429e+07 -2.429e+07 -2.429e+07 -2.429e+07 -2.429e+07 -2.429e+07 -2.429e+07 -2.429e+07 -2.429e+07 -2.43e+07 -2.429e+07 -2.429e+07 -2.429e+07 -2.43e+07 -2.429e+07 -2.424e+07 -2.431e+07 -2.43e+07 -2.427e+07 -2.429e+07
 -3.49e+07 -3.489e+07 -3.489e+07 -3.49e+07 -3.49e+07 -3.49e+07 -3.489e+07 -3.489e+07 -3.49e+07 -3.489e+07 -3.485e+07 -3.489e+07 -3.488e+07 -3.488e+07 -3.49e+07 -3.489e+07 -3.492e+07 -3.489e+07 -3.489e+07 -3.49e+07
 -1.046e+06 -1.12e+06 -1.14e+06 -1.059e+06 -1.091e+06 -1.22e+06 -1.108e+06 -1.075e+06 -1.056e+06 -1.063e+06 -1.066e+06 -8.35e+05 -9.84e+05 -1.038e+06 -1.075e+06 -1.029e+06 -9.81e+05 -1.062e+06 -1.034e+06 -1.051e+06
 -7.699e+08 -7.699e+08 -7.699e+08 -7.699e+08 -7.699e+08 -7.699e+08 -7.699e+08 -7.699e+08 -7.699e+08 -7.699e+08 -7.699e+08 -7.699e+08 -7.699e+08 -7.699e+08 -7.699e+08 -7.699e+08 -7.699e+08 -7.699e+08 -7.698e+08 -7.699e+08
 1.31e+05 -1e+05 -1.06e+05 -1.34e+05 -1.32e+05 -9e+04 -9.1e+04 -3.39e+05 -1.4e+05 -1.04e+05 -1e+05 -1.13e+05 -1.98e+05 -2.81e+05 -1.95e+05 -1.57e+05 -1.22e+05 -1.16e+05 -3.23e+05 1.12e+05
 -9.68e+05 -1.082e+06 -1.05e+06 -1.038e+06 -9.86e+05 -1.055e+06 -1.032e+06 -1.027e+06 -1.022e+06 -1.033e+06 -1.021e+06 -1.033e+06 -1.056e+06 -1.04e+06 -8.6e+05 -1.06e+06 -1.071e+06 -1.029e+06 -1.062e+06 -1.037e+06
 -1.751e+07 -1.75e+07 -1.75e+07 -1.75e+07 -1.75e+07 -1.75e+07 -1.75e+07 -1.749e+07 -1.75e+07 -1.751e+07 -1.75e+07 -1.75e+07 -1.75e+07 -1.751e+07 -1.751e+07 -1.747e+07 -1.751e+07 -1.751e+07 -1.751e+07 -1.747e+07
 -8.96e+05 -8.87e+05 -8.82e+05 -8.95e+05 -8.85e+05 -8.89e+05 -8.94e+05 -8.82e+05 -8.83e+05 -8.91e+05 -8.84e+05 -8.93e+05 -8.94e+05 -8.89e+05 -9.06e+05 -8.93e+05 -9.21e+05 -8.16e+05 -9.11e+05 -8.99e+05
 -5.67e+05 -8.3e+04 -8.5e+04 -8.5e+04 -9e+04 -8.1e+04 -7.8e+04 -7.6e+04 -7.7e+04 -7.7e+04 -7.9e+04 -1.1e+05 -6.2e+04 -9.2e+04 -4.7e+04 9.53e+05 -1.2e+05 -5.8e+04 -6.7e+04 -7.59e+05
 -3.977e+07 -3.98e+07 -3.981e+07 -3.98e+07 -3.98e+07 -3.981e+07 -3.98e+07 -3.98e+07 -3.98e+07 -3.981e+07 -3.981e+07 -3.981e+07 -3.981e+07 -3.983e+07 -3.981e+07 -3.982e+07 -3.981e+07 -3.981e+07 -3.981e+07 -3.978e+07
 -6.429e+06 -6.387e+06 -6.387e+06 -6.379e+06 -6.364e+06 -6.357e+06 -6.38e+06 -6.378e+06 -6.384e+06 -6.369e+06 -6.383e+06 -6.399e+06 -6.372e+06 -6.394e+06 -6.356e+06 -6.28e+06 -6.392e+06 -6.398e+06 -6.378e+06 -6.311e+06
 -4.213e+07 -4.216e+07 -4.216e+07 -4.216e+07 -4.216e+07 -4.216e+07 -4.215e+07 -4.216e+07 -4.216e+07 -4.215e+07 -4.217e+07 -4.215e+07 -4.216e+07 -4.215e+07 -4.214e+07 -4.216e+07 -4.216e+07 -4.213e+07 -4.212e+07 -4.216e+07
 -3.557e+07 -3.56e+07 -3.56e+07 -3.559e+07 -3.56e+07 -3.56e+07 -3.56e+07 -3.56e+07 -3.56e+07 -3.56e+07 -3.56e+07 -3.56e+07 -3.561e+07 -3.56e+07 -3.56e+07 -3.56e+07 -3.56e+07 -3.557e+07 -3.56e+07 -3.561e+07
 -4.063e+07 -4.059e+07 -4.059e+07 -4.063e+07 -4.064e+07 -4.062e+07 -4.065e+07 -4.064e+07 -4.063e+07 -4.063e+07 -4.063e+07 -4.063e+07 -4.064e+07 -4.064e+07 -4.063e+07 -4.064e+07 -4.066e+07 -4.063e+07 -4.064e+07 -4.062e+07
 -5.06e+06 -5.152e+06 -5.152e+06 -5.148e+06 -5.155e+06 -5.149e+06 -5.148e+06 -5.153e+06 -5.144e+06 -5.152e+06 -5.143e+06 -5.144e+06 -5.152e+06 -5.151e+06 -5.155e+06 -5.141e+06 -5.161e+06 -5.047e+06 -5.172e+06 -5.167e+06
 -3.152e+06 -3.114e+06 -3.1e+06 -3.114e+06 -3.109e+06 -3.083e+06 -3.089e+06 -3.081e+06 -2.961e+06 -3.123e+06 -3.125e+06 -3.106e+06 -3.122e+06 -3.128e+06 -3.095e+06 -3.117e+06 -3.122e+06 -3.11e+06 -3.101e+06 -3.105e+06
 -3.64e+06 -3.517e+06 -3.684e+06 -3.685e+06 -3.689e+06 -3.71e+06 -3.669e+06 -3.666e+06 -3.657e+06 -3.666e+06 -3.661e+06 -3.568e+06 -3.693e+06 -3.677e+06 -3.65e+06 -3.669e+06 -3.696e+06 -3.665e+06 -3.682e+06 -3.673e+06
 -3.048e+07 -3.049e+07 -3.049e+07 -3.049e+07 -3.05e+07 -3.049e+07 -3.049e+07 -3.049e+07 -3.049e+07 -3.049e+07 -3.049e+07 -3.049e+07 -3.049e+07 -3.05e+07 -3.05e+07 -3.043e+07 -3.049e+07 -3.051e+07 -3.05e+07 -3.045e+07
 -2.517e+06 -2.549e+06 -2.551e+06 -2.548e+06 -2.56e+06 -2.564e+06 -2.559e+06 -2.548e+06 -2.533e+06 -2.458e+06 -2.477e+06 -2.536e+06 -2.565e+06 -2.566e+06 -2.574e+06 -2.547e+06 -2.553e+06 -2.546e+06 -2.554e+06 -2.548e+06
 -2.558e+07 -2.558e+07 -2.557e+07 -2.558e+07 -2.555e+07 -2.543e+07 -2.558e+07 -2.555e+07 -2.556e+07 -2.556e+07 -2.557e+07 -2.559e+07 -2.559e+07 -2.556e+07 -2.558e+07 -2.556e+07 -2.556e+07 -2.557e+07 -2.558e+07 -2.558e+07
 -8.685e+07 -8.686e+07 -8.687e+07 -8.683e+07 -8.683e+07 -8.687e+07 -8.684e+07 -8.684e+07 -8.683e+07 -8.685e+07 -8.686e+07 -8.685e+07 -8.685e+07 -8.686e+07 -8.686e+07 -8.685e+07 -8.685e+07 -8.685e+07 -8.686e+07 -8.684e+07
 -3.915e+07 -3.916e+07 -3.914e+07 -3.912e+07 -3.911e+07 -3.915e+07 -3.914e+07 -3.915e+07 -3.915e+07 -3.915e+07 -3.915e+07 -3.916e+07 -3.913e+07 -3.916e+07 -3.915e+07 -3.916e+07 -3.915e+07 -3.915e+07 -3.916e+07 -3.916e+07
 -9.921e+06 -9.906e+06 -9.92e+06 -9.925e+06 -9.916e+06 -9.916e+06 -9.913e+06 -9.783e+06 -9.885e+06 -9.912e+06 -9.915e+06 -9.925e+06 -9.903e+06 -9.931e+06 -9.914e+06 -9.919e+06 -9.916e+06 -9.907e+06 -9.929e+06 -9.937e+06
 -4.045e+07 -4.046e+07 -4.043e+07 -4.041e+07 -4.044e+07 -4.047e+07 -4.045e+07 -4.045e+07 -4.045e+07 -4.045e+07 -4.045e+07 -4.045e+07 -4.043e+07 -4.045e+07 -4.045e+07 -4.044e+07 -4.044e+07 -4.045e+07 -4.045e+07 -4.045e+07
 -8.498e+07 -8.494e+07 -8.494e+07 -8.497e+07 -8.498e+07 -8.494e+07 -8.498e+07 -8.498e+07 -8.497e+07 -8.498e+07 -8.497e+07 -8.497e+07 -8.498e+07 -8.497e+07 -8.498e+07 -8.498e+07 -8.497e+07 -8.498e+07 -8.498e+07 -8.498e+07
 -6.806e+06 -6.832e+06 -6.817e+06 -6.837e+06 -6.847e+06 -6.839e+06 -6.815e+06 -6.822e+06 -6.802e+06 -6.724e+06 -6.75e+06 -6.808e+06 -6.832e+06 -6.838e+06 -6.82e+06 -6.831e+06 -6.861e+06 -6.807e+06 -6.844e+06 -6.806e+06
 -4.747e+07 -4.746e+07 -4.746e+07 -4.746e+07 -4.746e+07 -4.746e+07 -4.746e+07 -4.747e+07 -4.746e+07 -4.746e+07 -4.746e+07 -4.747e+07 -4.747e+07 -4.747e+07 -4.746e+07 -4.747e+07 -4.743e+07 -4.743e+07 -4.746e+07 -4.746e+07
 -3.804e+08 -3.804e+08 -3.804e+08 -3.804e+08 -3.804e+08 -3.804e+08 -3.804e+08 -3.804e+08 -3.804e+08 -3.804e+08 -3.804e+08 -3.804e+08 -3.804e+08 -3.803e+08 -3.804e+08 -3.804e+08 -3.804e+08 -3.804e+08 -3.804e+08 -3.804e+08
 -1.017e+06 -1.013e+06 -1.013e+06 -1.022e+06 -1.021e+06 -1.014e+06 -9.93e+05 -1.016e+06 -1.007e+06 -1.018e+06 -7.88e+05 -1.018e+06 -1.02e+06 -1.019e+06 -1.015e+06 -1.014e+06 -1.002e+06 -1.004e+06 -1.023e+06 -1.026e+06
 -2.399e+07 -2.398e+07 -2.398e+07 -2.395e+07 -2.398e+07 -2.4e+07 -2.399e+07 -2.398e+07 -2.398e+07 -2.399e+07 -2.398e+07 -2.396e+07 -2.392e+07 -2.4e+07 -2.399e+07 -2.399e+07 -2.399e+07 -2.398e+07 -2.4e+07 -2.4e+07
 -7.62e+06 -7.665e+06 -7.671e+06 -7.667e+06 -7.661e+06 -7.661e+06 -7.658e+06 -7.66e+06 -7.649e+06 -7.681e+06 -7.646e+06 -7.655e+06 -7.676e+06 -7.681e+06 -7.666e+06 -7.726e+06 -7.673e+06 -7.551e+06 -7.639e+06 -7.676e+06
 -9.238e+07 -9.238e+07 -9.241e+07 -9.237e+07 -9.24e+07 -9.232e+07 -9.229e+07 -9.238e+07 -9.238e+07 -9.238e+07 -9.238e+07 -9.237e+07 -9.238e+07 -9.238e+07 -9.239e+07 -9.238e+07 -9.239e+07 -9.238e+07 -9.238e+07 -9.238e+07
 -4.693e+06 -4.686e+06 -4.669e+06 -4.675e+06 -4.697e+06 -4.723e+06 -4.69e+06 -4.589e+06 -4.432e+06 -4.696e+06 -4.677e+06 -4.686e+06 -4.651e+06 -4.704e+06 -4.686e+06 -4.706e+06 -4.707e+06 -4.684e+06 -4.741e+06 -4.685e+06
 -2.091e+06 -2.084e+06 -2.088e+06 -2.095e+06 -2.094e+06 -2.08e+06 -2.041e+06 -2.081e+06 -1.888e+06 -2.079e+06 -2.078e+06 -2.089e+06 -2.094e+06 -2.076e+06 -2.082e+06 -2.084e+06 -2.094e+06 -2.08e+06 -2.112e+06 -2.101e+06
 -1.422e+07 -1.421e+07 -1.422e+07 -1.421e+07 -1.421e+07 -1.422e+07 -1.421e+07 -1.42e+07 -1.421e+07 -1.422e+07 -1.422e+07 -1.422e+07 -1.422e+07 -1.422e+07 -1.422e+07 -1.421e+07 -1.42e+07 -1.422e+07 -1.42e+07 -1.422e+07
 -3.567e+07 -3.566e+07 -3.565e+07 -3.566e+07 -3.566e+07 -3.564e+07 -3.566e+07 -3.567e+07 -3.565e+07 -3.565e+07 -3.565e+07 -3.56e+07 -3.566e+07 -3.565e+07 -3.566e+07 -3.566e+07 -3.566e+07 -3.566e+07 -3.567e+07 -3.565e+07
 -6.413e+08 -6.413e+08 -6.413e+08 -6.413e+08 -6.413e+08 -6.413e+08 -6.413e+08 -6.413e+08 -6.413e+08 -6.413e+08 -6.413e+08 -6.413e+08 -6.413e+08 -6.413e+08 -6.413e+08 -6.413e+08 -6.413e+08 -6.413e+08 -6.413e+08 -6.413e+08
 -1.938e+07 -1.936e+07 -1.937e+07 -1.936e+07 -1.936e+07 -1.936e+07 -1.936e+07 -1.936e+07 -1.936e+07 -1.932e+07 -1.936e+07 -1.936e+07 -1.937e+07 -1.936e+07 -1.936e+07 -1.935e+07 -1.936e+07 -1.935e+07 -1.934e+07 -1.937e+07
 -1.408e+07 -1.409e+07 -1.409e+07 -1.409e+07 -1.41e+07 -1.408e+07 -1.408e+07 -1.408e+07 -1.408e+07 -1.408e+07 -1.408e+07 -1.409e+07 -1.409e+07 -1.41e+07 -1.409e+07 -1.402e+07 -1.408e+07 -1.409e+07 -1.41e+07 -1.409e+07
 -1.976e+07 -1.979e+07 -1.98e+07 -1.98e+07 -1.98e+07 -1.979e+07 -1.979e+07 -1.98e+07 -1.98e+07 -1.98e+07 -1.979e+07 -1.979e+07 -1.981e+07 -1.982e+07 -1.979e+07 -1.976e+07 -1.979e+07 -1.982e+07 -1.982e+07 -1.983e+07
 -1.164e+06 -1.15e+06 -1.168e+06 -1.156e+06 -1.159e+06 -1.147e+06 -1.142e+06 -1.162e+06 -1.16e+06 -1.169e+06 -1.144e+06 -1.166e+06 -1.165e+06 -1.119e+06 -1.174e+06 -1.187e+06 -1.171e+06 -9.7e+05 -1.097e+06 -1.163e+06
 -1.869e+08 -1.869e+08 -1.869e+08 -1.869e+08 -1.869e+08 -1.869e+08 -1.869e+08 -1.869e+08 -1.869e+08 -1.87e+08 -1.869e+08 -1.869e+08 -1.869e+08 -1.869e+08 -1.869e+08 -1.869e+08 -1.87e+08 -1.869e+08 -1.869e+08 -1.869e+08
 -3.197e+07 -3.198e+07 -3.198e+07 -3.197e+07 -3.199e+07 -3.197e+07 -3.198e+07 -3.198e+07 -3.198e+07 -3.198e+07 -3.197e+07 -3.196e+07 -3.199e+07 -3.198e+07 -3.199e+07 -3.199e+07 -3.195e+07 -3.197e+07 -3.193e+07 -3.198e+07
 -7.545e+07 -7.542e+07 -7.529e+07 -7.538e+07 -7.546e+07 -7.544e+07 -7.55e+07 -7.545e+07 -7.545e+07 -7.546e+07 -7.544e+07 -7.546e+07 -7.547e+07 -7.546e+07 -7.545e+07 -7.546e+07 -7.546e+07 -7.544e+07 -7.546e+07 -7.544e+07
 -1.946e+07 -1.947e+07 -1.947e+07 -1.946e+07 -1.946e+07 -1.946e+07 -1.947e+07 -1.947e+07 -1.946e+07 -1.946e+07 -1.947e+07 -1.947e+07 -1.946e+07 -1.946e+07 -1.946e+07 -1.946e+07 -1.942e+07 -1.943e+07 -1.951e+07 -1.944e+07
 -3.137e+07 -3.138e+07 -3.139e+07 -3.146e+07 -3.129e+07 -3.145e+07 -3.14e+07 -3.14e+07 -3.14e+07 -3.14e+07 -3.14e+07 -3.14e+07 -3.143e+07 -3.141e+07 -3.14e+07 -3.14e+07 -3.141e+07 -3.14e+07 -3.142e+07 -3.14e+07
 -1.395e+07 -1.394e+07 -1.4e+07 -1.396e+07 -1.394e+07 -1.399e+07 -1.373e+07 -1.394e+07 -1.393e+07 -1.398e+07 -1.397e+07 -1.395e+07 -1.395e+07 -1.392e+07 -1.396e+07 -1.397e+07 -1.396e+07 -1.397e+07 -1.397e+07 -1.397e+07
 -4.182e+07 -4.182e+07 -4.184e+07 -4.184e+07 -4.182e+07 -4.183e+07 -4.183e+07 -4.183e+07 -4.182e+07 -4.183e+07 -4.182e+07 -4.182e+07 -4.182e+07 -4.183e+07 -4.172e+07 -4.183e+07 -4.183e+07 -4.183e+07 -4.185e+07 -4.181e+07
 -2.299e+07 -2.279e+07 -2.303e+07 -2.305e+07 -2.298e+07 -2.292e+07 -2.297e+07 -2.298e+07 -2.298e+07 -2.299e+07 -2.299e+07 -2.3e+07 -2.298e+07 -2.298e+07 -2.299e+07 -2.298e+07 -2.3e+07 -2.298e+07 -2.299e+07 -2.298e+07
 -7.119e+07 -7.116e+07 -7.118e+07 -7.115e+07 -7.116e+07 -7.119e+07 -7.118e+07 -7.119e+07 -7.118e+07 -7.119e+07 -7.118e+07 -7.119e+07 -7.12e+07 -7.12e+07 -7.119e+07 -7.119e+07 -7.116e+07 -7.119e+07 -7.119e+07 -7.119e+07
 -2.34e+05 -2.29e+05 -2.45e+05 -2.34e+05 -2.28e+05 -2.27e+05 -2.35e+05 -2.27e+05 -2.23e+05 -2.01e+05 2.47e+05 -2.28e+05 -2.39e+05 -2.32e+05 -2.3e+05 -2.31e+05 -2.35e+05 -2.24e+05 -2.35e+05 -2.29e+05
 -4.7e+04 -3.5e+04 -2.8e+04 -3.4e+04 -3.9e+04 -4.1e+04 -3.2e+04 -4.6e+04 -3.3e+04 -4.4e+04 -3.1e+04 -3e+04 -2.8e+04 -4.1e+04 -7.6e+04 -5.4e+04 -4.4e+04 3.8e+04 4000 -6.3e+04
 -6.468e+07 -6.472e+07 -6.471e+07 -6.472e+07 -6.471e+07 -6.472e+07 -6.471e+07 -6.472e+07 -6.472e+07 -6.471e+07 -6.471e+07 -6.47e+07 -6.472e+07 -6.468e+07 -6.471e+07 -6.472e+07 -6.471e+07 -6.472e+07 -6.47e+07 -6.47e+07
 -4.8e+05 -3.62e+05 -3.59e+05 -3.64e+05 -3.67e+05 -3.79e+05 -4.01e+05 -3.76e+05 -3.59e+05 -3.44e+05 -3.78e+05 -3.56e+05 -3.69e+05 -3.99e+05 -3.67e+05 -3.13e+05 -2.74e+05 -3.11e+05 -3.5e+05 -3.11e+05
 -3.952e+07 -3.953e+07 -3.951e+07 -3.954e+07 -3.953e+07 -3.95e+07 -3.953e+07 -3.952e+07 -3.953e+07 -3.952e+07 -3.952e+07 -3.953e+07 -3.952e+07 -3.953e+07 -3.952e+07 -3.954e+07 -3.952e+07 -3.952e+07 -3.952e+07 -3.952e+07
 -2.37e+05 -1.28e+05 -7e+04 -1.06e+05 -3.12e+05 -5.9e+04 -6.7e+04 -1.21e+05 -2.78e+05 -7.9e+04 -8.2e+04 1.15e+05 -2.11e+05 -1.49e+05 -1.1e+05 -2.07e+05 -5000 -1.31e+05 -2.23e+05 -2.65e+05
 -3.29e+05 -3.21e+05 -3.06e+05 -3.31e+05 -3.05e+05 -3.18e+05 -2.9e+05 -3.26e+05 -3.07e+05 -3.32e+05 -2.98e+05 -3.08e+05 -3.59e+05 -3.31e+05 -3.14e+05 -2.75e+05 -3.57e+05 -1.45e+05 -2.16e+05 -3.2e+05


