# Created by Octave 5.2.0, Thu Sep 24 19:38:07 2020 CEST <jiwidi@land>
# name: w
# type: matrix
# rows: 101
# columns: 20
 -6.441e+06 -6.441e+06 -6.441e+06 -6.441e+06 -6.441e+06 -6.441e+06 -6.441e+06 -6.441e+06 -6.441e+06 -6.441e+06 -6.441e+06 -6.441e+06 -6.441e+06 -6.441e+06 -6.441e+06 -6.441e+06 -6.441e+06 -6.441e+06 -6.441e+06 -6.441e+06
 -6.224e+05 -6.223e+05 -6.223e+05 -6.223e+05 -6.223e+05 -6.223e+05 -6.223e+05 -6.223e+05 -6.223e+05 -6.223e+05 -6.223e+05 -6.223e+05 -6.223e+05 -6.223e+05 -6.223e+05 -6.223e+05 -6.224e+05 -6.223e+05 -6.221e+05 -6.223e+05
 -1.13e+05 -1.13e+05 -1.13e+05 -1.13e+05 -1.13e+05 -1.13e+05 -1.13e+05 -1.13e+05 -1.13e+05 -1.13e+05 -1.13e+05 -1.128e+05 -1.13e+05 -1.131e+05 -1.13e+05 -1.13e+05 -1.13e+05 -1.129e+05 -1.13e+05 -1.13e+05
 -1.164e+05 -1.172e+05 -1.172e+05 -1.163e+05 -1.167e+05 -1.174e+05 -1.164e+05 -1.164e+05 -1.164e+05 -1.163e+05 -1.163e+05 -1.163e+05 -1.163e+05 -1.163e+05 -1.164e+05 -1.164e+05 -1.154e+05 -1.164e+05 -1.162e+05 -1.163e+05
 -6170 -6130 -6100 -6140 -6100 -6060 -6070 -6170 -6130 -6070 -6100 -6100 -6140 -6100 -6100 -6060 -6270 -5720 -5810 -6170
 -5.462e+05 -5.463e+05 -5.463e+05 -5.462e+05 -5.462e+05 -5.463e+05 -5.462e+05 -5.462e+05 -5.462e+05 -5.462e+05 -5.462e+05 -5.462e+05 -5.462e+05 -5.463e+05 -5.462e+05 -5.462e+05 -5.462e+05 -5.462e+05 -5.462e+05 -5.463e+05
 -2.742e+05 -2.743e+05 -2.743e+05 -2.743e+05 -2.743e+05 -2.744e+05 -2.742e+05 -2.743e+05 -2.742e+05 -2.741e+05 -2.742e+05 -2.742e+05 -2.743e+05 -2.743e+05 -2.743e+05 -2.743e+05 -2.743e+05 -2.742e+05 -2.743e+05 -2.742e+05
 -5330 -5040 -5050 -5100 -5090 -5960 -5160 -5160 -5120 -5270 -5250 -5160 -5100 -5240 -5140 -4980 -5350 -4660 -4930 -4930
 -6650 -6980 -6560 -6760 -7290 -7120 -6650 -6760 -6740 -6700 -6720 -6070 -7150 -6780 -6370 -7380 -6750 -6950 -7410 -6900
 -1.682e+05 -1.683e+05 -1.683e+05 -1.682e+05 -1.683e+05 -1.683e+05 -1.682e+05 -1.682e+05 -1.682e+05 -1.682e+05 -1.682e+05 -1.682e+05 -1.682e+05 -1.683e+05 -1.682e+05 -1.682e+05 -1.683e+05 -1.683e+05 -1.683e+05 -1.683e+05
 -2940 -2790 -2830 -3310 -2920 -2760 -2830 -3020 -2910 -2820 -2860 -2530 -3730 -2950 -2960 -2850 -2760 -2920 -2750 -2960
 -2.415e+05 -2.413e+05 -2.414e+05 -2.414e+05 -2.414e+05 -2.414e+05 -2.414e+05 -2.414e+05 -2.414e+05 -2.414e+05 -2.414e+05 -2.414e+05 -2.414e+05 -2.414e+05 -2.414e+05 -2.415e+05 -2.412e+05 -2.415e+05 -2.412e+05 -2.413e+05
 -6.446e+04 -6.433e+04 -6.444e+04 -6.445e+04 -6.442e+04 -6.448e+04 -6.44e+04 -6.445e+04 -6.443e+04 -6.429e+04 -6.435e+04 -6.439e+04 -6.426e+04 -6.445e+04 -6.446e+04 -6.442e+04 -6.44e+04 -6.442e+04 -6.445e+04 -6.444e+04
 -4.72e+04 -4.615e+04 -4.758e+04 -4.834e+04 -4.717e+04 -4.499e+04 -4.742e+04 -4.748e+04 -4.732e+04 -4.731e+04 -4.725e+04 -4.733e+04 -4.707e+04 -4.725e+04 -4.724e+04 -4.735e+04 -4.72e+04 -4.732e+04 -4.722e+04 -4.659e+04
 -9.099e+04 -9.047e+04 -9.054e+04 -8.979e+04 -9.028e+04 -9.495e+04 -9.033e+04 -9.103e+04 -9.099e+04 -9.099e+04 -9.099e+04 -9.099e+04 -9.079e+04 -9.095e+04 -9.095e+04 -9.097e+04 -9.111e+04 -9.097e+04 -9.1e+04 -9.105e+04
 -2.621e+05 -2.62e+05 -2.62e+05 -2.62e+05 -2.62e+05 -2.62e+05 -2.621e+05 -2.62e+05 -2.62e+05 -2.621e+05 -2.62e+05 -2.62e+05 -2.621e+05 -2.621e+05 -2.62e+05 -2.622e+05 -2.621e+05 -2.621e+05 -2.621e+05 -2.618e+05
 -2.881e+05 -2.88e+05 -2.881e+05 -2.881e+05 -2.88e+05 -2.881e+05 -2.881e+05 -2.881e+05 -2.88e+05 -2.881e+05 -2.881e+05 -2.881e+05 -2.881e+05 -2.881e+05 -2.88e+05 -2.88e+05 -2.881e+05 -2.88e+05 -2.879e+05 -2.881e+05
 -1.636e+05 -1.637e+05 -1.638e+05 -1.636e+05 -1.636e+05 -1.637e+05 -1.636e+05 -1.636e+05 -1.636e+05 -1.636e+05 -1.635e+05 -1.636e+05 -1.636e+05 -1.636e+05 -1.636e+05 -1.636e+05 -1.634e+05 -1.636e+05 -1.637e+05 -1.635e+05
 -1.526e+05 -1.526e+05 -1.527e+05 -1.527e+05 -1.526e+05 -1.526e+05 -1.527e+05 -1.527e+05 -1.527e+05 -1.527e+05 -1.526e+05 -1.527e+05 -1.526e+05 -1.527e+05 -1.527e+05 -1.526e+05 -1.528e+05 -1.526e+05 -1.526e+05 -1.527e+05
 -6.442e+05 -6.442e+05 -6.442e+05 -6.442e+05 -6.442e+05 -6.442e+05 -6.442e+05 -6.441e+05 -6.442e+05 -6.441e+05 -6.442e+05 -6.442e+05 -6.441e+05 -6.441e+05 -6.442e+05 -6.442e+05 -6.442e+05 -6.441e+05 -6.442e+05 -6.441e+05
 -3.915e+05 -3.915e+05 -3.915e+05 -3.915e+05 -3.915e+05 -3.915e+05 -3.915e+05 -3.915e+05 -3.915e+05 -3.915e+05 -3.915e+05 -3.915e+05 -3.915e+05 -3.915e+05 -3.915e+05 -3.914e+05 -3.915e+05 -3.915e+05 -3.915e+05 -3.912e+05
 -3.274e+05 -3.274e+05 -3.274e+05 -3.274e+05 -3.274e+05 -3.275e+05 -3.274e+05 -3.275e+05 -3.274e+05 -3.274e+05 -3.274e+05 -3.274e+05 -3.275e+05 -3.275e+05 -3.274e+05 -3.274e+05 -3.274e+05 -3.274e+05 -3.274e+05 -3.273e+05
 -2.548e+05 -2.549e+05 -2.548e+05 -2.549e+05 -2.546e+05 -2.548e+05 -2.548e+05 -2.548e+05 -2.548e+05 -2.548e+05 -2.548e+05 -2.548e+05 -2.548e+05 -2.548e+05 -2.548e+05 -2.548e+05 -2.548e+05 -2.548e+05 -2.548e+05 -2.547e+05
 -2.853e+05 -2.854e+05 -2.854e+05 -2.854e+05 -2.854e+05 -2.854e+05 -2.854e+05 -2.854e+05 -2.854e+05 -2.854e+05 -2.854e+05 -2.854e+05 -2.854e+05 -2.854e+05 -2.853e+05 -2.854e+05 -2.854e+05 -2.854e+05 -2.854e+05 -2.853e+05
 -6.68e+05 -6.678e+05 -6.681e+05 -6.681e+05 -6.681e+05 -6.679e+05 -6.68e+05 -6.68e+05 -6.68e+05 -6.68e+05 -6.68e+05 -6.68e+05 -6.68e+05 -6.679e+05 -6.68e+05 -6.68e+05 -6.682e+05 -6.68e+05 -6.68e+05 -6.68e+05
 -6.052e+04 -6.049e+04 -6.055e+04 -6.044e+04 -6.054e+04 -6.047e+04 -6.051e+04 -6.048e+04 -6.049e+04 -6.049e+04 -6.037e+04 -6.051e+04 -6.051e+04 -6.048e+04 -6.044e+04 -6.048e+04 -6.043e+04 -6.05e+04 -6.047e+04 -6.052e+04
 -2.381e+04 -2.389e+04 -2.387e+04 -2.384e+04 -2.382e+04 -2.398e+04 -2.377e+04 -2.375e+04 -2.379e+04 -2.352e+04 -2.352e+04 -2.376e+04 -2.385e+04 -2.38e+04 -2.376e+04 -2.373e+04 -2.378e+04 -2.381e+04 -2.383e+04 -2.382e+04
 -7.658e+05 -7.653e+05 -7.653e+05 -7.658e+05 -7.658e+05 -7.648e+05 -7.658e+05 -7.658e+05 -7.658e+05 -7.658e+05 -7.658e+05 -7.658e+05 -7.657e+05 -7.657e+05 -7.657e+05 -7.658e+05 -7.66e+05 -7.658e+05 -7.658e+05 -7.658e+05
 -2.329e+05 -2.329e+05 -2.329e+05 -2.329e+05 -2.329e+05 -2.329e+05 -2.329e+05 -2.329e+05 -2.329e+05 -2.329e+05 -2.329e+05 -2.33e+05 -2.329e+05 -2.33e+05 -2.329e+05 -2.328e+05 -2.329e+05 -2.329e+05 -2.33e+05 -2.328e+05
 -4.772e+05 -4.771e+05 -4.771e+05 -4.768e+05 -4.772e+05 -4.771e+05 -4.771e+05 -4.771e+05 -4.77e+05 -4.771e+05 -4.771e+05 -4.771e+05 -4.77e+05 -4.771e+05 -4.77e+05 -4.771e+05 -4.771e+05 -4.771e+05 -4.771e+05 -4.771e+05
 -6.879e+05 -6.879e+05 -6.879e+05 -6.88e+05 -6.88e+05 -6.876e+05 -6.879e+05 -6.879e+05 -6.88e+05 -6.879e+05 -6.879e+05 -6.879e+05 -6.88e+05 -6.879e+05 -6.879e+05 -6.88e+05 -6.88e+05 -6.88e+05 -6.879e+05 -6.88e+05
 -1.168e+05 -1.17e+05 -1.17e+05 -1.169e+05 -1.168e+05 -1.17e+05 -1.168e+05 -1.168e+05 -1.168e+05 -1.168e+05 -1.169e+05 -1.168e+05 -1.169e+05 -1.169e+05 -1.168e+05 -1.17e+05 -1.166e+05 -1.168e+05 -1.167e+05 -1.169e+05
 -7.806e+04 -7.81e+04 -7.812e+04 -7.805e+04 -7.805e+04 -7.819e+04 -7.808e+04 -7.808e+04 -7.805e+04 -7.776e+04 -7.786e+04 -7.806e+04 -7.811e+04 -7.808e+04 -7.803e+04 -7.811e+04 -7.804e+04 -7.809e+04 -7.807e+04 -7.805e+04
 -1.099e+05 -1.095e+05 -1.095e+05 -1.096e+05 -1.095e+05 -1.095e+05 -1.095e+05 -1.095e+05 -1.095e+05 -1.095e+05 -1.095e+05 -1.095e+05 -1.095e+05 -1.095e+05 -1.095e+05 -1.09e+05 -1.094e+05 -1.096e+05 -1.095e+05 -1.091e+05
 -3.332e+05 -3.332e+05 -3.332e+05 -3.332e+05 -3.333e+05 -3.332e+05 -3.332e+05 -3.333e+05 -3.332e+05 -3.332e+05 -3.332e+05 -3.332e+05 -3.332e+05 -3.333e+05 -3.333e+05 -3.333e+05 -3.331e+05 -3.332e+05 -3.331e+05 -3.332e+05
 -2.207e+04 -2.214e+04 -2.208e+04 -2.205e+04 -2.199e+04 -2.218e+04 -2.189e+04 -2.217e+04 -2.203e+04 -2.161e+04 -2.198e+04 -2.206e+04 -2.213e+04 -2.202e+04 -2.202e+04 -2.205e+04 -2.214e+04 -2.205e+04 -2.195e+04 -2.202e+04
 -5.312e+04 -5.312e+04 -5.321e+04 -5.314e+04 -5.297e+04 -5.429e+04 -5.233e+04 -5.321e+04 -5.316e+04 -5.318e+04 -5.318e+04 -5.319e+04 -5.318e+04 -5.306e+04 -5.316e+04 -5.315e+04 -5.318e+04 -5.316e+04 -5.323e+04 -5.319e+04
 -9.823e+04 -9.824e+04 -9.821e+04 -9.818e+04 -9.821e+04 -9.803e+04 -9.823e+04 -9.825e+04 -9.823e+04 -9.823e+04 -9.821e+04 -9.816e+04 -9.83e+04 -9.839e+04 -9.822e+04 -9.821e+04 -9.835e+04 -9.821e+04 -9.826e+04 -9.835e+04
 -530 -370 -450 -470 -450 -300 -410 -400 -440 -380 -410 -420 -330 -370 -340 -490 -460 290 -110 -630
 -210 -80 -40 -30 -80 -1140 -50 -400 -90 -400 290 -110 -90 -120 -80 -400 -180 -80 10 -20
 -2.274e+05 -2.274e+05 -2.275e+05 -2.275e+05 -2.275e+05 -2.276e+05 -2.275e+05 -2.275e+05 -2.275e+05 -2.275e+05 -2.275e+05 -2.275e+05 -2.275e+05 -2.275e+05 -2.271e+05 -2.275e+05 -2.276e+05 -2.275e+05 -2.275e+05 -2.275e+05
 -3.728e+04 -3.734e+04 -3.729e+04 -3.726e+04 -3.727e+04 -3.73e+04 -3.722e+04 -3.726e+04 -3.724e+04 -3.712e+04 -3.71e+04 -3.723e+04 -3.725e+04 -3.728e+04 -3.721e+04 -3.724e+04 -3.724e+04 -3.727e+04 -3.73e+04 -3.729e+04
 -2.763e+05 -2.763e+05 -2.763e+05 -2.763e+05 -2.763e+05 -2.763e+05 -2.763e+05 -2.761e+05 -2.762e+05 -2.763e+05 -2.763e+05 -2.763e+05 -2.762e+05 -2.763e+05 -2.763e+05 -2.763e+05 -2.764e+05 -2.763e+05 -2.763e+05 -2.763e+05
 -1.068e+06 -1.068e+06 -1.068e+06 -1.068e+06 -1.068e+06 -1.068e+06 -1.068e+06 -1.068e+06 -1.068e+06 -1.068e+06 -1.068e+06 -1.068e+06 -1.068e+06 -1.068e+06 -1.068e+06 -1.068e+06 -1.068e+06 -1.068e+06 -1.068e+06 -1.068e+06
 -1.633e+05 -1.634e+05 -1.634e+05 -1.634e+05 -1.634e+05 -1.634e+05 -1.634e+05 -1.634e+05 -1.634e+05 -1.634e+05 -1.634e+05 -1.634e+05 -1.634e+05 -1.634e+05 -1.634e+05 -1.632e+05 -1.635e+05 -1.634e+05 -1.634e+05 -1.633e+05
 -2.129e+05 -2.129e+05 -2.129e+05 -2.129e+05 -2.128e+05 -2.129e+05 -2.128e+05 -2.128e+05 -2.129e+05 -2.129e+05 -2.128e+05 -2.129e+05 -2.128e+05 -2.128e+05 -2.129e+05 -2.128e+05 -2.129e+05 -2.129e+05 -2.129e+05 -2.129e+05
 -1.054e+04 -1.162e+04 -1.103e+04 -1.025e+04 -1.061e+04 -1.133e+04 -1.062e+04 -1.054e+04 -1.044e+04 -1.059e+04 -1.054e+04 -9160 -1.003e+04 -1.036e+04 -1.06e+04 -1.031e+04 -1.034e+04 -1.042e+04 -1.027e+04 -1.036e+04
 -4.876e+06 -4.876e+06 -4.876e+06 -4.876e+06 -4.876e+06 -4.876e+06 -4.876e+06 -4.876e+06 -4.876e+06 -4.876e+06 -4.876e+06 -4.876e+06 -4.876e+06 -4.876e+06 -4.876e+06 -4.876e+06 -4.876e+06 -4.876e+06 -4.876e+06 -4.876e+06
 1100 -560 -430 -650 -890 -800 -510 -1100 -650 -590 -640 -650 -550 -2480 -660 -1800 -770 -680 -1390 1130
 -3430 -3890 -3740 -3590 -3530 -4180 -3620 -3600 -3610 -3640 -3580 -3590 -3840 -3740 -3180 -3650 -4230 -3600 -3750 -3620
 -1.416e+05 -1.417e+05 -1.416e+05 -1.416e+05 -1.416e+05 -1.417e+05 -1.417e+05 -1.416e+05 -1.417e+05 -1.417e+05 -1.416e+05 -1.417e+05 -1.416e+05 -1.417e+05 -1.416e+05 -1.415e+05 -1.416e+05 -1.416e+05 -1.417e+05 -1.416e+05
 -4850 -4790 -4780 -4760 -4810 -4840 -4770 -4820 -4780 -4840 -4820 -4820 -4800 -4810 -4850 -4780 -4830 -4650 -4940 -4890
 -4380 -2100 -2100 -2200 -2150 -2200 -2170 -2180 -2160 -2120 -2110 -2090 -2080 -2220 -2030 7880 -2260 -2010 -2130 -7020
 -2.923e+05 -2.925e+05 -2.925e+05 -2.925e+05 -2.925e+05 -2.924e+05 -2.925e+05 -2.924e+05 -2.924e+05 -2.925e+05 -2.925e+05 -2.925e+05 -2.925e+05 -2.925e+05 -2.925e+05 -2.925e+05 -2.925e+05 -2.926e+05 -2.924e+05 -2.924e+05
 -4.911e+04 -4.907e+04 -4.908e+04 -4.898e+04 -4.899e+04 -4.891e+04 -4.902e+04 -4.902e+04 -4.9e+04 -4.898e+04 -4.896e+04 -4.903e+04 -4.903e+04 -4.905e+04 -4.892e+04 -4.847e+04 -4.907e+04 -4.912e+04 -4.899e+04 -4.857e+04
 -3.189e+05 -3.19e+05 -3.19e+05 -3.19e+05 -3.19e+05 -3.19e+05 -3.19e+05 -3.192e+05 -3.192e+05 -3.19e+05 -3.19e+05 -3.19e+05 -3.192e+05 -3.19e+05 -3.191e+05 -3.191e+05 -3.19e+05 -3.189e+05 -3.188e+05 -3.191e+05
 -2.378e+05 -2.377e+05 -2.377e+05 -2.378e+05 -2.378e+05 -2.378e+05 -2.378e+05 -2.378e+05 -2.377e+05 -2.377e+05 -2.378e+05 -2.378e+05 -2.378e+05 -2.377e+05 -2.377e+05 -2.378e+05 -2.378e+05 -2.376e+05 -2.378e+05 -2.378e+05
 -3.557e+05 -3.55e+05 -3.552e+05 -3.556e+05 -3.557e+05 -3.551e+05 -3.558e+05 -3.559e+05 -3.557e+05 -3.557e+05 -3.557e+05 -3.558e+05 -3.558e+05 -3.559e+05 -3.557e+05 -3.558e+05 -3.562e+05 -3.557e+05 -3.557e+05 -3.558e+05
 -3.471e+04 -3.502e+04 -3.51e+04 -3.502e+04 -3.504e+04 -3.506e+04 -3.499e+04 -3.494e+04 -3.496e+04 -3.504e+04 -3.503e+04 -3.501e+04 -3.5e+04 -3.504e+04 -3.501e+04 -3.492e+04 -3.509e+04 -3.462e+04 -3.509e+04 -3.506e+04
 -1.661e+04 -1.658e+04 -1.65e+04 -1.653e+04 -1.659e+04 -1.647e+04 -1.647e+04 -1.644e+04 -1.624e+04 -1.655e+04 -1.653e+04 -1.656e+04 -1.65e+04 -1.656e+04 -1.647e+04 -1.653e+04 -1.648e+04 -1.654e+04 -1.645e+04 -1.653e+04
 -2.715e+04 -2.693e+04 -2.744e+04 -2.729e+04 -2.739e+04 -2.791e+04 -2.727e+04 -2.73e+04 -2.728e+04 -2.728e+04 -2.729e+04 -2.702e+04 -2.736e+04 -2.736e+04 -2.72e+04 -2.734e+04 -2.74e+04 -2.725e+04 -2.733e+04 -2.729e+04
 -2.16e+05 -2.16e+05 -2.16e+05 -2.16e+05 -2.161e+05 -2.16e+05 -2.16e+05 -2.16e+05 -2.16e+05 -2.16e+05 -2.16e+05 -2.161e+05 -2.16e+05 -2.16e+05 -2.16e+05 -2.159e+05 -2.16e+05 -2.161e+05 -2.16e+05 -2.159e+05
 -9810 -1.003e+04 -9980 -9890 -9980 -1.035e+04 -1.004e+04 -9880 -9900 -9720 -9740 -9910 -1e+04 -1.004e+04 -1.006e+04 -9980 -9930 -9920 -9970 -1.006e+04
 -2.345e+05 -2.346e+05 -2.346e+05 -2.347e+05 -2.344e+05 -2.337e+05 -2.346e+05 -2.347e+05 -2.344e+05 -2.344e+05 -2.345e+05 -2.348e+05 -2.345e+05 -2.347e+05 -2.345e+05 -2.345e+05 -2.348e+05 -2.345e+05 -2.345e+05 -2.348e+05
 -6.078e+05 -6.079e+05 -6.079e+05 -6.078e+05 -6.078e+05 -6.079e+05 -6.078e+05 -6.078e+05 -6.077e+05 -6.078e+05 -6.078e+05 -6.079e+05 -6.078e+05 -6.078e+05 -6.078e+05 -6.078e+05 -6.078e+05 -6.078e+05 -6.078e+05 -6.078e+05
 -2.855e+05 -2.855e+05 -2.855e+05 -2.853e+05 -2.854e+05 -2.856e+05 -2.854e+05 -2.854e+05 -2.854e+05 -2.854e+05 -2.854e+05 -2.855e+05 -2.854e+05 -2.854e+05 -2.855e+05 -2.855e+05 -2.855e+05 -2.854e+05 -2.855e+05 -2.855e+05
 -5.951e+04 -5.953e+04 -5.962e+04 -5.959e+04 -5.959e+04 -5.961e+04 -5.956e+04 -5.922e+04 -5.946e+04 -5.951e+04 -5.956e+04 -5.958e+04 -5.943e+04 -5.961e+04 -5.954e+04 -5.958e+04 -5.952e+04 -5.948e+04 -5.958e+04 -5.961e+04
 -3.372e+05 -3.372e+05 -3.37e+05 -3.371e+05 -3.371e+05 -3.375e+05 -3.371e+05 -3.371e+05 -3.372e+05 -3.371e+05 -3.371e+05 -3.372e+05 -3.371e+05 -3.372e+05 -3.371e+05 -3.371e+05 -3.373e+05 -3.372e+05 -3.371e+05 -3.371e+05
 -7.676e+05 -7.683e+05 -7.681e+05 -7.677e+05 -7.676e+05 -7.676e+05 -7.676e+05 -7.677e+05 -7.676e+05 -7.676e+05 -7.676e+05 -7.676e+05 -7.676e+05 -7.676e+05 -7.677e+05 -7.676e+05 -7.659e+05 -7.676e+05 -7.677e+05 -7.677e+05
 -3.586e+04 -3.59e+04 -3.59e+04 -3.592e+04 -3.605e+04 -3.598e+04 -3.588e+04 -3.588e+04 -3.586e+04 -3.573e+04 -3.57e+04 -3.586e+04 -3.592e+04 -3.589e+04 -3.585e+04 -3.593e+04 -3.597e+04 -3.58e+04 -3.595e+04 -3.588e+04
 -3.349e+05 -3.347e+05 -3.348e+05 -3.349e+05 -3.348e+05 -3.347e+05 -3.349e+05 -3.348e+05 -3.348e+05 -3.348e+05 -3.348e+05 -3.349e+05 -3.349e+05 -3.348e+05 -3.349e+05 -3.348e+05 -3.347e+05 -3.347e+05 -3.349e+05 -3.348e+05
 -2.695e+06 -2.695e+06 -2.695e+06 -2.695e+06 -2.695e+06 -2.695e+06 -2.695e+06 -2.695e+06 -2.695e+06 -2.695e+06 -2.695e+06 -2.695e+06 -2.695e+06 -2.695e+06 -2.695e+06 -2.695e+06 -2.695e+06 -2.695e+06 -2.695e+06 -2.696e+06
 -5670 -5620 -5580 -5620 -5770 -5600 -5550 -5640 -5620 -5640 -4890 -5600 -5630 -5640 -5620 -5650 -5610 -5600 -5630 -5630
 -1.639e+05 -1.639e+05 -1.639e+05 -1.637e+05 -1.639e+05 -1.64e+05 -1.639e+05 -1.638e+05 -1.639e+05 -1.639e+05 -1.639e+05 -1.638e+05 -1.637e+05 -1.639e+05 -1.639e+05 -1.638e+05 -1.639e+05 -1.639e+05 -1.639e+05 -1.639e+05
 -4.46e+04 -4.467e+04 -4.468e+04 -4.462e+04 -4.469e+04 -4.465e+04 -4.46e+04 -4.464e+04 -4.461e+04 -4.465e+04 -4.461e+04 -4.462e+04 -4.463e+04 -4.466e+04 -4.465e+04 -4.491e+04 -4.464e+04 -4.431e+04 -4.454e+04 -4.456e+04
 -9.428e+05 -9.427e+05 -9.423e+05 -9.423e+05 -9.427e+05 -9.416e+05 -9.422e+05 -9.428e+05 -9.428e+05 -9.428e+05 -9.428e+05 -9.428e+05 -9.428e+05 -9.428e+05 -9.429e+05 -9.429e+05 -9.428e+05 -9.428e+05 -9.428e+05 -9.428e+05
 -2.97e+04 -2.975e+04 -2.968e+04 -2.968e+04 -2.977e+04 -2.991e+04 -2.967e+04 -2.948e+04 -2.917e+04 -2.977e+04 -2.969e+04 -2.976e+04 -2.96e+04 -2.972e+04 -2.965e+04 -2.975e+04 -2.974e+04 -2.974e+04 -2.982e+04 -2.973e+04
 -1.494e+04 -1.499e+04 -1.496e+04 -1.496e+04 -1.496e+04 -1.493e+04 -1.492e+04 -1.487e+04 -1.447e+04 -1.491e+04 -1.493e+04 -1.494e+04 -1.492e+04 -1.49e+04 -1.491e+04 -1.494e+04 -1.495e+04 -1.495e+04 -1.497e+04 -1.492e+04
 -1.163e+05 -1.162e+05 -1.162e+05 -1.162e+05 -1.162e+05 -1.162e+05 -1.162e+05 -1.161e+05 -1.162e+05 -1.162e+05 -1.162e+05 -1.162e+05 -1.162e+05 -1.162e+05 -1.162e+05 -1.162e+05 -1.16e+05 -1.162e+05 -1.162e+05 -1.162e+05
 -2.514e+05 -2.514e+05 -2.514e+05 -2.514e+05 -2.514e+05 -2.513e+05 -2.514e+05 -2.514e+05 -2.514e+05 -2.514e+05 -2.514e+05 -2.512e+05 -2.514e+05 -2.515e+05 -2.514e+05 -2.514e+05 -2.516e+05 -2.514e+05 -2.515e+05 -2.515e+05
 -4.081e+06 -4.081e+06 -4.081e+06 -4.081e+06 -4.081e+06 -4.081e+06 -4.081e+06 -4.081e+06 -4.081e+06 -4.081e+06 -4.081e+06 -4.081e+06 -4.081e+06 -4.081e+06 -4.081e+06 -4.081e+06 -4.081e+06 -4.081e+06 -4.081e+06 -4.081e+06
 -1.405e+05 -1.403e+05 -1.403e+05 -1.403e+05 -1.403e+05 -1.403e+05 -1.403e+05 -1.403e+05 -1.403e+05 -1.402e+05 -1.403e+05 -1.404e+05 -1.404e+05 -1.403e+05 -1.403e+05 -1.403e+05 -1.403e+05 -1.402e+05 -1.402e+05 -1.404e+05
 -9.197e+04 -9.203e+04 -9.205e+04 -9.202e+04 -9.206e+04 -9.205e+04 -9.203e+04 -9.204e+04 -9.202e+04 -9.202e+04 -9.204e+04 -9.201e+04 -9.206e+04 -9.204e+04 -9.207e+04 -9.174e+04 -9.203e+04 -9.208e+04 -9.21e+04 -9.217e+04
 -1.542e+05 -1.544e+05 -1.544e+05 -1.543e+05 -1.544e+05 -1.544e+05 -1.544e+05 -1.544e+05 -1.544e+05 -1.544e+05 -1.544e+05 -1.544e+05 -1.544e+05 -1.544e+05 -1.543e+05 -1.542e+05 -1.543e+05 -1.544e+05 -1.544e+05 -1.544e+05
 -6060 -5760 -5730 -5680 -5800 -5840 -5630 -5620 -5600 -5620 -5610 -5710 -5600 -5500 -5620 -5700 -5670 -5000 -5500 -5640
 -1.345e+06 -1.345e+06 -1.345e+06 -1.345e+06 -1.345e+06 -1.345e+06 -1.345e+06 -1.345e+06 -1.345e+06 -1.345e+06 -1.345e+06 -1.345e+06 -1.345e+06 -1.345e+06 -1.345e+06 -1.345e+06 -1.345e+06 -1.345e+06 -1.345e+06 -1.345e+06
 -1.924e+05 -1.926e+05 -1.925e+05 -1.925e+05 -1.926e+05 -1.925e+05 -1.925e+05 -1.925e+05 -1.925e+05 -1.925e+05 -1.925e+05 -1.924e+05 -1.925e+05 -1.925e+05 -1.925e+05 -1.925e+05 -1.923e+05 -1.925e+05 -1.924e+05 -1.925e+05
 -7.181e+05 -7.174e+05 -7.165e+05 -7.174e+05 -7.179e+05 -7.181e+05 -7.18e+05 -7.181e+05 -7.18e+05 -7.18e+05 -7.181e+05 -7.181e+05 -7.18e+05 -7.181e+05 -7.18e+05 -7.18e+05 -7.184e+05 -7.18e+05 -7.18e+05 -7.181e+05
 -1.497e+05 -1.496e+05 -1.496e+05 -1.496e+05 -1.496e+05 -1.496e+05 -1.496e+05 -1.496e+05 -1.496e+05 -1.497e+05 -1.497e+05 -1.497e+05 -1.496e+05 -1.497e+05 -1.496e+05 -1.495e+05 -1.496e+05 -1.496e+05 -1.497e+05 -1.495e+05
 -2.434e+05 -2.433e+05 -2.434e+05 -2.436e+05 -2.429e+05 -2.437e+05 -2.435e+05 -2.435e+05 -2.435e+05 -2.435e+05 -2.435e+05 -2.434e+05 -2.435e+05 -2.435e+05 -2.435e+05 -2.435e+05 -2.436e+05 -2.435e+05 -2.435e+05 -2.435e+05
 -1.016e+05 -1.016e+05 -1.017e+05 -1.016e+05 -1.016e+05 -1.016e+05 -1.01e+05 -1.015e+05 -1.015e+05 -1.016e+05 -1.015e+05 -1.016e+05 -1.016e+05 -1.015e+05 -1.015e+05 -1.016e+05 -1.016e+05 -1.016e+05 -1.015e+05 -1.016e+05
 -3.152e+05 -3.152e+05 -3.151e+05 -3.153e+05 -3.152e+05 -3.154e+05 -3.153e+05 -3.152e+05 -3.152e+05 -3.152e+05 -3.152e+05 -3.152e+05 -3.152e+05 -3.152e+05 -3.148e+05 -3.152e+05 -3.153e+05 -3.153e+05 -3.153e+05 -3.152e+05
 -2.032e+05 -2.017e+05 -2.033e+05 -2.033e+05 -2.032e+05 -2.029e+05 -2.031e+05 -2.032e+05 -2.032e+05 -2.032e+05 -2.032e+05 -2.032e+05 -2.031e+05 -2.032e+05 -2.032e+05 -2.032e+05 -2.038e+05 -2.032e+05 -2.031e+05 -2.032e+05
 -5.069e+05 -5.068e+05 -5.07e+05 -5.068e+05 -5.069e+05 -5.07e+05 -5.069e+05 -5.069e+05 -5.069e+05 -5.07e+05 -5.069e+05 -5.069e+05 -5.07e+05 -5.07e+05 -5.069e+05 -5.069e+05 -5.068e+05 -5.069e+05 -5.069e+05 -5.069e+05
 -810 -840 -830 -950 -930 -830 -890 -900 -890 -800 1340 -940 -890 -930 -870 -910 -940 -910 -920 -970
 -690 -600 -660 -670 -620 -470 -660 -560 -600 -560 -620 -620 -500 -550 -560 -720 -520 380 -170 -590
 -4.464e+05 -4.465e+05 -4.465e+05 -4.466e+05 -4.465e+05 -4.465e+05 -4.465e+05 -4.465e+05 -4.465e+05 -4.465e+05 -4.465e+05 -4.465e+05 -4.465e+05 -4.464e+05 -4.465e+05 -4.466e+05 -4.465e+05 -4.466e+05 -4.464e+05 -4.466e+05
 -2160 -2120 -2170 -2070 -2130 -2200 -2100 -2070 -2110 -2110 -2110 -2120 -2370 -2210 -2100 -2230 -1880 -2130 -2150 -2040
 -3.465e+05 -3.465e+05 -3.463e+05 -3.466e+05 -3.464e+05 -3.462e+05 -3.465e+05 -3.465e+05 -3.465e+05 -3.464e+05 -3.464e+05 -3.465e+05 -3.465e+05 -3.465e+05 -3.465e+05 -3.464e+05 -3.465e+05 -3.466e+05 -3.464e+05 -3.465e+05
 -950 -1640 -490 -810 -1160 -1010 -460 -500 -590 -420 -520 220 -1290 -740 -440 -1060 -10 -660 -1060 -1080
 -1640 -1410 -1460 -1540 -1390 -1480 -1380 -1470 -1430 -1460 -1450 -1460 -1670 -1490 -1410 -1260 -1630 -970 -1320 -2240


