# Created by Octave 5.2.0, Thu Sep 24 21:03:30 2020 CEST <jiwidi@land>
# name: w
# type: matrix
# rows: 101
# columns: 20
 -1.169e+08 -1.169e+08 -1.169e+08 -1.169e+08 -1.169e+08 -1.169e+08 -1.169e+08 -1.169e+08 -1.169e+08 -1.169e+08 -1.169e+08 -1.169e+08 -1.169e+08 -1.169e+08 -1.169e+08 -1.169e+08 -1.169e+08 -1.169e+08 -1.169e+08 -1.169e+08
 -9.168e+06 -9.156e+06 -9.156e+06 -9.158e+06 -9.156e+06 -9.155e+06 -9.153e+06 -9.158e+06 -9.157e+06 -9.158e+06 -9.154e+06 -9.143e+06 -9.162e+06 -9.166e+06 -9.152e+06 -9.158e+06 -9.139e+06 -9.158e+06 -9.133e+06 -9.156e+06
 -1.795e+06 -1.799e+06 -1.788e+06 -1.792e+06 -1.8e+06 -1.79e+06 -1.786e+06 -1.786e+06 -1.787e+06 -1.782e+06 -1.787e+06 -1.734e+06 -1.785e+06 -1.808e+06 -1.798e+06 -1.787e+06 -1.776e+06 -1.774e+06 -1.806e+06 -1.795e+06
 -2.079e+06 -2.065e+06 -2.059e+06 -2.058e+06 -2.067e+06 -2.077e+06 -2.066e+06 -2.079e+06 -2.061e+06 -2.071e+06 -2.063e+06 -2.066e+06 -2.06e+06 -2.073e+06 -2.057e+06 -2.063e+06 -1.992e+06 -2.074e+06 -2.041e+06 -2.064e+06
 -1.788e+05 -1.745e+05 -1.764e+05 -1.868e+05 -1.792e+05 -1.699e+05 -1.66e+05 -1.762e+05 -1.605e+05 -1.72e+05 -1.701e+05 -1.707e+05 -1.932e+05 -1.949e+05 -1.698e+05 -1.71e+05 -1.819e+05 -5.24e+04 -5.75e+04 -1.61e+05
 -8.064e+06 -8.069e+06 -8.069e+06 -8.069e+06 -8.069e+06 -8.069e+06 -8.072e+06 -8.067e+06 -8.067e+06 -8.067e+06 -8.071e+06 -8.06e+06 -8.063e+06 -8.072e+06 -8.07e+06 -8.07e+06 -8.057e+06 -8.069e+06 -8.055e+06 -8.065e+06
 -4.36e+06 -4.368e+06 -4.374e+06 -4.371e+06 -4.371e+06 -4.371e+06 -4.35e+06 -4.369e+06 -4.364e+06 -4.328e+06 -4.322e+06 -4.369e+06 -4.37e+06 -4.373e+06 -4.37e+06 -4.376e+06 -4.372e+06 -4.368e+06 -4.37e+06 -4.359e+06
 -2.206e+05 -1.739e+05 -1.699e+05 -1.774e+05 -1.805e+05 -1.695e+05 -1.747e+05 -2.198e+05 -1.775e+05 -1.995e+05 -2.523e+05 -1.729e+05 -1.738e+05 -1.899e+05 -1.68e+05 -1.741e+05 -2.242e+05 -4.57e+04 -1.664e+05 -1.543e+05
 -1.445e+05 -1.622e+05 -1.607e+05 -1.714e+05 -2.043e+05 -1.737e+05 -1.627e+05 -1.672e+05 -1.524e+05 -1.68e+05 -1.565e+05 1.95e+04 -2.074e+05 -1.741e+05 -7.06e+04 -1.848e+05 -1.374e+05 -1.634e+05 -1.863e+05 -1.629e+05
 -2.866e+06 -2.859e+06 -2.856e+06 -2.855e+06 -2.853e+06 -2.858e+06 -2.834e+06 -2.857e+06 -2.852e+06 -2.831e+06 -2.839e+06 -2.854e+06 -2.851e+06 -2.861e+06 -2.856e+06 -2.86e+06 -2.858e+06 -2.855e+06 -2.866e+06 -2.862e+06
 -1.216e+05 -1.037e+05 -1.07e+05 -1.187e+05 -1.144e+05 -9.73e+04 -9.19e+04 -1.018e+05 -8.82e+04 -1.011e+05 -8.49e+04 5800 -1.216e+05 -1.097e+05 -1.056e+05 -1.093e+05 -6.32e+04 -9.86e+04 -8.72e+04 -1.092e+05
 -3.867e+06 -3.854e+06 -3.854e+06 -3.857e+06 -3.858e+06 -3.851e+06 -3.85e+06 -3.855e+06 -3.851e+06 -3.854e+06 -3.851e+06 -3.851e+06 -3.865e+06 -3.865e+06 -3.855e+06 -3.857e+06 -3.806e+06 -3.853e+06 -3.852e+06 -3.831e+06
 -1.03e+06 -1.002e+06 -1.026e+06 -1.034e+06 -1.042e+06 -1.033e+06 -1.003e+06 -1.034e+06 -1.024e+06 -9.877e+05 -9.76e+05 -1.019e+06 -1.018e+06 -1.036e+06 -1.044e+06 -1.026e+06 -1.026e+06 -1.024e+06 -1.038e+06 -1.024e+06
 -3.992e+05 -3.092e+05 -3.956e+05 -4.247e+05 -3.72e+05 -2.018e+05 -3.93e+05 -3.956e+05 -3.912e+05 -3.906e+05 -3.892e+05 -3.856e+05 -3.927e+05 -3.441e+05 -3.965e+05 -3.966e+05 -3.505e+05 -3.94e+05 -4.019e+05 -3.119e+05
 -1.35e+06 -1.366e+06 -1.353e+06 -1.296e+06 -1.322e+06 -1.368e+06 -1.332e+06 -1.351e+06 -1.349e+06 -1.346e+06 -1.352e+06 -1.347e+06 -1.36e+06 -1.355e+06 -1.348e+06 -1.352e+06 -1.35e+06 -1.349e+06 -1.354e+06 -1.356e+06
 -4.224e+06 -4.228e+06 -4.227e+06 -4.23e+06 -4.231e+06 -4.228e+06 -4.228e+06 -4.23e+06 -4.228e+06 -4.231e+06 -4.227e+06 -4.23e+06 -4.231e+06 -4.238e+06 -4.232e+06 -4.244e+06 -4.233e+06 -4.232e+06 -4.225e+06 -4.208e+06
 -4.287e+06 -4.281e+06 -4.284e+06 -4.286e+06 -4.286e+06 -4.28e+06 -4.278e+06 -4.279e+06 -4.279e+06 -4.28e+06 -4.278e+06 -4.274e+06 -4.289e+06 -4.291e+06 -4.282e+06 -4.284e+06 -4.276e+06 -4.269e+06 -4.255e+06 -4.276e+06
 -2.503e+06 -2.497e+06 -2.499e+06 -2.504e+06 -2.498e+06 -2.494e+06 -2.496e+06 -2.496e+06 -2.492e+06 -2.5e+06 -2.491e+06 -2.496e+06 -2.499e+06 -2.503e+06 -2.498e+06 -2.502e+06 -2.463e+06 -2.499e+06 -2.49e+06 -2.472e+06
 -2.672e+06 -2.672e+06 -2.673e+06 -2.674e+06 -2.674e+06 -2.669e+06 -2.668e+06 -2.674e+06 -2.67e+06 -2.678e+06 -2.668e+06 -2.676e+06 -2.674e+06 -2.674e+06 -2.673e+06 -2.667e+06 -2.678e+06 -2.622e+06 -2.664e+06 -2.666e+06
 -1.105e+07 -1.106e+07 -1.106e+07 -1.106e+07 -1.106e+07 -1.106e+07 -1.106e+07 -1.106e+07 -1.106e+07 -1.106e+07 -1.106e+07 -1.106e+07 -1.106e+07 -1.106e+07 -1.106e+07 -1.107e+07 -1.108e+07 -1.106e+07 -1.105e+07 -1.104e+07
 -6.216e+06 -6.232e+06 -6.23e+06 -6.231e+06 -6.232e+06 -6.232e+06 -6.232e+06 -6.232e+06 -6.232e+06 -6.232e+06 -6.231e+06 -6.231e+06 -6.233e+06 -6.235e+06 -6.231e+06 -6.239e+06 -6.226e+06 -6.25e+06 -6.232e+06 -6.226e+06
 -5.626e+06 -5.618e+06 -5.614e+06 -5.615e+06 -5.617e+06 -5.618e+06 -5.613e+06 -5.61e+06 -5.613e+06 -5.62e+06 -5.615e+06 -5.612e+06 -5.617e+06 -5.606e+06 -5.617e+06 -5.613e+06 -5.599e+06 -5.614e+06 -5.603e+06 -5.61e+06
 -4.396e+06 -4.406e+06 -4.4e+06 -4.428e+06 -4.318e+06 -4.405e+06 -4.392e+06 -4.399e+06 -4.394e+06 -4.403e+06 -4.392e+06 -4.387e+06 -4.396e+06 -4.395e+06 -4.398e+06 -4.408e+06 -4.412e+06 -4.4e+06 -4.408e+06 -4.363e+06
 -4.629e+06 -4.646e+06 -4.649e+06 -4.651e+06 -4.657e+06 -4.652e+06 -4.648e+06 -4.655e+06 -4.652e+06 -4.653e+06 -4.653e+06 -4.654e+06 -4.643e+06 -4.658e+06 -4.616e+06 -4.657e+06 -4.657e+06 -4.644e+06 -4.663e+06 -4.631e+06
 -9.685e+06 -9.663e+06 -9.688e+06 -9.665e+06 -9.67e+06 -9.668e+06 -9.674e+06 -9.681e+06 -9.679e+06 -9.683e+06 -9.684e+06 -9.682e+06 -9.669e+06 -9.675e+06 -9.668e+06 -9.676e+06 -9.68e+06 -9.678e+06 -9.685e+06 -9.683e+06
 -8.862e+05 -8.695e+05 -8.767e+05 -8.466e+05 -8.862e+05 -8.778e+05 -8.716e+05 -8.727e+05 -8.658e+05 -8.289e+05 -8.367e+05 -8.739e+05 -8.687e+05 -8.899e+05 -8.539e+05 -8.811e+05 -8.692e+05 -8.767e+05 -8.837e+05 -8.816e+05
 -5.727e+05 -5.569e+05 -5.545e+05 -5.543e+05 -5.638e+05 -5.523e+05 -5.395e+05 -5.417e+05 -5.526e+05 -4.488e+05 -4.56e+05 -5.383e+05 -5.672e+05 -5.577e+05 -5.514e+05 -5.53e+05 -5.563e+05 -5.568e+05 -5.861e+05 -5.615e+05
 -1.028e+07 -1.027e+07 -1.027e+07 -1.027e+07 -1.028e+07 -1.027e+07 -1.028e+07 -1.028e+07 -1.028e+07 -1.028e+07 -1.028e+07 -1.028e+07 -1.026e+07 -1.027e+07 -1.028e+07 -1.028e+07 -1.029e+07 -1.028e+07 -1.028e+07 -1.028e+07
 -3.939e+06 -3.959e+06 -3.96e+06 -3.958e+06 -3.961e+06 -3.958e+06 -3.956e+06 -3.959e+06 -3.956e+06 -3.961e+06 -3.953e+06 -3.959e+06 -3.96e+06 -3.963e+06 -3.96e+06 -3.933e+06 -3.96e+06 -3.956e+06 -3.979e+06 -3.92e+06
 -7.316e+06 -7.308e+06 -7.305e+06 -7.262e+06 -7.326e+06 -7.295e+06 -7.316e+06 -7.311e+06 -7.308e+06 -7.312e+06 -7.31e+06 -7.31e+06 -7.294e+06 -7.305e+06 -7.308e+06 -7.312e+06 -7.313e+06 -7.31e+06 -7.315e+06 -7.308e+06
 -1.024e+07 -1.024e+07 -1.024e+07 -1.023e+07 -1.023e+07 -1.023e+07 -1.023e+07 -1.022e+07 -1.023e+07 -1.02e+07 -1.023e+07 -1.023e+07 -1.024e+07 -1.021e+07 -1.023e+07 -1.023e+07 -1.023e+07 -1.023e+07 -1.023e+07 -1.024e+07
 -1.87e+06 -1.859e+06 -1.859e+06 -1.858e+06 -1.856e+06 -1.86e+06 -1.854e+06 -1.859e+06 -1.85e+06 -1.858e+06 -1.852e+06 -1.853e+06 -1.865e+06 -1.866e+06 -1.856e+06 -1.874e+06 -1.774e+06 -1.84e+06 -1.856e+06 -1.846e+06
 -1.356e+06 -1.356e+06 -1.349e+06 -1.361e+06 -1.353e+06 -1.356e+06 -1.344e+06 -1.343e+06 -1.343e+06 -1.279e+06 -1.278e+06 -1.352e+06 -1.364e+06 -1.354e+06 -1.338e+06 -1.354e+06 -1.354e+06 -1.349e+06 -1.355e+06 -1.334e+06
 -1.363e+06 -1.35e+06 -1.351e+06 -1.352e+06 -1.348e+06 -1.348e+06 -1.35e+06 -1.354e+06 -1.35e+06 -1.348e+06 -1.346e+06 -1.352e+06 -1.35e+06 -1.349e+06 -1.355e+06 -1.291e+06 -1.346e+06 -1.354e+06 -1.366e+06 -1.302e+06
 -4.826e+06 -4.82e+06 -4.822e+06 -4.82e+06 -4.82e+06 -4.822e+06 -4.822e+06 -4.821e+06 -4.822e+06 -4.821e+06 -4.821e+06 -4.825e+06 -4.811e+06 -4.82e+06 -4.822e+06 -4.818e+06 -4.8e+06 -4.823e+06 -4.819e+06 -4.821e+06
 -4.829e+05 -4.757e+05 -4.651e+05 -4.851e+05 -4.745e+05 -4.69e+05 -4.45e+05 -4.596e+05 -4.528e+05 -3.622e+05 -4.468e+05 -4.632e+05 -4.796e+05 -4.833e+05 -4.667e+05 -4.733e+05 -4.79e+05 -4.632e+05 -4.823e+05 -4.606e+05
 -8.347e+05 -8.475e+05 -8.594e+05 -8.65e+05 -8.2e+05 -8.688e+05 -6.958e+05 -8.272e+05 -8.276e+05 -8.303e+05 -8.34e+05 -8.632e+05 -8.309e+05 -8.023e+05 -8.514e+05 -8.263e+05 -8.296e+05 -8.243e+05 -8.303e+05 -8.269e+05
 -1.693e+06 -1.704e+06 -1.7e+06 -1.69e+06 -1.695e+06 -1.644e+06 -1.7e+06 -1.666e+06 -1.69e+06 -1.688e+06 -1.687e+06 -1.653e+06 -1.707e+06 -1.687e+06 -1.698e+06 -1.692e+06 -1.691e+06 -1.692e+06 -1.693e+06 -1.694e+06
 -4.55e+04 -3.58e+04 -3.44e+04 -4.55e+04 -3.96e+04 -3.26e+04 -2.75e+04 -6.72e+04 -2.71e+04 -3.66e+04 -2.59e+04 -2.94e+04 -4.67e+04 -4.22e+04 -3.62e+04 -4.01e+04 -6.63e+04 8e+04 -6300 -3.78e+04
 -3.36e+04 -2.73e+04 -2.45e+04 -3.48e+04 -2.93e+04 -2.71e+04 -7300 -2.81e+04 -1.87e+04 -1.074e+05 1.153e+05 -2.19e+04 -3.24e+04 -4.52e+04 -2.97e+04 -3.78e+04 -3e+04 -2.22e+04 -2.45e+04 -2.09e+04
 -4.255e+06 -4.252e+06 -4.268e+06 -4.258e+06 -4.249e+06 -4.245e+06 -4.265e+06 -4.264e+06 -4.269e+06 -4.267e+06 -4.263e+06 -4.266e+06 -4.251e+06 -4.249e+06 -4.194e+06 -4.271e+06 -4.266e+06 -4.266e+06 -4.267e+06 -4.279e+06
 -6.618e+05 -6.645e+05 -6.525e+05 -6.448e+05 -6.583e+05 -6.456e+05 -6.302e+05 -6.513e+05 -6.372e+05 -5.562e+05 -5.724e+05 -6.421e+05 -6.381e+05 -6.384e+05 -6.02e+05 -6.526e+05 -6.453e+05 -6.424e+05 -6.772e+05 -6.506e+05
 -5.324e+06 -5.32e+06 -5.32e+06 -5.324e+06 -5.319e+06 -5.318e+06 -5.298e+06 -5.22e+06 -5.3e+06 -5.322e+06 -5.31e+06 -5.315e+06 -5.279e+06 -5.324e+06 -5.322e+06 -5.322e+06 -5.325e+06 -5.315e+06 -5.318e+06 -5.312e+06
 -1.75e+07 -1.752e+07 -1.752e+07 -1.751e+07 -1.752e+07 -1.751e+07 -1.751e+07 -1.751e+07 -1.751e+07 -1.751e+07 -1.751e+07 -1.752e+07 -1.752e+07 -1.751e+07 -1.752e+07 -1.75e+07 -1.752e+07 -1.751e+07 -1.752e+07 -1.751e+07
 -2.995e+06 -3.002e+06 -3.002e+06 -3.002e+06 -3.002e+06 -3.001e+06 -3e+06 -3.002e+06 -3e+06 -3.008e+06 -3e+06 -3e+06 -3.004e+06 -3.012e+06 -3.004e+06 -2.966e+06 -3.01e+06 -3.003e+06 -2.993e+06 -3.003e+06
 -3.797e+06 -3.783e+06 -3.786e+06 -3.798e+06 -3.792e+06 -3.793e+06 -3.794e+06 -3.785e+06 -3.788e+06 -3.774e+06 -3.754e+06 -3.787e+06 -3.776e+06 -3.784e+06 -3.794e+06 -3.789e+06 -3.807e+06 -3.79e+06 -3.78e+06 -3.784e+06
 -2.028e+05 -2.274e+05 -2.332e+05 -2.063e+05 -2.195e+05 -2.362e+05 -2.334e+05 -2.208e+05 -2.096e+05 -2.024e+05 -2.162e+05 -4.01e+04 -1.752e+05 -2.038e+05 -2.229e+05 -1.856e+05 -1.57e+05 -2.066e+05 -2.008e+05 -2.017e+05
 -8.928e+07 -8.93e+07 -8.93e+07 -8.93e+07 -8.93e+07 -8.93e+07 -8.93e+07 -8.929e+07 -8.929e+07 -8.929e+07 -8.93e+07 -8.929e+07 -8.929e+07 -8.93e+07 -8.929e+07 -8.93e+07 -8.929e+07 -8.929e+07 -8.928e+07 -8.928e+07
 5.65e+04 -9.32e+04 -9.48e+04 -1.004e+05 -1.342e+05 -8.7e+04 -8.35e+04 -1.501e+05 -8.7e+04 -1.043e+05 -9.85e+04 -9.87e+04 -1.435e+05 -1.755e+05 -1.878e+05 -1.275e+05 -1.1e+05 -1.016e+05 -1.834e+05 3.81e+04
 -1.849e+05 -2.385e+05 -2.235e+05 -2.256e+05 -2.067e+05 -2.185e+05 -2.119e+05 -2.121e+05 -2.093e+05 -2.23e+05 -2.064e+05 -2.29e+05 -2.347e+05 -2.282e+05 -7.17e+04 -2.418e+05 -2.272e+05 -2.143e+05 -2.368e+05 -2.467e+05
 -2.172e+06 -2.166e+06 -2.164e+06 -2.164e+06 -2.168e+06 -2.163e+06 -2.163e+06 -2.16e+06 -2.158e+06 -2.167e+06 -2.163e+06 -2.161e+06 -2.164e+06 -2.168e+06 -2.167e+06 -2.132e+06 -2.165e+06 -2.165e+06 -2.171e+06 -2.135e+06
 -1.262e+05 -1.214e+05 -1.2e+05 -1.287e+05 -1.168e+05 -1.225e+05 -1.312e+05 -1.223e+05 -1.234e+05 -1.204e+05 -1.293e+05 -1.273e+05 -1.298e+05 -1.156e+05 -1.33e+05 -1.19e+05 -1.252e+05 -4.74e+04 -1.31e+05 -1.264e+05
 -1.319e+05 -3.24e+04 -2.96e+04 -3.13e+04 -4.41e+04 -2.6e+04 -2.63e+04 -2.43e+04 -2.28e+04 -3.37e+04 -2.36e+04 -2.65e+04 -2.95e+04 -3.27e+04 -4.93e+04 2.586e+05 -2.98e+04 -4.11e+04 -3.77e+04 -1.228e+05
 -4.776e+06 -4.811e+06 -4.813e+06 -4.814e+06 -4.811e+06 -4.813e+06 -4.809e+06 -4.812e+06 -4.811e+06 -4.816e+06 -4.81e+06 -4.817e+06 -4.816e+06 -4.821e+06 -4.818e+06 -4.82e+06 -4.811e+06 -4.811e+06 -4.825e+06 -4.795e+06
 -8.45e+05 -8.026e+05 -8.076e+05 -8.043e+05 -8.068e+05 -7.948e+05 -8.009e+05 -8.047e+05 -8.071e+05 -8.121e+05 -7.975e+05 -8.093e+05 -8.126e+05 -8.225e+05 -8.024e+05 -7.543e+05 -8.163e+05 -8.062e+05 -8.266e+05 -7.747e+05
 -4.011e+06 -4.032e+06 -4.034e+06 -4.04e+06 -4.037e+06 -4.039e+06 -4.028e+06 -4.032e+06 -4.035e+06 -4.038e+06 -4.039e+06 -4.03e+06 -4.037e+06 -4.037e+06 -4.034e+06 -4.032e+06 -4.043e+06 -4.019e+06 -4.01e+06 -4.041e+06
 -3.94e+06 -3.969e+06 -3.972e+06 -3.97e+06 -3.97e+06 -3.969e+06 -3.969e+06 -3.969e+06 -3.971e+06 -3.971e+06 -3.971e+06 -3.975e+06 -3.976e+06 -3.969e+06 -3.972e+06 -3.965e+06 -3.978e+06 -3.95e+06 -3.961e+06 -3.957e+06
 -4.744e+06 -4.698e+06 -4.711e+06 -4.735e+06 -4.75e+06 -4.727e+06 -4.743e+06 -4.742e+06 -4.739e+06 -4.742e+06 -4.737e+06 -4.737e+06 -4.746e+06 -4.748e+06 -4.743e+06 -4.747e+06 -4.745e+06 -4.739e+06 -4.746e+06 -4.739e+06
 -6.394e+05 -6.972e+05 -6.961e+05 -6.972e+05 -6.97e+05 -6.969e+05 -6.982e+05 -6.97e+05 -6.949e+05 -7.007e+05 -6.96e+05 -6.989e+05 -6.998e+05 -6.939e+05 -6.936e+05 -6.928e+05 -7.12e+05 -6.373e+05 -7.173e+05 -7.156e+05
 -5.002e+05 -4.522e+05 -4.489e+05 -4.72e+05 -4.624e+05 -4.38e+05 -4.397e+05 -4.379e+05 -3.246e+05 -4.509e+05 -4.591e+05 -4.464e+05 -4.679e+05 -4.833e+05 -4.465e+05 -4.576e+05 -4.655e+05 -4.488e+05 -4.744e+05 -4.684e+05
 -5.142e+05 -4.058e+05 -5.413e+05 -5.394e+05 -5.558e+05 -5.383e+05 -5.266e+05 -5.304e+05 -5.295e+05 -5.316e+05 -5.279e+05 -4.504e+05 -5.494e+05 -5.445e+05 -5.205e+05 -5.37e+05 -5.377e+05 -5.338e+05 -5.48e+05 -5.353e+05
 -4.084e+06 -4.092e+06 -4.092e+06 -4.094e+06 -4.094e+06 -4.092e+06 -4.089e+06 -4.093e+06 -4.089e+06 -4.093e+06 -4.091e+06 -4.091e+06 -4.095e+06 -4.099e+06 -4.095e+06 -4.076e+06 -4.099e+06 -4.095e+06 -4.105e+06 -4.072e+06
 -3.278e+05 -3.48e+05 -3.469e+05 -3.479e+05 -3.639e+05 -3.263e+05 -3.58e+05 -3.502e+05 -3.432e+05 -2.701e+05 -2.83e+05 -3.361e+05 -3.705e+05 -3.481e+05 -3.767e+05 -3.548e+05 -3.346e+05 -3.504e+05 -3.494e+05 -3.593e+05
 -2.926e+06 -2.923e+06 -2.909e+06 -2.934e+06 -2.917e+06 -2.83e+06 -2.917e+06 -2.907e+06 -2.91e+06 -2.918e+06 -2.914e+06 -2.922e+06 -2.939e+06 -2.917e+06 -2.927e+06 -2.921e+06 -2.918e+06 -2.918e+06 -2.93e+06 -2.921e+06
 -9.634e+06 -9.631e+06 -9.622e+06 -9.6e+06 -9.612e+06 -9.635e+06 -9.614e+06 -9.619e+06 -9.618e+06 -9.628e+06 -9.628e+06 -9.627e+06 -9.626e+06 -9.629e+06 -9.63e+06 -9.629e+06 -9.627e+06 -9.625e+06 -9.63e+06 -9.622e+06
 -4.475e+06 -4.474e+06 -4.459e+06 -4.432e+06 -4.435e+06 -4.462e+06 -4.453e+06 -4.465e+06 -4.466e+06 -4.469e+06 -4.464e+06 -4.468e+06 -4.458e+06 -4.477e+06 -4.47e+06 -4.471e+06 -4.473e+06 -4.467e+06 -4.477e+06 -4.468e+06
 -1.345e+06 -1.342e+06 -1.342e+06 -1.355e+06 -1.352e+06 -1.339e+06 -1.338e+06 -1.235e+06 -1.323e+06 -1.344e+06 -1.327e+06 -1.34e+06 -1.346e+06 -1.358e+06 -1.341e+06 -1.35e+06 -1.346e+06 -1.332e+06 -1.362e+06 -1.352e+06
 -4.138e+06 -4.143e+06 -4.118e+06 -4.116e+06 -4.114e+06 -4.138e+06 -4.117e+06 -4.133e+06 -4.132e+06 -4.135e+06 -4.133e+06 -4.127e+06 -4.114e+06 -4.137e+06 -4.131e+06 -4.128e+06 -4.133e+06 -4.131e+06 -4.133e+06 -4.134e+06
 -8.359e+06 -8.343e+06 -8.335e+06 -8.358e+06 -8.36e+06 -8.332e+06 -8.356e+06 -8.358e+06 -8.352e+06 -8.358e+06 -8.356e+06 -8.35e+06 -8.36e+06 -8.357e+06 -8.361e+06 -8.358e+06 -8.343e+06 -8.356e+06 -8.36e+06 -8.356e+06
 -8.084e+05 -8.328e+05 -8.206e+05 -8.369e+05 -8.398e+05 -8.409e+05 -8.166e+05 -8.308e+05 -8.158e+05 -7.407e+05 -7.643e+05 -8.175e+05 -8.224e+05 -8.414e+05 -8.268e+05 -8.315e+05 -8.54e+05 -8.109e+05 -8.531e+05 -8.054e+05
 -5.299e+06 -5.293e+06 -5.298e+06 -5.298e+06 -5.296e+06 -5.292e+06 -5.294e+06 -5.295e+06 -5.291e+06 -5.298e+06 -5.292e+06 -5.301e+06 -5.3e+06 -5.302e+06 -5.291e+06 -5.299e+06 -5.282e+06 -5.282e+06 -5.292e+06 -5.295e+06
 -4.363e+07 -4.364e+07 -4.364e+07 -4.364e+07 -4.364e+07 -4.364e+07 -4.364e+07 -4.364e+07 -4.364e+07 -4.364e+07 -4.364e+07 -4.363e+07 -4.364e+07 -4.363e+07 -4.364e+07 -4.364e+07 -4.363e+07 -4.364e+07 -4.362e+07 -4.364e+07
 -1.959e+05 -1.889e+05 -1.899e+05 -1.944e+05 -1.9e+05 -1.889e+05 -1.23e+05 -1.919e+05 -1.836e+05 -1.911e+05 -5900 -1.917e+05 -1.945e+05 -1.923e+05 -1.901e+05 -1.903e+05 -1.83e+05 -1.838e+05 -1.891e+05 -1.989e+05
 -3.004e+06 -2.998e+06 -3e+06 -2.97e+06 -2.994e+06 -3.009e+06 -3.006e+06 -3.001e+06 -2.996e+06 -3.002e+06 -2.998e+06 -2.986e+06 -2.948e+06 -3.008e+06 -3.006e+06 -3.006e+06 -3.001e+06 -2.997e+06 -3.015e+06 -3.008e+06
 -1.003e+06 -1.032e+06 -1.03e+06 -1.04e+06 -1.035e+06 -1.026e+06 -1.022e+06 -1.027e+06 -1.014e+06 -1.034e+06 -1.014e+06 -1.025e+06 -1.043e+06 -1.043e+06 -1.034e+06 -1.057e+06 -1.04e+06 -9.239e+05 -9.932e+05 -1.031e+06
 -6.615e+06 -6.616e+06 -6.63e+06 -6.622e+06 -6.626e+06 -6.602e+06 -6.598e+06 -6.617e+06 -6.618e+06 -6.614e+06 -6.615e+06 -6.612e+06 -6.618e+06 -6.617e+06 -6.622e+06 -6.615e+06 -6.617e+06 -6.614e+06 -6.617e+06 -6.615e+06
 -5.534e+05 -5.824e+05 -5.726e+05 -5.718e+05 -5.811e+05 -5.883e+05 -5.836e+05 -4.816e+05 -3.594e+05 -5.862e+05 -5.666e+05 -5.555e+05 -5.339e+05 -5.507e+05 -5.543e+05 -5.857e+05 -5.862e+05 -5.781e+05 -6.032e+05 -5.754e+05
 -3.092e+05 -2.959e+05 -2.923e+05 -2.962e+05 -3.034e+05 -2.915e+05 -2.425e+05 -3.009e+05 -1.055e+05 -3.036e+05 -2.953e+05 -3.072e+05 -3.132e+05 -2.784e+05 -3.007e+05 -3.016e+05 -3.145e+05 -2.984e+05 -3.321e+05 -3.069e+05
 -1.635e+06 -1.627e+06 -1.629e+06 -1.627e+06 -1.619e+06 -1.628e+06 -1.624e+06 -1.62e+06 -1.62e+06 -1.624e+06 -1.623e+06 -1.63e+06 -1.624e+06 -1.634e+06 -1.624e+06 -1.627e+06 -1.613e+06 -1.631e+06 -1.603e+06 -1.622e+06
 -3.97e+06 -3.964e+06 -3.959e+06 -3.966e+06 -3.969e+06 -3.961e+06 -3.965e+06 -3.961e+06 -3.956e+06 -3.962e+06 -3.954e+06 -3.908e+06 -3.945e+06 -3.955e+06 -3.964e+06 -3.968e+06 -3.969e+06 -3.96e+06 -3.976e+06 -3.956e+06
 -7.404e+07 -7.403e+07 -7.404e+07 -7.404e+07 -7.403e+07 -7.403e+07 -7.404e+07 -7.403e+07 -7.403e+07 -7.403e+07 -7.403e+07 -7.403e+07 -7.403e+07 -7.402e+07 -7.403e+07 -7.403e+07 -7.403e+07 -7.403e+07 -7.402e+07 -7.403e+07
 -2.42e+06 -2.392e+06 -2.391e+06 -2.394e+06 -2.39e+06 -2.392e+06 -2.396e+06 -2.392e+06 -2.393e+06 -2.364e+06 -2.399e+06 -2.393e+06 -2.393e+06 -2.394e+06 -2.389e+06 -2.384e+06 -2.39e+06 -2.376e+06 -2.388e+06 -2.398e+06
 -1.8e+06 -1.8e+06 -1.799e+06 -1.804e+06 -1.81e+06 -1.799e+06 -1.799e+06 -1.799e+06 -1.792e+06 -1.798e+06 -1.798e+06 -1.797e+06 -1.806e+06 -1.808e+06 -1.798e+06 -1.756e+06 -1.803e+06 -1.808e+06 -1.814e+06 -1.808e+06
 -2.588e+06 -2.594e+06 -2.593e+06 -2.597e+06 -2.599e+06 -2.592e+06 -2.591e+06 -2.593e+06 -2.593e+06 -2.597e+06 -2.595e+06 -2.593e+06 -2.599e+06 -2.609e+06 -2.592e+06 -2.577e+06 -2.593e+06 -2.602e+06 -2.603e+06 -2.607e+06
 -2.054e+05 -1.731e+05 -1.72e+05 -1.81e+05 -1.747e+05 -1.681e+05 -1.675e+05 -1.784e+05 -1.808e+05 -1.805e+05 -1.717e+05 -2.051e+05 -1.849e+05 -1.698e+05 -1.806e+05 -2.158e+05 -2.048e+05 -3.68e+04 -1.406e+05 -1.887e+05
 -2.04e+07 -2.042e+07 -2.041e+07 -2.04e+07 -2.041e+07 -2.041e+07 -2.041e+07 -2.041e+07 -2.041e+07 -2.042e+07 -2.041e+07 -2.041e+07 -2.041e+07 -2.041e+07 -2.041e+07 -2.042e+07 -2.042e+07 -2.042e+07 -2.041e+07 -2.041e+07
 -3.883e+06 -3.884e+06 -3.882e+06 -3.882e+06 -3.889e+06 -3.88e+06 -3.882e+06 -3.88e+06 -3.88e+06 -3.888e+06 -3.877e+06 -3.869e+06 -3.895e+06 -3.89e+06 -3.892e+06 -3.887e+06 -3.866e+06 -3.869e+06 -3.855e+06 -3.874e+06
 -8.197e+06 -8.181e+06 -8.091e+06 -8.182e+06 -8.204e+06 -8.174e+06 -8.196e+06 -8.19e+06 -8.189e+06 -8.19e+06 -8.187e+06 -8.192e+06 -8.204e+06 -8.196e+06 -8.194e+06 -8.196e+06 -8.195e+06 -8.19e+06 -8.196e+06 -8.192e+06
 -1.956e+06 -1.961e+06 -1.96e+06 -1.962e+06 -1.961e+06 -1.957e+06 -1.966e+06 -1.962e+06 -1.958e+06 -1.964e+06 -1.963e+06 -1.968e+06 -1.962e+06 -1.962e+06 -1.962e+06 -1.964e+06 -1.923e+06 -1.949e+06 -1.982e+06 -1.939e+06
 -4.065e+06 -4.062e+06 -4.074e+06 -4.12e+06 -3.998e+06 -4.097e+06 -4.091e+06 -4.08e+06 -4.076e+06 -4.082e+06 -4.078e+06 -4.076e+06 -4.098e+06 -4.08e+06 -4.083e+06 -4.089e+06 -4.084e+06 -4.079e+06 -4.091e+06 -4.077e+06
 -1.558e+06 -1.541e+06 -1.581e+06 -1.562e+06 -1.551e+06 -1.559e+06 -1.374e+06 -1.552e+06 -1.541e+06 -1.575e+06 -1.565e+06 -1.547e+06 -1.548e+06 -1.537e+06 -1.55e+06 -1.559e+06 -1.552e+06 -1.557e+06 -1.565e+06 -1.556e+06
 -4.815e+06 -4.822e+06 -4.833e+06 -4.844e+06 -4.833e+06 -4.826e+06 -4.826e+06 -4.829e+06 -4.822e+06 -4.834e+06 -4.822e+06 -4.825e+06 -4.836e+06 -4.836e+06 -4.736e+06 -4.834e+06 -4.832e+06 -4.83e+06 -4.846e+06 -4.817e+06
 -2.49e+06 -2.361e+06 -2.501e+06 -2.518e+06 -2.498e+06 -2.456e+06 -2.482e+06 -2.482e+06 -2.48e+06 -2.492e+06 -2.485e+06 -2.488e+06 -2.493e+06 -2.479e+06 -2.494e+06 -2.483e+06 -2.488e+06 -2.484e+06 -2.492e+06 -2.483e+06
 -8.269e+06 -8.265e+06 -8.25e+06 -8.229e+06 -8.25e+06 -8.269e+06 -8.254e+06 -8.264e+06 -8.262e+06 -8.266e+06 -8.263e+06 -8.264e+06 -8.27e+06 -8.273e+06 -8.267e+06 -8.267e+06 -8.258e+06 -8.264e+06 -8.267e+06 -8.265e+06
 -5.55e+04 -5.03e+04 -5.31e+04 -5.57e+04 -5.28e+04 -4.97e+04 -5e+04 -4.82e+04 -4.44e+04 -1.282e+05 1.556e+05 -4.78e+04 -5.58e+04 -5.3e+04 -5.15e+04 -5.48e+04 -5.44e+04 -4.7e+04 -6.14e+04 -4.8e+04
 -2.66e+04 -1.91e+04 -1.64e+04 -1.98e+04 -1.89e+04 -1.89e+04 -1.78e+04 -3.51e+04 -1.62e+04 -2.69e+04 -1.6e+04 -1.66e+04 -1.94e+04 -2.24e+04 -3.58e+04 -2.17e+04 -2.33e+04 1.27e+04 8700 -2.76e+04
 -7.58e+06 -7.596e+06 -7.595e+06 -7.597e+06 -7.594e+06 -7.595e+06 -7.593e+06 -7.595e+06 -7.593e+06 -7.596e+06 -7.593e+06 -7.593e+06 -7.601e+06 -7.569e+06 -7.594e+06 -7.591e+06 -7.595e+06 -7.597e+06 -7.591e+06 -7.588e+06
 -1.135e+05 -6.32e+04 -6.31e+04 -6.46e+04 -6.36e+04 -6.19e+04 -6.1e+04 -6e+04 -6.08e+04 -6.47e+04 -6.09e+04 -6.62e+04 -7.01e+04 -6.96e+04 -6.27e+04 -6.77e+04 -3.56e+04 -3.18e+04 -4.73e+04 -3.33e+04
 -3.89e+06 -3.894e+06 -3.868e+06 -3.883e+06 -3.879e+06 -3.868e+06 -3.889e+06 -3.88e+06 -3.876e+06 -3.874e+06 -3.87e+06 -3.874e+06 -3.879e+06 -3.879e+06 -3.89e+06 -3.876e+06 -3.874e+06 -3.876e+06 -3.873e+06 -3.882e+06
 -1.037e+05 -8.11e+04 -6.44e+04 -7.62e+04 -1.075e+05 -5.9e+04 -5.55e+04 -8.86e+04 -1.141e+05 -7.08e+04 -6.76e+04 1.187e+05 -9.23e+04 -7.06e+04 -7.24e+04 -9.06e+04 -4300 -8.61e+04 -1.481e+05 -1.159e+05
 -1.109e+05 -9.55e+04 -9.78e+04 -1.029e+05 -9.75e+04 -9.32e+04 -8.78e+04 -8.78e+04 -8.61e+04 -9.48e+04 -7.67e+04 -9.52e+04 -1.069e+05 -1.022e+05 -9.89e+04 -7.5e+04 -1.006e+05 3.24e+04 -5.55e+04 -1.024e+05


