# Created by Octave 5.2.0, Thu Sep 24 19:21:55 2020 CEST <jiwidi@land>
# name: w
# type: matrix
# rows: 101
# columns: 20
 -4.316e+06 -4.316e+06 -4.316e+06 -4.316e+06 -4.316e+06 -4.316e+06 -4.316e+06 -4.316e+06 -4.316e+06 -4.316e+06 -4.316e+06 -4.316e+06 -4.316e+06 -4.316e+06 -4.316e+06 -4.316e+06 -4.316e+06 -4.316e+06 -4.316e+06 -4.316e+06
 -5.268e+05 -5.267e+05 -5.268e+05 -5.268e+05 -5.268e+05 -5.267e+05 -5.267e+05 -5.268e+05 -5.267e+05 -5.267e+05 -5.268e+05 -5.267e+05 -5.268e+05 -5.268e+05 -5.267e+05 -5.267e+05 -5.268e+05 -5.267e+05 -5.265e+05 -5.268e+05
 -9.772e+04 -9.776e+04 -9.766e+04 -9.769e+04 -9.763e+04 -9.77e+04 -9.76e+04 -9.766e+04 -9.766e+04 -9.765e+04 -9.766e+04 -9.748e+04 -9.766e+04 -9.77e+04 -9.77e+04 -9.767e+04 -9.764e+04 -9.758e+04 -9.768e+04 -9.767e+04
 -1.058e+05 -1.067e+05 -1.062e+05 -1.058e+05 -1.068e+05 -1.062e+05 -1.058e+05 -1.058e+05 -1.058e+05 -1.058e+05 -1.058e+05 -1.058e+05 -1.058e+05 -1.058e+05 -1.058e+05 -1.058e+05 -1.048e+05 -1.059e+05 -1.057e+05 -1.058e+05
 -6360 -6250 -6250 -6270 -6260 -6200 -6220 -6260 -6230 -6200 -6310 -6240 -6240 -6220 -6250 -6210 -6370 -5940 -6010 -6320
 -4.446e+05 -4.447e+05 -4.446e+05 -4.446e+05 -4.447e+05 -4.446e+05 -4.446e+05 -4.446e+05 -4.446e+05 -4.446e+05 -4.446e+05 -4.446e+05 -4.445e+05 -4.446e+05 -4.446e+05 -4.446e+05 -4.445e+05 -4.446e+05 -4.447e+05 -4.446e+05
 -2.044e+05 -2.044e+05 -2.045e+05 -2.044e+05 -2.044e+05 -2.045e+05 -2.044e+05 -2.044e+05 -2.044e+05 -2.043e+05 -2.044e+05 -2.044e+05 -2.044e+05 -2.044e+05 -2.044e+05 -2.045e+05 -2.045e+05 -2.044e+05 -2.045e+05 -2.044e+05
 -4400 -4160 -4180 -4230 -4250 -5210 -4350 -4310 -4210 -4350 -4330 -4330 -4220 -4390 -4230 -4140 -4510 -3950 -4010 -4080
 -5980 -6400 -5940 -6140 -6850 -6520 -6030 -6160 -6110 -6190 -6130 -5650 -6340 -6180 -5810 -6670 -6180 -6280 -6870 -6500
 -1.256e+05 -1.256e+05 -1.257e+05 -1.256e+05 -1.256e+05 -1.258e+05 -1.256e+05 -1.256e+05 -1.257e+05 -1.256e+05 -1.256e+05 -1.256e+05 -1.256e+05 -1.257e+05 -1.257e+05 -1.257e+05 -1.257e+05 -1.257e+05 -1.257e+05 -1.256e+05
 -2480 -2270 -2340 -3180 -2470 -2260 -2310 -2570 -2470 -2460 -2440 -2130 -3510 -2480 -2500 -2430 -2250 -2490 -2270 -2480
 -2.04e+05 -2.04e+05 -2.04e+05 -2.04e+05 -2.04e+05 -2.04e+05 -2.04e+05 -2.04e+05 -2.04e+05 -2.04e+05 -2.04e+05 -2.04e+05 -2.04e+05 -2.04e+05 -2.04e+05 -2.04e+05 -2.038e+05 -2.04e+05 -2.039e+05 -2.039e+05
 -4.591e+04 -4.584e+04 -4.592e+04 -4.59e+04 -4.595e+04 -4.597e+04 -4.589e+04 -4.59e+04 -4.592e+04 -4.581e+04 -4.586e+04 -4.588e+04 -4.579e+04 -4.594e+04 -4.595e+04 -4.592e+04 -4.586e+04 -4.593e+04 -4.591e+04 -4.588e+04
 -4.531e+04 -4.407e+04 -4.561e+04 -4.644e+04 -4.539e+04 -4.314e+04 -4.551e+04 -4.531e+04 -4.532e+04 -4.531e+04 -4.531e+04 -4.535e+04 -4.535e+04 -4.537e+04 -4.54e+04 -4.534e+04 -4.522e+04 -4.534e+04 -4.541e+04 -4.463e+04
 -8.989e+04 -8.973e+04 -8.98e+04 -8.922e+04 -8.977e+04 -9.418e+04 -8.961e+04 -8.994e+04 -8.994e+04 -8.991e+04 -8.994e+04 -8.988e+04 -8.991e+04 -8.993e+04 -8.993e+04 -8.99e+04 -9.016e+04 -8.994e+04 -8.989e+04 -8.995e+04
 -2.217e+05 -2.216e+05 -2.216e+05 -2.216e+05 -2.216e+05 -2.216e+05 -2.216e+05 -2.216e+05 -2.216e+05 -2.216e+05 -2.216e+05 -2.216e+05 -2.216e+05 -2.216e+05 -2.216e+05 -2.217e+05 -2.216e+05 -2.217e+05 -2.216e+05 -2.215e+05
 -2.364e+05 -2.363e+05 -2.363e+05 -2.364e+05 -2.363e+05 -2.364e+05 -2.363e+05 -2.363e+05 -2.363e+05 -2.363e+05 -2.363e+05 -2.364e+05 -2.363e+05 -2.363e+05 -2.363e+05 -2.363e+05 -2.364e+05 -2.362e+05 -2.362e+05 -2.363e+05
 -1.378e+05 -1.379e+05 -1.377e+05 -1.378e+05 -1.379e+05 -1.377e+05 -1.378e+05 -1.378e+05 -1.378e+05 -1.378e+05 -1.378e+05 -1.378e+05 -1.378e+05 -1.378e+05 -1.378e+05 -1.378e+05 -1.376e+05 -1.378e+05 -1.378e+05 -1.377e+05
 -1.283e+05 -1.283e+05 -1.284e+05 -1.284e+05 -1.283e+05 -1.284e+05 -1.284e+05 -1.284e+05 -1.284e+05 -1.284e+05 -1.284e+05 -1.284e+05 -1.284e+05 -1.283e+05 -1.284e+05 -1.283e+05 -1.285e+05 -1.284e+05 -1.283e+05 -1.284e+05
 -4.866e+05 -4.866e+05 -4.866e+05 -4.866e+05 -4.866e+05 -4.866e+05 -4.866e+05 -4.866e+05 -4.866e+05 -4.866e+05 -4.866e+05 -4.866e+05 -4.866e+05 -4.866e+05 -4.866e+05 -4.866e+05 -4.866e+05 -4.866e+05 -4.866e+05 -4.866e+05
 -3.58e+05 -3.58e+05 -3.58e+05 -3.58e+05 -3.58e+05 -3.58e+05 -3.58e+05 -3.58e+05 -3.58e+05 -3.58e+05 -3.58e+05 -3.58e+05 -3.58e+05 -3.58e+05 -3.58e+05 -3.579e+05 -3.579e+05 -3.58e+05 -3.58e+05 -3.579e+05
 -2.717e+05 -2.717e+05 -2.717e+05 -2.717e+05 -2.717e+05 -2.717e+05 -2.716e+05 -2.717e+05 -2.717e+05 -2.717e+05 -2.716e+05 -2.716e+05 -2.717e+05 -2.717e+05 -2.717e+05 -2.717e+05 -2.717e+05 -2.717e+05 -2.716e+05 -2.716e+05
 -2.093e+05 -2.093e+05 -2.095e+05 -2.094e+05 -2.09e+05 -2.093e+05 -2.092e+05 -2.093e+05 -2.093e+05 -2.093e+05 -2.093e+05 -2.092e+05 -2.093e+05 -2.092e+05 -2.093e+05 -2.093e+05 -2.093e+05 -2.093e+05 -2.093e+05 -2.092e+05
 -2.264e+05 -2.266e+05 -2.266e+05 -2.265e+05 -2.266e+05 -2.266e+05 -2.266e+05 -2.265e+05 -2.266e+05 -2.265e+05 -2.266e+05 -2.266e+05 -2.265e+05 -2.265e+05 -2.264e+05 -2.265e+05 -2.265e+05 -2.265e+05 -2.266e+05 -2.265e+05
 -5.701e+05 -5.7e+05 -5.703e+05 -5.701e+05 -5.7e+05 -5.7e+05 -5.701e+05 -5.701e+05 -5.701e+05 -5.701e+05 -5.702e+05 -5.701e+05 -5.7e+05 -5.701e+05 -5.701e+05 -5.701e+05 -5.702e+05 -5.702e+05 -5.701e+05 -5.701e+05
 -4.971e+04 -4.969e+04 -4.97e+04 -4.965e+04 -4.974e+04 -4.97e+04 -4.972e+04 -4.968e+04 -4.968e+04 -4.968e+04 -4.963e+04 -4.968e+04 -4.967e+04 -4.969e+04 -4.964e+04 -4.968e+04 -4.963e+04 -4.967e+04 -4.966e+04 -4.97e+04
 -1.803e+04 -1.808e+04 -1.807e+04 -1.81e+04 -1.805e+04 -1.821e+04 -1.804e+04 -1.797e+04 -1.803e+04 -1.79e+04 -1.785e+04 -1.799e+04 -1.807e+04 -1.805e+04 -1.801e+04 -1.8e+04 -1.803e+04 -1.804e+04 -1.807e+04 -1.806e+04
 -6.772e+05 -6.77e+05 -6.771e+05 -6.772e+05 -6.773e+05 -6.768e+05 -6.772e+05 -6.772e+05 -6.772e+05 -6.772e+05 -6.772e+05 -6.772e+05 -6.771e+05 -6.772e+05 -6.771e+05 -6.772e+05 -6.78e+05 -6.772e+05 -6.772e+05 -6.772e+05
 -1.987e+05 -1.986e+05 -1.986e+05 -1.986e+05 -1.987e+05 -1.986e+05 -1.986e+05 -1.986e+05 -1.986e+05 -1.986e+05 -1.986e+05 -1.986e+05 -1.986e+05 -1.987e+05 -1.986e+05 -1.986e+05 -1.986e+05 -1.987e+05 -1.987e+05 -1.985e+05
 -4.205e+05 -4.205e+05 -4.204e+05 -4.202e+05 -4.205e+05 -4.204e+05 -4.205e+05 -4.205e+05 -4.205e+05 -4.205e+05 -4.205e+05 -4.205e+05 -4.205e+05 -4.205e+05 -4.204e+05 -4.205e+05 -4.205e+05 -4.205e+05 -4.204e+05 -4.205e+05
 -5.341e+05 -5.341e+05 -5.341e+05 -5.341e+05 -5.341e+05 -5.34e+05 -5.34e+05 -5.341e+05 -5.34e+05 -5.34e+05 -5.341e+05 -5.341e+05 -5.34e+05 -5.34e+05 -5.34e+05 -5.341e+05 -5.343e+05 -5.341e+05 -5.341e+05 -5.341e+05
 -9.947e+04 -9.951e+04 -9.943e+04 -9.941e+04 -9.953e+04 -9.945e+04 -9.939e+04 -9.94e+04 -9.939e+04 -9.941e+04 -9.941e+04 -9.943e+04 -9.944e+04 -9.947e+04 -9.944e+04 -9.947e+04 -9.907e+04 -9.931e+04 -9.939e+04 -9.943e+04
 -5.77e+04 -5.767e+04 -5.774e+04 -5.764e+04 -5.774e+04 -5.778e+04 -5.766e+04 -5.763e+04 -5.761e+04 -5.743e+04 -5.752e+04 -5.767e+04 -5.765e+04 -5.762e+04 -5.757e+04 -5.766e+04 -5.765e+04 -5.767e+04 -5.763e+04 -5.764e+04
 -1.044e+05 -1.043e+05 -1.042e+05 -1.042e+05 -1.042e+05 -1.042e+05 -1.042e+05 -1.042e+05 -1.042e+05 -1.042e+05 -1.042e+05 -1.042e+05 -1.042e+05 -1.042e+05 -1.042e+05 -1.039e+05 -1.042e+05 -1.044e+05 -1.042e+05 -1.038e+05
 -2.821e+05 -2.821e+05 -2.821e+05 -2.821e+05 -2.821e+05 -2.821e+05 -2.821e+05 -2.821e+05 -2.821e+05 -2.821e+05 -2.821e+05 -2.821e+05 -2.82e+05 -2.821e+05 -2.821e+05 -2.822e+05 -2.82e+05 -2.821e+05 -2.82e+05 -2.821e+05
 -1.768e+04 -1.789e+04 -1.769e+04 -1.775e+04 -1.765e+04 -1.798e+04 -1.759e+04 -1.782e+04 -1.767e+04 -1.737e+04 -1.77e+04 -1.77e+04 -1.774e+04 -1.764e+04 -1.765e+04 -1.767e+04 -1.773e+04 -1.765e+04 -1.763e+04 -1.765e+04
 -4.816e+04 -4.818e+04 -4.822e+04 -4.814e+04 -4.81e+04 -5.008e+04 -4.76e+04 -4.816e+04 -4.814e+04 -4.818e+04 -4.818e+04 -4.819e+04 -4.814e+04 -4.812e+04 -4.817e+04 -4.817e+04 -4.818e+04 -4.816e+04 -4.819e+04 -4.817e+04
 -7.889e+04 -7.896e+04 -7.895e+04 -7.887e+04 -7.887e+04 -7.879e+04 -7.889e+04 -7.888e+04 -7.89e+04 -7.889e+04 -7.889e+04 -7.877e+04 -7.893e+04 -7.893e+04 -7.894e+04 -7.891e+04 -7.892e+04 -7.894e+04 -7.895e+04 -7.895e+04
 -490 -390 -380 -460 -370 -450 -370 -330 -390 -370 -380 -400 -310 -390 -350 -470 -460 280 -10 -560
 -160 -50 -90 -30 -80 -1130 0 -190 -60 -200 390 -110 -60 -100 -100 -300 -190 -70 110 -50
 -1.612e+05 -1.612e+05 -1.613e+05 -1.612e+05 -1.613e+05 -1.612e+05 -1.613e+05 -1.612e+05 -1.613e+05 -1.612e+05 -1.612e+05 -1.613e+05 -1.612e+05 -1.612e+05 -1.611e+05 -1.612e+05 -1.613e+05 -1.612e+05 -1.612e+05 -1.613e+05
 -2.448e+04 -2.455e+04 -2.449e+04 -2.449e+04 -2.448e+04 -2.446e+04 -2.444e+04 -2.446e+04 -2.442e+04 -2.439e+04 -2.441e+04 -2.446e+04 -2.446e+04 -2.446e+04 -2.441e+04 -2.445e+04 -2.449e+04 -2.448e+04 -2.449e+04 -2.449e+04
 -2.001e+05 -2e+05 -2e+05 -2e+05 -2e+05 -2e+05 -2e+05 -1.999e+05 -1.999e+05 -2e+05 -2e+05 -2e+05 -1.999e+05 -2e+05 -2e+05 -2e+05 -2e+05 -2e+05 -2e+05 -2e+05
 -9.539e+05 -9.538e+05 -9.538e+05 -9.538e+05 -9.538e+05 -9.538e+05 -9.538e+05 -9.539e+05 -9.538e+05 -9.538e+05 -9.538e+05 -9.538e+05 -9.538e+05 -9.539e+05 -9.538e+05 -9.536e+05 -9.538e+05 -9.538e+05 -9.539e+05 -9.538e+05
 -1.386e+05 -1.386e+05 -1.386e+05 -1.386e+05 -1.386e+05 -1.386e+05 -1.386e+05 -1.386e+05 -1.386e+05 -1.386e+05 -1.386e+05 -1.386e+05 -1.386e+05 -1.386e+05 -1.386e+05 -1.385e+05 -1.387e+05 -1.387e+05 -1.386e+05 -1.386e+05
 -1.598e+05 -1.598e+05 -1.598e+05 -1.598e+05 -1.599e+05 -1.599e+05 -1.598e+05 -1.598e+05 -1.599e+05 -1.599e+05 -1.598e+05 -1.598e+05 -1.599e+05 -1.597e+05 -1.599e+05 -1.598e+05 -1.599e+05 -1.599e+05 -1.599e+05 -1.599e+05
 -1.078e+04 -1.197e+04 -1.161e+04 -1.056e+04 -1.105e+04 -1.164e+04 -1.104e+04 -1.08e+04 -1.078e+04 -1.079e+04 -1.083e+04 -9780 -1.042e+04 -1.078e+04 -1.097e+04 -1.066e+04 -1.081e+04 -1.078e+04 -1.075e+04 -1.069e+04
 -3.434e+06 -3.434e+06 -3.434e+06 -3.434e+06 -3.434e+06 -3.434e+06 -3.434e+06 -3.434e+06 -3.434e+06 -3.434e+06 -3.434e+06 -3.434e+06 -3.434e+06 -3.434e+06 -3.434e+06 -3.434e+06 -3.434e+06 -3.434e+06 -3.434e+06 -3.434e+06
 950 -620 -630 -710 -1180 -1020 -630 -940 -740 -800 -830 -700 -700 -2430 -970 -2000 -790 -780 -1400 1030
 -2160 -2770 -2510 -2330 -2210 -3550 -2300 -2370 -2370 -2390 -2390 -2310 -2670 -2750 -2000 -2340 -3320 -2400 -2720 -2330
 -1.337e+05 -1.337e+05 -1.337e+05 -1.337e+05 -1.337e+05 -1.337e+05 -1.337e+05 -1.337e+05 -1.338e+05 -1.338e+05 -1.337e+05 -1.337e+05 -1.337e+05 -1.337e+05 -1.337e+05 -1.335e+05 -1.337e+05 -1.337e+05 -1.338e+05 -1.336e+05
 -3880 -3860 -3830 -3800 -3820 -3860 -3860 -3820 -3810 -3840 -3830 -3830 -3840 -3810 -3870 -3810 -3850 -3710 -3960 -3880
 -3880 -1970 -1990 -1990 -2050 -2110 -2000 -1940 -1970 -1950 -1970 -1960 -1960 -1980 -1950 7340 -2060 -2000 -1960 -6380
 -2.6e+05 -2.601e+05 -2.601e+05 -2.601e+05 -2.601e+05 -2.602e+05 -2.601e+05 -2.601e+05 -2.601e+05 -2.601e+05 -2.601e+05 -2.602e+05 -2.601e+05 -2.601e+05 -2.602e+05 -2.602e+05 -2.602e+05 -2.602e+05 -2.601e+05 -2.601e+05
 -4.562e+04 -4.552e+04 -4.558e+04 -4.552e+04 -4.553e+04 -4.547e+04 -4.55e+04 -4.548e+04 -4.549e+04 -4.547e+04 -4.548e+04 -4.552e+04 -4.552e+04 -4.55e+04 -4.544e+04 -4.506e+04 -4.554e+04 -4.561e+04 -4.552e+04 -4.522e+04
 -2.754e+05 -2.755e+05 -2.755e+05 -2.755e+05 -2.755e+05 -2.755e+05 -2.755e+05 -2.756e+05 -2.755e+05 -2.755e+05 -2.756e+05 -2.755e+05 -2.755e+05 -2.755e+05 -2.755e+05 -2.755e+05 -2.756e+05 -2.754e+05 -2.753e+05 -2.755e+05
 -1.989e+05 -1.989e+05 -1.99e+05 -1.989e+05 -1.99e+05 -1.989e+05 -1.989e+05 -1.989e+05 -1.989e+05 -1.99e+05 -1.989e+05 -1.99e+05 -1.989e+05 -1.989e+05 -1.99e+05 -1.99e+05 -1.99e+05 -1.989e+05 -1.99e+05 -1.99e+05
 -3.4e+05 -3.396e+05 -3.4e+05 -3.401e+05 -3.396e+05 -3.401e+05 -3.402e+05 -3.4e+05 -3.4e+05 -3.4e+05 -3.4e+05 -3.4e+05 -3.4e+05 -3.401e+05 -3.4e+05 -3.4e+05 -3.404e+05 -3.4e+05 -3.4e+05 -3.4e+05
 -3.334e+04 -3.362e+04 -3.366e+04 -3.356e+04 -3.357e+04 -3.362e+04 -3.359e+04 -3.365e+04 -3.356e+04 -3.359e+04 -3.353e+04 -3.369e+04 -3.358e+04 -3.352e+04 -3.364e+04 -3.353e+04 -3.363e+04 -3.333e+04 -3.362e+04 -3.367e+04
 -1.136e+04 -1.127e+04 -1.123e+04 -1.129e+04 -1.13e+04 -1.122e+04 -1.123e+04 -1.118e+04 -1.105e+04 -1.127e+04 -1.126e+04 -1.127e+04 -1.124e+04 -1.126e+04 -1.117e+04 -1.122e+04 -1.126e+04 -1.124e+04 -1.121e+04 -1.132e+04
 -2.258e+04 -2.249e+04 -2.294e+04 -2.278e+04 -2.282e+04 -2.355e+04 -2.28e+04 -2.277e+04 -2.273e+04 -2.274e+04 -2.278e+04 -2.25e+04 -2.281e+04 -2.277e+04 -2.266e+04 -2.28e+04 -2.326e+04 -2.275e+04 -2.28e+04 -2.277e+04
 -1.898e+05 -1.9e+05 -1.899e+05 -1.9e+05 -1.9e+05 -1.9e+05 -1.899e+05 -1.9e+05 -1.9e+05 -1.899e+05 -1.9e+05 -1.899e+05 -1.9e+05 -1.899e+05 -1.9e+05 -1.898e+05 -1.899e+05 -1.9e+05 -1.9e+05 -1.898e+05
 -7640 -7900 -7840 -7780 -7840 -8200 -7910 -7780 -7790 -7630 -7590 -7770 -7910 -7840 -7880 -7850 -7800 -7800 -7790 -7890
 -2.16e+05 -2.16e+05 -2.161e+05 -2.16e+05 -2.158e+05 -2.153e+05 -2.16e+05 -2.158e+05 -2.159e+05 -2.159e+05 -2.159e+05 -2.16e+05 -2.159e+05 -2.159e+05 -2.159e+05 -2.159e+05 -2.159e+05 -2.159e+05 -2.159e+05 -2.158e+05
 -5.001e+05 -5.001e+05 -5.001e+05 -5.001e+05 -5e+05 -5.001e+05 -5e+05 -5.001e+05 -5e+05 -5.001e+05 -5.001e+05 -5.001e+05 -5.001e+05 -5.001e+05 -5.001e+05 -5.001e+05 -5e+05 -5.001e+05 -5e+05 -5.001e+05
 -2.404e+05 -2.404e+05 -2.404e+05 -2.404e+05 -2.404e+05 -2.405e+05 -2.404e+05 -2.404e+05 -2.404e+05 -2.404e+05 -2.404e+05 -2.404e+05 -2.404e+05 -2.404e+05 -2.404e+05 -2.404e+05 -2.404e+05 -2.404e+05 -2.404e+05 -2.404e+05
 -4.221e+04 -4.224e+04 -4.231e+04 -4.23e+04 -4.224e+04 -4.231e+04 -4.227e+04 -4.207e+04 -4.22e+04 -4.225e+04 -4.225e+04 -4.227e+04 -4.22e+04 -4.226e+04 -4.223e+04 -4.226e+04 -4.224e+04 -4.221e+04 -4.226e+04 -4.236e+04
 -3.145e+05 -3.145e+05 -3.145e+05 -3.143e+05 -3.142e+05 -3.148e+05 -3.144e+05 -3.145e+05 -3.145e+05 -3.145e+05 -3.145e+05 -3.145e+05 -3.144e+05 -3.145e+05 -3.144e+05 -3.144e+05 -3.145e+05 -3.145e+05 -3.144e+05 -3.145e+05
 -7.357e+05 -7.376e+05 -7.352e+05 -7.356e+05 -7.378e+05 -7.348e+05 -7.357e+05 -7.357e+05 -7.357e+05 -7.356e+05 -7.356e+05 -7.356e+05 -7.357e+05 -7.356e+05 -7.357e+05 -7.357e+05 -7.346e+05 -7.356e+05 -7.357e+05 -7.356e+05
 -2.188e+04 -2.192e+04 -2.188e+04 -2.19e+04 -2.21e+04 -2.198e+04 -2.187e+04 -2.186e+04 -2.184e+04 -2.18e+04 -2.177e+04 -2.183e+04 -2.188e+04 -2.188e+04 -2.186e+04 -2.19e+04 -2.206e+04 -2.182e+04 -2.205e+04 -2.188e+04
 -2.791e+05 -2.791e+05 -2.791e+05 -2.791e+05 -2.791e+05 -2.791e+05 -2.791e+05 -2.791e+05 -2.791e+05 -2.791e+05 -2.791e+05 -2.792e+05 -2.792e+05 -2.792e+05 -2.791e+05 -2.791e+05 -2.79e+05 -2.791e+05 -2.792e+05 -2.791e+05
 -2.195e+06 -2.195e+06 -2.195e+06 -2.195e+06 -2.195e+06 -2.195e+06 -2.195e+06 -2.195e+06 -2.195e+06 -2.195e+06 -2.195e+06 -2.195e+06 -2.195e+06 -2.195e+06 -2.195e+06 -2.195e+06 -2.195e+06 -2.195e+06 -2.195e+06 -2.195e+06
 -3930 -3870 -3860 -4320 -4310 -3880 -3810 -3880 -3880 -3870 -3350 -3890 -3900 -3900 -3840 -3890 -3890 -3850 -3940 -3920
 -1.283e+05 -1.283e+05 -1.283e+05 -1.282e+05 -1.283e+05 -1.283e+05 -1.283e+05 -1.283e+05 -1.283e+05 -1.283e+05 -1.283e+05 -1.283e+05 -1.282e+05 -1.283e+05 -1.283e+05 -1.283e+05 -1.283e+05 -1.283e+05 -1.283e+05 -1.283e+05
 -3.926e+04 -3.939e+04 -3.937e+04 -3.933e+04 -3.934e+04 -3.936e+04 -3.935e+04 -3.935e+04 -3.931e+04 -3.936e+04 -3.935e+04 -3.931e+04 -3.932e+04 -3.936e+04 -3.935e+04 -3.95e+04 -3.935e+04 -3.911e+04 -3.925e+04 -3.926e+04
 -9.348e+05 -9.349e+05 -9.345e+05 -9.345e+05 -9.352e+05 -9.34e+05 -9.344e+05 -9.348e+05 -9.348e+05 -9.348e+05 -9.348e+05 -9.348e+05 -9.347e+05 -9.348e+05 -9.348e+05 -9.348e+05 -9.35e+05 -9.348e+05 -9.348e+05 -9.348e+05
 -2.204e+04 -2.211e+04 -2.203e+04 -2.205e+04 -2.217e+04 -2.243e+04 -2.207e+04 -2.191e+04 -2.17e+04 -2.206e+04 -2.202e+04 -2.209e+04 -2.196e+04 -2.202e+04 -2.197e+04 -2.209e+04 -2.212e+04 -2.207e+04 -2.216e+04 -2.206e+04
 -1.038e+04 -1.039e+04 -1.038e+04 -1.041e+04 -1.035e+04 -1.035e+04 -1.036e+04 -1.029e+04 -1.005e+04 -1.03e+04 -1.036e+04 -1.036e+04 -1.033e+04 -1.031e+04 -1.034e+04 -1.032e+04 -1.037e+04 -1.034e+04 -1.039e+04 -1.032e+04
 -1.081e+05 -1.081e+05 -1.081e+05 -1.08e+05 -1.08e+05 -1.08e+05 -1.08e+05 -1.08e+05 -1.08e+05 -1.08e+05 -1.08e+05 -1.08e+05 -1.08e+05 -1.08e+05 -1.08e+05 -1.081e+05 -1.079e+05 -1.081e+05 -1.08e+05 -1.08e+05
 -2.051e+05 -2.051e+05 -2.05e+05 -2.051e+05 -2.051e+05 -2.051e+05 -2.051e+05 -2.051e+05 -2.05e+05 -2.051e+05 -2.051e+05 -2.049e+05 -2.051e+05 -2.052e+05 -2.051e+05 -2.051e+05 -2.051e+05 -2.051e+05 -2.052e+05 -2.051e+05
 -2.899e+06 -2.898e+06 -2.898e+06 -2.899e+06 -2.899e+06 -2.899e+06 -2.899e+06 -2.899e+06 -2.898e+06 -2.898e+06 -2.899e+06 -2.899e+06 -2.899e+06 -2.898e+06 -2.898e+06 -2.898e+06 -2.898e+06 -2.899e+06 -2.898e+06 -2.899e+06
 -1.191e+05 -1.191e+05 -1.191e+05 -1.191e+05 -1.19e+05 -1.19e+05 -1.19e+05 -1.19e+05 -1.191e+05 -1.19e+05 -1.19e+05 -1.19e+05 -1.191e+05 -1.19e+05 -1.191e+05 -1.19e+05 -1.19e+05 -1.191e+05 -1.19e+05 -1.192e+05
 -8.088e+04 -8.09e+04 -8.09e+04 -8.091e+04 -8.093e+04 -8.085e+04 -8.087e+04 -8.088e+04 -8.089e+04 -8.087e+04 -8.09e+04 -8.091e+04 -8.086e+04 -8.09e+04 -8.089e+04 -8.07e+04 -8.091e+04 -8.095e+04 -8.094e+04 -8.097e+04
 -1.352e+05 -1.354e+05 -1.354e+05 -1.354e+05 -1.354e+05 -1.354e+05 -1.354e+05 -1.354e+05 -1.355e+05 -1.354e+05 -1.354e+05 -1.354e+05 -1.355e+05 -1.355e+05 -1.355e+05 -1.353e+05 -1.354e+05 -1.355e+05 -1.354e+05 -1.356e+05
 -5310 -5040 -5100 -5040 -5100 -5010 -5000 -4980 -4980 -4950 -4990 -5040 -4970 -4900 -4980 -5080 -5020 -4500 -4940 -5000
 -1.125e+06 -1.125e+06 -1.125e+06 -1.125e+06 -1.125e+06 -1.125e+06 -1.125e+06 -1.125e+06 -1.125e+06 -1.125e+06 -1.125e+06 -1.125e+06 -1.125e+06 -1.125e+06 -1.125e+06 -1.125e+06 -1.125e+06 -1.125e+06 -1.125e+06 -1.125e+06
 -1.474e+05 -1.475e+05 -1.475e+05 -1.474e+05 -1.476e+05 -1.474e+05 -1.475e+05 -1.474e+05 -1.474e+05 -1.475e+05 -1.474e+05 -1.474e+05 -1.474e+05 -1.474e+05 -1.475e+05 -1.475e+05 -1.473e+05 -1.474e+05 -1.473e+05 -1.475e+05
 -7.06e+05 -7.056e+05 -7.048e+05 -7.054e+05 -7.062e+05 -7.062e+05 -7.061e+05 -7.06e+05 -7.06e+05 -7.061e+05 -7.061e+05 -7.061e+05 -7.061e+05 -7.061e+05 -7.061e+05 -7.061e+05 -7.062e+05 -7.061e+05 -7.06e+05 -7.06e+05
 -1.292e+05 -1.292e+05 -1.292e+05 -1.291e+05 -1.292e+05 -1.291e+05 -1.292e+05 -1.292e+05 -1.291e+05 -1.291e+05 -1.292e+05 -1.292e+05 -1.291e+05 -1.292e+05 -1.292e+05 -1.291e+05 -1.291e+05 -1.291e+05 -1.293e+05 -1.291e+05
 -2.325e+05 -2.324e+05 -2.33e+05 -2.326e+05 -2.315e+05 -2.329e+05 -2.326e+05 -2.326e+05 -2.326e+05 -2.326e+05 -2.326e+05 -2.326e+05 -2.326e+05 -2.326e+05 -2.325e+05 -2.326e+05 -2.326e+05 -2.326e+05 -2.326e+05 -2.326e+05
 -7.62e+04 -7.622e+04 -7.64e+04 -7.62e+04 -7.617e+04 -7.631e+04 -7.581e+04 -7.612e+04 -7.618e+04 -7.622e+04 -7.62e+04 -7.619e+04 -7.618e+04 -7.614e+04 -7.618e+04 -7.62e+04 -7.617e+04 -7.621e+04 -7.621e+04 -7.622e+04
 -2.624e+05 -2.625e+05 -2.624e+05 -2.624e+05 -2.624e+05 -2.625e+05 -2.625e+05 -2.625e+05 -2.624e+05 -2.624e+05 -2.625e+05 -2.624e+05 -2.624e+05 -2.624e+05 -2.622e+05 -2.624e+05 -2.624e+05 -2.624e+05 -2.625e+05 -2.624e+05
 -1.838e+05 -1.827e+05 -1.839e+05 -1.84e+05 -1.837e+05 -1.836e+05 -1.838e+05 -1.838e+05 -1.838e+05 -1.838e+05 -1.838e+05 -1.838e+05 -1.838e+05 -1.838e+05 -1.839e+05 -1.838e+05 -1.838e+05 -1.838e+05 -1.838e+05 -1.839e+05
 -4.371e+05 -4.37e+05 -4.372e+05 -4.371e+05 -4.37e+05 -4.371e+05 -4.371e+05 -4.371e+05 -4.371e+05 -4.371e+05 -4.371e+05 -4.371e+05 -4.371e+05 -4.372e+05 -4.372e+05 -4.371e+05 -4.37e+05 -4.371e+05 -4.371e+05 -4.371e+05
 -530 -510 -510 -640 -620 -540 -660 -600 -610 -550 1190 -630 -590 -600 -570 -600 -600 -610 -640 -640
 -700 -630 -610 -650 -610 -430 -640 -590 -580 -570 -580 -620 -540 -560 -570 -620 -550 310 -220 -640
 -3.749e+05 -3.749e+05 -3.749e+05 -3.749e+05 -3.748e+05 -3.748e+05 -3.749e+05 -3.75e+05 -3.75e+05 -3.749e+05 -3.749e+05 -3.749e+05 -3.749e+05 -3.749e+05 -3.749e+05 -3.749e+05 -3.75e+05 -3.749e+05 -3.748e+05 -3.749e+05
 -2640 -2570 -2530 -2510 -2490 -2570 -2520 -2520 -2510 -2520 -2570 -2540 -2670 -2560 -2560 -2640 -2370 -2490 -2560 -2440
 -3.11e+05 -3.111e+05 -3.108e+05 -3.11e+05 -3.109e+05 -3.108e+05 -3.11e+05 -3.11e+05 -3.11e+05 -3.108e+05 -3.109e+05 -3.11e+05 -3.109e+05 -3.109e+05 -3.109e+05 -3.109e+05 -3.111e+05 -3.11e+05 -3.11e+05 -3.11e+05
 -1060 -1610 -540 -950 -1060 -1180 -490 -530 -600 -540 -590 80 -1150 -650 -530 -960 -90 -630 -930 -1010
 -1290 -1000 -1040 -1120 -990 -1010 -1060 -1090 -1060 -1070 -1050 -1020 -1190 -1090 -1050 -920 -1280 -710 -910 -2070


