# Created by Octave 5.2.0, Thu Sep 24 22:56:31 2020 CEST <jiwidi@land>
# name: w
# type: matrix
# rows: 101
# columns: 20
 -6.441e+09 -6.441e+09 -6.441e+09 -6.441e+09 -6.441e+09 -6.441e+09 -6.441e+09 -6.441e+09 -6.441e+09 -6.441e+09 -6.441e+09 -6.441e+09 -6.441e+09 -6.441e+09 -6.441e+09 -6.441e+09 -6.441e+09 -6.441e+09 -6.441e+09 -6.441e+09
 -6.224e+08 -6.223e+08 -6.223e+08 -6.223e+08 -6.223e+08 -6.223e+08 -6.223e+08 -6.223e+08 -6.223e+08 -6.223e+08 -6.223e+08 -6.223e+08 -6.223e+08 -6.223e+08 -6.223e+08 -6.223e+08 -6.224e+08 -6.223e+08 -6.221e+08 -6.223e+08
 -1.13e+08 -1.13e+08 -1.13e+08 -1.13e+08 -1.13e+08 -1.13e+08 -1.13e+08 -1.13e+08 -1.13e+08 -1.13e+08 -1.13e+08 -1.128e+08 -1.13e+08 -1.131e+08 -1.13e+08 -1.13e+08 -1.13e+08 -1.129e+08 -1.13e+08 -1.13e+08
 -1.164e+08 -1.172e+08 -1.172e+08 -1.163e+08 -1.167e+08 -1.174e+08 -1.164e+08 -1.164e+08 -1.164e+08 -1.163e+08 -1.163e+08 -1.163e+08 -1.163e+08 -1.163e+08 -1.164e+08 -1.164e+08 -1.154e+08 -1.164e+08 -1.162e+08 -1.163e+08
 -6.17e+06 -6.13e+06 -6.1e+06 -6.14e+06 -6.1e+06 -6.06e+06 -6.07e+06 -6.17e+06 -6.13e+06 -6.07e+06 -6.1e+06 -6.1e+06 -6.14e+06 -6.1e+06 -6.1e+06 -6.06e+06 -6.27e+06 -5.72e+06 -5.81e+06 -6.17e+06
 -5.462e+08 -5.463e+08 -5.463e+08 -5.462e+08 -5.462e+08 -5.463e+08 -5.462e+08 -5.462e+08 -5.462e+08 -5.462e+08 -5.462e+08 -5.462e+08 -5.462e+08 -5.463e+08 -5.462e+08 -5.462e+08 -5.462e+08 -5.462e+08 -5.462e+08 -5.463e+08
 -2.742e+08 -2.743e+08 -2.743e+08 -2.743e+08 -2.743e+08 -2.744e+08 -2.742e+08 -2.743e+08 -2.742e+08 -2.741e+08 -2.742e+08 -2.742e+08 -2.743e+08 -2.743e+08 -2.743e+08 -2.743e+08 -2.743e+08 -2.742e+08 -2.743e+08 -2.742e+08
 -5.33e+06 -5.04e+06 -5.05e+06 -5.1e+06 -5.09e+06 -5.96e+06 -5.16e+06 -5.16e+06 -5.12e+06 -5.27e+06 -5.25e+06 -5.16e+06 -5.1e+06 -5.24e+06 -5.14e+06 -4.98e+06 -5.35e+06 -4.66e+06 -4.93e+06 -4.93e+06
 -6.65e+06 -6.98e+06 -6.56e+06 -6.76e+06 -7.29e+06 -7.12e+06 -6.65e+06 -6.76e+06 -6.74e+06 -6.7e+06 -6.72e+06 -6.07e+06 -7.15e+06 -6.78e+06 -6.37e+06 -7.38e+06 -6.75e+06 -6.95e+06 -7.41e+06 -6.9e+06
 -1.682e+08 -1.683e+08 -1.683e+08 -1.682e+08 -1.683e+08 -1.683e+08 -1.682e+08 -1.682e+08 -1.682e+08 -1.682e+08 -1.682e+08 -1.682e+08 -1.682e+08 -1.683e+08 -1.682e+08 -1.682e+08 -1.683e+08 -1.683e+08 -1.683e+08 -1.683e+08
 -2.94e+06 -2.79e+06 -2.83e+06 -3.31e+06 -2.92e+06 -2.76e+06 -2.83e+06 -3.02e+06 -2.91e+06 -2.82e+06 -2.86e+06 -2.53e+06 -3.73e+06 -2.95e+06 -2.96e+06 -2.85e+06 -2.76e+06 -2.92e+06 -2.75e+06 -2.96e+06
 -2.415e+08 -2.413e+08 -2.414e+08 -2.414e+08 -2.414e+08 -2.414e+08 -2.414e+08 -2.414e+08 -2.414e+08 -2.414e+08 -2.414e+08 -2.414e+08 -2.414e+08 -2.414e+08 -2.414e+08 -2.415e+08 -2.412e+08 -2.415e+08 -2.412e+08 -2.413e+08
 -6.446e+07 -6.433e+07 -6.444e+07 -6.445e+07 -6.442e+07 -6.448e+07 -6.44e+07 -6.445e+07 -6.443e+07 -6.429e+07 -6.435e+07 -6.439e+07 -6.426e+07 -6.445e+07 -6.446e+07 -6.442e+07 -6.44e+07 -6.442e+07 -6.445e+07 -6.444e+07
 -4.72e+07 -4.615e+07 -4.758e+07 -4.834e+07 -4.717e+07 -4.499e+07 -4.742e+07 -4.748e+07 -4.732e+07 -4.731e+07 -4.725e+07 -4.733e+07 -4.707e+07 -4.725e+07 -4.724e+07 -4.735e+07 -4.72e+07 -4.732e+07 -4.722e+07 -4.659e+07
 -9.099e+07 -9.047e+07 -9.054e+07 -8.979e+07 -9.028e+07 -9.495e+07 -9.033e+07 -9.103e+07 -9.099e+07 -9.099e+07 -9.099e+07 -9.099e+07 -9.079e+07 -9.095e+07 -9.095e+07 -9.097e+07 -9.111e+07 -9.097e+07 -9.1e+07 -9.105e+07
 -2.621e+08 -2.62e+08 -2.62e+08 -2.62e+08 -2.62e+08 -2.62e+08 -2.621e+08 -2.62e+08 -2.62e+08 -2.621e+08 -2.62e+08 -2.62e+08 -2.621e+08 -2.621e+08 -2.62e+08 -2.622e+08 -2.621e+08 -2.621e+08 -2.621e+08 -2.618e+08
 -2.881e+08 -2.88e+08 -2.881e+08 -2.881e+08 -2.88e+08 -2.881e+08 -2.881e+08 -2.881e+08 -2.88e+08 -2.881e+08 -2.881e+08 -2.881e+08 -2.881e+08 -2.881e+08 -2.88e+08 -2.88e+08 -2.881e+08 -2.88e+08 -2.879e+08 -2.881e+08
 -1.636e+08 -1.637e+08 -1.638e+08 -1.636e+08 -1.636e+08 -1.637e+08 -1.636e+08 -1.636e+08 -1.636e+08 -1.636e+08 -1.635e+08 -1.636e+08 -1.636e+08 -1.636e+08 -1.636e+08 -1.636e+08 -1.634e+08 -1.636e+08 -1.637e+08 -1.635e+08
 -1.526e+08 -1.526e+08 -1.527e+08 -1.527e+08 -1.526e+08 -1.526e+08 -1.527e+08 -1.527e+08 -1.527e+08 -1.527e+08 -1.526e+08 -1.527e+08 -1.526e+08 -1.527e+08 -1.527e+08 -1.526e+08 -1.528e+08 -1.526e+08 -1.526e+08 -1.527e+08
 -6.442e+08 -6.442e+08 -6.442e+08 -6.442e+08 -6.442e+08 -6.442e+08 -6.442e+08 -6.441e+08 -6.442e+08 -6.441e+08 -6.442e+08 -6.442e+08 -6.441e+08 -6.441e+08 -6.442e+08 -6.442e+08 -6.442e+08 -6.441e+08 -6.442e+08 -6.441e+08
 -3.915e+08 -3.915e+08 -3.915e+08 -3.915e+08 -3.915e+08 -3.915e+08 -3.915e+08 -3.915e+08 -3.915e+08 -3.915e+08 -3.915e+08 -3.915e+08 -3.915e+08 -3.915e+08 -3.915e+08 -3.914e+08 -3.915e+08 -3.915e+08 -3.915e+08 -3.912e+08
 -3.274e+08 -3.274e+08 -3.274e+08 -3.274e+08 -3.274e+08 -3.275e+08 -3.274e+08 -3.275e+08 -3.274e+08 -3.274e+08 -3.274e+08 -3.274e+08 -3.275e+08 -3.275e+08 -3.274e+08 -3.274e+08 -3.274e+08 -3.274e+08 -3.274e+08 -3.273e+08
 -2.548e+08 -2.549e+08 -2.548e+08 -2.549e+08 -2.546e+08 -2.548e+08 -2.548e+08 -2.548e+08 -2.548e+08 -2.548e+08 -2.548e+08 -2.548e+08 -2.548e+08 -2.548e+08 -2.548e+08 -2.548e+08 -2.548e+08 -2.548e+08 -2.548e+08 -2.547e+08
 -2.853e+08 -2.854e+08 -2.854e+08 -2.854e+08 -2.854e+08 -2.854e+08 -2.854e+08 -2.854e+08 -2.854e+08 -2.854e+08 -2.854e+08 -2.854e+08 -2.854e+08 -2.854e+08 -2.853e+08 -2.854e+08 -2.854e+08 -2.854e+08 -2.854e+08 -2.853e+08
 -6.68e+08 -6.678e+08 -6.681e+08 -6.681e+08 -6.681e+08 -6.679e+08 -6.68e+08 -6.68e+08 -6.68e+08 -6.68e+08 -6.68e+08 -6.68e+08 -6.68e+08 -6.679e+08 -6.68e+08 -6.68e+08 -6.682e+08 -6.68e+08 -6.68e+08 -6.68e+08
 -6.052e+07 -6.049e+07 -6.055e+07 -6.044e+07 -6.054e+07 -6.047e+07 -6.051e+07 -6.048e+07 -6.049e+07 -6.049e+07 -6.037e+07 -6.051e+07 -6.051e+07 -6.048e+07 -6.044e+07 -6.048e+07 -6.043e+07 -6.05e+07 -6.047e+07 -6.052e+07
 -2.381e+07 -2.389e+07 -2.387e+07 -2.384e+07 -2.382e+07 -2.398e+07 -2.377e+07 -2.375e+07 -2.379e+07 -2.352e+07 -2.352e+07 -2.376e+07 -2.385e+07 -2.38e+07 -2.376e+07 -2.373e+07 -2.378e+07 -2.381e+07 -2.383e+07 -2.382e+07
 -7.658e+08 -7.653e+08 -7.653e+08 -7.658e+08 -7.658e+08 -7.648e+08 -7.658e+08 -7.658e+08 -7.658e+08 -7.658e+08 -7.658e+08 -7.658e+08 -7.657e+08 -7.657e+08 -7.657e+08 -7.658e+08 -7.66e+08 -7.658e+08 -7.658e+08 -7.658e+08
 -2.329e+08 -2.329e+08 -2.329e+08 -2.329e+08 -2.329e+08 -2.329e+08 -2.329e+08 -2.329e+08 -2.329e+08 -2.329e+08 -2.329e+08 -2.33e+08 -2.329e+08 -2.33e+08 -2.329e+08 -2.328e+08 -2.329e+08 -2.329e+08 -2.33e+08 -2.328e+08
 -4.772e+08 -4.771e+08 -4.771e+08 -4.768e+08 -4.772e+08 -4.771e+08 -4.771e+08 -4.771e+08 -4.77e+08 -4.771e+08 -4.771e+08 -4.771e+08 -4.77e+08 -4.771e+08 -4.77e+08 -4.771e+08 -4.771e+08 -4.771e+08 -4.771e+08 -4.771e+08
 -6.879e+08 -6.879e+08 -6.879e+08 -6.88e+08 -6.88e+08 -6.876e+08 -6.879e+08 -6.879e+08 -6.88e+08 -6.879e+08 -6.879e+08 -6.879e+08 -6.88e+08 -6.879e+08 -6.879e+08 -6.88e+08 -6.88e+08 -6.88e+08 -6.879e+08 -6.88e+08
 -1.168e+08 -1.17e+08 -1.17e+08 -1.169e+08 -1.168e+08 -1.17e+08 -1.168e+08 -1.168e+08 -1.168e+08 -1.168e+08 -1.169e+08 -1.168e+08 -1.169e+08 -1.169e+08 -1.168e+08 -1.17e+08 -1.166e+08 -1.168e+08 -1.167e+08 -1.169e+08
 -7.806e+07 -7.81e+07 -7.812e+07 -7.805e+07 -7.805e+07 -7.819e+07 -7.808e+07 -7.808e+07 -7.805e+07 -7.776e+07 -7.786e+07 -7.806e+07 -7.811e+07 -7.808e+07 -7.803e+07 -7.811e+07 -7.804e+07 -7.809e+07 -7.807e+07 -7.805e+07
 -1.099e+08 -1.095e+08 -1.095e+08 -1.096e+08 -1.095e+08 -1.095e+08 -1.095e+08 -1.095e+08 -1.095e+08 -1.095e+08 -1.095e+08 -1.095e+08 -1.095e+08 -1.095e+08 -1.095e+08 -1.09e+08 -1.094e+08 -1.096e+08 -1.095e+08 -1.091e+08
 -3.332e+08 -3.332e+08 -3.332e+08 -3.332e+08 -3.333e+08 -3.332e+08 -3.332e+08 -3.333e+08 -3.332e+08 -3.332e+08 -3.332e+08 -3.332e+08 -3.332e+08 -3.333e+08 -3.333e+08 -3.333e+08 -3.331e+08 -3.332e+08 -3.331e+08 -3.332e+08
 -2.207e+07 -2.214e+07 -2.208e+07 -2.205e+07 -2.199e+07 -2.218e+07 -2.189e+07 -2.217e+07 -2.203e+07 -2.161e+07 -2.198e+07 -2.206e+07 -2.213e+07 -2.202e+07 -2.202e+07 -2.205e+07 -2.214e+07 -2.205e+07 -2.195e+07 -2.202e+07
 -5.312e+07 -5.312e+07 -5.321e+07 -5.314e+07 -5.297e+07 -5.429e+07 -5.233e+07 -5.321e+07 -5.316e+07 -5.318e+07 -5.318e+07 -5.319e+07 -5.318e+07 -5.306e+07 -5.316e+07 -5.315e+07 -5.318e+07 -5.316e+07 -5.323e+07 -5.319e+07
 -9.823e+07 -9.824e+07 -9.821e+07 -9.818e+07 -9.821e+07 -9.803e+07 -9.823e+07 -9.825e+07 -9.823e+07 -9.823e+07 -9.821e+07 -9.816e+07 -9.83e+07 -9.839e+07 -9.822e+07 -9.821e+07 -9.835e+07 -9.821e+07 -9.826e+07 -9.835e+07
 -5.3e+05 -3.7e+05 -4.5e+05 -4.7e+05 -4.5e+05 -3e+05 -4.1e+05 -4e+05 -4.4e+05 -3.8e+05 -4.1e+05 -4.2e+05 -3.3e+05 -3.7e+05 -3.4e+05 -4.9e+05 -4.6e+05 2.9e+05 -1.1e+05 -6.3e+05
 -2.1e+05 -8e+04 -4e+04 -3e+04 -8e+04 -1.14e+06 -5e+04 -4e+05 -9e+04 -4e+05 2.9e+05 -1.1e+05 -9e+04 -1.2e+05 -8e+04 -4e+05 -1.8e+05 -8e+04 1e+04 -2e+04
 -2.274e+08 -2.274e+08 -2.275e+08 -2.275e+08 -2.275e+08 -2.276e+08 -2.275e+08 -2.275e+08 -2.275e+08 -2.275e+08 -2.275e+08 -2.275e+08 -2.275e+08 -2.275e+08 -2.271e+08 -2.275e+08 -2.276e+08 -2.275e+08 -2.275e+08 -2.275e+08
 -3.728e+07 -3.734e+07 -3.729e+07 -3.726e+07 -3.727e+07 -3.73e+07 -3.722e+07 -3.726e+07 -3.724e+07 -3.712e+07 -3.71e+07 -3.723e+07 -3.725e+07 -3.728e+07 -3.721e+07 -3.724e+07 -3.724e+07 -3.727e+07 -3.73e+07 -3.729e+07
 -2.763e+08 -2.763e+08 -2.763e+08 -2.763e+08 -2.763e+08 -2.763e+08 -2.763e+08 -2.761e+08 -2.762e+08 -2.763e+08 -2.763e+08 -2.763e+08 -2.762e+08 -2.763e+08 -2.763e+08 -2.763e+08 -2.764e+08 -2.763e+08 -2.763e+08 -2.763e+08
 -1.068e+09 -1.068e+09 -1.068e+09 -1.068e+09 -1.068e+09 -1.068e+09 -1.068e+09 -1.068e+09 -1.068e+09 -1.068e+09 -1.068e+09 -1.068e+09 -1.068e+09 -1.068e+09 -1.068e+09 -1.068e+09 -1.068e+09 -1.068e+09 -1.068e+09 -1.068e+09
 -1.633e+08 -1.634e+08 -1.634e+08 -1.634e+08 -1.634e+08 -1.634e+08 -1.634e+08 -1.634e+08 -1.634e+08 -1.634e+08 -1.634e+08 -1.634e+08 -1.634e+08 -1.634e+08 -1.634e+08 -1.632e+08 -1.635e+08 -1.634e+08 -1.634e+08 -1.633e+08
 -2.129e+08 -2.129e+08 -2.129e+08 -2.129e+08 -2.128e+08 -2.129e+08 -2.128e+08 -2.128e+08 -2.129e+08 -2.129e+08 -2.128e+08 -2.129e+08 -2.128e+08 -2.128e+08 -2.129e+08 -2.128e+08 -2.129e+08 -2.129e+08 -2.129e+08 -2.129e+08
 -1.054e+07 -1.162e+07 -1.103e+07 -1.025e+07 -1.061e+07 -1.133e+07 -1.062e+07 -1.054e+07 -1.044e+07 -1.059e+07 -1.054e+07 -9.16e+06 -1.003e+07 -1.036e+07 -1.06e+07 -1.031e+07 -1.034e+07 -1.042e+07 -1.027e+07 -1.036e+07
 -4.876e+09 -4.876e+09 -4.876e+09 -4.876e+09 -4.876e+09 -4.876e+09 -4.876e+09 -4.876e+09 -4.876e+09 -4.876e+09 -4.876e+09 -4.876e+09 -4.876e+09 -4.876e+09 -4.876e+09 -4.876e+09 -4.876e+09 -4.876e+09 -4.876e+09 -4.876e+09
 1.1e+06 -5.6e+05 -4.3e+05 -6.5e+05 -8.9e+05 -8e+05 -5.1e+05 -1.1e+06 -6.5e+05 -5.9e+05 -6.4e+05 -6.5e+05 -5.5e+05 -2.48e+06 -6.6e+05 -1.8e+06 -7.7e+05 -6.8e+05 -1.39e+06 1.13e+06
 -3.43e+06 -3.89e+06 -3.74e+06 -3.59e+06 -3.53e+06 -4.18e+06 -3.62e+06 -3.6e+06 -3.61e+06 -3.64e+06 -3.58e+06 -3.59e+06 -3.84e+06 -3.74e+06 -3.18e+06 -3.65e+06 -4.23e+06 -3.6e+06 -3.75e+06 -3.62e+06
 -1.416e+08 -1.417e+08 -1.416e+08 -1.416e+08 -1.416e+08 -1.417e+08 -1.417e+08 -1.416e+08 -1.417e+08 -1.417e+08 -1.416e+08 -1.417e+08 -1.416e+08 -1.417e+08 -1.416e+08 -1.415e+08 -1.416e+08 -1.416e+08 -1.417e+08 -1.416e+08
 -4.85e+06 -4.79e+06 -4.78e+06 -4.76e+06 -4.81e+06 -4.84e+06 -4.77e+06 -4.82e+06 -4.78e+06 -4.84e+06 -4.82e+06 -4.82e+06 -4.8e+06 -4.81e+06 -4.85e+06 -4.78e+06 -4.83e+06 -4.65e+06 -4.94e+06 -4.89e+06
 -4.38e+06 -2.1e+06 -2.1e+06 -2.2e+06 -2.15e+06 -2.2e+06 -2.17e+06 -2.18e+06 -2.16e+06 -2.12e+06 -2.11e+06 -2.09e+06 -2.08e+06 -2.22e+06 -2.03e+06 7.88e+06 -2.26e+06 -2.01e+06 -2.13e+06 -7.02e+06
 -2.923e+08 -2.925e+08 -2.925e+08 -2.925e+08 -2.925e+08 -2.924e+08 -2.925e+08 -2.924e+08 -2.924e+08 -2.925e+08 -2.925e+08 -2.925e+08 -2.925e+08 -2.925e+08 -2.925e+08 -2.925e+08 -2.925e+08 -2.926e+08 -2.924e+08 -2.924e+08
 -4.911e+07 -4.907e+07 -4.908e+07 -4.898e+07 -4.899e+07 -4.891e+07 -4.902e+07 -4.902e+07 -4.9e+07 -4.898e+07 -4.896e+07 -4.903e+07 -4.903e+07 -4.905e+07 -4.892e+07 -4.847e+07 -4.907e+07 -4.912e+07 -4.899e+07 -4.857e+07
 -3.189e+08 -3.19e+08 -3.19e+08 -3.19e+08 -3.19e+08 -3.19e+08 -3.19e+08 -3.192e+08 -3.192e+08 -3.19e+08 -3.19e+08 -3.19e+08 -3.192e+08 -3.19e+08 -3.191e+08 -3.191e+08 -3.19e+08 -3.189e+08 -3.188e+08 -3.191e+08
 -2.378e+08 -2.377e+08 -2.377e+08 -2.378e+08 -2.378e+08 -2.378e+08 -2.378e+08 -2.378e+08 -2.377e+08 -2.377e+08 -2.378e+08 -2.378e+08 -2.378e+08 -2.377e+08 -2.377e+08 -2.378e+08 -2.378e+08 -2.376e+08 -2.378e+08 -2.378e+08
 -3.557e+08 -3.55e+08 -3.552e+08 -3.556e+08 -3.557e+08 -3.551e+08 -3.558e+08 -3.559e+08 -3.557e+08 -3.557e+08 -3.557e+08 -3.558e+08 -3.558e+08 -3.559e+08 -3.557e+08 -3.558e+08 -3.562e+08 -3.557e+08 -3.557e+08 -3.558e+08
 -3.471e+07 -3.502e+07 -3.51e+07 -3.502e+07 -3.504e+07 -3.506e+07 -3.499e+07 -3.494e+07 -3.496e+07 -3.504e+07 -3.503e+07 -3.501e+07 -3.5e+07 -3.504e+07 -3.501e+07 -3.492e+07 -3.509e+07 -3.462e+07 -3.509e+07 -3.506e+07
 -1.661e+07 -1.658e+07 -1.65e+07 -1.653e+07 -1.659e+07 -1.647e+07 -1.647e+07 -1.644e+07 -1.624e+07 -1.655e+07 -1.653e+07 -1.656e+07 -1.65e+07 -1.656e+07 -1.647e+07 -1.653e+07 -1.648e+07 -1.654e+07 -1.645e+07 -1.653e+07
 -2.715e+07 -2.693e+07 -2.744e+07 -2.729e+07 -2.739e+07 -2.791e+07 -2.727e+07 -2.73e+07 -2.728e+07 -2.728e+07 -2.729e+07 -2.702e+07 -2.736e+07 -2.736e+07 -2.72e+07 -2.734e+07 -2.74e+07 -2.725e+07 -2.733e+07 -2.729e+07
 -2.16e+08 -2.16e+08 -2.16e+08 -2.16e+08 -2.161e+08 -2.16e+08 -2.16e+08 -2.16e+08 -2.16e+08 -2.16e+08 -2.16e+08 -2.161e+08 -2.16e+08 -2.16e+08 -2.16e+08 -2.159e+08 -2.16e+08 -2.161e+08 -2.16e+08 -2.159e+08
 -9.81e+06 -1.003e+07 -9.98e+06 -9.89e+06 -9.98e+06 -1.035e+07 -1.004e+07 -9.88e+06 -9.9e+06 -9.72e+06 -9.74e+06 -9.91e+06 -1e+07 -1.004e+07 -1.006e+07 -9.98e+06 -9.93e+06 -9.92e+06 -9.97e+06 -1.006e+07
 -2.345e+08 -2.346e+08 -2.346e+08 -2.347e+08 -2.344e+08 -2.337e+08 -2.346e+08 -2.347e+08 -2.344e+08 -2.344e+08 -2.345e+08 -2.348e+08 -2.345e+08 -2.347e+08 -2.345e+08 -2.345e+08 -2.348e+08 -2.345e+08 -2.345e+08 -2.348e+08
 -6.078e+08 -6.079e+08 -6.079e+08 -6.078e+08 -6.078e+08 -6.079e+08 -6.078e+08 -6.078e+08 -6.077e+08 -6.078e+08 -6.078e+08 -6.079e+08 -6.078e+08 -6.078e+08 -6.078e+08 -6.078e+08 -6.078e+08 -6.078e+08 -6.078e+08 -6.078e+08
 -2.855e+08 -2.855e+08 -2.855e+08 -2.853e+08 -2.854e+08 -2.856e+08 -2.854e+08 -2.854e+08 -2.854e+08 -2.854e+08 -2.854e+08 -2.855e+08 -2.854e+08 -2.854e+08 -2.855e+08 -2.855e+08 -2.855e+08 -2.854e+08 -2.855e+08 -2.855e+08
 -5.951e+07 -5.953e+07 -5.962e+07 -5.959e+07 -5.959e+07 -5.961e+07 -5.956e+07 -5.922e+07 -5.946e+07 -5.951e+07 -5.956e+07 -5.958e+07 -5.943e+07 -5.961e+07 -5.954e+07 -5.958e+07 -5.952e+07 -5.948e+07 -5.958e+07 -5.961e+07
 -3.372e+08 -3.372e+08 -3.37e+08 -3.371e+08 -3.371e+08 -3.375e+08 -3.371e+08 -3.371e+08 -3.372e+08 -3.371e+08 -3.371e+08 -3.372e+08 -3.371e+08 -3.372e+08 -3.371e+08 -3.371e+08 -3.373e+08 -3.372e+08 -3.371e+08 -3.371e+08
 -7.676e+08 -7.683e+08 -7.681e+08 -7.677e+08 -7.676e+08 -7.676e+08 -7.676e+08 -7.677e+08 -7.676e+08 -7.676e+08 -7.676e+08 -7.676e+08 -7.676e+08 -7.676e+08 -7.677e+08 -7.676e+08 -7.659e+08 -7.676e+08 -7.677e+08 -7.677e+08
 -3.586e+07 -3.59e+07 -3.59e+07 -3.592e+07 -3.605e+07 -3.598e+07 -3.588e+07 -3.588e+07 -3.586e+07 -3.573e+07 -3.57e+07 -3.586e+07 -3.592e+07 -3.589e+07 -3.585e+07 -3.593e+07 -3.597e+07 -3.58e+07 -3.595e+07 -3.588e+07
 -3.349e+08 -3.347e+08 -3.348e+08 -3.349e+08 -3.348e+08 -3.347e+08 -3.349e+08 -3.348e+08 -3.348e+08 -3.348e+08 -3.348e+08 -3.349e+08 -3.349e+08 -3.348e+08 -3.349e+08 -3.348e+08 -3.347e+08 -3.347e+08 -3.349e+08 -3.348e+08
 -2.695e+09 -2.695e+09 -2.695e+09 -2.695e+09 -2.695e+09 -2.695e+09 -2.695e+09 -2.695e+09 -2.695e+09 -2.695e+09 -2.695e+09 -2.695e+09 -2.695e+09 -2.695e+09 -2.695e+09 -2.695e+09 -2.695e+09 -2.695e+09 -2.695e+09 -2.696e+09
 -5.67e+06 -5.62e+06 -5.58e+06 -5.62e+06 -5.77e+06 -5.6e+06 -5.55e+06 -5.64e+06 -5.62e+06 -5.64e+06 -4.89e+06 -5.6e+06 -5.63e+06 -5.64e+06 -5.62e+06 -5.65e+06 -5.61e+06 -5.6e+06 -5.63e+06 -5.63e+06
 -1.639e+08 -1.639e+08 -1.639e+08 -1.637e+08 -1.639e+08 -1.64e+08 -1.639e+08 -1.638e+08 -1.639e+08 -1.639e+08 -1.639e+08 -1.638e+08 -1.637e+08 -1.639e+08 -1.639e+08 -1.638e+08 -1.639e+08 -1.639e+08 -1.639e+08 -1.639e+08
 -4.46e+07 -4.467e+07 -4.468e+07 -4.462e+07 -4.469e+07 -4.465e+07 -4.46e+07 -4.464e+07 -4.461e+07 -4.465e+07 -4.461e+07 -4.462e+07 -4.463e+07 -4.466e+07 -4.465e+07 -4.491e+07 -4.464e+07 -4.431e+07 -4.454e+07 -4.456e+07
 -9.428e+08 -9.427e+08 -9.423e+08 -9.423e+08 -9.427e+08 -9.416e+08 -9.422e+08 -9.428e+08 -9.428e+08 -9.428e+08 -9.428e+08 -9.428e+08 -9.428e+08 -9.428e+08 -9.429e+08 -9.429e+08 -9.428e+08 -9.428e+08 -9.428e+08 -9.428e+08
 -2.97e+07 -2.975e+07 -2.968e+07 -2.968e+07 -2.977e+07 -2.991e+07 -2.967e+07 -2.948e+07 -2.917e+07 -2.977e+07 -2.969e+07 -2.976e+07 -2.96e+07 -2.972e+07 -2.965e+07 -2.975e+07 -2.974e+07 -2.974e+07 -2.982e+07 -2.973e+07
 -1.494e+07 -1.499e+07 -1.496e+07 -1.496e+07 -1.496e+07 -1.493e+07 -1.492e+07 -1.487e+07 -1.447e+07 -1.491e+07 -1.493e+07 -1.494e+07 -1.492e+07 -1.49e+07 -1.491e+07 -1.494e+07 -1.495e+07 -1.495e+07 -1.497e+07 -1.492e+07
 -1.163e+08 -1.162e+08 -1.162e+08 -1.162e+08 -1.162e+08 -1.162e+08 -1.162e+08 -1.161e+08 -1.162e+08 -1.162e+08 -1.162e+08 -1.162e+08 -1.162e+08 -1.162e+08 -1.162e+08 -1.162e+08 -1.16e+08 -1.162e+08 -1.162e+08 -1.162e+08
 -2.514e+08 -2.514e+08 -2.514e+08 -2.514e+08 -2.514e+08 -2.513e+08 -2.514e+08 -2.514e+08 -2.514e+08 -2.514e+08 -2.514e+08 -2.512e+08 -2.514e+08 -2.515e+08 -2.514e+08 -2.514e+08 -2.516e+08 -2.514e+08 -2.515e+08 -2.515e+08
 -4.081e+09 -4.081e+09 -4.081e+09 -4.081e+09 -4.081e+09 -4.081e+09 -4.081e+09 -4.081e+09 -4.081e+09 -4.081e+09 -4.081e+09 -4.081e+09 -4.081e+09 -4.081e+09 -4.081e+09 -4.081e+09 -4.081e+09 -4.081e+09 -4.081e+09 -4.081e+09
 -1.405e+08 -1.403e+08 -1.403e+08 -1.403e+08 -1.403e+08 -1.403e+08 -1.403e+08 -1.403e+08 -1.403e+08 -1.402e+08 -1.403e+08 -1.404e+08 -1.404e+08 -1.403e+08 -1.403e+08 -1.403e+08 -1.403e+08 -1.402e+08 -1.402e+08 -1.404e+08
 -9.197e+07 -9.203e+07 -9.205e+07 -9.202e+07 -9.206e+07 -9.205e+07 -9.203e+07 -9.204e+07 -9.202e+07 -9.202e+07 -9.204e+07 -9.201e+07 -9.206e+07 -9.204e+07 -9.207e+07 -9.174e+07 -9.203e+07 -9.208e+07 -9.21e+07 -9.217e+07
 -1.542e+08 -1.544e+08 -1.544e+08 -1.543e+08 -1.544e+08 -1.544e+08 -1.544e+08 -1.544e+08 -1.544e+08 -1.544e+08 -1.544e+08 -1.544e+08 -1.544e+08 -1.544e+08 -1.543e+08 -1.542e+08 -1.543e+08 -1.544e+08 -1.544e+08 -1.544e+08
 -6.06e+06 -5.76e+06 -5.73e+06 -5.68e+06 -5.8e+06 -5.84e+06 -5.63e+06 -5.62e+06 -5.6e+06 -5.62e+06 -5.61e+06 -5.71e+06 -5.6e+06 -5.5e+06 -5.62e+06 -5.7e+06 -5.67e+06 -5e+06 -5.5e+06 -5.64e+06
 -1.345e+09 -1.345e+09 -1.345e+09 -1.345e+09 -1.345e+09 -1.345e+09 -1.345e+09 -1.345e+09 -1.345e+09 -1.345e+09 -1.345e+09 -1.345e+09 -1.345e+09 -1.345e+09 -1.345e+09 -1.345e+09 -1.345e+09 -1.345e+09 -1.345e+09 -1.345e+09
 -1.924e+08 -1.926e+08 -1.925e+08 -1.925e+08 -1.926e+08 -1.925e+08 -1.925e+08 -1.925e+08 -1.925e+08 -1.925e+08 -1.925e+08 -1.924e+08 -1.925e+08 -1.925e+08 -1.925e+08 -1.925e+08 -1.923e+08 -1.925e+08 -1.924e+08 -1.925e+08
 -7.181e+08 -7.174e+08 -7.165e+08 -7.174e+08 -7.179e+08 -7.181e+08 -7.18e+08 -7.181e+08 -7.18e+08 -7.18e+08 -7.181e+08 -7.181e+08 -7.18e+08 -7.181e+08 -7.18e+08 -7.18e+08 -7.184e+08 -7.18e+08 -7.18e+08 -7.181e+08
 -1.497e+08 -1.496e+08 -1.496e+08 -1.496e+08 -1.496e+08 -1.496e+08 -1.496e+08 -1.496e+08 -1.496e+08 -1.497e+08 -1.497e+08 -1.497e+08 -1.496e+08 -1.497e+08 -1.496e+08 -1.495e+08 -1.496e+08 -1.496e+08 -1.497e+08 -1.495e+08
 -2.434e+08 -2.433e+08 -2.434e+08 -2.436e+08 -2.429e+08 -2.437e+08 -2.435e+08 -2.435e+08 -2.435e+08 -2.435e+08 -2.435e+08 -2.434e+08 -2.435e+08 -2.435e+08 -2.435e+08 -2.435e+08 -2.436e+08 -2.435e+08 -2.435e+08 -2.435e+08
 -1.016e+08 -1.016e+08 -1.017e+08 -1.016e+08 -1.016e+08 -1.016e+08 -1.01e+08 -1.015e+08 -1.015e+08 -1.016e+08 -1.015e+08 -1.016e+08 -1.016e+08 -1.015e+08 -1.015e+08 -1.016e+08 -1.016e+08 -1.016e+08 -1.015e+08 -1.016e+08
 -3.152e+08 -3.152e+08 -3.151e+08 -3.153e+08 -3.152e+08 -3.154e+08 -3.153e+08 -3.152e+08 -3.152e+08 -3.152e+08 -3.152e+08 -3.152e+08 -3.152e+08 -3.152e+08 -3.148e+08 -3.152e+08 -3.153e+08 -3.153e+08 -3.153e+08 -3.152e+08
 -2.032e+08 -2.017e+08 -2.033e+08 -2.033e+08 -2.032e+08 -2.029e+08 -2.031e+08 -2.032e+08 -2.032e+08 -2.032e+08 -2.032e+08 -2.032e+08 -2.031e+08 -2.032e+08 -2.032e+08 -2.032e+08 -2.038e+08 -2.032e+08 -2.031e+08 -2.032e+08
 -5.069e+08 -5.068e+08 -5.07e+08 -5.068e+08 -5.069e+08 -5.07e+08 -5.069e+08 -5.069e+08 -5.069e+08 -5.07e+08 -5.069e+08 -5.069e+08 -5.07e+08 -5.07e+08 -5.069e+08 -5.069e+08 -5.068e+08 -5.069e+08 -5.069e+08 -5.069e+08
 -8.1e+05 -8.4e+05 -8.3e+05 -9.5e+05 -9.3e+05 -8.3e+05 -8.9e+05 -9e+05 -8.9e+05 -8e+05 1.34e+06 -9.4e+05 -8.9e+05 -9.3e+05 -8.7e+05 -9.1e+05 -9.4e+05 -9.1e+05 -9.2e+05 -9.7e+05
 -6.9e+05 -6e+05 -6.6e+05 -6.7e+05 -6.2e+05 -4.7e+05 -6.6e+05 -5.6e+05 -6e+05 -5.6e+05 -6.2e+05 -6.2e+05 -5e+05 -5.5e+05 -5.6e+05 -7.2e+05 -5.2e+05 3.8e+05 -1.7e+05 -5.9e+05
 -4.464e+08 -4.465e+08 -4.465e+08 -4.466e+08 -4.465e+08 -4.465e+08 -4.465e+08 -4.465e+08 -4.465e+08 -4.465e+08 -4.465e+08 -4.465e+08 -4.465e+08 -4.464e+08 -4.465e+08 -4.466e+08 -4.465e+08 -4.466e+08 -4.464e+08 -4.466e+08
 -2.16e+06 -2.12e+06 -2.17e+06 -2.07e+06 -2.13e+06 -2.2e+06 -2.1e+06 -2.07e+06 -2.11e+06 -2.11e+06 -2.11e+06 -2.12e+06 -2.37e+06 -2.21e+06 -2.1e+06 -2.23e+06 -1.88e+06 -2.13e+06 -2.15e+06 -2.04e+06
 -3.465e+08 -3.465e+08 -3.463e+08 -3.466e+08 -3.464e+08 -3.462e+08 -3.465e+08 -3.465e+08 -3.465e+08 -3.464e+08 -3.464e+08 -3.465e+08 -3.465e+08 -3.465e+08 -3.465e+08 -3.464e+08 -3.465e+08 -3.466e+08 -3.464e+08 -3.465e+08
 -9.5e+05 -1.64e+06 -4.9e+05 -8.1e+05 -1.16e+06 -1.01e+06 -4.6e+05 -5e+05 -5.9e+05 -4.2e+05 -5.2e+05 2.2e+05 -1.29e+06 -7.4e+05 -4.4e+05 -1.06e+06 -1e+04 -6.6e+05 -1.06e+06 -1.08e+06
 -1.64e+06 -1.41e+06 -1.46e+06 -1.54e+06 -1.39e+06 -1.48e+06 -1.38e+06 -1.47e+06 -1.43e+06 -1.46e+06 -1.45e+06 -1.46e+06 -1.67e+06 -1.49e+06 -1.41e+06 -1.26e+06 -1.63e+06 -9.7e+05 -1.32e+06 -2.24e+06


