# Created by Octave 5.2.0, Thu Sep 24 19:47:08 2020 CEST <jiwidi@land>
# name: w
# type: matrix
# rows: 101
# columns: 20
 -1.007e+07 -1.007e+07 -1.007e+07 -1.007e+07 -1.007e+07 -1.007e+07 -1.007e+07 -1.007e+07 -1.007e+07 -1.007e+07 -1.007e+07 -1.007e+07 -1.007e+07 -1.007e+07 -1.007e+07 -1.007e+07 -1.007e+07 -1.007e+07 -1.007e+07 -1.007e+07
 -8.337e+05 -8.335e+05 -8.335e+05 -8.335e+05 -8.334e+05 -8.335e+05 -8.334e+05 -8.335e+05 -8.335e+05 -8.336e+05 -8.335e+05 -8.334e+05 -8.336e+05 -8.336e+05 -8.334e+05 -8.334e+05 -8.335e+05 -8.336e+05 -8.331e+05 -8.335e+05
 -1.638e+05 -1.638e+05 -1.637e+05 -1.637e+05 -1.637e+05 -1.636e+05 -1.636e+05 -1.637e+05 -1.637e+05 -1.636e+05 -1.636e+05 -1.629e+05 -1.636e+05 -1.638e+05 -1.638e+05 -1.637e+05 -1.637e+05 -1.635e+05 -1.639e+05 -1.637e+05
 -1.596e+05 -1.594e+05 -1.594e+05 -1.593e+05 -1.594e+05 -1.605e+05 -1.594e+05 -1.596e+05 -1.594e+05 -1.595e+05 -1.594e+05 -1.594e+05 -1.594e+05 -1.596e+05 -1.594e+05 -1.594e+05 -1.584e+05 -1.596e+05 -1.59e+05 -1.594e+05
 -8050 -8260 -8360 -8450 -8320 -8190 -8280 -8440 -8370 -8330 -8240 -8440 -8640 -8290 -8240 -8120 -8790 -6590 -6950 -8050
 -7.502e+05 -7.504e+05 -7.504e+05 -7.504e+05 -7.504e+05 -7.504e+05 -7.505e+05 -7.504e+05 -7.504e+05 -7.504e+05 -7.505e+05 -7.503e+05 -7.503e+05 -7.505e+05 -7.505e+05 -7.503e+05 -7.5e+05 -7.504e+05 -7.504e+05 -7.504e+05
 -3.988e+05 -3.988e+05 -3.989e+05 -3.99e+05 -3.989e+05 -3.99e+05 -3.987e+05 -3.989e+05 -3.988e+05 -3.984e+05 -3.984e+05 -3.989e+05 -3.99e+05 -3.99e+05 -3.989e+05 -3.99e+05 -3.989e+05 -3.988e+05 -3.99e+05 -3.988e+05
 -1.102e+04 -1.034e+04 -1.033e+04 -1.041e+04 -1.064e+04 -1.062e+04 -1.078e+04 -1.067e+04 -1.052e+04 -1.103e+04 -1.153e+04 -1.048e+04 -1.043e+04 -1.068e+04 -1.047e+04 -1.033e+04 -1.114e+04 -9060 -1.017e+04 -1.018e+04
 -7750 -8040 -7790 -8020 -8720 -7960 -7840 -7830 -7640 -7820 -7720 -5810 -8720 -7960 -6810 -8280 -7770 -7830 -8270 -7910
 -2.566e+05 -2.565e+05 -2.565e+05 -2.565e+05 -2.565e+05 -2.566e+05 -2.562e+05 -2.565e+05 -2.565e+05 -2.561e+05 -2.563e+05 -2.565e+05 -2.565e+05 -2.565e+05 -2.565e+05 -2.565e+05 -2.565e+05 -2.565e+05 -2.566e+05 -2.565e+05
 -6090 -5810 -5870 -5990 -5880 -5790 -5740 -5870 -5710 -5810 -5680 -4690 -6070 -6030 -5930 -5850 -5560 -5840 -5840 -5880
 -3.476e+05 -3.474e+05 -3.474e+05 -3.473e+05 -3.474e+05 -3.474e+05 -3.474e+05 -3.474e+05 -3.474e+05 -3.474e+05 -3.474e+05 -3.474e+05 -3.475e+05 -3.476e+05 -3.474e+05 -3.475e+05 -3.468e+05 -3.474e+05 -3.473e+05 -3.472e+05
 -9.073e+04 -9.023e+04 -9.065e+04 -9.072e+04 -9.073e+04 -9.081e+04 -9.032e+04 -9.074e+04 -9.056e+04 -9.018e+04 -8.999e+04 -9.058e+04 -9.044e+04 -9.073e+04 -9.086e+04 -9.065e+04 -9.066e+04 -9.06e+04 -9.07e+04 -9.071e+04
 -3.446e+04 -3.329e+04 -3.584e+04 -3.698e+04 -3.454e+04 -3.179e+04 -3.522e+04 -3.477e+04 -3.477e+04 -3.459e+04 -3.453e+04 -3.502e+04 -3.46e+04 -3.438e+04 -3.483e+04 -3.448e+04 -3.516e+04 -3.466e+04 -3.487e+04 -3.369e+04
 -1.089e+05 -1.088e+05 -1.087e+05 -1.072e+05 -1.078e+05 -1.103e+05 -1.082e+05 -1.089e+05 -1.088e+05 -1.088e+05 -1.088e+05 -1.089e+05 -1.088e+05 -1.09e+05 -1.089e+05 -1.089e+05 -1.089e+05 -1.088e+05 -1.09e+05 -1.089e+05
 -3.615e+05 -3.615e+05 -3.615e+05 -3.615e+05 -3.616e+05 -3.615e+05 -3.615e+05 -3.615e+05 -3.615e+05 -3.616e+05 -3.615e+05 -3.616e+05 -3.616e+05 -3.617e+05 -3.615e+05 -3.617e+05 -3.615e+05 -3.617e+05 -3.615e+05 -3.611e+05
 -3.7e+05 -3.698e+05 -3.698e+05 -3.699e+05 -3.699e+05 -3.699e+05 -3.699e+05 -3.699e+05 -3.698e+05 -3.699e+05 -3.698e+05 -3.698e+05 -3.7e+05 -3.7e+05 -3.698e+05 -3.699e+05 -3.699e+05 -3.697e+05 -3.695e+05 -3.698e+05
 -2.228e+05 -2.227e+05 -2.227e+05 -2.227e+05 -2.227e+05 -2.226e+05 -2.227e+05 -2.226e+05 -2.226e+05 -2.227e+05 -2.226e+05 -2.226e+05 -2.227e+05 -2.228e+05 -2.228e+05 -2.227e+05 -2.223e+05 -2.226e+05 -2.226e+05 -2.224e+05
 -2.29e+05 -2.29e+05 -2.29e+05 -2.29e+05 -2.29e+05 -2.29e+05 -2.29e+05 -2.291e+05 -2.29e+05 -2.291e+05 -2.29e+05 -2.29e+05 -2.29e+05 -2.291e+05 -2.29e+05 -2.289e+05 -2.291e+05 -2.286e+05 -2.289e+05 -2.291e+05
 -9.492e+05 -9.493e+05 -9.493e+05 -9.493e+05 -9.493e+05 -9.494e+05 -9.493e+05 -9.493e+05 -9.493e+05 -9.493e+05 -9.493e+05 -9.493e+05 -9.493e+05 -9.492e+05 -9.493e+05 -9.494e+05 -9.495e+05 -9.493e+05 -9.491e+05 -9.491e+05
 -4.88e+05 -4.891e+05 -4.891e+05 -4.89e+05 -4.891e+05 -4.891e+05 -4.891e+05 -4.891e+05 -4.891e+05 -4.891e+05 -4.891e+05 -4.89e+05 -4.892e+05 -4.891e+05 -4.892e+05 -4.896e+05 -4.889e+05 -4.899e+05 -4.892e+05 -4.893e+05
 -4.918e+05 -4.918e+05 -4.918e+05 -4.918e+05 -4.918e+05 -4.918e+05 -4.917e+05 -4.918e+05 -4.917e+05 -4.918e+05 -4.918e+05 -4.917e+05 -4.918e+05 -4.917e+05 -4.918e+05 -4.918e+05 -4.916e+05 -4.918e+05 -4.917e+05 -4.916e+05
 -3.686e+05 -3.687e+05 -3.686e+05 -3.688e+05 -3.676e+05 -3.687e+05 -3.685e+05 -3.686e+05 -3.685e+05 -3.687e+05 -3.685e+05 -3.685e+05 -3.687e+05 -3.687e+05 -3.686e+05 -3.686e+05 -3.687e+05 -3.686e+05 -3.687e+05 -3.682e+05
 -4.05e+05 -4.052e+05 -4.052e+05 -4.053e+05 -4.053e+05 -4.053e+05 -4.052e+05 -4.053e+05 -4.053e+05 -4.053e+05 -4.052e+05 -4.053e+05 -4.052e+05 -4.054e+05 -4.05e+05 -4.054e+05 -4.053e+05 -4.052e+05 -4.055e+05 -4.05e+05
 -8.828e+05 -8.826e+05 -8.83e+05 -8.828e+05 -8.827e+05 -8.826e+05 -8.827e+05 -8.829e+05 -8.828e+05 -8.828e+05 -8.829e+05 -8.828e+05 -8.826e+05 -8.828e+05 -8.827e+05 -8.829e+05 -8.828e+05 -8.828e+05 -8.829e+05 -8.828e+05
 -7.956e+04 -7.934e+04 -7.953e+04 -7.916e+04 -7.957e+04 -7.952e+04 -7.944e+04 -7.944e+04 -7.939e+04 -7.89e+04 -7.907e+04 -7.943e+04 -7.939e+04 -7.957e+04 -7.923e+04 -7.946e+04 -7.936e+04 -7.945e+04 -7.942e+04 -7.951e+04
 -3.697e+04 -3.684e+04 -3.695e+04 -3.685e+04 -3.688e+04 -3.69e+04 -3.67e+04 -3.675e+04 -3.675e+04 -3.56e+04 -3.568e+04 -3.668e+04 -3.714e+04 -3.688e+04 -3.679e+04 -3.679e+04 -3.695e+04 -3.688e+04 -3.71e+04 -3.692e+04
 -9.786e+05 -9.785e+05 -9.786e+05 -9.786e+05 -9.787e+05 -9.786e+05 -9.787e+05 -9.786e+05 -9.786e+05 -9.787e+05 -9.786e+05 -9.787e+05 -9.785e+05 -9.784e+05 -9.786e+05 -9.786e+05 -9.788e+05 -9.787e+05 -9.786e+05 -9.786e+05
 -3.245e+05 -3.246e+05 -3.246e+05 -3.246e+05 -3.246e+05 -3.246e+05 -3.246e+05 -3.246e+05 -3.246e+05 -3.246e+05 -3.246e+05 -3.246e+05 -3.246e+05 -3.246e+05 -3.246e+05 -3.243e+05 -3.246e+05 -3.247e+05 -3.248e+05 -3.241e+05
 -6.325e+05 -6.326e+05 -6.323e+05 -6.317e+05 -6.328e+05 -6.322e+05 -6.326e+05 -6.325e+05 -6.324e+05 -6.325e+05 -6.325e+05 -6.324e+05 -6.322e+05 -6.325e+05 -6.325e+05 -6.325e+05 -6.325e+05 -6.325e+05 -6.325e+05 -6.325e+05
 -9.264e+05 -9.264e+05 -9.264e+05 -9.264e+05 -9.264e+05 -9.262e+05 -9.263e+05 -9.262e+05 -9.263e+05 -9.26e+05 -9.262e+05 -9.264e+05 -9.264e+05 -9.26e+05 -9.262e+05 -9.262e+05 -9.261e+05 -9.263e+05 -9.263e+05 -9.264e+05
 -1.647e+05 -1.647e+05 -1.646e+05 -1.646e+05 -1.646e+05 -1.647e+05 -1.646e+05 -1.645e+05 -1.645e+05 -1.646e+05 -1.646e+05 -1.646e+05 -1.647e+05 -1.647e+05 -1.646e+05 -1.648e+05 -1.636e+05 -1.643e+05 -1.646e+05 -1.645e+05
 -1.136e+05 -1.136e+05 -1.136e+05 -1.137e+05 -1.136e+05 -1.136e+05 -1.134e+05 -1.134e+05 -1.134e+05 -1.127e+05 -1.126e+05 -1.135e+05 -1.136e+05 -1.136e+05 -1.134e+05 -1.136e+05 -1.135e+05 -1.136e+05 -1.135e+05 -1.133e+05
 -1.218e+05 -1.213e+05 -1.213e+05 -1.213e+05 -1.213e+05 -1.213e+05 -1.212e+05 -1.213e+05 -1.213e+05 -1.212e+05 -1.212e+05 -1.212e+05 -1.213e+05 -1.213e+05 -1.212e+05 -1.204e+05 -1.212e+05 -1.213e+05 -1.213e+05 -1.204e+05
 -4.363e+05 -4.362e+05 -4.362e+05 -4.362e+05 -4.362e+05 -4.363e+05 -4.363e+05 -4.363e+05 -4.362e+05 -4.362e+05 -4.362e+05 -4.362e+05 -4.36e+05 -4.363e+05 -4.362e+05 -4.363e+05 -4.36e+05 -4.362e+05 -4.361e+05 -4.362e+05
 -3.423e+04 -3.428e+04 -3.425e+04 -3.421e+04 -3.403e+04 -3.438e+04 -3.376e+04 -3.409e+04 -3.403e+04 -3.285e+04 -3.392e+04 -3.411e+04 -3.43e+04 -3.421e+04 -3.413e+04 -3.414e+04 -3.424e+04 -3.406e+04 -3.415e+04 -3.403e+04
 -6.59e+04 -6.631e+04 -6.588e+04 -6.592e+04 -6.537e+04 -6.68e+04 -6.386e+04 -6.568e+04 -6.58e+04 -6.593e+04 -6.591e+04 -6.654e+04 -6.616e+04 -6.546e+04 -6.576e+04 -6.583e+04 -6.563e+04 -6.584e+04 -6.589e+04 -6.591e+04
 -1.454e+05 -1.455e+05 -1.455e+05 -1.454e+05 -1.454e+05 -1.449e+05 -1.454e+05 -1.451e+05 -1.454e+05 -1.454e+05 -1.453e+05 -1.449e+05 -1.456e+05 -1.454e+05 -1.454e+05 -1.454e+05 -1.454e+05 -1.454e+05 -1.455e+05 -1.455e+05
 -490 -380 -400 -460 -400 -450 -370 -690 -310 -410 -280 -320 -480 -480 -430 -590 -880 910 20 -670
 -330 -220 -240 -360 -400 -600 -100 -410 -160 -1790 1100 -200 -340 -930 -610 -610 -640 -210 -120 -200
 -3.69e+05 -3.689e+05 -3.691e+05 -3.69e+05 -3.689e+05 -3.687e+05 -3.69e+05 -3.691e+05 -3.69e+05 -3.691e+05 -3.69e+05 -3.691e+05 -3.689e+05 -3.688e+05 -3.683e+05 -3.69e+05 -3.691e+05 -3.69e+05 -3.691e+05 -3.692e+05
 -5.274e+04 -5.287e+04 -5.27e+04 -5.274e+04 -5.272e+04 -5.259e+04 -5.253e+04 -5.268e+04 -5.25e+04 -5.162e+04 -5.181e+04 -5.259e+04 -5.264e+04 -5.254e+04 -5.221e+04 -5.27e+04 -5.26e+04 -5.258e+04 -5.296e+04 -5.268e+04
 -4.53e+05 -4.53e+05 -4.53e+05 -4.531e+05 -4.53e+05 -4.53e+05 -4.528e+05 -4.519e+05 -4.528e+05 -4.53e+05 -4.529e+05 -4.53e+05 -4.526e+05 -4.531e+05 -4.53e+05 -4.53e+05 -4.531e+05 -4.529e+05 -4.53e+05 -4.529e+05
 -1.424e+06 -1.425e+06 -1.425e+06 -1.425e+06 -1.425e+06 -1.425e+06 -1.425e+06 -1.425e+06 -1.425e+06 -1.425e+06 -1.425e+06 -1.425e+06 -1.425e+06 -1.425e+06 -1.425e+06 -1.424e+06 -1.425e+06 -1.425e+06 -1.425e+06 -1.424e+06
 -2.429e+05 -2.429e+05 -2.429e+05 -2.429e+05 -2.429e+05 -2.429e+05 -2.429e+05 -2.429e+05 -2.429e+05 -2.43e+05 -2.429e+05 -2.429e+05 -2.429e+05 -2.43e+05 -2.429e+05 -2.424e+05 -2.431e+05 -2.43e+05 -2.427e+05 -2.429e+05
 -3.49e+05 -3.489e+05 -3.489e+05 -3.49e+05 -3.49e+05 -3.49e+05 -3.489e+05 -3.489e+05 -3.49e+05 -3.489e+05 -3.485e+05 -3.489e+05 -3.488e+05 -3.488e+05 -3.49e+05 -3.489e+05 -3.492e+05 -3.489e+05 -3.489e+05 -3.49e+05
 -1.046e+04 -1.12e+04 -1.14e+04 -1.059e+04 -1.091e+04 -1.22e+04 -1.108e+04 -1.075e+04 -1.056e+04 -1.063e+04 -1.066e+04 -8350 -9840 -1.038e+04 -1.075e+04 -1.029e+04 -9810 -1.062e+04 -1.034e+04 -1.051e+04
 -7.699e+06 -7.699e+06 -7.699e+06 -7.699e+06 -7.699e+06 -7.699e+06 -7.699e+06 -7.699e+06 -7.699e+06 -7.699e+06 -7.699e+06 -7.699e+06 -7.699e+06 -7.699e+06 -7.699e+06 -7.699e+06 -7.699e+06 -7.699e+06 -7.698e+06 -7.699e+06
 1310 -1000 -1060 -1340 -1320 -900 -910 -3390 -1400 -1040 -1000 -1130 -1980 -2810 -1950 -1570 -1220 -1160 -3230 1120
 -9680 -1.082e+04 -1.05e+04 -1.038e+04 -9860 -1.055e+04 -1.032e+04 -1.027e+04 -1.022e+04 -1.033e+04 -1.021e+04 -1.033e+04 -1.056e+04 -1.04e+04 -8600 -1.06e+04 -1.071e+04 -1.029e+04 -1.062e+04 -1.037e+04
 -1.751e+05 -1.75e+05 -1.75e+05 -1.75e+05 -1.75e+05 -1.75e+05 -1.75e+05 -1.749e+05 -1.75e+05 -1.751e+05 -1.75e+05 -1.75e+05 -1.75e+05 -1.751e+05 -1.751e+05 -1.747e+05 -1.751e+05 -1.751e+05 -1.751e+05 -1.747e+05
 -8960 -8870 -8820 -8950 -8850 -8890 -8940 -8820 -8830 -8910 -8840 -8930 -8940 -8890 -9060 -8930 -9210 -8160 -9110 -8990
 -5670 -830 -850 -850 -900 -810 -780 -760 -770 -770 -790 -1100 -620 -920 -470 9530 -1200 -580 -670 -7590
 -3.977e+05 -3.98e+05 -3.981e+05 -3.98e+05 -3.98e+05 -3.981e+05 -3.98e+05 -3.98e+05 -3.98e+05 -3.981e+05 -3.981e+05 -3.981e+05 -3.981e+05 -3.983e+05 -3.981e+05 -3.982e+05 -3.981e+05 -3.981e+05 -3.981e+05 -3.978e+05
 -6.429e+04 -6.387e+04 -6.387e+04 -6.379e+04 -6.364e+04 -6.357e+04 -6.38e+04 -6.378e+04 -6.384e+04 -6.369e+04 -6.383e+04 -6.399e+04 -6.372e+04 -6.394e+04 -6.356e+04 -6.28e+04 -6.392e+04 -6.398e+04 -6.378e+04 -6.311e+04
 -4.213e+05 -4.216e+05 -4.216e+05 -4.216e+05 -4.216e+05 -4.216e+05 -4.215e+05 -4.216e+05 -4.216e+05 -4.215e+05 -4.217e+05 -4.215e+05 -4.216e+05 -4.215e+05 -4.214e+05 -4.216e+05 -4.216e+05 -4.213e+05 -4.212e+05 -4.216e+05
 -3.557e+05 -3.56e+05 -3.56e+05 -3.559e+05 -3.56e+05 -3.56e+05 -3.56e+05 -3.56e+05 -3.56e+05 -3.56e+05 -3.56e+05 -3.56e+05 -3.561e+05 -3.56e+05 -3.56e+05 -3.56e+05 -3.56e+05 -3.557e+05 -3.56e+05 -3.561e+05
 -4.063e+05 -4.059e+05 -4.059e+05 -4.063e+05 -4.064e+05 -4.062e+05 -4.065e+05 -4.064e+05 -4.063e+05 -4.063e+05 -4.063e+05 -4.063e+05 -4.064e+05 -4.064e+05 -4.063e+05 -4.064e+05 -4.066e+05 -4.063e+05 -4.064e+05 -4.062e+05
 -5.06e+04 -5.152e+04 -5.152e+04 -5.148e+04 -5.155e+04 -5.149e+04 -5.148e+04 -5.153e+04 -5.144e+04 -5.152e+04 -5.143e+04 -5.144e+04 -5.152e+04 -5.151e+04 -5.155e+04 -5.141e+04 -5.161e+04 -5.047e+04 -5.172e+04 -5.167e+04
 -3.152e+04 -3.114e+04 -3.1e+04 -3.114e+04 -3.109e+04 -3.083e+04 -3.089e+04 -3.081e+04 -2.961e+04 -3.123e+04 -3.125e+04 -3.106e+04 -3.122e+04 -3.128e+04 -3.095e+04 -3.117e+04 -3.122e+04 -3.11e+04 -3.101e+04 -3.105e+04
 -3.64e+04 -3.517e+04 -3.684e+04 -3.685e+04 -3.689e+04 -3.71e+04 -3.669e+04 -3.666e+04 -3.657e+04 -3.666e+04 -3.661e+04 -3.568e+04 -3.693e+04 -3.677e+04 -3.65e+04 -3.669e+04 -3.696e+04 -3.665e+04 -3.682e+04 -3.673e+04
 -3.048e+05 -3.049e+05 -3.049e+05 -3.049e+05 -3.05e+05 -3.049e+05 -3.049e+05 -3.049e+05 -3.049e+05 -3.049e+05 -3.049e+05 -3.049e+05 -3.049e+05 -3.05e+05 -3.05e+05 -3.043e+05 -3.049e+05 -3.051e+05 -3.05e+05 -3.045e+05
 -2.517e+04 -2.549e+04 -2.551e+04 -2.548e+04 -2.56e+04 -2.564e+04 -2.559e+04 -2.548e+04 -2.533e+04 -2.458e+04 -2.477e+04 -2.536e+04 -2.565e+04 -2.566e+04 -2.574e+04 -2.547e+04 -2.553e+04 -2.546e+04 -2.554e+04 -2.548e+04
 -2.558e+05 -2.558e+05 -2.557e+05 -2.558e+05 -2.555e+05 -2.543e+05 -2.558e+05 -2.555e+05 -2.556e+05 -2.556e+05 -2.557e+05 -2.559e+05 -2.559e+05 -2.556e+05 -2.558e+05 -2.556e+05 -2.556e+05 -2.557e+05 -2.558e+05 -2.558e+05
 -8.685e+05 -8.686e+05 -8.687e+05 -8.683e+05 -8.683e+05 -8.687e+05 -8.684e+05 -8.684e+05 -8.683e+05 -8.685e+05 -8.686e+05 -8.685e+05 -8.685e+05 -8.686e+05 -8.686e+05 -8.685e+05 -8.685e+05 -8.685e+05 -8.686e+05 -8.684e+05
 -3.915e+05 -3.916e+05 -3.914e+05 -3.912e+05 -3.911e+05 -3.915e+05 -3.914e+05 -3.915e+05 -3.915e+05 -3.915e+05 -3.915e+05 -3.916e+05 -3.913e+05 -3.916e+05 -3.915e+05 -3.916e+05 -3.915e+05 -3.915e+05 -3.916e+05 -3.916e+05
 -9.921e+04 -9.906e+04 -9.92e+04 -9.925e+04 -9.916e+04 -9.916e+04 -9.913e+04 -9.783e+04 -9.885e+04 -9.912e+04 -9.915e+04 -9.925e+04 -9.903e+04 -9.931e+04 -9.914e+04 -9.919e+04 -9.916e+04 -9.907e+04 -9.929e+04 -9.937e+04
 -4.045e+05 -4.046e+05 -4.043e+05 -4.041e+05 -4.044e+05 -4.047e+05 -4.045e+05 -4.045e+05 -4.045e+05 -4.045e+05 -4.045e+05 -4.045e+05 -4.043e+05 -4.045e+05 -4.045e+05 -4.044e+05 -4.044e+05 -4.045e+05 -4.045e+05 -4.045e+05
 -8.498e+05 -8.494e+05 -8.494e+05 -8.497e+05 -8.498e+05 -8.494e+05 -8.498e+05 -8.498e+05 -8.497e+05 -8.498e+05 -8.497e+05 -8.497e+05 -8.498e+05 -8.497e+05 -8.498e+05 -8.498e+05 -8.497e+05 -8.498e+05 -8.498e+05 -8.498e+05
 -6.806e+04 -6.832e+04 -6.817e+04 -6.837e+04 -6.847e+04 -6.839e+04 -6.815e+04 -6.822e+04 -6.802e+04 -6.724e+04 -6.75e+04 -6.808e+04 -6.832e+04 -6.838e+04 -6.82e+04 -6.831e+04 -6.861e+04 -6.807e+04 -6.844e+04 -6.806e+04
 -4.747e+05 -4.746e+05 -4.746e+05 -4.746e+05 -4.746e+05 -4.746e+05 -4.746e+05 -4.747e+05 -4.746e+05 -4.746e+05 -4.746e+05 -4.747e+05 -4.747e+05 -4.747e+05 -4.746e+05 -4.747e+05 -4.743e+05 -4.743e+05 -4.746e+05 -4.746e+05
 -3.804e+06 -3.804e+06 -3.804e+06 -3.804e+06 -3.804e+06 -3.804e+06 -3.804e+06 -3.804e+06 -3.804e+06 -3.804e+06 -3.804e+06 -3.804e+06 -3.804e+06 -3.803e+06 -3.804e+06 -3.804e+06 -3.804e+06 -3.804e+06 -3.804e+06 -3.804e+06
 -1.017e+04 -1.013e+04 -1.013e+04 -1.022e+04 -1.021e+04 -1.014e+04 -9930 -1.016e+04 -1.007e+04 -1.018e+04 -7880 -1.018e+04 -1.02e+04 -1.019e+04 -1.015e+04 -1.014e+04 -1.002e+04 -1.004e+04 -1.023e+04 -1.026e+04
 -2.399e+05 -2.398e+05 -2.398e+05 -2.395e+05 -2.398e+05 -2.4e+05 -2.399e+05 -2.398e+05 -2.398e+05 -2.399e+05 -2.398e+05 -2.396e+05 -2.392e+05 -2.4e+05 -2.399e+05 -2.399e+05 -2.399e+05 -2.398e+05 -2.4e+05 -2.4e+05
 -7.62e+04 -7.665e+04 -7.671e+04 -7.667e+04 -7.661e+04 -7.661e+04 -7.658e+04 -7.66e+04 -7.649e+04 -7.681e+04 -7.646e+04 -7.655e+04 -7.676e+04 -7.681e+04 -7.666e+04 -7.726e+04 -7.673e+04 -7.551e+04 -7.639e+04 -7.676e+04
 -9.238e+05 -9.238e+05 -9.241e+05 -9.237e+05 -9.24e+05 -9.232e+05 -9.229e+05 -9.238e+05 -9.238e+05 -9.238e+05 -9.238e+05 -9.237e+05 -9.238e+05 -9.238e+05 -9.239e+05 -9.238e+05 -9.239e+05 -9.238e+05 -9.238e+05 -9.238e+05
 -4.693e+04 -4.686e+04 -4.669e+04 -4.675e+04 -4.697e+04 -4.723e+04 -4.69e+04 -4.589e+04 -4.432e+04 -4.696e+04 -4.677e+04 -4.686e+04 -4.651e+04 -4.704e+04 -4.686e+04 -4.706e+04 -4.707e+04 -4.684e+04 -4.741e+04 -4.685e+04
 -2.091e+04 -2.084e+04 -2.088e+04 -2.095e+04 -2.094e+04 -2.08e+04 -2.041e+04 -2.081e+04 -1.888e+04 -2.079e+04 -2.078e+04 -2.089e+04 -2.094e+04 -2.076e+04 -2.082e+04 -2.084e+04 -2.094e+04 -2.08e+04 -2.112e+04 -2.101e+04
 -1.422e+05 -1.421e+05 -1.422e+05 -1.421e+05 -1.421e+05 -1.422e+05 -1.421e+05 -1.42e+05 -1.421e+05 -1.422e+05 -1.422e+05 -1.422e+05 -1.422e+05 -1.422e+05 -1.422e+05 -1.421e+05 -1.42e+05 -1.422e+05 -1.42e+05 -1.422e+05
 -3.567e+05 -3.566e+05 -3.565e+05 -3.566e+05 -3.566e+05 -3.564e+05 -3.566e+05 -3.567e+05 -3.565e+05 -3.565e+05 -3.565e+05 -3.56e+05 -3.566e+05 -3.565e+05 -3.566e+05 -3.566e+05 -3.566e+05 -3.566e+05 -3.567e+05 -3.565e+05
 -6.413e+06 -6.413e+06 -6.413e+06 -6.413e+06 -6.413e+06 -6.413e+06 -6.413e+06 -6.413e+06 -6.413e+06 -6.413e+06 -6.413e+06 -6.413e+06 -6.413e+06 -6.413e+06 -6.413e+06 -6.413e+06 -6.413e+06 -6.413e+06 -6.413e+06 -6.413e+06
 -1.938e+05 -1.936e+05 -1.937e+05 -1.936e+05 -1.936e+05 -1.936e+05 -1.936e+05 -1.936e+05 -1.936e+05 -1.932e+05 -1.936e+05 -1.936e+05 -1.937e+05 -1.936e+05 -1.936e+05 -1.935e+05 -1.936e+05 -1.935e+05 -1.934e+05 -1.937e+05
 -1.408e+05 -1.409e+05 -1.409e+05 -1.409e+05 -1.41e+05 -1.408e+05 -1.408e+05 -1.408e+05 -1.408e+05 -1.408e+05 -1.408e+05 -1.409e+05 -1.409e+05 -1.41e+05 -1.409e+05 -1.402e+05 -1.408e+05 -1.409e+05 -1.41e+05 -1.409e+05
 -1.976e+05 -1.979e+05 -1.98e+05 -1.98e+05 -1.98e+05 -1.979e+05 -1.979e+05 -1.98e+05 -1.98e+05 -1.98e+05 -1.979e+05 -1.979e+05 -1.981e+05 -1.982e+05 -1.979e+05 -1.976e+05 -1.979e+05 -1.982e+05 -1.982e+05 -1.983e+05
 -1.164e+04 -1.15e+04 -1.168e+04 -1.156e+04 -1.159e+04 -1.147e+04 -1.142e+04 -1.162e+04 -1.16e+04 -1.169e+04 -1.144e+04 -1.166e+04 -1.165e+04 -1.119e+04 -1.174e+04 -1.187e+04 -1.171e+04 -9700 -1.097e+04 -1.163e+04
 -1.869e+06 -1.869e+06 -1.869e+06 -1.869e+06 -1.869e+06 -1.869e+06 -1.869e+06 -1.869e+06 -1.869e+06 -1.87e+06 -1.869e+06 -1.869e+06 -1.869e+06 -1.869e+06 -1.869e+06 -1.869e+06 -1.87e+06 -1.869e+06 -1.869e+06 -1.869e+06
 -3.197e+05 -3.198e+05 -3.198e+05 -3.197e+05 -3.199e+05 -3.197e+05 -3.198e+05 -3.198e+05 -3.198e+05 -3.198e+05 -3.197e+05 -3.196e+05 -3.199e+05 -3.198e+05 -3.199e+05 -3.199e+05 -3.195e+05 -3.197e+05 -3.193e+05 -3.198e+05
 -7.545e+05 -7.542e+05 -7.529e+05 -7.538e+05 -7.546e+05 -7.544e+05 -7.55e+05 -7.545e+05 -7.545e+05 -7.546e+05 -7.544e+05 -7.546e+05 -7.547e+05 -7.546e+05 -7.545e+05 -7.546e+05 -7.546e+05 -7.544e+05 -7.546e+05 -7.544e+05
 -1.946e+05 -1.947e+05 -1.947e+05 -1.946e+05 -1.946e+05 -1.946e+05 -1.947e+05 -1.947e+05 -1.946e+05 -1.946e+05 -1.947e+05 -1.947e+05 -1.946e+05 -1.946e+05 -1.946e+05 -1.946e+05 -1.942e+05 -1.943e+05 -1.951e+05 -1.944e+05
 -3.137e+05 -3.138e+05 -3.139e+05 -3.146e+05 -3.129e+05 -3.145e+05 -3.14e+05 -3.14e+05 -3.14e+05 -3.14e+05 -3.14e+05 -3.14e+05 -3.143e+05 -3.141e+05 -3.14e+05 -3.14e+05 -3.141e+05 -3.14e+05 -3.142e+05 -3.14e+05
 -1.395e+05 -1.394e+05 -1.4e+05 -1.396e+05 -1.394e+05 -1.399e+05 -1.373e+05 -1.394e+05 -1.393e+05 -1.398e+05 -1.397e+05 -1.395e+05 -1.395e+05 -1.392e+05 -1.396e+05 -1.397e+05 -1.396e+05 -1.397e+05 -1.397e+05 -1.397e+05
 -4.182e+05 -4.182e+05 -4.184e+05 -4.184e+05 -4.182e+05 -4.183e+05 -4.183e+05 -4.183e+05 -4.182e+05 -4.183e+05 -4.182e+05 -4.182e+05 -4.182e+05 -4.183e+05 -4.172e+05 -4.183e+05 -4.183e+05 -4.183e+05 -4.185e+05 -4.181e+05
 -2.299e+05 -2.279e+05 -2.303e+05 -2.305e+05 -2.298e+05 -2.292e+05 -2.297e+05 -2.298e+05 -2.298e+05 -2.299e+05 -2.299e+05 -2.3e+05 -2.298e+05 -2.298e+05 -2.299e+05 -2.298e+05 -2.3e+05 -2.298e+05 -2.299e+05 -2.298e+05
 -7.119e+05 -7.116e+05 -7.118e+05 -7.115e+05 -7.116e+05 -7.119e+05 -7.118e+05 -7.119e+05 -7.118e+05 -7.119e+05 -7.118e+05 -7.119e+05 -7.12e+05 -7.12e+05 -7.119e+05 -7.119e+05 -7.116e+05 -7.119e+05 -7.119e+05 -7.119e+05
 -2340 -2290 -2450 -2340 -2280 -2270 -2350 -2270 -2230 -2010 2470 -2280 -2390 -2320 -2300 -2310 -2350 -2240 -2350 -2290
 -470 -350 -280 -340 -390 -410 -320 -460 -330 -440 -310 -300 -280 -410 -760 -540 -440 380 40 -630
 -6.468e+05 -6.472e+05 -6.471e+05 -6.472e+05 -6.471e+05 -6.472e+05 -6.471e+05 -6.472e+05 -6.472e+05 -6.471e+05 -6.471e+05 -6.47e+05 -6.472e+05 -6.468e+05 -6.471e+05 -6.472e+05 -6.471e+05 -6.472e+05 -6.47e+05 -6.47e+05
 -4800 -3620 -3590 -3640 -3670 -3790 -4010 -3760 -3590 -3440 -3780 -3560 -3690 -3990 -3670 -3130 -2740 -3110 -3500 -3110
 -3.952e+05 -3.953e+05 -3.951e+05 -3.954e+05 -3.953e+05 -3.95e+05 -3.953e+05 -3.952e+05 -3.953e+05 -3.952e+05 -3.952e+05 -3.953e+05 -3.952e+05 -3.953e+05 -3.952e+05 -3.954e+05 -3.952e+05 -3.952e+05 -3.952e+05 -3.952e+05
 -2370 -1280 -700 -1060 -3120 -590 -670 -1210 -2780 -790 -820 1150 -2110 -1490 -1100 -2070 -50 -1310 -2230 -2650
 -3290 -3210 -3060 -3310 -3050 -3180 -2900 -3260 -3070 -3320 -2980 -3080 -3590 -3310 -3140 -2750 -3570 -1450 -2160 -3200


