# Created by Octave 5.2.0, Thu Sep 24 19:56:35 2020 CEST <jiwidi@land>
# name: w
# type: matrix
# rows: 101
# columns: 20
 -1.169e+07 -1.169e+07 -1.169e+07 -1.169e+07 -1.169e+07 -1.169e+07 -1.169e+07 -1.169e+07 -1.169e+07 -1.169e+07 -1.169e+07 -1.169e+07 -1.169e+07 -1.169e+07 -1.169e+07 -1.169e+07 -1.169e+07 -1.169e+07 -1.169e+07 -1.169e+07
 -9.168e+05 -9.156e+05 -9.156e+05 -9.158e+05 -9.156e+05 -9.155e+05 -9.153e+05 -9.158e+05 -9.157e+05 -9.158e+05 -9.154e+05 -9.143e+05 -9.162e+05 -9.166e+05 -9.152e+05 -9.158e+05 -9.139e+05 -9.158e+05 -9.133e+05 -9.156e+05
 -1.795e+05 -1.799e+05 -1.788e+05 -1.792e+05 -1.8e+05 -1.79e+05 -1.786e+05 -1.786e+05 -1.787e+05 -1.782e+05 -1.787e+05 -1.734e+05 -1.785e+05 -1.808e+05 -1.798e+05 -1.787e+05 -1.776e+05 -1.774e+05 -1.806e+05 -1.795e+05
 -2.079e+05 -2.065e+05 -2.059e+05 -2.058e+05 -2.067e+05 -2.077e+05 -2.066e+05 -2.079e+05 -2.061e+05 -2.071e+05 -2.063e+05 -2.066e+05 -2.06e+05 -2.073e+05 -2.057e+05 -2.063e+05 -1.992e+05 -2.074e+05 -2.041e+05 -2.064e+05
 -1.788e+04 -1.745e+04 -1.764e+04 -1.868e+04 -1.792e+04 -1.699e+04 -1.66e+04 -1.762e+04 -1.605e+04 -1.72e+04 -1.701e+04 -1.707e+04 -1.932e+04 -1.949e+04 -1.698e+04 -1.71e+04 -1.819e+04 -5240 -5750 -1.61e+04
 -8.064e+05 -8.069e+05 -8.069e+05 -8.069e+05 -8.069e+05 -8.069e+05 -8.072e+05 -8.067e+05 -8.067e+05 -8.067e+05 -8.071e+05 -8.06e+05 -8.063e+05 -8.072e+05 -8.07e+05 -8.07e+05 -8.057e+05 -8.069e+05 -8.055e+05 -8.065e+05
 -4.36e+05 -4.368e+05 -4.374e+05 -4.371e+05 -4.371e+05 -4.371e+05 -4.35e+05 -4.369e+05 -4.364e+05 -4.328e+05 -4.322e+05 -4.369e+05 -4.37e+05 -4.373e+05 -4.37e+05 -4.376e+05 -4.372e+05 -4.368e+05 -4.37e+05 -4.359e+05
 -2.206e+04 -1.739e+04 -1.699e+04 -1.774e+04 -1.805e+04 -1.695e+04 -1.747e+04 -2.198e+04 -1.775e+04 -1.995e+04 -2.523e+04 -1.729e+04 -1.738e+04 -1.899e+04 -1.68e+04 -1.741e+04 -2.242e+04 -4570 -1.664e+04 -1.543e+04
 -1.445e+04 -1.622e+04 -1.607e+04 -1.714e+04 -2.043e+04 -1.737e+04 -1.627e+04 -1.672e+04 -1.524e+04 -1.68e+04 -1.565e+04 1950 -2.074e+04 -1.741e+04 -7060 -1.848e+04 -1.374e+04 -1.634e+04 -1.863e+04 -1.629e+04
 -2.866e+05 -2.859e+05 -2.856e+05 -2.855e+05 -2.853e+05 -2.858e+05 -2.834e+05 -2.857e+05 -2.852e+05 -2.831e+05 -2.839e+05 -2.854e+05 -2.851e+05 -2.861e+05 -2.856e+05 -2.86e+05 -2.858e+05 -2.855e+05 -2.866e+05 -2.862e+05
 -1.216e+04 -1.037e+04 -1.07e+04 -1.187e+04 -1.144e+04 -9730 -9190 -1.018e+04 -8820 -1.011e+04 -8490 580 -1.216e+04 -1.097e+04 -1.056e+04 -1.093e+04 -6320 -9860 -8720 -1.092e+04
 -3.867e+05 -3.854e+05 -3.854e+05 -3.857e+05 -3.858e+05 -3.851e+05 -3.85e+05 -3.855e+05 -3.851e+05 -3.854e+05 -3.851e+05 -3.851e+05 -3.865e+05 -3.865e+05 -3.855e+05 -3.857e+05 -3.806e+05 -3.853e+05 -3.852e+05 -3.831e+05
 -1.03e+05 -1.002e+05 -1.026e+05 -1.034e+05 -1.042e+05 -1.033e+05 -1.003e+05 -1.034e+05 -1.024e+05 -9.877e+04 -9.76e+04 -1.019e+05 -1.018e+05 -1.036e+05 -1.044e+05 -1.026e+05 -1.026e+05 -1.024e+05 -1.038e+05 -1.024e+05
 -3.992e+04 -3.092e+04 -3.956e+04 -4.247e+04 -3.72e+04 -2.018e+04 -3.93e+04 -3.956e+04 -3.912e+04 -3.906e+04 -3.892e+04 -3.856e+04 -3.927e+04 -3.441e+04 -3.965e+04 -3.966e+04 -3.505e+04 -3.94e+04 -4.019e+04 -3.119e+04
 -1.35e+05 -1.366e+05 -1.353e+05 -1.296e+05 -1.322e+05 -1.368e+05 -1.332e+05 -1.351e+05 -1.349e+05 -1.346e+05 -1.352e+05 -1.347e+05 -1.36e+05 -1.355e+05 -1.348e+05 -1.352e+05 -1.35e+05 -1.349e+05 -1.354e+05 -1.356e+05
 -4.224e+05 -4.228e+05 -4.227e+05 -4.23e+05 -4.231e+05 -4.228e+05 -4.228e+05 -4.23e+05 -4.228e+05 -4.231e+05 -4.227e+05 -4.23e+05 -4.231e+05 -4.238e+05 -4.232e+05 -4.244e+05 -4.233e+05 -4.232e+05 -4.225e+05 -4.208e+05
 -4.287e+05 -4.281e+05 -4.284e+05 -4.286e+05 -4.286e+05 -4.28e+05 -4.278e+05 -4.279e+05 -4.279e+05 -4.28e+05 -4.278e+05 -4.274e+05 -4.289e+05 -4.291e+05 -4.282e+05 -4.284e+05 -4.276e+05 -4.269e+05 -4.255e+05 -4.276e+05
 -2.503e+05 -2.497e+05 -2.499e+05 -2.504e+05 -2.498e+05 -2.494e+05 -2.496e+05 -2.496e+05 -2.492e+05 -2.5e+05 -2.491e+05 -2.496e+05 -2.499e+05 -2.503e+05 -2.498e+05 -2.502e+05 -2.463e+05 -2.499e+05 -2.49e+05 -2.472e+05
 -2.672e+05 -2.672e+05 -2.673e+05 -2.674e+05 -2.674e+05 -2.669e+05 -2.668e+05 -2.674e+05 -2.67e+05 -2.678e+05 -2.668e+05 -2.676e+05 -2.674e+05 -2.674e+05 -2.673e+05 -2.667e+05 -2.678e+05 -2.622e+05 -2.664e+05 -2.666e+05
 -1.105e+06 -1.106e+06 -1.106e+06 -1.106e+06 -1.106e+06 -1.106e+06 -1.106e+06 -1.106e+06 -1.106e+06 -1.106e+06 -1.106e+06 -1.106e+06 -1.106e+06 -1.106e+06 -1.106e+06 -1.107e+06 -1.108e+06 -1.106e+06 -1.105e+06 -1.104e+06
 -6.216e+05 -6.232e+05 -6.23e+05 -6.231e+05 -6.232e+05 -6.232e+05 -6.232e+05 -6.232e+05 -6.232e+05 -6.232e+05 -6.231e+05 -6.231e+05 -6.233e+05 -6.235e+05 -6.231e+05 -6.239e+05 -6.226e+05 -6.25e+05 -6.232e+05 -6.226e+05
 -5.626e+05 -5.618e+05 -5.614e+05 -5.615e+05 -5.617e+05 -5.618e+05 -5.613e+05 -5.61e+05 -5.613e+05 -5.62e+05 -5.615e+05 -5.612e+05 -5.617e+05 -5.606e+05 -5.617e+05 -5.613e+05 -5.599e+05 -5.614e+05 -5.603e+05 -5.61e+05
 -4.396e+05 -4.406e+05 -4.4e+05 -4.428e+05 -4.318e+05 -4.405e+05 -4.392e+05 -4.399e+05 -4.394e+05 -4.403e+05 -4.392e+05 -4.387e+05 -4.396e+05 -4.395e+05 -4.398e+05 -4.408e+05 -4.412e+05 -4.4e+05 -4.408e+05 -4.363e+05
 -4.629e+05 -4.646e+05 -4.649e+05 -4.651e+05 -4.657e+05 -4.652e+05 -4.648e+05 -4.655e+05 -4.652e+05 -4.653e+05 -4.653e+05 -4.654e+05 -4.643e+05 -4.658e+05 -4.616e+05 -4.657e+05 -4.657e+05 -4.644e+05 -4.663e+05 -4.631e+05
 -9.685e+05 -9.663e+05 -9.688e+05 -9.665e+05 -9.67e+05 -9.668e+05 -9.674e+05 -9.681e+05 -9.679e+05 -9.683e+05 -9.684e+05 -9.682e+05 -9.669e+05 -9.675e+05 -9.668e+05 -9.676e+05 -9.68e+05 -9.678e+05 -9.685e+05 -9.683e+05
 -8.862e+04 -8.695e+04 -8.767e+04 -8.466e+04 -8.862e+04 -8.778e+04 -8.716e+04 -8.727e+04 -8.658e+04 -8.289e+04 -8.367e+04 -8.739e+04 -8.687e+04 -8.899e+04 -8.539e+04 -8.811e+04 -8.692e+04 -8.767e+04 -8.837e+04 -8.816e+04
 -5.727e+04 -5.569e+04 -5.545e+04 -5.543e+04 -5.638e+04 -5.523e+04 -5.395e+04 -5.417e+04 -5.526e+04 -4.488e+04 -4.56e+04 -5.383e+04 -5.672e+04 -5.577e+04 -5.514e+04 -5.53e+04 -5.563e+04 -5.568e+04 -5.861e+04 -5.615e+04
 -1.028e+06 -1.027e+06 -1.027e+06 -1.027e+06 -1.028e+06 -1.027e+06 -1.028e+06 -1.028e+06 -1.028e+06 -1.028e+06 -1.028e+06 -1.028e+06 -1.026e+06 -1.027e+06 -1.028e+06 -1.028e+06 -1.029e+06 -1.028e+06 -1.028e+06 -1.028e+06
 -3.939e+05 -3.959e+05 -3.96e+05 -3.958e+05 -3.961e+05 -3.958e+05 -3.956e+05 -3.959e+05 -3.956e+05 -3.961e+05 -3.953e+05 -3.959e+05 -3.96e+05 -3.963e+05 -3.96e+05 -3.933e+05 -3.96e+05 -3.956e+05 -3.979e+05 -3.92e+05
 -7.316e+05 -7.308e+05 -7.305e+05 -7.262e+05 -7.326e+05 -7.295e+05 -7.316e+05 -7.311e+05 -7.308e+05 -7.312e+05 -7.31e+05 -7.31e+05 -7.294e+05 -7.305e+05 -7.308e+05 -7.312e+05 -7.313e+05 -7.31e+05 -7.315e+05 -7.308e+05
 -1.024e+06 -1.024e+06 -1.024e+06 -1.023e+06 -1.023e+06 -1.023e+06 -1.023e+06 -1.022e+06 -1.023e+06 -1.02e+06 -1.023e+06 -1.023e+06 -1.024e+06 -1.021e+06 -1.023e+06 -1.023e+06 -1.023e+06 -1.023e+06 -1.023e+06 -1.024e+06
 -1.87e+05 -1.859e+05 -1.859e+05 -1.858e+05 -1.856e+05 -1.86e+05 -1.854e+05 -1.859e+05 -1.85e+05 -1.858e+05 -1.852e+05 -1.853e+05 -1.865e+05 -1.866e+05 -1.856e+05 -1.874e+05 -1.774e+05 -1.84e+05 -1.856e+05 -1.846e+05
 -1.356e+05 -1.356e+05 -1.349e+05 -1.361e+05 -1.353e+05 -1.356e+05 -1.344e+05 -1.343e+05 -1.343e+05 -1.279e+05 -1.278e+05 -1.352e+05 -1.364e+05 -1.354e+05 -1.338e+05 -1.354e+05 -1.354e+05 -1.349e+05 -1.355e+05 -1.334e+05
 -1.363e+05 -1.35e+05 -1.351e+05 -1.352e+05 -1.348e+05 -1.348e+05 -1.35e+05 -1.354e+05 -1.35e+05 -1.348e+05 -1.346e+05 -1.352e+05 -1.35e+05 -1.349e+05 -1.355e+05 -1.291e+05 -1.346e+05 -1.354e+05 -1.366e+05 -1.302e+05
 -4.826e+05 -4.82e+05 -4.822e+05 -4.82e+05 -4.82e+05 -4.822e+05 -4.822e+05 -4.821e+05 -4.822e+05 -4.821e+05 -4.821e+05 -4.825e+05 -4.811e+05 -4.82e+05 -4.822e+05 -4.818e+05 -4.8e+05 -4.823e+05 -4.819e+05 -4.821e+05
 -4.829e+04 -4.757e+04 -4.651e+04 -4.851e+04 -4.745e+04 -4.69e+04 -4.45e+04 -4.596e+04 -4.528e+04 -3.622e+04 -4.468e+04 -4.632e+04 -4.796e+04 -4.833e+04 -4.667e+04 -4.733e+04 -4.79e+04 -4.632e+04 -4.823e+04 -4.606e+04
 -8.347e+04 -8.475e+04 -8.594e+04 -8.65e+04 -8.2e+04 -8.688e+04 -6.958e+04 -8.272e+04 -8.276e+04 -8.303e+04 -8.34e+04 -8.632e+04 -8.309e+04 -8.023e+04 -8.514e+04 -8.263e+04 -8.296e+04 -8.243e+04 -8.303e+04 -8.269e+04
 -1.693e+05 -1.704e+05 -1.7e+05 -1.69e+05 -1.695e+05 -1.644e+05 -1.7e+05 -1.666e+05 -1.69e+05 -1.688e+05 -1.687e+05 -1.653e+05 -1.707e+05 -1.687e+05 -1.698e+05 -1.692e+05 -1.691e+05 -1.692e+05 -1.693e+05 -1.694e+05
 -4550 -3580 -3440 -4550 -3960 -3260 -2750 -6720 -2710 -3660 -2590 -2940 -4670 -4220 -3620 -4010 -6630 8000 -630 -3780
 -3360 -2730 -2450 -3480 -2930 -2710 -730 -2810 -1870 -1.074e+04 1.153e+04 -2190 -3240 -4520 -2970 -3780 -3000 -2220 -2450 -2090
 -4.255e+05 -4.252e+05 -4.268e+05 -4.258e+05 -4.249e+05 -4.245e+05 -4.265e+05 -4.264e+05 -4.269e+05 -4.267e+05 -4.263e+05 -4.266e+05 -4.251e+05 -4.249e+05 -4.194e+05 -4.271e+05 -4.266e+05 -4.266e+05 -4.267e+05 -4.279e+05
 -6.618e+04 -6.645e+04 -6.525e+04 -6.448e+04 -6.583e+04 -6.456e+04 -6.302e+04 -6.513e+04 -6.372e+04 -5.562e+04 -5.724e+04 -6.421e+04 -6.381e+04 -6.384e+04 -6.02e+04 -6.526e+04 -6.453e+04 -6.424e+04 -6.772e+04 -6.506e+04
 -5.324e+05 -5.32e+05 -5.32e+05 -5.324e+05 -5.319e+05 -5.318e+05 -5.298e+05 -5.22e+05 -5.3e+05 -5.322e+05 -5.31e+05 -5.315e+05 -5.279e+05 -5.324e+05 -5.322e+05 -5.322e+05 -5.325e+05 -5.315e+05 -5.318e+05 -5.312e+05
 -1.75e+06 -1.752e+06 -1.752e+06 -1.751e+06 -1.752e+06 -1.751e+06 -1.751e+06 -1.751e+06 -1.751e+06 -1.751e+06 -1.751e+06 -1.752e+06 -1.752e+06 -1.751e+06 -1.752e+06 -1.75e+06 -1.752e+06 -1.751e+06 -1.752e+06 -1.751e+06
 -2.995e+05 -3.002e+05 -3.002e+05 -3.002e+05 -3.002e+05 -3.001e+05 -3e+05 -3.002e+05 -3e+05 -3.008e+05 -3e+05 -3e+05 -3.004e+05 -3.012e+05 -3.004e+05 -2.966e+05 -3.01e+05 -3.003e+05 -2.993e+05 -3.003e+05
 -3.797e+05 -3.783e+05 -3.786e+05 -3.798e+05 -3.792e+05 -3.793e+05 -3.794e+05 -3.785e+05 -3.788e+05 -3.774e+05 -3.754e+05 -3.787e+05 -3.776e+05 -3.784e+05 -3.794e+05 -3.789e+05 -3.807e+05 -3.79e+05 -3.78e+05 -3.784e+05
 -2.028e+04 -2.274e+04 -2.332e+04 -2.063e+04 -2.195e+04 -2.362e+04 -2.334e+04 -2.208e+04 -2.096e+04 -2.024e+04 -2.162e+04 -4010 -1.752e+04 -2.038e+04 -2.229e+04 -1.856e+04 -1.57e+04 -2.066e+04 -2.008e+04 -2.017e+04
 -8.928e+06 -8.93e+06 -8.93e+06 -8.93e+06 -8.93e+06 -8.93e+06 -8.93e+06 -8.929e+06 -8.929e+06 -8.929e+06 -8.93e+06 -8.929e+06 -8.929e+06 -8.93e+06 -8.929e+06 -8.93e+06 -8.929e+06 -8.929e+06 -8.928e+06 -8.928e+06
 5650 -9320 -9480 -1.004e+04 -1.342e+04 -8700 -8350 -1.501e+04 -8700 -1.043e+04 -9850 -9870 -1.435e+04 -1.755e+04 -1.878e+04 -1.275e+04 -1.1e+04 -1.016e+04 -1.834e+04 3810
 -1.849e+04 -2.385e+04 -2.235e+04 -2.256e+04 -2.067e+04 -2.185e+04 -2.119e+04 -2.121e+04 -2.093e+04 -2.23e+04 -2.064e+04 -2.29e+04 -2.347e+04 -2.282e+04 -7170 -2.418e+04 -2.272e+04 -2.143e+04 -2.368e+04 -2.467e+04
 -2.172e+05 -2.166e+05 -2.164e+05 -2.164e+05 -2.168e+05 -2.163e+05 -2.163e+05 -2.16e+05 -2.158e+05 -2.167e+05 -2.163e+05 -2.161e+05 -2.164e+05 -2.168e+05 -2.167e+05 -2.132e+05 -2.165e+05 -2.165e+05 -2.171e+05 -2.135e+05
 -1.262e+04 -1.214e+04 -1.2e+04 -1.287e+04 -1.168e+04 -1.225e+04 -1.312e+04 -1.223e+04 -1.234e+04 -1.204e+04 -1.293e+04 -1.273e+04 -1.298e+04 -1.156e+04 -1.33e+04 -1.19e+04 -1.252e+04 -4740 -1.31e+04 -1.264e+04
 -1.319e+04 -3240 -2960 -3130 -4410 -2600 -2630 -2430 -2280 -3370 -2360 -2650 -2950 -3270 -4930 2.586e+04 -2980 -4110 -3770 -1.228e+04
 -4.776e+05 -4.811e+05 -4.813e+05 -4.814e+05 -4.811e+05 -4.813e+05 -4.809e+05 -4.812e+05 -4.811e+05 -4.816e+05 -4.81e+05 -4.817e+05 -4.816e+05 -4.821e+05 -4.818e+05 -4.82e+05 -4.811e+05 -4.811e+05 -4.825e+05 -4.795e+05
 -8.45e+04 -8.026e+04 -8.076e+04 -8.043e+04 -8.068e+04 -7.948e+04 -8.009e+04 -8.047e+04 -8.071e+04 -8.121e+04 -7.975e+04 -8.093e+04 -8.126e+04 -8.225e+04 -8.024e+04 -7.543e+04 -8.163e+04 -8.062e+04 -8.266e+04 -7.747e+04
 -4.011e+05 -4.032e+05 -4.034e+05 -4.04e+05 -4.037e+05 -4.039e+05 -4.028e+05 -4.032e+05 -4.035e+05 -4.038e+05 -4.039e+05 -4.03e+05 -4.037e+05 -4.037e+05 -4.034e+05 -4.032e+05 -4.043e+05 -4.019e+05 -4.01e+05 -4.041e+05
 -3.94e+05 -3.969e+05 -3.972e+05 -3.97e+05 -3.97e+05 -3.969e+05 -3.969e+05 -3.969e+05 -3.971e+05 -3.971e+05 -3.971e+05 -3.975e+05 -3.976e+05 -3.969e+05 -3.972e+05 -3.965e+05 -3.978e+05 -3.95e+05 -3.961e+05 -3.957e+05
 -4.744e+05 -4.698e+05 -4.711e+05 -4.735e+05 -4.75e+05 -4.727e+05 -4.743e+05 -4.742e+05 -4.739e+05 -4.742e+05 -4.737e+05 -4.737e+05 -4.746e+05 -4.748e+05 -4.743e+05 -4.747e+05 -4.745e+05 -4.739e+05 -4.746e+05 -4.739e+05
 -6.394e+04 -6.972e+04 -6.961e+04 -6.972e+04 -6.97e+04 -6.969e+04 -6.982e+04 -6.97e+04 -6.949e+04 -7.007e+04 -6.96e+04 -6.989e+04 -6.998e+04 -6.939e+04 -6.936e+04 -6.928e+04 -7.12e+04 -6.373e+04 -7.173e+04 -7.156e+04
 -5.002e+04 -4.522e+04 -4.489e+04 -4.72e+04 -4.624e+04 -4.38e+04 -4.397e+04 -4.379e+04 -3.246e+04 -4.509e+04 -4.591e+04 -4.464e+04 -4.679e+04 -4.833e+04 -4.465e+04 -4.576e+04 -4.655e+04 -4.488e+04 -4.744e+04 -4.684e+04
 -5.142e+04 -4.058e+04 -5.413e+04 -5.394e+04 -5.558e+04 -5.383e+04 -5.266e+04 -5.304e+04 -5.295e+04 -5.316e+04 -5.279e+04 -4.504e+04 -5.494e+04 -5.445e+04 -5.205e+04 -5.37e+04 -5.377e+04 -5.338e+04 -5.48e+04 -5.353e+04
 -4.084e+05 -4.092e+05 -4.092e+05 -4.094e+05 -4.094e+05 -4.092e+05 -4.089e+05 -4.093e+05 -4.089e+05 -4.093e+05 -4.091e+05 -4.091e+05 -4.095e+05 -4.099e+05 -4.095e+05 -4.076e+05 -4.099e+05 -4.095e+05 -4.105e+05 -4.072e+05
 -3.278e+04 -3.48e+04 -3.469e+04 -3.479e+04 -3.639e+04 -3.263e+04 -3.58e+04 -3.502e+04 -3.432e+04 -2.701e+04 -2.83e+04 -3.361e+04 -3.705e+04 -3.481e+04 -3.767e+04 -3.548e+04 -3.346e+04 -3.504e+04 -3.494e+04 -3.593e+04
 -2.926e+05 -2.923e+05 -2.909e+05 -2.934e+05 -2.917e+05 -2.83e+05 -2.917e+05 -2.907e+05 -2.91e+05 -2.918e+05 -2.914e+05 -2.922e+05 -2.939e+05 -2.917e+05 -2.927e+05 -2.921e+05 -2.918e+05 -2.918e+05 -2.93e+05 -2.921e+05
 -9.634e+05 -9.631e+05 -9.622e+05 -9.6e+05 -9.612e+05 -9.635e+05 -9.614e+05 -9.619e+05 -9.618e+05 -9.628e+05 -9.628e+05 -9.627e+05 -9.626e+05 -9.629e+05 -9.63e+05 -9.629e+05 -9.627e+05 -9.625e+05 -9.63e+05 -9.622e+05
 -4.475e+05 -4.474e+05 -4.459e+05 -4.432e+05 -4.435e+05 -4.462e+05 -4.453e+05 -4.465e+05 -4.466e+05 -4.469e+05 -4.464e+05 -4.468e+05 -4.458e+05 -4.477e+05 -4.47e+05 -4.471e+05 -4.473e+05 -4.467e+05 -4.477e+05 -4.468e+05
 -1.345e+05 -1.342e+05 -1.342e+05 -1.355e+05 -1.352e+05 -1.339e+05 -1.338e+05 -1.235e+05 -1.323e+05 -1.344e+05 -1.327e+05 -1.34e+05 -1.346e+05 -1.358e+05 -1.341e+05 -1.35e+05 -1.346e+05 -1.332e+05 -1.362e+05 -1.352e+05
 -4.138e+05 -4.143e+05 -4.118e+05 -4.116e+05 -4.114e+05 -4.138e+05 -4.117e+05 -4.133e+05 -4.132e+05 -4.135e+05 -4.133e+05 -4.127e+05 -4.114e+05 -4.137e+05 -4.131e+05 -4.128e+05 -4.133e+05 -4.131e+05 -4.133e+05 -4.134e+05
 -8.359e+05 -8.343e+05 -8.335e+05 -8.358e+05 -8.36e+05 -8.332e+05 -8.356e+05 -8.358e+05 -8.352e+05 -8.358e+05 -8.356e+05 -8.35e+05 -8.36e+05 -8.357e+05 -8.361e+05 -8.358e+05 -8.343e+05 -8.356e+05 -8.36e+05 -8.356e+05
 -8.084e+04 -8.328e+04 -8.206e+04 -8.369e+04 -8.398e+04 -8.409e+04 -8.166e+04 -8.308e+04 -8.158e+04 -7.407e+04 -7.643e+04 -8.175e+04 -8.224e+04 -8.414e+04 -8.268e+04 -8.315e+04 -8.54e+04 -8.109e+04 -8.531e+04 -8.054e+04
 -5.299e+05 -5.293e+05 -5.298e+05 -5.298e+05 -5.296e+05 -5.292e+05 -5.294e+05 -5.295e+05 -5.291e+05 -5.298e+05 -5.292e+05 -5.301e+05 -5.3e+05 -5.302e+05 -5.291e+05 -5.299e+05 -5.282e+05 -5.282e+05 -5.292e+05 -5.295e+05
 -4.363e+06 -4.364e+06 -4.364e+06 -4.364e+06 -4.364e+06 -4.364e+06 -4.364e+06 -4.364e+06 -4.364e+06 -4.364e+06 -4.364e+06 -4.363e+06 -4.364e+06 -4.363e+06 -4.364e+06 -4.364e+06 -4.363e+06 -4.364e+06 -4.362e+06 -4.364e+06
 -1.959e+04 -1.889e+04 -1.899e+04 -1.944e+04 -1.9e+04 -1.889e+04 -1.23e+04 -1.919e+04 -1.836e+04 -1.911e+04 -590 -1.917e+04 -1.945e+04 -1.923e+04 -1.901e+04 -1.903e+04 -1.83e+04 -1.838e+04 -1.891e+04 -1.989e+04
 -3.004e+05 -2.998e+05 -3e+05 -2.97e+05 -2.994e+05 -3.009e+05 -3.006e+05 -3.001e+05 -2.996e+05 -3.002e+05 -2.998e+05 -2.986e+05 -2.948e+05 -3.008e+05 -3.006e+05 -3.006e+05 -3.001e+05 -2.997e+05 -3.015e+05 -3.008e+05
 -1.003e+05 -1.032e+05 -1.03e+05 -1.04e+05 -1.035e+05 -1.026e+05 -1.022e+05 -1.027e+05 -1.014e+05 -1.034e+05 -1.014e+05 -1.025e+05 -1.043e+05 -1.043e+05 -1.034e+05 -1.057e+05 -1.04e+05 -9.239e+04 -9.932e+04 -1.031e+05
 -6.615e+05 -6.616e+05 -6.63e+05 -6.622e+05 -6.626e+05 -6.602e+05 -6.598e+05 -6.617e+05 -6.618e+05 -6.614e+05 -6.615e+05 -6.612e+05 -6.618e+05 -6.617e+05 -6.622e+05 -6.615e+05 -6.617e+05 -6.614e+05 -6.617e+05 -6.615e+05
 -5.534e+04 -5.824e+04 -5.726e+04 -5.718e+04 -5.811e+04 -5.883e+04 -5.836e+04 -4.816e+04 -3.594e+04 -5.862e+04 -5.666e+04 -5.555e+04 -5.339e+04 -5.507e+04 -5.543e+04 -5.857e+04 -5.862e+04 -5.781e+04 -6.032e+04 -5.754e+04
 -3.092e+04 -2.959e+04 -2.923e+04 -2.962e+04 -3.034e+04 -2.915e+04 -2.425e+04 -3.009e+04 -1.055e+04 -3.036e+04 -2.953e+04 -3.072e+04 -3.132e+04 -2.784e+04 -3.007e+04 -3.016e+04 -3.145e+04 -2.984e+04 -3.321e+04 -3.069e+04
 -1.635e+05 -1.627e+05 -1.629e+05 -1.627e+05 -1.619e+05 -1.628e+05 -1.624e+05 -1.62e+05 -1.62e+05 -1.624e+05 -1.623e+05 -1.63e+05 -1.624e+05 -1.634e+05 -1.624e+05 -1.627e+05 -1.613e+05 -1.631e+05 -1.603e+05 -1.622e+05
 -3.97e+05 -3.964e+05 -3.959e+05 -3.966e+05 -3.969e+05 -3.961e+05 -3.965e+05 -3.961e+05 -3.956e+05 -3.962e+05 -3.954e+05 -3.908e+05 -3.945e+05 -3.955e+05 -3.964e+05 -3.968e+05 -3.969e+05 -3.96e+05 -3.976e+05 -3.956e+05
 -7.404e+06 -7.403e+06 -7.404e+06 -7.404e+06 -7.403e+06 -7.403e+06 -7.404e+06 -7.403e+06 -7.403e+06 -7.403e+06 -7.403e+06 -7.403e+06 -7.403e+06 -7.402e+06 -7.403e+06 -7.403e+06 -7.403e+06 -7.403e+06 -7.402e+06 -7.403e+06
 -2.42e+05 -2.392e+05 -2.391e+05 -2.394e+05 -2.39e+05 -2.392e+05 -2.396e+05 -2.392e+05 -2.393e+05 -2.364e+05 -2.399e+05 -2.393e+05 -2.393e+05 -2.394e+05 -2.389e+05 -2.384e+05 -2.39e+05 -2.376e+05 -2.388e+05 -2.398e+05
 -1.8e+05 -1.8e+05 -1.799e+05 -1.804e+05 -1.81e+05 -1.799e+05 -1.799e+05 -1.799e+05 -1.792e+05 -1.798e+05 -1.798e+05 -1.797e+05 -1.806e+05 -1.808e+05 -1.798e+05 -1.756e+05 -1.803e+05 -1.808e+05 -1.814e+05 -1.808e+05
 -2.588e+05 -2.594e+05 -2.593e+05 -2.597e+05 -2.599e+05 -2.592e+05 -2.591e+05 -2.593e+05 -2.593e+05 -2.597e+05 -2.595e+05 -2.593e+05 -2.599e+05 -2.609e+05 -2.592e+05 -2.577e+05 -2.593e+05 -2.602e+05 -2.603e+05 -2.607e+05
 -2.054e+04 -1.731e+04 -1.72e+04 -1.81e+04 -1.747e+04 -1.681e+04 -1.675e+04 -1.784e+04 -1.808e+04 -1.805e+04 -1.717e+04 -2.051e+04 -1.849e+04 -1.698e+04 -1.806e+04 -2.158e+04 -2.048e+04 -3680 -1.406e+04 -1.887e+04
 -2.04e+06 -2.042e+06 -2.041e+06 -2.04e+06 -2.041e+06 -2.041e+06 -2.041e+06 -2.041e+06 -2.041e+06 -2.042e+06 -2.041e+06 -2.041e+06 -2.041e+06 -2.041e+06 -2.041e+06 -2.042e+06 -2.042e+06 -2.042e+06 -2.041e+06 -2.041e+06
 -3.883e+05 -3.884e+05 -3.882e+05 -3.882e+05 -3.889e+05 -3.88e+05 -3.882e+05 -3.88e+05 -3.88e+05 -3.888e+05 -3.877e+05 -3.869e+05 -3.895e+05 -3.89e+05 -3.892e+05 -3.887e+05 -3.866e+05 -3.869e+05 -3.855e+05 -3.874e+05
 -8.197e+05 -8.181e+05 -8.091e+05 -8.182e+05 -8.204e+05 -8.174e+05 -8.196e+05 -8.19e+05 -8.189e+05 -8.19e+05 -8.187e+05 -8.192e+05 -8.204e+05 -8.196e+05 -8.194e+05 -8.196e+05 -8.195e+05 -8.19e+05 -8.196e+05 -8.192e+05
 -1.956e+05 -1.961e+05 -1.96e+05 -1.962e+05 -1.961e+05 -1.957e+05 -1.966e+05 -1.962e+05 -1.958e+05 -1.964e+05 -1.963e+05 -1.968e+05 -1.962e+05 -1.962e+05 -1.962e+05 -1.964e+05 -1.923e+05 -1.949e+05 -1.982e+05 -1.939e+05
 -4.065e+05 -4.062e+05 -4.074e+05 -4.12e+05 -3.998e+05 -4.097e+05 -4.091e+05 -4.08e+05 -4.076e+05 -4.082e+05 -4.078e+05 -4.076e+05 -4.098e+05 -4.08e+05 -4.083e+05 -4.089e+05 -4.084e+05 -4.079e+05 -4.091e+05 -4.077e+05
 -1.558e+05 -1.541e+05 -1.581e+05 -1.562e+05 -1.551e+05 -1.559e+05 -1.374e+05 -1.552e+05 -1.541e+05 -1.575e+05 -1.565e+05 -1.547e+05 -1.548e+05 -1.537e+05 -1.55e+05 -1.559e+05 -1.552e+05 -1.557e+05 -1.565e+05 -1.556e+05
 -4.815e+05 -4.822e+05 -4.833e+05 -4.844e+05 -4.833e+05 -4.826e+05 -4.826e+05 -4.829e+05 -4.822e+05 -4.834e+05 -4.822e+05 -4.825e+05 -4.836e+05 -4.836e+05 -4.736e+05 -4.834e+05 -4.832e+05 -4.83e+05 -4.846e+05 -4.817e+05
 -2.49e+05 -2.361e+05 -2.501e+05 -2.518e+05 -2.498e+05 -2.456e+05 -2.482e+05 -2.482e+05 -2.48e+05 -2.492e+05 -2.485e+05 -2.488e+05 -2.493e+05 -2.479e+05 -2.494e+05 -2.483e+05 -2.488e+05 -2.484e+05 -2.492e+05 -2.483e+05
 -8.269e+05 -8.265e+05 -8.25e+05 -8.229e+05 -8.25e+05 -8.269e+05 -8.254e+05 -8.264e+05 -8.262e+05 -8.266e+05 -8.263e+05 -8.264e+05 -8.27e+05 -8.273e+05 -8.267e+05 -8.267e+05 -8.258e+05 -8.264e+05 -8.267e+05 -8.265e+05
 -5550 -5030 -5310 -5570 -5280 -4970 -5000 -4820 -4440 -1.282e+04 1.556e+04 -4780 -5580 -5300 -5150 -5480 -5440 -4700 -6140 -4800
 -2660 -1910 -1640 -1980 -1890 -1890 -1780 -3510 -1620 -2690 -1600 -1660 -1940 -2240 -3580 -2170 -2330 1270 870 -2760
 -7.58e+05 -7.596e+05 -7.595e+05 -7.597e+05 -7.594e+05 -7.595e+05 -7.593e+05 -7.595e+05 -7.593e+05 -7.596e+05 -7.593e+05 -7.593e+05 -7.601e+05 -7.569e+05 -7.594e+05 -7.591e+05 -7.595e+05 -7.597e+05 -7.591e+05 -7.588e+05
 -1.135e+04 -6320 -6310 -6460 -6360 -6190 -6100 -6000 -6080 -6470 -6090 -6620 -7010 -6960 -6270 -6770 -3560 -3180 -4730 -3330
 -3.89e+05 -3.894e+05 -3.868e+05 -3.883e+05 -3.879e+05 -3.868e+05 -3.889e+05 -3.88e+05 -3.876e+05 -3.874e+05 -3.87e+05 -3.874e+05 -3.879e+05 -3.879e+05 -3.89e+05 -3.876e+05 -3.874e+05 -3.876e+05 -3.873e+05 -3.882e+05
 -1.037e+04 -8110 -6440 -7620 -1.075e+04 -5900 -5550 -8860 -1.141e+04 -7080 -6760 1.187e+04 -9230 -7060 -7240 -9060 -430 -8610 -1.481e+04 -1.159e+04
 -1.109e+04 -9550 -9780 -1.029e+04 -9750 -9320 -8780 -8780 -8610 -9480 -7670 -9520 -1.069e+04 -1.022e+04 -9890 -7500 -1.006e+04 3240 -5550 -1.024e+04


