# Created by Octave 5.2.0, Thu Sep 24 18:31:50 2020 CEST <jiwidi@land>
# name: w
# type: matrix
# rows: 101
# columns: 20
 -1.007e+06 -1.007e+06 -1.007e+06 -1.007e+06 -1.007e+06 -1.007e+06 -1.007e+06 -1.007e+06 -1.007e+06 -1.007e+06 -1.007e+06 -1.007e+06 -1.007e+06 -1.007e+06 -1.007e+06 -1.007e+06 -1.007e+06 -1.007e+06 -1.007e+06 -1.007e+06
 -8.337e+04 -8.335e+04 -8.335e+04 -8.335e+04 -8.334e+04 -8.335e+04 -8.334e+04 -8.335e+04 -8.335e+04 -8.336e+04 -8.335e+04 -8.334e+04 -8.336e+04 -8.336e+04 -8.334e+04 -8.334e+04 -8.335e+04 -8.336e+04 -8.331e+04 -8.335e+04
 -1.638e+04 -1.638e+04 -1.637e+04 -1.637e+04 -1.637e+04 -1.636e+04 -1.636e+04 -1.637e+04 -1.637e+04 -1.636e+04 -1.636e+04 -1.629e+04 -1.636e+04 -1.638e+04 -1.638e+04 -1.637e+04 -1.637e+04 -1.635e+04 -1.639e+04 -1.637e+04
 -1.596e+04 -1.594e+04 -1.594e+04 -1.593e+04 -1.594e+04 -1.605e+04 -1.594e+04 -1.596e+04 -1.594e+04 -1.595e+04 -1.594e+04 -1.594e+04 -1.594e+04 -1.596e+04 -1.594e+04 -1.594e+04 -1.584e+04 -1.596e+04 -1.59e+04 -1.594e+04
 -805 -826 -836 -845 -832 -819 -828 -844 -837 -833 -824 -844 -864 -829 -824 -812 -879 -659 -695 -805
 -7.502e+04 -7.504e+04 -7.504e+04 -7.504e+04 -7.504e+04 -7.504e+04 -7.505e+04 -7.504e+04 -7.504e+04 -7.504e+04 -7.505e+04 -7.503e+04 -7.503e+04 -7.505e+04 -7.505e+04 -7.503e+04 -7.5e+04 -7.504e+04 -7.504e+04 -7.504e+04
 -3.988e+04 -3.988e+04 -3.989e+04 -3.99e+04 -3.989e+04 -3.99e+04 -3.987e+04 -3.989e+04 -3.988e+04 -3.984e+04 -3.984e+04 -3.989e+04 -3.99e+04 -3.99e+04 -3.989e+04 -3.99e+04 -3.989e+04 -3.988e+04 -3.99e+04 -3.988e+04
 -1102 -1034 -1033 -1041 -1064 -1062 -1078 -1067 -1052 -1103 -1153 -1048 -1043 -1068 -1047 -1033 -1114 -906 -1017 -1018
 -775 -804 -779 -802 -872 -796 -784 -783 -764 -782 -772 -581 -872 -796 -681 -828 -777 -783 -827 -791
 -2.566e+04 -2.565e+04 -2.565e+04 -2.565e+04 -2.565e+04 -2.566e+04 -2.562e+04 -2.565e+04 -2.565e+04 -2.561e+04 -2.563e+04 -2.565e+04 -2.565e+04 -2.565e+04 -2.565e+04 -2.565e+04 -2.565e+04 -2.565e+04 -2.566e+04 -2.565e+04
 -609 -581 -587 -599 -588 -579 -574 -587 -571 -581 -568 -469 -607 -603 -593 -585 -556 -584 -584 -588
 -3.476e+04 -3.474e+04 -3.474e+04 -3.473e+04 -3.474e+04 -3.474e+04 -3.474e+04 -3.474e+04 -3.474e+04 -3.474e+04 -3.474e+04 -3.474e+04 -3.475e+04 -3.476e+04 -3.474e+04 -3.475e+04 -3.468e+04 -3.474e+04 -3.473e+04 -3.472e+04
 -9073 -9023 -9065 -9072 -9073 -9081 -9032 -9074 -9056 -9018 -8999 -9058 -9044 -9073 -9086 -9065 -9066 -9060 -9070 -9071
 -3446 -3329 -3584 -3698 -3454 -3179 -3522 -3477 -3477 -3459 -3453 -3502 -3460 -3438 -3483 -3448 -3516 -3466 -3487 -3369
 -1.089e+04 -1.088e+04 -1.087e+04 -1.072e+04 -1.078e+04 -1.103e+04 -1.082e+04 -1.089e+04 -1.088e+04 -1.088e+04 -1.088e+04 -1.089e+04 -1.088e+04 -1.09e+04 -1.089e+04 -1.089e+04 -1.089e+04 -1.088e+04 -1.09e+04 -1.089e+04
 -3.615e+04 -3.615e+04 -3.615e+04 -3.615e+04 -3.616e+04 -3.615e+04 -3.615e+04 -3.615e+04 -3.615e+04 -3.616e+04 -3.615e+04 -3.616e+04 -3.616e+04 -3.617e+04 -3.615e+04 -3.617e+04 -3.615e+04 -3.617e+04 -3.615e+04 -3.611e+04
 -3.7e+04 -3.698e+04 -3.698e+04 -3.699e+04 -3.699e+04 -3.699e+04 -3.699e+04 -3.699e+04 -3.698e+04 -3.699e+04 -3.698e+04 -3.698e+04 -3.7e+04 -3.7e+04 -3.698e+04 -3.699e+04 -3.699e+04 -3.697e+04 -3.695e+04 -3.698e+04
 -2.228e+04 -2.227e+04 -2.227e+04 -2.227e+04 -2.227e+04 -2.226e+04 -2.227e+04 -2.226e+04 -2.226e+04 -2.227e+04 -2.226e+04 -2.226e+04 -2.227e+04 -2.228e+04 -2.228e+04 -2.227e+04 -2.223e+04 -2.226e+04 -2.226e+04 -2.224e+04
 -2.29e+04 -2.29e+04 -2.29e+04 -2.29e+04 -2.29e+04 -2.29e+04 -2.29e+04 -2.291e+04 -2.29e+04 -2.291e+04 -2.29e+04 -2.29e+04 -2.29e+04 -2.291e+04 -2.29e+04 -2.289e+04 -2.291e+04 -2.286e+04 -2.289e+04 -2.291e+04
 -9.492e+04 -9.493e+04 -9.493e+04 -9.493e+04 -9.493e+04 -9.494e+04 -9.493e+04 -9.493e+04 -9.493e+04 -9.493e+04 -9.493e+04 -9.493e+04 -9.493e+04 -9.492e+04 -9.493e+04 -9.494e+04 -9.495e+04 -9.493e+04 -9.491e+04 -9.491e+04
 -4.88e+04 -4.891e+04 -4.891e+04 -4.89e+04 -4.891e+04 -4.891e+04 -4.891e+04 -4.891e+04 -4.891e+04 -4.891e+04 -4.891e+04 -4.89e+04 -4.892e+04 -4.891e+04 -4.892e+04 -4.896e+04 -4.889e+04 -4.899e+04 -4.892e+04 -4.893e+04
 -4.918e+04 -4.918e+04 -4.918e+04 -4.918e+04 -4.918e+04 -4.918e+04 -4.917e+04 -4.918e+04 -4.917e+04 -4.918e+04 -4.918e+04 -4.917e+04 -4.918e+04 -4.917e+04 -4.918e+04 -4.918e+04 -4.916e+04 -4.918e+04 -4.917e+04 -4.916e+04
 -3.686e+04 -3.687e+04 -3.686e+04 -3.688e+04 -3.676e+04 -3.687e+04 -3.685e+04 -3.686e+04 -3.685e+04 -3.687e+04 -3.685e+04 -3.685e+04 -3.687e+04 -3.687e+04 -3.686e+04 -3.686e+04 -3.687e+04 -3.686e+04 -3.687e+04 -3.682e+04
 -4.05e+04 -4.052e+04 -4.052e+04 -4.053e+04 -4.053e+04 -4.053e+04 -4.052e+04 -4.053e+04 -4.053e+04 -4.053e+04 -4.052e+04 -4.053e+04 -4.052e+04 -4.054e+04 -4.05e+04 -4.054e+04 -4.053e+04 -4.052e+04 -4.055e+04 -4.05e+04
 -8.828e+04 -8.826e+04 -8.83e+04 -8.828e+04 -8.827e+04 -8.826e+04 -8.827e+04 -8.829e+04 -8.828e+04 -8.828e+04 -8.829e+04 -8.828e+04 -8.826e+04 -8.828e+04 -8.827e+04 -8.829e+04 -8.828e+04 -8.828e+04 -8.829e+04 -8.828e+04
 -7956 -7934 -7953 -7916 -7957 -7952 -7944 -7944 -7939 -7890 -7907 -7943 -7939 -7957 -7923 -7946 -7936 -7945 -7942 -7951
 -3697 -3684 -3695 -3685 -3688 -3690 -3670 -3675 -3675 -3560 -3568 -3668 -3714 -3688 -3679 -3679 -3695 -3688 -3710 -3692
 -9.786e+04 -9.785e+04 -9.786e+04 -9.786e+04 -9.787e+04 -9.786e+04 -9.787e+04 -9.786e+04 -9.786e+04 -9.787e+04 -9.786e+04 -9.787e+04 -9.785e+04 -9.784e+04 -9.786e+04 -9.786e+04 -9.788e+04 -9.787e+04 -9.786e+04 -9.786e+04
 -3.245e+04 -3.246e+04 -3.246e+04 -3.246e+04 -3.246e+04 -3.246e+04 -3.246e+04 -3.246e+04 -3.246e+04 -3.246e+04 -3.246e+04 -3.246e+04 -3.246e+04 -3.246e+04 -3.246e+04 -3.243e+04 -3.246e+04 -3.247e+04 -3.248e+04 -3.241e+04
 -6.325e+04 -6.326e+04 -6.323e+04 -6.317e+04 -6.328e+04 -6.322e+04 -6.326e+04 -6.325e+04 -6.324e+04 -6.325e+04 -6.325e+04 -6.324e+04 -6.322e+04 -6.325e+04 -6.325e+04 -6.325e+04 -6.325e+04 -6.325e+04 -6.325e+04 -6.325e+04
 -9.264e+04 -9.264e+04 -9.264e+04 -9.264e+04 -9.264e+04 -9.262e+04 -9.263e+04 -9.262e+04 -9.263e+04 -9.26e+04 -9.262e+04 -9.264e+04 -9.264e+04 -9.26e+04 -9.262e+04 -9.262e+04 -9.261e+04 -9.263e+04 -9.263e+04 -9.264e+04
 -1.647e+04 -1.647e+04 -1.646e+04 -1.646e+04 -1.646e+04 -1.647e+04 -1.646e+04 -1.645e+04 -1.645e+04 -1.646e+04 -1.646e+04 -1.646e+04 -1.647e+04 -1.647e+04 -1.646e+04 -1.648e+04 -1.636e+04 -1.643e+04 -1.646e+04 -1.645e+04
 -1.136e+04 -1.136e+04 -1.136e+04 -1.137e+04 -1.136e+04 -1.136e+04 -1.134e+04 -1.134e+04 -1.134e+04 -1.127e+04 -1.126e+04 -1.135e+04 -1.136e+04 -1.136e+04 -1.134e+04 -1.136e+04 -1.135e+04 -1.136e+04 -1.135e+04 -1.133e+04
 -1.218e+04 -1.213e+04 -1.213e+04 -1.213e+04 -1.213e+04 -1.213e+04 -1.212e+04 -1.213e+04 -1.213e+04 -1.212e+04 -1.212e+04 -1.212e+04 -1.213e+04 -1.213e+04 -1.212e+04 -1.204e+04 -1.212e+04 -1.213e+04 -1.213e+04 -1.204e+04
 -4.363e+04 -4.362e+04 -4.362e+04 -4.362e+04 -4.362e+04 -4.363e+04 -4.363e+04 -4.363e+04 -4.362e+04 -4.362e+04 -4.362e+04 -4.362e+04 -4.36e+04 -4.363e+04 -4.362e+04 -4.363e+04 -4.36e+04 -4.362e+04 -4.361e+04 -4.362e+04
 -3423 -3428 -3425 -3421 -3403 -3438 -3376 -3409 -3403 -3285 -3392 -3411 -3430 -3421 -3413 -3414 -3424 -3406 -3415 -3403
 -6590 -6631 -6588 -6592 -6537 -6680 -6386 -6568 -6580 -6593 -6591 -6654 -6616 -6546 -6576 -6583 -6563 -6584 -6589 -6591
 -1.454e+04 -1.455e+04 -1.455e+04 -1.454e+04 -1.454e+04 -1.449e+04 -1.454e+04 -1.451e+04 -1.454e+04 -1.454e+04 -1.453e+04 -1.449e+04 -1.456e+04 -1.454e+04 -1.454e+04 -1.454e+04 -1.454e+04 -1.454e+04 -1.455e+04 -1.455e+04
 -49 -38 -40 -46 -40 -45 -37 -69 -31 -41 -28 -32 -48 -48 -43 -59 -88 91 2 -67
 -33 -22 -24 -36 -40 -60 -10 -41 -16 -179 110 -20 -34 -93 -61 -61 -64 -21 -12 -20
 -3.69e+04 -3.689e+04 -3.691e+04 -3.69e+04 -3.689e+04 -3.687e+04 -3.69e+04 -3.691e+04 -3.69e+04 -3.691e+04 -3.69e+04 -3.691e+04 -3.689e+04 -3.688e+04 -3.683e+04 -3.69e+04 -3.691e+04 -3.69e+04 -3.691e+04 -3.692e+04
 -5274 -5287 -5270 -5274 -5272 -5259 -5253 -5268 -5250 -5162 -5181 -5259 -5264 -5254 -5221 -5270 -5260 -5258 -5296 -5268
 -4.53e+04 -4.53e+04 -4.53e+04 -4.531e+04 -4.53e+04 -4.53e+04 -4.528e+04 -4.519e+04 -4.528e+04 -4.53e+04 -4.529e+04 -4.53e+04 -4.526e+04 -4.531e+04 -4.53e+04 -4.53e+04 -4.531e+04 -4.529e+04 -4.53e+04 -4.529e+04
 -1.424e+05 -1.425e+05 -1.425e+05 -1.425e+05 -1.425e+05 -1.425e+05 -1.425e+05 -1.425e+05 -1.425e+05 -1.425e+05 -1.425e+05 -1.425e+05 -1.425e+05 -1.425e+05 -1.425e+05 -1.424e+05 -1.425e+05 -1.425e+05 -1.425e+05 -1.424e+05
 -2.429e+04 -2.429e+04 -2.429e+04 -2.429e+04 -2.429e+04 -2.429e+04 -2.429e+04 -2.429e+04 -2.429e+04 -2.43e+04 -2.429e+04 -2.429e+04 -2.429e+04 -2.43e+04 -2.429e+04 -2.424e+04 -2.431e+04 -2.43e+04 -2.427e+04 -2.429e+04
 -3.49e+04 -3.489e+04 -3.489e+04 -3.49e+04 -3.49e+04 -3.49e+04 -3.489e+04 -3.489e+04 -3.49e+04 -3.489e+04 -3.485e+04 -3.489e+04 -3.488e+04 -3.488e+04 -3.49e+04 -3.489e+04 -3.492e+04 -3.489e+04 -3.489e+04 -3.49e+04
 -1046 -1120 -1140 -1059 -1091 -1220 -1108 -1075 -1056 -1063 -1066 -835 -984 -1038 -1075 -1029 -981 -1062 -1034 -1051
 -7.699e+05 -7.699e+05 -7.699e+05 -7.699e+05 -7.699e+05 -7.699e+05 -7.699e+05 -7.699e+05 -7.699e+05 -7.699e+05 -7.699e+05 -7.699e+05 -7.699e+05 -7.699e+05 -7.699e+05 -7.699e+05 -7.699e+05 -7.699e+05 -7.698e+05 -7.699e+05
 131 -100 -106 -134 -132 -90 -91 -339 -140 -104 -100 -113 -198 -281 -195 -157 -122 -116 -323 112
 -968 -1082 -1050 -1038 -986 -1055 -1032 -1027 -1022 -1033 -1021 -1033 -1056 -1040 -860 -1060 -1071 -1029 -1062 -1037
 -1.751e+04 -1.75e+04 -1.75e+04 -1.75e+04 -1.75e+04 -1.75e+04 -1.75e+04 -1.749e+04 -1.75e+04 -1.751e+04 -1.75e+04 -1.75e+04 -1.75e+04 -1.751e+04 -1.751e+04 -1.747e+04 -1.751e+04 -1.751e+04 -1.751e+04 -1.747e+04
 -896 -887 -882 -895 -885 -889 -894 -882 -883 -891 -884 -893 -894 -889 -906 -893 -921 -816 -911 -899
 -567 -83 -85 -85 -90 -81 -78 -76 -77 -77 -79 -110 -62 -92 -47 953 -120 -58 -67 -759
 -3.977e+04 -3.98e+04 -3.981e+04 -3.98e+04 -3.98e+04 -3.981e+04 -3.98e+04 -3.98e+04 -3.98e+04 -3.981e+04 -3.981e+04 -3.981e+04 -3.981e+04 -3.983e+04 -3.981e+04 -3.982e+04 -3.981e+04 -3.981e+04 -3.981e+04 -3.978e+04
 -6429 -6387 -6387 -6379 -6364 -6357 -6380 -6378 -6384 -6369 -6383 -6399 -6372 -6394 -6356 -6280 -6392 -6398 -6378 -6311
 -4.213e+04 -4.216e+04 -4.216e+04 -4.216e+04 -4.216e+04 -4.216e+04 -4.215e+04 -4.216e+04 -4.216e+04 -4.215e+04 -4.217e+04 -4.215e+04 -4.216e+04 -4.215e+04 -4.214e+04 -4.216e+04 -4.216e+04 -4.213e+04 -4.212e+04 -4.216e+04
 -3.557e+04 -3.56e+04 -3.56e+04 -3.559e+04 -3.56e+04 -3.56e+04 -3.56e+04 -3.56e+04 -3.56e+04 -3.56e+04 -3.56e+04 -3.56e+04 -3.561e+04 -3.56e+04 -3.56e+04 -3.56e+04 -3.56e+04 -3.557e+04 -3.56e+04 -3.561e+04
 -4.063e+04 -4.059e+04 -4.059e+04 -4.063e+04 -4.064e+04 -4.062e+04 -4.065e+04 -4.064e+04 -4.063e+04 -4.063e+04 -4.063e+04 -4.063e+04 -4.064e+04 -4.064e+04 -4.063e+04 -4.064e+04 -4.066e+04 -4.063e+04 -4.064e+04 -4.062e+04
 -5060 -5152 -5152 -5148 -5155 -5149 -5148 -5153 -5144 -5152 -5143 -5144 -5152 -5151 -5155 -5141 -5161 -5047 -5172 -5167
 -3152 -3114 -3100 -3114 -3109 -3083 -3089 -3081 -2961 -3123 -3125 -3106 -3122 -3128 -3095 -3117 -3122 -3110 -3101 -3105
 -3640 -3517 -3684 -3685 -3689 -3710 -3669 -3666 -3657 -3666 -3661 -3568 -3693 -3677 -3650 -3669 -3696 -3665 -3682 -3673
 -3.048e+04 -3.049e+04 -3.049e+04 -3.049e+04 -3.05e+04 -3.049e+04 -3.049e+04 -3.049e+04 -3.049e+04 -3.049e+04 -3.049e+04 -3.049e+04 -3.049e+04 -3.05e+04 -3.05e+04 -3.043e+04 -3.049e+04 -3.051e+04 -3.05e+04 -3.045e+04
 -2517 -2549 -2551 -2548 -2560 -2564 -2559 -2548 -2533 -2458 -2477 -2536 -2565 -2566 -2574 -2547 -2553 -2546 -2554 -2548
 -2.558e+04 -2.558e+04 -2.557e+04 -2.558e+04 -2.555e+04 -2.543e+04 -2.558e+04 -2.555e+04 -2.556e+04 -2.556e+04 -2.557e+04 -2.559e+04 -2.559e+04 -2.556e+04 -2.558e+04 -2.556e+04 -2.556e+04 -2.557e+04 -2.558e+04 -2.558e+04
 -8.685e+04 -8.686e+04 -8.687e+04 -8.683e+04 -8.683e+04 -8.687e+04 -8.684e+04 -8.684e+04 -8.683e+04 -8.685e+04 -8.686e+04 -8.685e+04 -8.685e+04 -8.686e+04 -8.686e+04 -8.685e+04 -8.685e+04 -8.685e+04 -8.686e+04 -8.684e+04
 -3.915e+04 -3.916e+04 -3.914e+04 -3.912e+04 -3.911e+04 -3.915e+04 -3.914e+04 -3.915e+04 -3.915e+04 -3.915e+04 -3.915e+04 -3.916e+04 -3.913e+04 -3.916e+04 -3.915e+04 -3.916e+04 -3.915e+04 -3.915e+04 -3.916e+04 -3.916e+04
 -9921 -9906 -9920 -9925 -9916 -9916 -9913 -9783 -9885 -9912 -9915 -9925 -9903 -9931 -9914 -9919 -9916 -9907 -9929 -9937
 -4.045e+04 -4.046e+04 -4.043e+04 -4.041e+04 -4.044e+04 -4.047e+04 -4.045e+04 -4.045e+04 -4.045e+04 -4.045e+04 -4.045e+04 -4.045e+04 -4.043e+04 -4.045e+04 -4.045e+04 -4.044e+04 -4.044e+04 -4.045e+04 -4.045e+04 -4.045e+04
 -8.498e+04 -8.494e+04 -8.494e+04 -8.497e+04 -8.498e+04 -8.494e+04 -8.498e+04 -8.498e+04 -8.497e+04 -8.498e+04 -8.497e+04 -8.497e+04 -8.498e+04 -8.497e+04 -8.498e+04 -8.498e+04 -8.497e+04 -8.498e+04 -8.498e+04 -8.498e+04
 -6806 -6832 -6817 -6837 -6847 -6839 -6815 -6822 -6802 -6724 -6750 -6808 -6832 -6838 -6820 -6831 -6861 -6807 -6844 -6806
 -4.747e+04 -4.746e+04 -4.746e+04 -4.746e+04 -4.746e+04 -4.746e+04 -4.746e+04 -4.747e+04 -4.746e+04 -4.746e+04 -4.746e+04 -4.747e+04 -4.747e+04 -4.747e+04 -4.746e+04 -4.747e+04 -4.743e+04 -4.743e+04 -4.746e+04 -4.746e+04
 -3.804e+05 -3.804e+05 -3.804e+05 -3.804e+05 -3.804e+05 -3.804e+05 -3.804e+05 -3.804e+05 -3.804e+05 -3.804e+05 -3.804e+05 -3.804e+05 -3.804e+05 -3.803e+05 -3.804e+05 -3.804e+05 -3.804e+05 -3.804e+05 -3.804e+05 -3.804e+05
 -1017 -1013 -1013 -1022 -1021 -1014 -993 -1016 -1007 -1018 -788 -1018 -1020 -1019 -1015 -1014 -1002 -1004 -1023 -1026
 -2.399e+04 -2.398e+04 -2.398e+04 -2.395e+04 -2.398e+04 -2.4e+04 -2.399e+04 -2.398e+04 -2.398e+04 -2.399e+04 -2.398e+04 -2.396e+04 -2.392e+04 -2.4e+04 -2.399e+04 -2.399e+04 -2.399e+04 -2.398e+04 -2.4e+04 -2.4e+04
 -7620 -7665 -7671 -7667 -7661 -7661 -7658 -7660 -7649 -7681 -7646 -7655 -7676 -7681 -7666 -7726 -7673 -7551 -7639 -7676
 -9.238e+04 -9.238e+04 -9.241e+04 -9.237e+04 -9.24e+04 -9.232e+04 -9.229e+04 -9.238e+04 -9.238e+04 -9.238e+04 -9.238e+04 -9.237e+04 -9.238e+04 -9.238e+04 -9.239e+04 -9.238e+04 -9.239e+04 -9.238e+04 -9.238e+04 -9.238e+04
 -4693 -4686 -4669 -4675 -4697 -4723 -4690 -4589 -4432 -4696 -4677 -4686 -4651 -4704 -4686 -4706 -4707 -4684 -4741 -4685
 -2091 -2084 -2088 -2095 -2094 -2080 -2041 -2081 -1888 -2079 -2078 -2089 -2094 -2076 -2082 -2084 -2094 -2080 -2112 -2101
 -1.422e+04 -1.421e+04 -1.422e+04 -1.421e+04 -1.421e+04 -1.422e+04 -1.421e+04 -1.42e+04 -1.421e+04 -1.422e+04 -1.422e+04 -1.422e+04 -1.422e+04 -1.422e+04 -1.422e+04 -1.421e+04 -1.42e+04 -1.422e+04 -1.42e+04 -1.422e+04
 -3.567e+04 -3.566e+04 -3.565e+04 -3.566e+04 -3.566e+04 -3.564e+04 -3.566e+04 -3.567e+04 -3.565e+04 -3.565e+04 -3.565e+04 -3.56e+04 -3.566e+04 -3.565e+04 -3.566e+04 -3.566e+04 -3.566e+04 -3.566e+04 -3.567e+04 -3.565e+04
 -6.413e+05 -6.413e+05 -6.413e+05 -6.413e+05 -6.413e+05 -6.413e+05 -6.413e+05 -6.413e+05 -6.413e+05 -6.413e+05 -6.413e+05 -6.413e+05 -6.413e+05 -6.413e+05 -6.413e+05 -6.413e+05 -6.413e+05 -6.413e+05 -6.413e+05 -6.413e+05
 -1.938e+04 -1.936e+04 -1.937e+04 -1.936e+04 -1.936e+04 -1.936e+04 -1.936e+04 -1.936e+04 -1.936e+04 -1.932e+04 -1.936e+04 -1.936e+04 -1.937e+04 -1.936e+04 -1.936e+04 -1.935e+04 -1.936e+04 -1.935e+04 -1.934e+04 -1.937e+04
 -1.408e+04 -1.409e+04 -1.409e+04 -1.409e+04 -1.41e+04 -1.408e+04 -1.408e+04 -1.408e+04 -1.408e+04 -1.408e+04 -1.408e+04 -1.409e+04 -1.409e+04 -1.41e+04 -1.409e+04 -1.402e+04 -1.408e+04 -1.409e+04 -1.41e+04 -1.409e+04
 -1.976e+04 -1.979e+04 -1.98e+04 -1.98e+04 -1.98e+04 -1.979e+04 -1.979e+04 -1.98e+04 -1.98e+04 -1.98e+04 -1.979e+04 -1.979e+04 -1.981e+04 -1.982e+04 -1.979e+04 -1.976e+04 -1.979e+04 -1.982e+04 -1.982e+04 -1.983e+04
 -1164 -1150 -1168 -1156 -1159 -1147 -1142 -1162 -1160 -1169 -1144 -1166 -1165 -1119 -1174 -1187 -1171 -970 -1097 -1163
 -1.869e+05 -1.869e+05 -1.869e+05 -1.869e+05 -1.869e+05 -1.869e+05 -1.869e+05 -1.869e+05 -1.869e+05 -1.87e+05 -1.869e+05 -1.869e+05 -1.869e+05 -1.869e+05 -1.869e+05 -1.869e+05 -1.87e+05 -1.869e+05 -1.869e+05 -1.869e+05
 -3.197e+04 -3.198e+04 -3.198e+04 -3.197e+04 -3.199e+04 -3.197e+04 -3.198e+04 -3.198e+04 -3.198e+04 -3.198e+04 -3.197e+04 -3.196e+04 -3.199e+04 -3.198e+04 -3.199e+04 -3.199e+04 -3.195e+04 -3.197e+04 -3.193e+04 -3.198e+04
 -7.545e+04 -7.542e+04 -7.529e+04 -7.538e+04 -7.546e+04 -7.544e+04 -7.55e+04 -7.545e+04 -7.545e+04 -7.546e+04 -7.544e+04 -7.546e+04 -7.547e+04 -7.546e+04 -7.545e+04 -7.546e+04 -7.546e+04 -7.544e+04 -7.546e+04 -7.544e+04
 -1.946e+04 -1.947e+04 -1.947e+04 -1.946e+04 -1.946e+04 -1.946e+04 -1.947e+04 -1.947e+04 -1.946e+04 -1.946e+04 -1.947e+04 -1.947e+04 -1.946e+04 -1.946e+04 -1.946e+04 -1.946e+04 -1.942e+04 -1.943e+04 -1.951e+04 -1.944e+04
 -3.137e+04 -3.138e+04 -3.139e+04 -3.146e+04 -3.129e+04 -3.145e+04 -3.14e+04 -3.14e+04 -3.14e+04 -3.14e+04 -3.14e+04 -3.14e+04 -3.143e+04 -3.141e+04 -3.14e+04 -3.14e+04 -3.141e+04 -3.14e+04 -3.142e+04 -3.14e+04
 -1.395e+04 -1.394e+04 -1.4e+04 -1.396e+04 -1.394e+04 -1.399e+04 -1.373e+04 -1.394e+04 -1.393e+04 -1.398e+04 -1.397e+04 -1.395e+04 -1.395e+04 -1.392e+04 -1.396e+04 -1.397e+04 -1.396e+04 -1.397e+04 -1.397e+04 -1.397e+04
 -4.182e+04 -4.182e+04 -4.184e+04 -4.184e+04 -4.182e+04 -4.183e+04 -4.183e+04 -4.183e+04 -4.182e+04 -4.183e+04 -4.182e+04 -4.182e+04 -4.182e+04 -4.183e+04 -4.172e+04 -4.183e+04 -4.183e+04 -4.183e+04 -4.185e+04 -4.181e+04
 -2.299e+04 -2.279e+04 -2.303e+04 -2.305e+04 -2.298e+04 -2.292e+04 -2.297e+04 -2.298e+04 -2.298e+04 -2.299e+04 -2.299e+04 -2.3e+04 -2.298e+04 -2.298e+04 -2.299e+04 -2.298e+04 -2.3e+04 -2.298e+04 -2.299e+04 -2.298e+04
 -7.119e+04 -7.116e+04 -7.118e+04 -7.115e+04 -7.116e+04 -7.119e+04 -7.118e+04 -7.119e+04 -7.118e+04 -7.119e+04 -7.118e+04 -7.119e+04 -7.12e+04 -7.12e+04 -7.119e+04 -7.119e+04 -7.116e+04 -7.119e+04 -7.119e+04 -7.119e+04
 -234 -229 -245 -234 -228 -227 -235 -227 -223 -201 247 -228 -239 -232 -230 -231 -235 -224 -235 -229
 -47 -35 -28 -34 -39 -41 -32 -46 -33 -44 -31 -30 -28 -41 -76 -54 -44 38 4 -63
 -6.468e+04 -6.472e+04 -6.471e+04 -6.472e+04 -6.471e+04 -6.472e+04 -6.471e+04 -6.472e+04 -6.472e+04 -6.471e+04 -6.471e+04 -6.47e+04 -6.472e+04 -6.468e+04 -6.471e+04 -6.472e+04 -6.471e+04 -6.472e+04 -6.47e+04 -6.47e+04
 -480 -362 -359 -364 -367 -379 -401 -376 -359 -344 -378 -356 -369 -399 -367 -313 -274 -311 -350 -311
 -3.952e+04 -3.953e+04 -3.951e+04 -3.954e+04 -3.953e+04 -3.95e+04 -3.953e+04 -3.952e+04 -3.953e+04 -3.952e+04 -3.952e+04 -3.953e+04 -3.952e+04 -3.953e+04 -3.952e+04 -3.954e+04 -3.952e+04 -3.952e+04 -3.952e+04 -3.952e+04
 -237 -128 -70 -106 -312 -59 -67 -121 -278 -79 -82 115 -211 -149 -110 -207 -5 -131 -223 -265
 -329 -321 -306 -331 -305 -318 -290 -326 -307 -332 -298 -308 -359 -331 -314 -275 -357 -145 -216 -320


