# Created by Octave 5.2.0, Thu Sep 24 22:16:06 2020 CEST <jiwidi@land>
# name: w
# type: matrix
# rows: 101
# columns: 20
 -4.316e+09 -4.316e+09 -4.316e+09 -4.316e+09 -4.316e+09 -4.316e+09 -4.316e+09 -4.316e+09 -4.316e+09 -4.316e+09 -4.316e+09 -4.316e+09 -4.316e+09 -4.316e+09 -4.316e+09 -4.316e+09 -4.316e+09 -4.316e+09 -4.316e+09 -4.316e+09
 -5.268e+08 -5.267e+08 -5.268e+08 -5.268e+08 -5.268e+08 -5.267e+08 -5.267e+08 -5.268e+08 -5.267e+08 -5.267e+08 -5.268e+08 -5.267e+08 -5.268e+08 -5.268e+08 -5.267e+08 -5.267e+08 -5.268e+08 -5.267e+08 -5.265e+08 -5.268e+08
 -9.772e+07 -9.776e+07 -9.766e+07 -9.769e+07 -9.763e+07 -9.77e+07 -9.76e+07 -9.766e+07 -9.766e+07 -9.765e+07 -9.766e+07 -9.748e+07 -9.766e+07 -9.77e+07 -9.77e+07 -9.767e+07 -9.764e+07 -9.758e+07 -9.768e+07 -9.767e+07
 -1.058e+08 -1.067e+08 -1.062e+08 -1.058e+08 -1.068e+08 -1.062e+08 -1.058e+08 -1.058e+08 -1.058e+08 -1.058e+08 -1.058e+08 -1.058e+08 -1.058e+08 -1.058e+08 -1.058e+08 -1.058e+08 -1.048e+08 -1.059e+08 -1.057e+08 -1.058e+08
 -6.36e+06 -6.25e+06 -6.25e+06 -6.27e+06 -6.26e+06 -6.2e+06 -6.22e+06 -6.26e+06 -6.23e+06 -6.2e+06 -6.31e+06 -6.24e+06 -6.24e+06 -6.22e+06 -6.25e+06 -6.21e+06 -6.37e+06 -5.94e+06 -6.01e+06 -6.32e+06
 -4.446e+08 -4.447e+08 -4.446e+08 -4.446e+08 -4.447e+08 -4.446e+08 -4.446e+08 -4.446e+08 -4.446e+08 -4.446e+08 -4.446e+08 -4.446e+08 -4.445e+08 -4.446e+08 -4.446e+08 -4.446e+08 -4.445e+08 -4.446e+08 -4.447e+08 -4.446e+08
 -2.044e+08 -2.044e+08 -2.045e+08 -2.044e+08 -2.044e+08 -2.045e+08 -2.044e+08 -2.044e+08 -2.044e+08 -2.043e+08 -2.044e+08 -2.044e+08 -2.044e+08 -2.044e+08 -2.044e+08 -2.045e+08 -2.045e+08 -2.044e+08 -2.045e+08 -2.044e+08
 -4.4e+06 -4.16e+06 -4.18e+06 -4.23e+06 -4.25e+06 -5.21e+06 -4.35e+06 -4.31e+06 -4.21e+06 -4.35e+06 -4.33e+06 -4.33e+06 -4.22e+06 -4.39e+06 -4.23e+06 -4.14e+06 -4.51e+06 -3.95e+06 -4.01e+06 -4.08e+06
 -5.98e+06 -6.4e+06 -5.94e+06 -6.14e+06 -6.85e+06 -6.52e+06 -6.03e+06 -6.16e+06 -6.11e+06 -6.19e+06 -6.13e+06 -5.65e+06 -6.34e+06 -6.18e+06 -5.81e+06 -6.67e+06 -6.18e+06 -6.28e+06 -6.87e+06 -6.5e+06
 -1.256e+08 -1.256e+08 -1.257e+08 -1.256e+08 -1.256e+08 -1.258e+08 -1.256e+08 -1.256e+08 -1.257e+08 -1.256e+08 -1.256e+08 -1.256e+08 -1.256e+08 -1.257e+08 -1.257e+08 -1.257e+08 -1.257e+08 -1.257e+08 -1.257e+08 -1.256e+08
 -2.48e+06 -2.27e+06 -2.34e+06 -3.18e+06 -2.47e+06 -2.26e+06 -2.31e+06 -2.57e+06 -2.47e+06 -2.46e+06 -2.44e+06 -2.13e+06 -3.51e+06 -2.48e+06 -2.5e+06 -2.43e+06 -2.25e+06 -2.49e+06 -2.27e+06 -2.48e+06
 -2.04e+08 -2.04e+08 -2.04e+08 -2.04e+08 -2.04e+08 -2.04e+08 -2.04e+08 -2.04e+08 -2.04e+08 -2.04e+08 -2.04e+08 -2.04e+08 -2.04e+08 -2.04e+08 -2.04e+08 -2.04e+08 -2.038e+08 -2.04e+08 -2.039e+08 -2.039e+08
 -4.591e+07 -4.584e+07 -4.592e+07 -4.59e+07 -4.595e+07 -4.597e+07 -4.589e+07 -4.59e+07 -4.592e+07 -4.581e+07 -4.586e+07 -4.588e+07 -4.579e+07 -4.594e+07 -4.595e+07 -4.592e+07 -4.586e+07 -4.593e+07 -4.591e+07 -4.588e+07
 -4.531e+07 -4.407e+07 -4.561e+07 -4.644e+07 -4.539e+07 -4.314e+07 -4.551e+07 -4.531e+07 -4.532e+07 -4.531e+07 -4.531e+07 -4.535e+07 -4.535e+07 -4.537e+07 -4.54e+07 -4.534e+07 -4.522e+07 -4.534e+07 -4.541e+07 -4.463e+07
 -8.989e+07 -8.973e+07 -8.98e+07 -8.922e+07 -8.977e+07 -9.418e+07 -8.961e+07 -8.994e+07 -8.994e+07 -8.991e+07 -8.994e+07 -8.988e+07 -8.991e+07 -8.993e+07 -8.993e+07 -8.99e+07 -9.016e+07 -8.994e+07 -8.989e+07 -8.995e+07
 -2.217e+08 -2.216e+08 -2.216e+08 -2.216e+08 -2.216e+08 -2.216e+08 -2.216e+08 -2.216e+08 -2.216e+08 -2.216e+08 -2.216e+08 -2.216e+08 -2.216e+08 -2.216e+08 -2.216e+08 -2.217e+08 -2.216e+08 -2.217e+08 -2.216e+08 -2.215e+08
 -2.364e+08 -2.363e+08 -2.363e+08 -2.364e+08 -2.363e+08 -2.364e+08 -2.363e+08 -2.363e+08 -2.363e+08 -2.363e+08 -2.363e+08 -2.364e+08 -2.363e+08 -2.363e+08 -2.363e+08 -2.363e+08 -2.364e+08 -2.362e+08 -2.362e+08 -2.363e+08
 -1.378e+08 -1.379e+08 -1.377e+08 -1.378e+08 -1.379e+08 -1.377e+08 -1.378e+08 -1.378e+08 -1.378e+08 -1.378e+08 -1.378e+08 -1.378e+08 -1.378e+08 -1.378e+08 -1.378e+08 -1.378e+08 -1.376e+08 -1.378e+08 -1.378e+08 -1.377e+08
 -1.283e+08 -1.283e+08 -1.284e+08 -1.284e+08 -1.283e+08 -1.284e+08 -1.284e+08 -1.284e+08 -1.284e+08 -1.284e+08 -1.284e+08 -1.284e+08 -1.284e+08 -1.283e+08 -1.284e+08 -1.283e+08 -1.285e+08 -1.284e+08 -1.283e+08 -1.284e+08
 -4.866e+08 -4.866e+08 -4.866e+08 -4.866e+08 -4.866e+08 -4.866e+08 -4.866e+08 -4.866e+08 -4.866e+08 -4.866e+08 -4.866e+08 -4.866e+08 -4.866e+08 -4.866e+08 -4.866e+08 -4.866e+08 -4.866e+08 -4.866e+08 -4.866e+08 -4.866e+08
 -3.58e+08 -3.58e+08 -3.58e+08 -3.58e+08 -3.58e+08 -3.58e+08 -3.58e+08 -3.58e+08 -3.58e+08 -3.58e+08 -3.58e+08 -3.58e+08 -3.58e+08 -3.58e+08 -3.58e+08 -3.579e+08 -3.579e+08 -3.58e+08 -3.58e+08 -3.579e+08
 -2.717e+08 -2.717e+08 -2.717e+08 -2.717e+08 -2.717e+08 -2.717e+08 -2.716e+08 -2.717e+08 -2.717e+08 -2.717e+08 -2.716e+08 -2.716e+08 -2.717e+08 -2.717e+08 -2.717e+08 -2.717e+08 -2.717e+08 -2.717e+08 -2.716e+08 -2.716e+08
 -2.093e+08 -2.093e+08 -2.095e+08 -2.094e+08 -2.09e+08 -2.093e+08 -2.092e+08 -2.093e+08 -2.093e+08 -2.093e+08 -2.093e+08 -2.092e+08 -2.093e+08 -2.092e+08 -2.093e+08 -2.093e+08 -2.093e+08 -2.093e+08 -2.093e+08 -2.092e+08
 -2.264e+08 -2.266e+08 -2.266e+08 -2.265e+08 -2.266e+08 -2.266e+08 -2.266e+08 -2.265e+08 -2.266e+08 -2.265e+08 -2.266e+08 -2.266e+08 -2.265e+08 -2.265e+08 -2.264e+08 -2.265e+08 -2.265e+08 -2.265e+08 -2.266e+08 -2.265e+08
 -5.701e+08 -5.7e+08 -5.703e+08 -5.701e+08 -5.7e+08 -5.7e+08 -5.701e+08 -5.701e+08 -5.701e+08 -5.701e+08 -5.702e+08 -5.701e+08 -5.7e+08 -5.701e+08 -5.701e+08 -5.701e+08 -5.702e+08 -5.702e+08 -5.701e+08 -5.701e+08
 -4.971e+07 -4.969e+07 -4.97e+07 -4.965e+07 -4.974e+07 -4.97e+07 -4.972e+07 -4.968e+07 -4.968e+07 -4.968e+07 -4.963e+07 -4.968e+07 -4.967e+07 -4.969e+07 -4.964e+07 -4.968e+07 -4.963e+07 -4.967e+07 -4.966e+07 -4.97e+07
 -1.803e+07 -1.808e+07 -1.807e+07 -1.81e+07 -1.805e+07 -1.821e+07 -1.804e+07 -1.797e+07 -1.803e+07 -1.79e+07 -1.785e+07 -1.799e+07 -1.807e+07 -1.805e+07 -1.801e+07 -1.8e+07 -1.803e+07 -1.804e+07 -1.807e+07 -1.806e+07
 -6.772e+08 -6.77e+08 -6.771e+08 -6.772e+08 -6.773e+08 -6.768e+08 -6.772e+08 -6.772e+08 -6.772e+08 -6.772e+08 -6.772e+08 -6.772e+08 -6.771e+08 -6.772e+08 -6.771e+08 -6.772e+08 -6.78e+08 -6.772e+08 -6.772e+08 -6.772e+08
 -1.987e+08 -1.986e+08 -1.986e+08 -1.986e+08 -1.987e+08 -1.986e+08 -1.986e+08 -1.986e+08 -1.986e+08 -1.986e+08 -1.986e+08 -1.986e+08 -1.986e+08 -1.987e+08 -1.986e+08 -1.986e+08 -1.986e+08 -1.987e+08 -1.987e+08 -1.985e+08
 -4.205e+08 -4.205e+08 -4.204e+08 -4.202e+08 -4.205e+08 -4.204e+08 -4.205e+08 -4.205e+08 -4.205e+08 -4.205e+08 -4.205e+08 -4.205e+08 -4.205e+08 -4.205e+08 -4.204e+08 -4.205e+08 -4.205e+08 -4.205e+08 -4.204e+08 -4.205e+08
 -5.341e+08 -5.341e+08 -5.341e+08 -5.341e+08 -5.341e+08 -5.34e+08 -5.34e+08 -5.341e+08 -5.34e+08 -5.34e+08 -5.341e+08 -5.341e+08 -5.34e+08 -5.34e+08 -5.34e+08 -5.341e+08 -5.343e+08 -5.341e+08 -5.341e+08 -5.341e+08
 -9.947e+07 -9.951e+07 -9.943e+07 -9.941e+07 -9.953e+07 -9.945e+07 -9.939e+07 -9.94e+07 -9.939e+07 -9.941e+07 -9.941e+07 -9.943e+07 -9.944e+07 -9.947e+07 -9.944e+07 -9.947e+07 -9.907e+07 -9.931e+07 -9.939e+07 -9.943e+07
 -5.77e+07 -5.767e+07 -5.774e+07 -5.764e+07 -5.774e+07 -5.778e+07 -5.766e+07 -5.763e+07 -5.761e+07 -5.743e+07 -5.752e+07 -5.767e+07 -5.765e+07 -5.762e+07 -5.757e+07 -5.766e+07 -5.765e+07 -5.767e+07 -5.763e+07 -5.764e+07
 -1.044e+08 -1.043e+08 -1.042e+08 -1.042e+08 -1.042e+08 -1.042e+08 -1.042e+08 -1.042e+08 -1.042e+08 -1.042e+08 -1.042e+08 -1.042e+08 -1.042e+08 -1.042e+08 -1.042e+08 -1.039e+08 -1.042e+08 -1.044e+08 -1.042e+08 -1.038e+08
 -2.821e+08 -2.821e+08 -2.821e+08 -2.821e+08 -2.821e+08 -2.821e+08 -2.821e+08 -2.821e+08 -2.821e+08 -2.821e+08 -2.821e+08 -2.821e+08 -2.82e+08 -2.821e+08 -2.821e+08 -2.822e+08 -2.82e+08 -2.821e+08 -2.82e+08 -2.821e+08
 -1.768e+07 -1.789e+07 -1.769e+07 -1.775e+07 -1.765e+07 -1.798e+07 -1.759e+07 -1.782e+07 -1.767e+07 -1.737e+07 -1.77e+07 -1.77e+07 -1.774e+07 -1.764e+07 -1.765e+07 -1.767e+07 -1.773e+07 -1.765e+07 -1.763e+07 -1.765e+07
 -4.816e+07 -4.818e+07 -4.822e+07 -4.814e+07 -4.81e+07 -5.008e+07 -4.76e+07 -4.816e+07 -4.814e+07 -4.818e+07 -4.818e+07 -4.819e+07 -4.814e+07 -4.812e+07 -4.817e+07 -4.817e+07 -4.818e+07 -4.816e+07 -4.819e+07 -4.817e+07
 -7.889e+07 -7.896e+07 -7.895e+07 -7.887e+07 -7.887e+07 -7.879e+07 -7.889e+07 -7.888e+07 -7.89e+07 -7.889e+07 -7.889e+07 -7.877e+07 -7.893e+07 -7.893e+07 -7.894e+07 -7.891e+07 -7.892e+07 -7.894e+07 -7.895e+07 -7.895e+07
 -4.9e+05 -3.9e+05 -3.8e+05 -4.6e+05 -3.7e+05 -4.5e+05 -3.7e+05 -3.3e+05 -3.9e+05 -3.7e+05 -3.8e+05 -4e+05 -3.1e+05 -3.9e+05 -3.5e+05 -4.7e+05 -4.6e+05 2.8e+05 -1e+04 -5.6e+05
 -1.6e+05 -5e+04 -9e+04 -3e+04 -8e+04 -1.13e+06 0 -1.9e+05 -6e+04 -2e+05 3.9e+05 -1.1e+05 -6e+04 -1e+05 -1e+05 -3e+05 -1.9e+05 -7e+04 1.1e+05 -5e+04
 -1.612e+08 -1.612e+08 -1.613e+08 -1.612e+08 -1.613e+08 -1.612e+08 -1.613e+08 -1.612e+08 -1.613e+08 -1.612e+08 -1.612e+08 -1.613e+08 -1.612e+08 -1.612e+08 -1.611e+08 -1.612e+08 -1.613e+08 -1.612e+08 -1.612e+08 -1.613e+08
 -2.448e+07 -2.455e+07 -2.449e+07 -2.449e+07 -2.448e+07 -2.446e+07 -2.444e+07 -2.446e+07 -2.442e+07 -2.439e+07 -2.441e+07 -2.446e+07 -2.446e+07 -2.446e+07 -2.441e+07 -2.445e+07 -2.449e+07 -2.448e+07 -2.449e+07 -2.449e+07
 -2.001e+08 -2e+08 -2e+08 -2e+08 -2e+08 -2e+08 -2e+08 -1.999e+08 -1.999e+08 -2e+08 -2e+08 -2e+08 -1.999e+08 -2e+08 -2e+08 -2e+08 -2e+08 -2e+08 -2e+08 -2e+08
 -9.539e+08 -9.538e+08 -9.538e+08 -9.538e+08 -9.538e+08 -9.538e+08 -9.538e+08 -9.539e+08 -9.538e+08 -9.538e+08 -9.538e+08 -9.538e+08 -9.538e+08 -9.539e+08 -9.538e+08 -9.536e+08 -9.538e+08 -9.538e+08 -9.539e+08 -9.538e+08
 -1.386e+08 -1.386e+08 -1.386e+08 -1.386e+08 -1.386e+08 -1.386e+08 -1.386e+08 -1.386e+08 -1.386e+08 -1.386e+08 -1.386e+08 -1.386e+08 -1.386e+08 -1.386e+08 -1.386e+08 -1.385e+08 -1.387e+08 -1.387e+08 -1.386e+08 -1.386e+08
 -1.598e+08 -1.598e+08 -1.598e+08 -1.598e+08 -1.599e+08 -1.599e+08 -1.598e+08 -1.598e+08 -1.599e+08 -1.599e+08 -1.598e+08 -1.598e+08 -1.599e+08 -1.597e+08 -1.599e+08 -1.598e+08 -1.599e+08 -1.599e+08 -1.599e+08 -1.599e+08
 -1.078e+07 -1.197e+07 -1.161e+07 -1.056e+07 -1.105e+07 -1.164e+07 -1.104e+07 -1.08e+07 -1.078e+07 -1.079e+07 -1.083e+07 -9.78e+06 -1.042e+07 -1.078e+07 -1.097e+07 -1.066e+07 -1.081e+07 -1.078e+07 -1.075e+07 -1.069e+07
 -3.434e+09 -3.434e+09 -3.434e+09 -3.434e+09 -3.434e+09 -3.434e+09 -3.434e+09 -3.434e+09 -3.434e+09 -3.434e+09 -3.434e+09 -3.434e+09 -3.434e+09 -3.434e+09 -3.434e+09 -3.434e+09 -3.434e+09 -3.434e+09 -3.434e+09 -3.434e+09
 9.5e+05 -6.2e+05 -6.3e+05 -7.1e+05 -1.18e+06 -1.02e+06 -6.3e+05 -9.4e+05 -7.4e+05 -8e+05 -8.3e+05 -7e+05 -7e+05 -2.43e+06 -9.7e+05 -2e+06 -7.9e+05 -7.8e+05 -1.4e+06 1.03e+06
 -2.16e+06 -2.77e+06 -2.51e+06 -2.33e+06 -2.21e+06 -3.55e+06 -2.3e+06 -2.37e+06 -2.37e+06 -2.39e+06 -2.39e+06 -2.31e+06 -2.67e+06 -2.75e+06 -2e+06 -2.34e+06 -3.32e+06 -2.4e+06 -2.72e+06 -2.33e+06
 -1.337e+08 -1.337e+08 -1.337e+08 -1.337e+08 -1.337e+08 -1.337e+08 -1.337e+08 -1.337e+08 -1.338e+08 -1.338e+08 -1.337e+08 -1.337e+08 -1.337e+08 -1.337e+08 -1.337e+08 -1.335e+08 -1.337e+08 -1.337e+08 -1.338e+08 -1.336e+08
 -3.88e+06 -3.86e+06 -3.83e+06 -3.8e+06 -3.82e+06 -3.86e+06 -3.86e+06 -3.82e+06 -3.81e+06 -3.84e+06 -3.83e+06 -3.83e+06 -3.84e+06 -3.81e+06 -3.87e+06 -3.81e+06 -3.85e+06 -3.71e+06 -3.96e+06 -3.88e+06
 -3.88e+06 -1.97e+06 -1.99e+06 -1.99e+06 -2.05e+06 -2.11e+06 -2e+06 -1.94e+06 -1.97e+06 -1.95e+06 -1.97e+06 -1.96e+06 -1.96e+06 -1.98e+06 -1.95e+06 7.34e+06 -2.06e+06 -2e+06 -1.96e+06 -6.38e+06
 -2.6e+08 -2.601e+08 -2.601e+08 -2.601e+08 -2.601e+08 -2.602e+08 -2.601e+08 -2.601e+08 -2.601e+08 -2.601e+08 -2.601e+08 -2.602e+08 -2.601e+08 -2.601e+08 -2.602e+08 -2.602e+08 -2.602e+08 -2.602e+08 -2.601e+08 -2.601e+08
 -4.562e+07 -4.552e+07 -4.558e+07 -4.552e+07 -4.553e+07 -4.547e+07 -4.55e+07 -4.548e+07 -4.549e+07 -4.547e+07 -4.548e+07 -4.552e+07 -4.552e+07 -4.55e+07 -4.544e+07 -4.506e+07 -4.554e+07 -4.561e+07 -4.552e+07 -4.522e+07
 -2.754e+08 -2.755e+08 -2.755e+08 -2.755e+08 -2.755e+08 -2.755e+08 -2.755e+08 -2.756e+08 -2.755e+08 -2.755e+08 -2.756e+08 -2.755e+08 -2.755e+08 -2.755e+08 -2.755e+08 -2.755e+08 -2.756e+08 -2.754e+08 -2.753e+08 -2.755e+08
 -1.989e+08 -1.989e+08 -1.99e+08 -1.989e+08 -1.99e+08 -1.989e+08 -1.989e+08 -1.989e+08 -1.989e+08 -1.99e+08 -1.989e+08 -1.99e+08 -1.989e+08 -1.989e+08 -1.99e+08 -1.99e+08 -1.99e+08 -1.989e+08 -1.99e+08 -1.99e+08
 -3.4e+08 -3.396e+08 -3.4e+08 -3.401e+08 -3.396e+08 -3.401e+08 -3.402e+08 -3.4e+08 -3.4e+08 -3.4e+08 -3.4e+08 -3.4e+08 -3.4e+08 -3.401e+08 -3.4e+08 -3.4e+08 -3.404e+08 -3.4e+08 -3.4e+08 -3.4e+08
 -3.334e+07 -3.362e+07 -3.366e+07 -3.356e+07 -3.357e+07 -3.362e+07 -3.359e+07 -3.365e+07 -3.356e+07 -3.359e+07 -3.353e+07 -3.369e+07 -3.358e+07 -3.352e+07 -3.364e+07 -3.353e+07 -3.363e+07 -3.333e+07 -3.362e+07 -3.367e+07
 -1.136e+07 -1.127e+07 -1.123e+07 -1.129e+07 -1.13e+07 -1.122e+07 -1.123e+07 -1.118e+07 -1.105e+07 -1.127e+07 -1.126e+07 -1.127e+07 -1.124e+07 -1.126e+07 -1.117e+07 -1.122e+07 -1.126e+07 -1.124e+07 -1.121e+07 -1.132e+07
 -2.258e+07 -2.249e+07 -2.294e+07 -2.278e+07 -2.282e+07 -2.355e+07 -2.28e+07 -2.277e+07 -2.273e+07 -2.274e+07 -2.278e+07 -2.25e+07 -2.281e+07 -2.277e+07 -2.266e+07 -2.28e+07 -2.326e+07 -2.275e+07 -2.28e+07 -2.277e+07
 -1.898e+08 -1.9e+08 -1.899e+08 -1.9e+08 -1.9e+08 -1.9e+08 -1.899e+08 -1.9e+08 -1.9e+08 -1.899e+08 -1.9e+08 -1.899e+08 -1.9e+08 -1.899e+08 -1.9e+08 -1.898e+08 -1.899e+08 -1.9e+08 -1.9e+08 -1.898e+08
 -7.64e+06 -7.9e+06 -7.84e+06 -7.78e+06 -7.84e+06 -8.2e+06 -7.91e+06 -7.78e+06 -7.79e+06 -7.63e+06 -7.59e+06 -7.77e+06 -7.91e+06 -7.84e+06 -7.88e+06 -7.85e+06 -7.8e+06 -7.8e+06 -7.79e+06 -7.89e+06
 -2.16e+08 -2.16e+08 -2.161e+08 -2.16e+08 -2.158e+08 -2.153e+08 -2.16e+08 -2.158e+08 -2.159e+08 -2.159e+08 -2.159e+08 -2.16e+08 -2.159e+08 -2.159e+08 -2.159e+08 -2.159e+08 -2.159e+08 -2.159e+08 -2.159e+08 -2.158e+08
 -5.001e+08 -5.001e+08 -5.001e+08 -5.001e+08 -5e+08 -5.001e+08 -5e+08 -5.001e+08 -5e+08 -5.001e+08 -5.001e+08 -5.001e+08 -5.001e+08 -5.001e+08 -5.001e+08 -5.001e+08 -5e+08 -5.001e+08 -5e+08 -5.001e+08
 -2.404e+08 -2.404e+08 -2.404e+08 -2.404e+08 -2.404e+08 -2.405e+08 -2.404e+08 -2.404e+08 -2.404e+08 -2.404e+08 -2.404e+08 -2.404e+08 -2.404e+08 -2.404e+08 -2.404e+08 -2.404e+08 -2.404e+08 -2.404e+08 -2.404e+08 -2.404e+08
 -4.221e+07 -4.224e+07 -4.231e+07 -4.23e+07 -4.224e+07 -4.231e+07 -4.227e+07 -4.207e+07 -4.22e+07 -4.225e+07 -4.225e+07 -4.227e+07 -4.22e+07 -4.226e+07 -4.223e+07 -4.226e+07 -4.224e+07 -4.221e+07 -4.226e+07 -4.236e+07
 -3.145e+08 -3.145e+08 -3.145e+08 -3.143e+08 -3.142e+08 -3.148e+08 -3.144e+08 -3.145e+08 -3.145e+08 -3.145e+08 -3.145e+08 -3.145e+08 -3.144e+08 -3.145e+08 -3.144e+08 -3.144e+08 -3.145e+08 -3.145e+08 -3.144e+08 -3.145e+08
 -7.357e+08 -7.376e+08 -7.352e+08 -7.356e+08 -7.378e+08 -7.348e+08 -7.357e+08 -7.357e+08 -7.357e+08 -7.356e+08 -7.356e+08 -7.356e+08 -7.357e+08 -7.356e+08 -7.357e+08 -7.357e+08 -7.346e+08 -7.356e+08 -7.357e+08 -7.356e+08
 -2.188e+07 -2.192e+07 -2.188e+07 -2.19e+07 -2.21e+07 -2.198e+07 -2.187e+07 -2.186e+07 -2.184e+07 -2.18e+07 -2.177e+07 -2.183e+07 -2.188e+07 -2.188e+07 -2.186e+07 -2.19e+07 -2.206e+07 -2.182e+07 -2.205e+07 -2.188e+07
 -2.791e+08 -2.791e+08 -2.791e+08 -2.791e+08 -2.791e+08 -2.791e+08 -2.791e+08 -2.791e+08 -2.791e+08 -2.791e+08 -2.791e+08 -2.792e+08 -2.792e+08 -2.792e+08 -2.791e+08 -2.791e+08 -2.79e+08 -2.791e+08 -2.792e+08 -2.791e+08
 -2.195e+09 -2.195e+09 -2.195e+09 -2.195e+09 -2.195e+09 -2.195e+09 -2.195e+09 -2.195e+09 -2.195e+09 -2.195e+09 -2.195e+09 -2.195e+09 -2.195e+09 -2.195e+09 -2.195e+09 -2.195e+09 -2.195e+09 -2.195e+09 -2.195e+09 -2.195e+09
 -3.93e+06 -3.87e+06 -3.86e+06 -4.32e+06 -4.31e+06 -3.88e+06 -3.81e+06 -3.88e+06 -3.88e+06 -3.87e+06 -3.35e+06 -3.89e+06 -3.9e+06 -3.9e+06 -3.84e+06 -3.89e+06 -3.89e+06 -3.85e+06 -3.94e+06 -3.92e+06
 -1.283e+08 -1.283e+08 -1.283e+08 -1.282e+08 -1.283e+08 -1.283e+08 -1.283e+08 -1.283e+08 -1.283e+08 -1.283e+08 -1.283e+08 -1.283e+08 -1.282e+08 -1.283e+08 -1.283e+08 -1.283e+08 -1.283e+08 -1.283e+08 -1.283e+08 -1.283e+08
 -3.926e+07 -3.939e+07 -3.937e+07 -3.933e+07 -3.934e+07 -3.936e+07 -3.935e+07 -3.935e+07 -3.931e+07 -3.936e+07 -3.935e+07 -3.931e+07 -3.932e+07 -3.936e+07 -3.935e+07 -3.95e+07 -3.935e+07 -3.911e+07 -3.925e+07 -3.926e+07
 -9.348e+08 -9.349e+08 -9.345e+08 -9.345e+08 -9.352e+08 -9.34e+08 -9.344e+08 -9.348e+08 -9.348e+08 -9.348e+08 -9.348e+08 -9.348e+08 -9.347e+08 -9.348e+08 -9.348e+08 -9.348e+08 -9.35e+08 -9.348e+08 -9.348e+08 -9.348e+08
 -2.204e+07 -2.211e+07 -2.203e+07 -2.205e+07 -2.217e+07 -2.243e+07 -2.207e+07 -2.191e+07 -2.17e+07 -2.206e+07 -2.202e+07 -2.209e+07 -2.196e+07 -2.202e+07 -2.197e+07 -2.209e+07 -2.212e+07 -2.207e+07 -2.216e+07 -2.206e+07
 -1.038e+07 -1.039e+07 -1.038e+07 -1.041e+07 -1.035e+07 -1.035e+07 -1.036e+07 -1.029e+07 -1.005e+07 -1.03e+07 -1.036e+07 -1.036e+07 -1.033e+07 -1.031e+07 -1.034e+07 -1.032e+07 -1.037e+07 -1.034e+07 -1.039e+07 -1.032e+07
 -1.081e+08 -1.081e+08 -1.081e+08 -1.08e+08 -1.08e+08 -1.08e+08 -1.08e+08 -1.08e+08 -1.08e+08 -1.08e+08 -1.08e+08 -1.08e+08 -1.08e+08 -1.08e+08 -1.08e+08 -1.081e+08 -1.079e+08 -1.081e+08 -1.08e+08 -1.08e+08
 -2.051e+08 -2.051e+08 -2.05e+08 -2.051e+08 -2.051e+08 -2.051e+08 -2.051e+08 -2.051e+08 -2.05e+08 -2.051e+08 -2.051e+08 -2.049e+08 -2.051e+08 -2.052e+08 -2.051e+08 -2.051e+08 -2.051e+08 -2.051e+08 -2.052e+08 -2.051e+08
 -2.899e+09 -2.898e+09 -2.898e+09 -2.899e+09 -2.899e+09 -2.899e+09 -2.899e+09 -2.899e+09 -2.898e+09 -2.898e+09 -2.899e+09 -2.899e+09 -2.899e+09 -2.898e+09 -2.898e+09 -2.898e+09 -2.898e+09 -2.899e+09 -2.898e+09 -2.899e+09
 -1.191e+08 -1.191e+08 -1.191e+08 -1.191e+08 -1.19e+08 -1.19e+08 -1.19e+08 -1.19e+08 -1.191e+08 -1.19e+08 -1.19e+08 -1.19e+08 -1.191e+08 -1.19e+08 -1.191e+08 -1.19e+08 -1.19e+08 -1.191e+08 -1.19e+08 -1.192e+08
 -8.088e+07 -8.09e+07 -8.09e+07 -8.091e+07 -8.093e+07 -8.085e+07 -8.087e+07 -8.088e+07 -8.089e+07 -8.087e+07 -8.09e+07 -8.091e+07 -8.086e+07 -8.09e+07 -8.089e+07 -8.07e+07 -8.091e+07 -8.095e+07 -8.094e+07 -8.097e+07
 -1.352e+08 -1.354e+08 -1.354e+08 -1.354e+08 -1.354e+08 -1.354e+08 -1.354e+08 -1.354e+08 -1.355e+08 -1.354e+08 -1.354e+08 -1.354e+08 -1.355e+08 -1.355e+08 -1.355e+08 -1.353e+08 -1.354e+08 -1.355e+08 -1.354e+08 -1.356e+08
 -5.31e+06 -5.04e+06 -5.1e+06 -5.04e+06 -5.1e+06 -5.01e+06 -5e+06 -4.98e+06 -4.98e+06 -4.95e+06 -4.99e+06 -5.04e+06 -4.97e+06 -4.9e+06 -4.98e+06 -5.08e+06 -5.02e+06 -4.5e+06 -4.94e+06 -5e+06
 -1.125e+09 -1.125e+09 -1.125e+09 -1.125e+09 -1.125e+09 -1.125e+09 -1.125e+09 -1.125e+09 -1.125e+09 -1.125e+09 -1.125e+09 -1.125e+09 -1.125e+09 -1.125e+09 -1.125e+09 -1.125e+09 -1.125e+09 -1.125e+09 -1.125e+09 -1.125e+09
 -1.474e+08 -1.475e+08 -1.475e+08 -1.474e+08 -1.476e+08 -1.474e+08 -1.475e+08 -1.474e+08 -1.474e+08 -1.475e+08 -1.474e+08 -1.474e+08 -1.474e+08 -1.474e+08 -1.475e+08 -1.475e+08 -1.473e+08 -1.474e+08 -1.473e+08 -1.475e+08
 -7.06e+08 -7.056e+08 -7.048e+08 -7.054e+08 -7.062e+08 -7.062e+08 -7.061e+08 -7.06e+08 -7.06e+08 -7.061e+08 -7.061e+08 -7.061e+08 -7.061e+08 -7.061e+08 -7.061e+08 -7.061e+08 -7.062e+08 -7.061e+08 -7.06e+08 -7.06e+08
 -1.292e+08 -1.292e+08 -1.292e+08 -1.291e+08 -1.292e+08 -1.291e+08 -1.292e+08 -1.292e+08 -1.291e+08 -1.291e+08 -1.292e+08 -1.292e+08 -1.291e+08 -1.292e+08 -1.292e+08 -1.291e+08 -1.291e+08 -1.291e+08 -1.293e+08 -1.291e+08
 -2.325e+08 -2.324e+08 -2.33e+08 -2.326e+08 -2.315e+08 -2.329e+08 -2.326e+08 -2.326e+08 -2.326e+08 -2.326e+08 -2.326e+08 -2.326e+08 -2.326e+08 -2.326e+08 -2.325e+08 -2.326e+08 -2.326e+08 -2.326e+08 -2.326e+08 -2.326e+08
 -7.62e+07 -7.622e+07 -7.64e+07 -7.62e+07 -7.617e+07 -7.631e+07 -7.581e+07 -7.612e+07 -7.618e+07 -7.622e+07 -7.62e+07 -7.619e+07 -7.618e+07 -7.614e+07 -7.618e+07 -7.62e+07 -7.617e+07 -7.621e+07 -7.621e+07 -7.622e+07
 -2.624e+08 -2.625e+08 -2.624e+08 -2.624e+08 -2.624e+08 -2.625e+08 -2.625e+08 -2.625e+08 -2.624e+08 -2.624e+08 -2.625e+08 -2.624e+08 -2.624e+08 -2.624e+08 -2.622e+08 -2.624e+08 -2.624e+08 -2.624e+08 -2.625e+08 -2.624e+08
 -1.838e+08 -1.827e+08 -1.839e+08 -1.84e+08 -1.837e+08 -1.836e+08 -1.838e+08 -1.838e+08 -1.838e+08 -1.838e+08 -1.838e+08 -1.838e+08 -1.838e+08 -1.838e+08 -1.839e+08 -1.838e+08 -1.838e+08 -1.838e+08 -1.838e+08 -1.839e+08
 -4.371e+08 -4.37e+08 -4.372e+08 -4.371e+08 -4.37e+08 -4.371e+08 -4.371e+08 -4.371e+08 -4.371e+08 -4.371e+08 -4.371e+08 -4.371e+08 -4.371e+08 -4.372e+08 -4.372e+08 -4.371e+08 -4.37e+08 -4.371e+08 -4.371e+08 -4.371e+08
 -5.3e+05 -5.1e+05 -5.1e+05 -6.4e+05 -6.2e+05 -5.4e+05 -6.6e+05 -6e+05 -6.1e+05 -5.5e+05 1.19e+06 -6.3e+05 -5.9e+05 -6e+05 -5.7e+05 -6e+05 -6e+05 -6.1e+05 -6.4e+05 -6.4e+05
 -7e+05 -6.3e+05 -6.1e+05 -6.5e+05 -6.1e+05 -4.3e+05 -6.4e+05 -5.9e+05 -5.8e+05 -5.7e+05 -5.8e+05 -6.2e+05 -5.4e+05 -5.6e+05 -5.7e+05 -6.2e+05 -5.5e+05 3.1e+05 -2.2e+05 -6.4e+05
 -3.749e+08 -3.749e+08 -3.749e+08 -3.749e+08 -3.748e+08 -3.748e+08 -3.749e+08 -3.75e+08 -3.75e+08 -3.749e+08 -3.749e+08 -3.749e+08 -3.749e+08 -3.749e+08 -3.749e+08 -3.749e+08 -3.75e+08 -3.749e+08 -3.748e+08 -3.749e+08
 -2.64e+06 -2.57e+06 -2.53e+06 -2.51e+06 -2.49e+06 -2.57e+06 -2.52e+06 -2.52e+06 -2.51e+06 -2.52e+06 -2.57e+06 -2.54e+06 -2.67e+06 -2.56e+06 -2.56e+06 -2.64e+06 -2.37e+06 -2.49e+06 -2.56e+06 -2.44e+06
 -3.11e+08 -3.111e+08 -3.108e+08 -3.11e+08 -3.109e+08 -3.108e+08 -3.11e+08 -3.11e+08 -3.11e+08 -3.108e+08 -3.109e+08 -3.11e+08 -3.109e+08 -3.109e+08 -3.109e+08 -3.109e+08 -3.111e+08 -3.11e+08 -3.11e+08 -3.11e+08
 -1.06e+06 -1.61e+06 -5.4e+05 -9.5e+05 -1.06e+06 -1.18e+06 -4.9e+05 -5.3e+05 -6e+05 -5.4e+05 -5.9e+05 8e+04 -1.15e+06 -6.5e+05 -5.3e+05 -9.6e+05 -9e+04 -6.3e+05 -9.3e+05 -1.01e+06
 -1.29e+06 -1e+06 -1.04e+06 -1.12e+06 -9.9e+05 -1.01e+06 -1.06e+06 -1.09e+06 -1.06e+06 -1.07e+06 -1.05e+06 -1.02e+06 -1.19e+06 -1.09e+06 -1.05e+06 -9.2e+05 -1.28e+06 -7.1e+05 -9.1e+05 -2.07e+06


