# Created by Octave 5.2.0, Thu Sep 24 20:06:28 2020 CEST <jiwidi@land>
# name: w
# type: matrix
# rows: 101
# columns: 20
 -1.323e+07 -1.322e+07 -1.323e+07 -1.322e+07 -1.322e+07 -1.323e+07 -1.323e+07 -1.324e+07 -1.325e+07 -1.323e+07 -1.324e+07 -1.324e+07 -1.322e+07 -1.323e+07 -1.323e+07 -1.322e+07 -1.323e+07 -1.324e+07 -1.323e+07 -1.324e+07
 -1.087e+06 -1.076e+06 -1.076e+06 -1.076e+06 -1.076e+06 -1.074e+06 -1.073e+06 -1.078e+06 -1.077e+06 -1.076e+06 -1.074e+06 -1.064e+06 -1.08e+06 -1.085e+06 -1.072e+06 -1.077e+06 -1.057e+06 -1.077e+06 -1.053e+06 -1.077e+06
 -2.185e+05 -2.212e+05 -2.154e+05 -2.133e+05 -2.222e+05 -2.131e+05 -2.112e+05 -2.116e+05 -2.1e+05 -2.092e+05 -2.123e+05 -1.614e+05 -2.097e+05 -2.247e+05 -2.159e+05 -2.114e+05 -1.966e+05 -1.997e+05 -2.255e+05 -2.141e+05
 -2.851e+05 -2.676e+05 -2.64e+05 -2.604e+05 -2.672e+05 -2.683e+05 -2.741e+05 -2.856e+05 -2.688e+05 -2.729e+05 -2.702e+05 -2.721e+05 -2.641e+05 -2.73e+05 -2.594e+05 -2.633e+05 -2.054e+05 -2.787e+05 -2.497e+05 -2.704e+05
 -6.458e+04 -5.554e+04 -5.596e+04 -5.762e+04 -5.723e+04 -5.358e+04 -5.249e+04 -5.679e+04 -5.149e+04 -5.706e+04 -5.193e+04 -5.77e+04 -6.107e+04 -6.098e+04 -5.655e+04 -5.823e+04 -6.47e+04 910 -6980 -5.798e+04
 -9.041e+05 -9.09e+05 -9.074e+05 -9.077e+05 -9.07e+05 -9.084e+05 -9.1e+05 -9.064e+05 -9.066e+05 -9.082e+05 -9.086e+05 -8.985e+05 -9.009e+05 -9.108e+05 -9.097e+05 -9.085e+05 -8.992e+05 -9.089e+05 -8.967e+05 -9.057e+05
 -4.925e+05 -5.032e+05 -5.052e+05 -4.998e+05 -5.023e+05 -5.014e+05 -4.856e+05 -5.01e+05 -4.949e+05 -4.614e+05 -4.568e+05 -5.014e+05 -5.02e+05 -5.054e+05 -5.025e+05 -5.091e+05 -5.008e+05 -4.993e+05 -5.041e+05 -4.941e+05
 -7.266e+04 -6.425e+04 -6.372e+04 -6.481e+04 -6.511e+04 -6.385e+04 -6.335e+04 -6.587e+04 -5.822e+04 -7.113e+04 -6.887e+04 -6.316e+04 -6.589e+04 -6.62e+04 -6.45e+04 -6.26e+04 -7.803e+04 4.489e+04 -5.637e+04 -5.467e+04
 -6.398e+04 -5.316e+04 -5.296e+04 -6.217e+04 -6.55e+04 -5.201e+04 -5.045e+04 -4.953e+04 -5.076e+04 -5.081e+04 -4.824e+04 6.749e+04 -7.994e+04 -5.852e+04 -2.959e+04 -5.767e+04 -6.025e+04 -5.433e+04 -8.21e+04 -5.528e+04
 -3.518e+05 -3.435e+05 -3.416e+05 -3.429e+05 -3.411e+05 -3.437e+05 -3.231e+05 -3.434e+05 -3.421e+05 -3.172e+05 -3.223e+05 -3.414e+05 -3.356e+05 -3.436e+05 -3.415e+05 -3.449e+05 -3.454e+05 -3.394e+05 -3.5e+05 -3.457e+05
 -3.136e+04 -2.833e+04 -2.783e+04 -3.098e+04 -3.267e+04 -3.007e+04 -2.764e+04 -2.848e+04 -2.699e+04 -2.878e+04 -2.691e+04 3.088e+04 -3.776e+04 -2.895e+04 -2.932e+04 -2.938e+04 -2.779e+04 -2.844e+04 -2.953e+04 -3.23e+04
 -4.74e+05 -4.621e+05 -4.621e+05 -4.634e+05 -4.647e+05 -4.583e+05 -4.569e+05 -4.633e+05 -4.568e+05 -4.629e+05 -4.594e+05 -4.598e+05 -4.688e+05 -4.705e+05 -4.613e+05 -4.671e+05 -4.169e+05 -4.585e+05 -4.599e+05 -4.378e+05
 -1.56e+05 -1.329e+05 -1.523e+05 -1.567e+05 -1.627e+05 -1.535e+05 -1.295e+05 -1.542e+05 -1.483e+05 -1.156e+05 -1.046e+05 -1.481e+05 -1.46e+05 -1.583e+05 -1.65e+05 -1.517e+05 -1.518e+05 -1.505e+05 -1.572e+05 -1.497e+05
 -9.777e+04 -6.7e+04 -1.013e+05 -1.004e+05 -8.611e+04 4.072e+04 -8.212e+04 -8.046e+04 -7.76e+04 -8.262e+04 -7.664e+04 -8.521e+04 -9.025e+04 -8.23e+04 -8.699e+04 -9.867e+04 -8.257e+04 -8.011e+04 -9.953e+04 -7.12e+04
 -1.863e+05 -1.97e+05 -1.884e+05 -1.378e+05 -1.569e+05 -1.872e+05 -1.686e+05 -1.866e+05 -1.836e+05 -1.807e+05 -1.843e+05 -1.817e+05 -1.926e+05 -1.858e+05 -1.818e+05 -1.859e+05 -1.866e+05 -1.826e+05 -1.887e+05 -1.851e+05
 -4.546e+05 -4.636e+05 -4.624e+05 -4.663e+05 -4.648e+05 -4.636e+05 -4.645e+05 -4.634e+05 -4.647e+05 -4.65e+05 -4.626e+05 -4.652e+05 -4.668e+05 -4.698e+05 -4.667e+05 -4.78e+05 -4.679e+05 -4.68e+05 -4.554e+05 -4.45e+05
 -4.949e+05 -4.909e+05 -4.952e+05 -4.952e+05 -4.969e+05 -4.923e+05 -4.915e+05 -4.906e+05 -4.909e+05 -4.932e+05 -4.9e+05 -4.875e+05 -5.019e+05 -4.957e+05 -4.922e+05 -4.944e+05 -4.891e+05 -4.803e+05 -4.67e+05 -4.876e+05
 -2.933e+05 -2.901e+05 -2.903e+05 -2.948e+05 -2.921e+05 -2.86e+05 -2.892e+05 -2.88e+05 -2.847e+05 -2.894e+05 -2.831e+05 -2.876e+05 -2.881e+05 -2.922e+05 -2.931e+05 -2.926e+05 -2.534e+05 -2.914e+05 -2.801e+05 -2.62e+05
 -3.14e+05 -3.114e+05 -3.126e+05 -3.12e+05 -3.142e+05 -3.106e+05 -3.086e+05 -3.127e+05 -3.104e+05 -3.181e+05 -3.084e+05 -3.147e+05 -3.123e+05 -3.14e+05 -3.128e+05 -3.062e+05 -3.173e+05 -2.617e+05 -3.044e+05 -3.065e+05
 -1.247e+06 -1.259e+06 -1.26e+06 -1.261e+06 -1.261e+06 -1.259e+06 -1.258e+06 -1.26e+06 -1.259e+06 -1.261e+06 -1.26e+06 -1.26e+06 -1.26e+06 -1.251e+06 -1.261e+06 -1.263e+06 -1.273e+06 -1.26e+06 -1.25e+06 -1.24e+06
 -6.627e+05 -6.703e+05 -6.701e+05 -6.717e+05 -6.724e+05 -6.696e+05 -6.692e+05 -6.707e+05 -6.707e+05 -6.737e+05 -6.682e+05 -6.703e+05 -6.709e+05 -6.744e+05 -6.713e+05 -6.687e+05 -6.669e+05 -6.801e+05 -6.731e+05 -6.597e+05
 -6.508e+05 -6.389e+05 -6.36e+05 -6.374e+05 -6.393e+05 -6.383e+05 -6.348e+05 -6.336e+05 -6.342e+05 -6.401e+05 -6.353e+05 -6.355e+05 -6.403e+05 -6.295e+05 -6.377e+05 -6.348e+05 -6.237e+05 -6.349e+05 -6.236e+05 -6.329e+05
 -5.4e+05 -5.461e+05 -5.415e+05 -5.629e+05 -4.663e+05 -5.476e+05 -5.349e+05 -5.417e+05 -5.375e+05 -5.449e+05 -5.344e+05 -5.285e+05 -5.358e+05 -5.363e+05 -5.396e+05 -5.492e+05 -5.535e+05 -5.429e+05 -5.498e+05 -5.063e+05
 -5.254e+05 -5.442e+05 -5.486e+05 -5.491e+05 -5.522e+05 -5.499e+05 -5.455e+05 -5.479e+05 -5.456e+05 -5.504e+05 -5.498e+05 -5.522e+05 -5.403e+05 -5.543e+05 -5.151e+05 -5.528e+05 -5.541e+05 -5.418e+05 -5.583e+05 -5.321e+05
 -1.099e+06 -1.081e+06 -1.102e+06 -1.079e+06 -1.082e+06 -1.083e+06 -1.087e+06 -1.095e+06 -1.095e+06 -1.097e+06 -1.097e+06 -1.096e+06 -1.083e+06 -1.089e+06 -1.083e+06 -1.092e+06 -1.096e+06 -1.094e+06 -1.099e+06 -1.097e+06
 -1.384e+05 -1.263e+05 -1.286e+05 -1.05e+05 -1.394e+05 -1.291e+05 -1.262e+05 -1.265e+05 -1.237e+05 -8.849e+04 -8.93e+04 -1.272e+05 -1.255e+05 -1.348e+05 -1.145e+05 -1.288e+05 -1.21e+05 -1.273e+05 -1.383e+05 -1.354e+05
 -1.21e+05 -1.171e+05 -1.157e+05 -1.134e+05 -1.216e+05 -1.128e+05 -1.073e+05 -1.109e+05 -1.12e+05 -3.259e+04 -3.68e+04 -1.091e+05 -1.261e+05 -1.164e+05 -1.17e+05 -1.126e+05 -1.184e+05 -1.14e+05 -1.259e+05 -1.212e+05
 -1.193e+06 -1.192e+06 -1.191e+06 -1.193e+06 -1.195e+06 -1.192e+06 -1.196e+06 -1.197e+06 -1.194e+06 -1.197e+06 -1.197e+06 -1.192e+06 -1.178e+06 -1.187e+06 -1.194e+06 -1.194e+06 -1.196e+06 -1.193e+06 -1.195e+06 -1.193e+06
 -4.519e+05 -4.722e+05 -4.72e+05 -4.683e+05 -4.718e+05 -4.713e+05 -4.699e+05 -4.716e+05 -4.697e+05 -4.746e+05 -4.694e+05 -4.729e+05 -4.72e+05 -4.746e+05 -4.733e+05 -4.458e+05 -4.736e+05 -4.7e+05 -4.904e+05 -4.337e+05
 -8.482e+05 -8.41e+05 -8.369e+05 -7.945e+05 -8.572e+05 -8.314e+05 -8.45e+05 -8.43e+05 -8.394e+05 -8.437e+05 -8.425e+05 -8.466e+05 -8.235e+05 -8.372e+05 -8.398e+05 -8.434e+05 -8.438e+05 -8.42e+05 -8.445e+05 -8.415e+05
 -1.231e+06 -1.224e+06 -1.226e+06 -1.225e+06 -1.224e+06 -1.217e+06 -1.221e+06 -1.214e+06 -1.22e+06 -1.196e+06 -1.219e+06 -1.222e+06 -1.224e+06 -1.202e+06 -1.213e+06 -1.218e+06 -1.217e+06 -1.218e+06 -1.223e+06 -1.23e+06
 -2.471e+05 -2.405e+05 -2.414e+05 -2.424e+05 -2.384e+05 -2.405e+05 -2.366e+05 -2.443e+05 -2.336e+05 -2.42e+05 -2.359e+05 -2.413e+05 -2.487e+05 -2.509e+05 -2.422e+05 -2.557e+05 -1.61e+05 -2.218e+05 -2.427e+05 -2.318e+05
 -2.112e+05 -2.089e+05 -2.056e+05 -2.139e+05 -2.109e+05 -2.094e+05 -2.018e+05 -2.025e+05 -2.017e+05 -1.472e+05 -1.421e+05 -2.048e+05 -2.165e+05 -2.08e+05 -1.957e+05 -2.104e+05 -2.092e+05 -2.017e+05 -2.156e+05 -1.948e+05
 -1.991e+05 -1.818e+05 -1.809e+05 -1.806e+05 -1.809e+05 -1.793e+05 -1.791e+05 -1.792e+05 -1.765e+05 -1.77e+05 -1.786e+05 -1.808e+05 -1.813e+05 -1.811e+05 -1.851e+05 -1.296e+05 -1.818e+05 -1.91e+05 -1.983e+05 -1.398e+05
 -5.5e+05 -5.438e+05 -5.447e+05 -5.44e+05 -5.447e+05 -5.463e+05 -5.45e+05 -5.433e+05 -5.465e+05 -5.432e+05 -5.444e+05 -5.477e+05 -5.376e+05 -5.438e+05 -5.461e+05 -5.41e+05 -5.281e+05 -5.466e+05 -5.422e+05 -5.485e+05
 -1.102e+05 -1.034e+05 -9.974e+04 -1.056e+05 -9.855e+04 -9.928e+04 -8.075e+04 -9.875e+04 -9.176e+04 -2240 -8.542e+04 -1.005e+05 -1.117e+05 -1.046e+05 -1.015e+05 -1.025e+05 -1.08e+05 -9.706e+04 -1.103e+05 -9.632e+04
 -1.516e+05 -1.545e+05 -1.626e+05 -1.802e+05 -1.445e+05 -1.622e+05 -2.085e+04 -1.375e+05 -1.333e+05 -1.443e+05 -1.43e+05 -1.618e+05 -1.47e+05 -1.186e+05 -1.491e+05 -1.46e+05 -1.429e+05 -1.388e+05 -1.45e+05 -1.424e+05
 -2.213e+05 -2.282e+05 -2.244e+05 -2.213e+05 -2.249e+05 -1.803e+05 -2.24e+05 -1.993e+05 -2.152e+05 -2.173e+05 -2.128e+05 -1.792e+05 -2.224e+05 -2.177e+05 -2.194e+05 -2.18e+05 -2.18e+05 -2.16e+05 -2.221e+05 -2.19e+05
 -3.15e+04 -2.242e+04 -2.267e+04 -2.299e+04 -2.298e+04 -2.237e+04 -2.105e+04 -4.218e+04 -2.244e+04 -2.322e+04 -2.155e+04 -2.251e+04 -2.393e+04 -2.573e+04 -2.305e+04 -2.609e+04 -2.727e+04 4.433e+04 -1.911e+04 -2.533e+04
 -2.033e+04 -2.047e+04 -1.896e+04 -2.211e+04 -2.038e+04 -1.952e+04 -2.035e+04 -1.979e+04 -1.832e+04 -7.542e+04 7.834e+04 -1.924e+04 -2.232e+04 -2.131e+04 -2.08e+04 -2.101e+04 -2.109e+04 -1.907e+04 -2.01e+04 -1.746e+04
 -4.78e+05 -4.741e+05 -4.883e+05 -4.766e+05 -4.717e+05 -4.66e+05 -4.875e+05 -4.849e+05 -4.889e+05 -4.871e+05 -4.85e+05 -4.88e+05 -4.728e+05 -4.711e+05 -4.174e+05 -4.862e+05 -4.882e+05 -4.876e+05 -4.875e+05 -4.999e+05
 -1.235e+05 -1.218e+05 -1.137e+05 -1.134e+05 -1.159e+05 -1.111e+05 -1.101e+05 -1.162e+05 -1.11e+05 -5.283e+04 -6.248e+04 -1.147e+05 -1.145e+05 -1.125e+05 -9.213e+04 -1.151e+05 -1.187e+05 -1.134e+05 -1.339e+05 -1.188e+05
 -6.633e+05 -6.624e+05 -6.612e+05 -6.632e+05 -6.595e+05 -6.622e+05 -6.4e+05 -5.662e+05 -6.452e+05 -6.626e+05 -6.551e+05 -6.585e+05 -6.243e+05 -6.642e+05 -6.649e+05 -6.624e+05 -6.669e+05 -6.565e+05 -6.591e+05 -6.547e+05
 -1.892e+06 -1.905e+06 -1.906e+06 -1.905e+06 -1.906e+06 -1.905e+06 -1.904e+06 -1.905e+06 -1.904e+06 -1.906e+06 -1.903e+06 -1.906e+06 -1.906e+06 -1.907e+06 -1.908e+06 -1.891e+06 -1.907e+06 -1.903e+06 -1.91e+06 -1.9e+06
 -3.344e+05 -3.386e+05 -3.383e+05 -3.397e+05 -3.4e+05 -3.387e+05 -3.379e+05 -3.412e+05 -3.377e+05 -3.462e+05 -3.375e+05 -3.398e+05 -3.404e+05 -3.508e+05 -3.418e+05 -3.04e+05 -3.461e+05 -3.398e+05 -3.301e+05 -3.413e+05
 -4.489e+05 -4.304e+05 -4.328e+05 -4.408e+05 -4.354e+05 -4.419e+05 -4.418e+05 -4.351e+05 -4.412e+05 -4.223e+05 -4.036e+05 -4.374e+05 -4.247e+05 -4.324e+05 -4.411e+05 -4.36e+05 -4.567e+05 -4.388e+05 -4.329e+05 -4.302e+05
 -7.433e+04 -7.472e+04 -7.256e+04 -7.019e+04 -7.402e+04 -6.996e+04 -6.911e+04 -6.299e+04 -5.934e+04 -6.6e+04 -5.997e+04 5.053e+04 -6.752e+04 -6.873e+04 -6.769e+04 -6.768e+04 -5.509e+04 -6.425e+04 -7.668e+04 -6.631e+04
 -1.018e+07 -1.021e+07 -1.02e+07 -1.021e+07 -1.02e+07 -1.02e+07 -1.021e+07 -1.02e+07 -1.019e+07 -1.019e+07 -1.02e+07 -1.019e+07 -1.02e+07 -1.021e+07 -1.019e+07 -1.02e+07 -1.02e+07 -1.02e+07 -1.018e+07 -1.019e+07
 1.779e+04 -8.125e+04 -8.072e+04 -8.525e+04 -8.712e+04 -7.578e+04 -7.496e+04 -8.703e+04 -7.962e+04 -8.603e+04 -7.605e+04 -8.568e+04 -9.851e+04 -1.099e+05 -1.003e+05 -9.039e+04 -9.33e+04 -8.386e+04 -1.356e+05 -2710
 -6.992e+04 -8.774e+04 -8.56e+04 -9.067e+04 -8.577e+04 -8.357e+04 -8.33e+04 -8.271e+04 -8.209e+04 -8.646e+04 -7.692e+04 -8.249e+04 -9.252e+04 -8.881e+04 3.336e+04 -9.147e+04 -8.676e+04 -8.435e+04 -9.532e+04 -8.995e+04
 -2.567e+05 -2.544e+05 -2.518e+05 -2.519e+05 -2.582e+05 -2.512e+05 -2.488e+05 -2.475e+05 -2.487e+05 -2.548e+05 -2.499e+05 -2.515e+05 -2.536e+05 -2.536e+05 -2.546e+05 -2.177e+05 -2.538e+05 -2.462e+05 -2.574e+05 -2.201e+05
 -5.082e+04 -3.947e+04 -3.739e+04 -3.921e+04 -3.824e+04 -3.882e+04 -3.813e+04 -3.611e+04 -3.81e+04 -4.21e+04 -3.796e+04 -3.896e+04 -3.981e+04 -4.412e+04 -4.321e+04 -4.198e+04 -4.638e+04 1.824e+04 -3.541e+04 -4.256e+04
 -6.037e+04 -3.111e+04 -2.789e+04 -2.897e+04 -3.28e+04 -2.504e+04 -2.545e+04 -2.324e+04 -2.161e+04 -2.671e+04 -2.284e+04 -2.503e+04 -2.768e+04 -2.967e+04 -3.059e+04 1.019e+05 -2.873e+04 -2.645e+04 -3.534e+04 -6.967e+04
 -5.143e+05 -5.492e+05 -5.49e+05 -5.498e+05 -5.475e+05 -5.488e+05 -5.458e+05 -5.466e+05 -5.47e+05 -5.508e+05 -5.466e+05 -5.528e+05 -5.486e+05 -5.564e+05 -5.548e+05 -5.548e+05 -5.449e+05 -5.426e+05 -5.605e+05 -5.32e+05
 -1.359e+05 -1.098e+05 -1.113e+05 -1.092e+05 -1.124e+05 -1.011e+05 -1.054e+05 -1.054e+05 -1.047e+05 -1.099e+05 -1.03e+05 -1.106e+05 -1.157e+05 -1.167e+05 -1.04e+05 -6.315e+04 -1.191e+05 -1.099e+05 -1.239e+05 -8.435e+04
 -4.642e+05 -4.822e+05 -4.829e+05 -4.851e+05 -4.85e+05 -4.841e+05 -4.779e+05 -4.819e+05 -4.831e+05 -4.848e+05 -4.837e+05 -4.807e+05 -4.836e+05 -4.841e+05 -4.816e+05 -4.798e+05 -4.877e+05 -4.679e+05 -4.64e+05 -4.876e+05
 -4.175e+05 -4.493e+05 -4.51e+05 -4.48e+05 -4.506e+05 -4.488e+05 -4.504e+05 -4.516e+05 -4.523e+05 -4.491e+05 -4.506e+05 -4.517e+05 -4.552e+05 -4.499e+05 -4.494e+05 -4.455e+05 -4.568e+05 -4.329e+05 -4.419e+05 -4.396e+05
 -5.462e+05 -5.036e+05 -5.163e+05 -5.435e+05 -5.532e+05 -5.32e+05 -5.49e+05 -5.459e+05 -5.419e+05 -5.469e+05 -5.431e+05 -5.428e+05 -5.502e+05 -5.486e+05 -5.454e+05 -5.452e+05 -5.488e+05 -5.435e+05 -5.504e+05 -5.441e+05
 -7.604e+04 -1.232e+05 -1.214e+05 -1.233e+05 -1.23e+05 -1.224e+05 -1.215e+05 -1.225e+05 -1.213e+05 -1.211e+05 -1.2e+05 -1.214e+05 -1.194e+05 -1.205e+05 -1.206e+05 -1.204e+05 -1.3e+05 -7.117e+04 -1.38e+05 -1.382e+05
 -1.172e+05 -9.548e+04 -9.703e+04 -1.004e+05 -1.026e+05 -8.832e+04 -8.627e+04 -7.871e+04 5580 -1.004e+05 -9.149e+04 -9.876e+04 -9.915e+04 -1.034e+05 -9.301e+04 -9.704e+04 -9.914e+04 -9.837e+04 -9.258e+04 -1.022e+05
 -1.07e+05 -3.104e+04 -1.276e+05 -1.242e+05 -1.265e+05 -1.258e+05 -1.199e+05 -1.193e+05 -1.163e+05 -1.234e+05 -1.187e+05 -5.004e+04 -1.317e+05 -1.279e+05 -1.126e+05 -1.27e+05 -1.269e+05 -1.182e+05 -1.28e+05 -1.243e+05
 -4.527e+05 -4.647e+05 -4.648e+05 -4.654e+05 -4.66e+05 -4.64e+05 -4.626e+05 -4.642e+05 -4.611e+05 -4.644e+05 -4.622e+05 -4.633e+05 -4.683e+05 -4.709e+05 -4.675e+05 -4.512e+05 -4.715e+05 -4.661e+05 -4.75e+05 -4.456e+05
 -6.244e+04 -6.924e+04 -6.886e+04 -7.187e+04 -7.216e+04 -6.309e+04 -7.814e+04 -6.738e+04 -6.568e+04 -1.919e+04 -3.121e+04 -6.621e+04 -8.126e+04 -7.095e+04 -8.006e+04 -7.169e+04 -6.975e+04 -6.846e+04 -7.832e+04 -7.494e+04
 -3.641e+05 -3.628e+05 -3.525e+05 -3.633e+05 -3.565e+05 -2.733e+05 -3.621e+05 -3.508e+05 -3.518e+05 -3.575e+05 -3.546e+05 -3.665e+05 -3.75e+05 -3.571e+05 -3.664e+05 -3.622e+05 -3.59e+05 -3.535e+05 -3.671e+05 -3.601e+05
 -1.108e+06 -1.108e+06 -1.101e+06 -1.078e+06 -1.09e+06 -1.109e+06 -1.09e+06 -1.095e+06 -1.095e+06 -1.105e+06 -1.104e+06 -1.105e+06 -1.102e+06 -1.106e+06 -1.107e+06 -1.107e+06 -1.103e+06 -1.101e+06 -1.108e+06 -1.101e+06
 -5.235e+05 -5.192e+05 -5.084e+05 -4.771e+05 -4.847e+05 -5.096e+05 -5.021e+05 -5.112e+05 -5.133e+05 -5.138e+05 -5.102e+05 -5.151e+05 -5.065e+05 -5.21e+05 -5.158e+05 -5.15e+05 -5.183e+05 -5.124e+05 -5.214e+05 -5.148e+05
 -1.888e+05 -1.895e+05 -1.897e+05 -1.958e+05 -1.965e+05 -1.889e+05 -1.878e+05 -9.28e+04 -1.82e+05 -1.943e+05 -1.838e+05 -1.916e+05 -1.815e+05 -1.978e+05 -1.92e+05 -1.99e+05 -1.903e+05 -1.876e+05 -2.052e+05 -1.953e+05
 -4.751e+05 -4.774e+05 -4.545e+05 -4.522e+05 -4.5e+05 -4.702e+05 -4.515e+05 -4.687e+05 -4.676e+05 -4.706e+05 -4.677e+05 -4.632e+05 -4.513e+05 -4.721e+05 -4.665e+05 -4.613e+05 -4.671e+05 -4.673e+05 -4.684e+05 -4.698e+05
 -9.086e+05 -8.896e+05 -8.831e+05 -9.104e+05 -9.094e+05 -8.817e+05 -9.056e+05 -9.076e+05 -9.042e+05 -9.085e+05 -9.052e+05 -9.005e+05 -9.1e+05 -9.076e+05 -9.107e+05 -9.098e+05 -9.056e+05 -9.062e+05 -9.09e+05 -9.064e+05
 -1.279e+05 -1.362e+05 -1.332e+05 -1.407e+05 -1.427e+05 -1.381e+05 -1.3e+05 -1.348e+05 -1.266e+05 -6.389e+04 -8.883e+04 -1.329e+05 -1.369e+05 -1.393e+05 -1.371e+05 -1.382e+05 -1.522e+05 -1.253e+05 -1.43e+05 -1.236e+05
 -5.975e+05 -5.944e+05 -5.977e+05 -5.992e+05 -5.97e+05 -5.933e+05 -5.968e+05 -5.947e+05 -5.918e+05 -5.978e+05 -5.922e+05 -6.011e+05 -6.006e+05 -6.013e+05 -5.897e+05 -5.986e+05 -5.835e+05 -5.837e+05 -5.892e+05 -5.928e+05
 -4.992e+06 -4.999e+06 -4.999e+06 -5e+06 -4.998e+06 -4.999e+06 -4.999e+06 -4.998e+06 -4.997e+06 -4.999e+06 -4.998e+06 -4.994e+06 -4.998e+06 -4.986e+06 -4.999e+06 -4.996e+06 -4.994e+06 -4.997e+06 -4.984e+06 -4.998e+06
 -5.997e+04 -5.298e+04 -5.405e+04 -5.904e+04 -6.334e+04 -5.274e+04 -3.684e+04 -5.186e+04 -5.026e+04 -8.893e+04 8.452e+04 -5.318e+04 -5.684e+04 -5.734e+04 -5.466e+04 -5.628e+04 -5.764e+04 -4.724e+04 -6.593e+04 -5.664e+04
 -4.1e+05 -4.054e+05 -4.088e+05 -3.803e+05 -3.957e+05 -4.095e+05 -4.086e+05 -4.065e+05 -4.026e+05 -4.076e+05 -4.048e+05 -3.917e+05 -3.598e+05 -4.124e+05 -4.084e+05 -4.078e+05 -4.088e+05 -4.045e+05 -4.208e+05 -4.124e+05
 -1.358e+05 -1.62e+05 -1.583e+05 -1.609e+05 -1.619e+05 -1.557e+05 -1.545e+05 -1.593e+05 -1.503e+05 -1.653e+05 -1.495e+05 -1.588e+05 -1.655e+05 -1.605e+05 -1.633e+05 -1.698e+05 -1.661e+05 -5.384e+04 -1.249e+05 -1.6e+05
 -5.981e+05 -5.964e+05 -6.022e+05 -5.82e+05 -6.066e+05 -5.867e+05 -5.834e+05 -5.985e+05 -5.998e+05 -5.998e+05 -5.993e+05 -5.896e+05 -6.028e+05 -6.022e+05 -6.029e+05 -5.992e+05 -6.028e+05 -5.968e+05 -6.012e+05 -5.972e+05
 -1.231e+05 -1.195e+05 -1.137e+05 -1.262e+05 -1.249e+05 -1.241e+05 -1.216e+05 -8.68e+04 6.172e+04 -1.237e+05 -1.131e+05 -1.077e+05 -1.151e+05 -1.164e+05 -1.138e+05 -1.169e+05 -1.22e+05 -1.106e+05 -1.438e+05 -1.18e+05
 -9.713e+04 -8.434e+04 -8.062e+04 -9.32e+04 -9.065e+04 -8.145e+04 -6.619e+04 -8.894e+04 6.431e+04 -8.484e+04 -8.173e+04 -8.801e+04 -9.989e+04 -7.652e+04 -8.903e+04 -8.654e+04 -9.232e+04 -8.196e+04 -1.053e+05 -9.279e+04
 -2.017e+05 -1.917e+05 -1.961e+05 -1.879e+05 -1.858e+05 -1.912e+05 -1.891e+05 -1.876e+05 -1.881e+05 -1.919e+05 -1.883e+05 -1.982e+05 -1.896e+05 -1.97e+05 -1.937e+05 -1.917e+05 -1.814e+05 -2.008e+05 -1.687e+05 -1.848e+05
 -4.812e+05 -4.76e+05 -4.695e+05 -4.738e+05 -4.818e+05 -4.717e+05 -4.758e+05 -4.731e+05 -4.69e+05 -4.722e+05 -4.679e+05 -4.227e+05 -4.562e+05 -4.67e+05 -4.742e+05 -4.76e+05 -4.781e+05 -4.709e+05 -4.848e+05 -4.697e+05
 -8.481e+06 -8.476e+06 -8.481e+06 -8.478e+06 -8.48e+06 -8.479e+06 -8.48e+06 -8.475e+06 -8.477e+06 -8.476e+06 -8.477e+06 -8.479e+06 -8.479e+06 -8.463e+06 -8.479e+06 -8.478e+06 -8.474e+06 -8.475e+06 -8.463e+06 -8.479e+06
 -2.96e+05 -2.719e+05 -2.714e+05 -2.729e+05 -2.685e+05 -2.697e+05 -2.744e+05 -2.724e+05 -2.72e+05 -2.419e+05 -2.788e+05 -2.739e+05 -2.722e+05 -2.721e+05 -2.692e+05 -2.659e+05 -2.689e+05 -2.516e+05 -2.671e+05 -2.78e+05
 -2.117e+05 -2.132e+05 -2.126e+05 -2.157e+05 -2.196e+05 -2.139e+05 -2.096e+05 -2.122e+05 -2.07e+05 -2.086e+05 -2.082e+05 -2.135e+05 -2.168e+05 -2.194e+05 -2.107e+05 -1.68e+05 -2.094e+05 -2.185e+05 -2.254e+05 -2.15e+05
 -2.803e+05 -2.892e+05 -2.89e+05 -2.912e+05 -2.922e+05 -2.866e+05 -2.87e+05 -2.868e+05 -2.898e+05 -2.907e+05 -2.895e+05 -2.87e+05 -2.927e+05 -2.995e+05 -2.823e+05 -2.723e+05 -2.84e+05 -2.944e+05 -2.947e+05 -2.952e+05
 -7.039e+04 -5.703e+04 -5.6e+04 -5.694e+04 -5.683e+04 -5.621e+04 -5.467e+04 -5.794e+04 -5.633e+04 -6.25e+04 -5.45e+04 -6.315e+04 -5.876e+04 -5.823e+04 -6.229e+04 -6.388e+04 -6.504e+04 3.918e+04 -4.966e+04 -6.259e+04
 -2.269e+06 -2.282e+06 -2.283e+06 -2.272e+06 -2.275e+06 -2.281e+06 -2.278e+06 -2.281e+06 -2.28e+06 -2.285e+06 -2.281e+06 -2.283e+06 -2.279e+06 -2.277e+06 -2.279e+06 -2.284e+06 -2.285e+06 -2.281e+06 -2.28e+06 -2.279e+06
 -4.597e+05 -4.592e+05 -4.564e+05 -4.552e+05 -4.624e+05 -4.568e+05 -4.592e+05 -4.578e+05 -4.578e+05 -4.629e+05 -4.538e+05 -4.447e+05 -4.684e+05 -4.649e+05 -4.68e+05 -4.63e+05 -4.41e+05 -4.467e+05 -4.328e+05 -4.512e+05
 -9.206e+05 -9.04e+05 -8.25e+05 -9.057e+05 -9.297e+05 -8.908e+05 -9.182e+05 -9.128e+05 -9.124e+05 -9.171e+05 -9.112e+05 -9.158e+05 -9.275e+05 -9.164e+05 -9.184e+05 -9.198e+05 -9.181e+05 -9.135e+05 -9.204e+05 -9.138e+05
 -2.446e+05 -2.513e+05 -2.504e+05 -2.52e+05 -2.499e+05 -2.449e+05 -2.532e+05 -2.56e+05 -2.471e+05 -2.527e+05 -2.533e+05 -2.565e+05 -2.541e+05 -2.531e+05 -2.489e+05 -2.556e+05 -2.13e+05 -2.315e+05 -2.615e+05 -2.308e+05
 -4.809e+05 -4.744e+05 -4.909e+05 -5.35e+05 -4.216e+05 -5.113e+05 -5.076e+05 -4.957e+05 -4.927e+05 -4.966e+05 -4.948e+05 -4.94e+05 -5.106e+05 -4.948e+05 -4.96e+05 -4.983e+05 -4.988e+05 -4.952e+05 -5.04e+05 -4.944e+05
 -2.208e+05 -2.121e+05 -2.332e+05 -2.336e+05 -2.188e+05 -2.246e+05 -6.047e+04 -2.168e+05 -2.106e+05 -2.361e+05 -2.296e+05 -2.132e+05 -2.213e+05 -2.03e+05 -2.199e+05 -2.244e+05 -2.214e+05 -2.206e+05 -2.26e+05 -2.199e+05
 -5.462e+05 -5.554e+05 -5.662e+05 -5.71e+05 -5.655e+05 -5.632e+05 -5.604e+05 -5.654e+05 -5.592e+05 -5.697e+05 -5.596e+05 -5.631e+05 -5.642e+05 -5.683e+05 -4.736e+05 -5.668e+05 -5.656e+05 -5.641e+05 -5.78e+05 -5.501e+05
 -3.157e+05 -1.937e+05 -3.138e+05 -3.224e+05 -3.173e+05 -2.939e+05 -3.042e+05 -3.035e+05 -3.042e+05 -3.137e+05 -3.115e+05 -3.134e+05 -3.181e+05 -3.071e+05 -3.148e+05 -3.05e+05 -3.106e+05 -3.069e+05 -3.159e+05 -3.098e+05
 -9.279e+05 -9.26e+05 -9.102e+05 -8.886e+05 -9.115e+05 -9.295e+05 -9.161e+05 -9.25e+05 -9.233e+05 -9.278e+05 -9.248e+05 -9.248e+05 -9.272e+05 -9.314e+05 -9.272e+05 -9.275e+05 -9.19e+05 -9.242e+05 -9.273e+05 -9.258e+05
 -3.593e+04 -3.33e+04 -3.466e+04 -3.64e+04 -3.626e+04 -3.236e+04 -3.204e+04 -3.058e+04 -2.727e+04 -6.995e+04 8.853e+04 -3.109e+04 -3.854e+04 -3.33e+04 -3.378e+04 -3.653e+04 -3.691e+04 -2.911e+04 -3.931e+04 -2.983e+04
 -2.33e+04 -1.662e+04 -1.542e+04 -1.712e+04 -1.699e+04 -1.655e+04 -1.633e+04 -2.5e+04 -1.501e+04 -1.826e+04 -1.501e+04 -1.569e+04 -1.698e+04 -1.952e+04 -1.689e+04 -1.995e+04 -2.018e+04 1.516e+04 -3810 -1.855e+04
 -8.301e+05 -8.491e+05 -8.469e+05 -8.47e+05 -8.444e+05 -8.471e+05 -8.454e+05 -8.475e+05 -8.457e+05 -8.491e+05 -8.461e+05 -8.413e+05 -8.525e+05 -8.225e+05 -8.434e+05 -8.409e+05 -8.452e+05 -8.475e+05 -8.438e+05 -8.394e+05
 -3.923e+04 -2.633e+04 -2.608e+04 -2.727e+04 -2.642e+04 -2.52e+04 -2.395e+04 -2.373e+04 -2.419e+04 -2.767e+04 -2.395e+04 -2.552e+04 -2.943e+04 -3.076e+04 -2.668e+04 -2.993e+04 -2.73e+04 5760 -1.3e+04 -2.515e+04
 -4.379e+05 -4.454e+05 -4.182e+05 -4.353e+05 -4.313e+05 -4.193e+05 -4.379e+05 -4.271e+05 -4.238e+05 -4.225e+05 -4.196e+05 -4.221e+05 -4.298e+05 -4.307e+05 -4.393e+05 -4.266e+05 -4.249e+05 -4.284e+05 -4.244e+05 -4.297e+05
 -4.756e+04 -4.839e+04 -4.131e+04 -4.208e+04 -4.43e+04 -3.661e+04 -3.435e+04 -4.054e+04 -4.121e+04 -4.167e+04 -3.684e+04 6.362e+04 -4.439e+04 -4.41e+04 -4.129e+04 -4.357e+04 -3.627e+04 -4.192e+04 -6.345e+04 -5.141e+04
 -2.817e+04 -2.19e+04 -2.118e+04 -2.281e+04 -2.268e+04 -2.064e+04 -2.007e+04 -2.039e+04 -1.891e+04 -2.326e+04 -1.92e+04 -2.075e+04 -2.348e+04 -2.204e+04 -2.049e+04 -1.932e+04 -2.349e+04 2.019e+04 -1.894e+04 -2.159e+04


