# Created by Octave 5.2.0, Thu Sep 24 21:51:25 2020 CEST <jiwidi@land>
# name: w
# type: matrix
# rows: 101
# columns: 20
 -6.441e+08 -6.441e+08 -6.441e+08 -6.441e+08 -6.441e+08 -6.441e+08 -6.441e+08 -6.441e+08 -6.441e+08 -6.441e+08 -6.441e+08 -6.441e+08 -6.441e+08 -6.441e+08 -6.441e+08 -6.441e+08 -6.441e+08 -6.441e+08 -6.441e+08 -6.441e+08
 -6.224e+07 -6.223e+07 -6.223e+07 -6.223e+07 -6.223e+07 -6.223e+07 -6.223e+07 -6.223e+07 -6.223e+07 -6.223e+07 -6.223e+07 -6.223e+07 -6.223e+07 -6.223e+07 -6.223e+07 -6.223e+07 -6.224e+07 -6.223e+07 -6.221e+07 -6.223e+07
 -1.13e+07 -1.13e+07 -1.13e+07 -1.13e+07 -1.13e+07 -1.13e+07 -1.13e+07 -1.13e+07 -1.13e+07 -1.13e+07 -1.13e+07 -1.128e+07 -1.13e+07 -1.131e+07 -1.13e+07 -1.13e+07 -1.13e+07 -1.129e+07 -1.13e+07 -1.13e+07
 -1.164e+07 -1.172e+07 -1.172e+07 -1.163e+07 -1.167e+07 -1.174e+07 -1.164e+07 -1.164e+07 -1.164e+07 -1.163e+07 -1.163e+07 -1.163e+07 -1.163e+07 -1.163e+07 -1.164e+07 -1.164e+07 -1.154e+07 -1.164e+07 -1.162e+07 -1.163e+07
 -6.17e+05 -6.13e+05 -6.1e+05 -6.14e+05 -6.1e+05 -6.06e+05 -6.07e+05 -6.17e+05 -6.13e+05 -6.07e+05 -6.1e+05 -6.1e+05 -6.14e+05 -6.1e+05 -6.1e+05 -6.06e+05 -6.27e+05 -5.72e+05 -5.81e+05 -6.17e+05
 -5.462e+07 -5.463e+07 -5.463e+07 -5.462e+07 -5.462e+07 -5.463e+07 -5.462e+07 -5.462e+07 -5.462e+07 -5.462e+07 -5.462e+07 -5.462e+07 -5.462e+07 -5.463e+07 -5.462e+07 -5.462e+07 -5.462e+07 -5.462e+07 -5.462e+07 -5.463e+07
 -2.742e+07 -2.743e+07 -2.743e+07 -2.743e+07 -2.743e+07 -2.744e+07 -2.742e+07 -2.743e+07 -2.742e+07 -2.741e+07 -2.742e+07 -2.742e+07 -2.743e+07 -2.743e+07 -2.743e+07 -2.743e+07 -2.743e+07 -2.742e+07 -2.743e+07 -2.742e+07
 -5.33e+05 -5.04e+05 -5.05e+05 -5.1e+05 -5.09e+05 -5.96e+05 -5.16e+05 -5.16e+05 -5.12e+05 -5.27e+05 -5.25e+05 -5.16e+05 -5.1e+05 -5.24e+05 -5.14e+05 -4.98e+05 -5.35e+05 -4.66e+05 -4.93e+05 -4.93e+05
 -6.65e+05 -6.98e+05 -6.56e+05 -6.76e+05 -7.29e+05 -7.12e+05 -6.65e+05 -6.76e+05 -6.74e+05 -6.7e+05 -6.72e+05 -6.07e+05 -7.15e+05 -6.78e+05 -6.37e+05 -7.38e+05 -6.75e+05 -6.95e+05 -7.41e+05 -6.9e+05
 -1.682e+07 -1.683e+07 -1.683e+07 -1.682e+07 -1.683e+07 -1.683e+07 -1.682e+07 -1.682e+07 -1.682e+07 -1.682e+07 -1.682e+07 -1.682e+07 -1.682e+07 -1.683e+07 -1.682e+07 -1.682e+07 -1.683e+07 -1.683e+07 -1.683e+07 -1.683e+07
 -2.94e+05 -2.79e+05 -2.83e+05 -3.31e+05 -2.92e+05 -2.76e+05 -2.83e+05 -3.02e+05 -2.91e+05 -2.82e+05 -2.86e+05 -2.53e+05 -3.73e+05 -2.95e+05 -2.96e+05 -2.85e+05 -2.76e+05 -2.92e+05 -2.75e+05 -2.96e+05
 -2.415e+07 -2.413e+07 -2.414e+07 -2.414e+07 -2.414e+07 -2.414e+07 -2.414e+07 -2.414e+07 -2.414e+07 -2.414e+07 -2.414e+07 -2.414e+07 -2.414e+07 -2.414e+07 -2.414e+07 -2.415e+07 -2.412e+07 -2.415e+07 -2.412e+07 -2.413e+07
 -6.446e+06 -6.433e+06 -6.444e+06 -6.445e+06 -6.442e+06 -6.448e+06 -6.44e+06 -6.445e+06 -6.443e+06 -6.429e+06 -6.435e+06 -6.439e+06 -6.426e+06 -6.445e+06 -6.446e+06 -6.442e+06 -6.44e+06 -6.442e+06 -6.445e+06 -6.444e+06
 -4.72e+06 -4.615e+06 -4.758e+06 -4.834e+06 -4.717e+06 -4.499e+06 -4.742e+06 -4.748e+06 -4.732e+06 -4.731e+06 -4.725e+06 -4.733e+06 -4.707e+06 -4.725e+06 -4.724e+06 -4.735e+06 -4.72e+06 -4.732e+06 -4.722e+06 -4.659e+06
 -9.099e+06 -9.047e+06 -9.054e+06 -8.979e+06 -9.028e+06 -9.495e+06 -9.033e+06 -9.103e+06 -9.099e+06 -9.099e+06 -9.099e+06 -9.099e+06 -9.079e+06 -9.095e+06 -9.095e+06 -9.097e+06 -9.111e+06 -9.097e+06 -9.1e+06 -9.105e+06
 -2.621e+07 -2.62e+07 -2.62e+07 -2.62e+07 -2.62e+07 -2.62e+07 -2.621e+07 -2.62e+07 -2.62e+07 -2.621e+07 -2.62e+07 -2.62e+07 -2.621e+07 -2.621e+07 -2.62e+07 -2.622e+07 -2.621e+07 -2.621e+07 -2.621e+07 -2.618e+07
 -2.881e+07 -2.88e+07 -2.881e+07 -2.881e+07 -2.88e+07 -2.881e+07 -2.881e+07 -2.881e+07 -2.88e+07 -2.881e+07 -2.881e+07 -2.881e+07 -2.881e+07 -2.881e+07 -2.88e+07 -2.88e+07 -2.881e+07 -2.88e+07 -2.879e+07 -2.881e+07
 -1.636e+07 -1.637e+07 -1.638e+07 -1.636e+07 -1.636e+07 -1.637e+07 -1.636e+07 -1.636e+07 -1.636e+07 -1.636e+07 -1.635e+07 -1.636e+07 -1.636e+07 -1.636e+07 -1.636e+07 -1.636e+07 -1.634e+07 -1.636e+07 -1.637e+07 -1.635e+07
 -1.526e+07 -1.526e+07 -1.527e+07 -1.527e+07 -1.526e+07 -1.526e+07 -1.527e+07 -1.527e+07 -1.527e+07 -1.527e+07 -1.526e+07 -1.527e+07 -1.526e+07 -1.527e+07 -1.527e+07 -1.526e+07 -1.528e+07 -1.526e+07 -1.526e+07 -1.527e+07
 -6.442e+07 -6.442e+07 -6.442e+07 -6.442e+07 -6.442e+07 -6.442e+07 -6.442e+07 -6.441e+07 -6.442e+07 -6.441e+07 -6.442e+07 -6.442e+07 -6.441e+07 -6.441e+07 -6.442e+07 -6.442e+07 -6.442e+07 -6.441e+07 -6.442e+07 -6.441e+07
 -3.915e+07 -3.915e+07 -3.915e+07 -3.915e+07 -3.915e+07 -3.915e+07 -3.915e+07 -3.915e+07 -3.915e+07 -3.915e+07 -3.915e+07 -3.915e+07 -3.915e+07 -3.915e+07 -3.915e+07 -3.914e+07 -3.915e+07 -3.915e+07 -3.915e+07 -3.912e+07
 -3.274e+07 -3.274e+07 -3.274e+07 -3.274e+07 -3.274e+07 -3.275e+07 -3.274e+07 -3.275e+07 -3.274e+07 -3.274e+07 -3.274e+07 -3.274e+07 -3.275e+07 -3.275e+07 -3.274e+07 -3.274e+07 -3.274e+07 -3.274e+07 -3.274e+07 -3.273e+07
 -2.548e+07 -2.549e+07 -2.548e+07 -2.549e+07 -2.546e+07 -2.548e+07 -2.548e+07 -2.548e+07 -2.548e+07 -2.548e+07 -2.548e+07 -2.548e+07 -2.548e+07 -2.548e+07 -2.548e+07 -2.548e+07 -2.548e+07 -2.548e+07 -2.548e+07 -2.547e+07
 -2.853e+07 -2.854e+07 -2.854e+07 -2.854e+07 -2.854e+07 -2.854e+07 -2.854e+07 -2.854e+07 -2.854e+07 -2.854e+07 -2.854e+07 -2.854e+07 -2.854e+07 -2.854e+07 -2.853e+07 -2.854e+07 -2.854e+07 -2.854e+07 -2.854e+07 -2.853e+07
 -6.68e+07 -6.678e+07 -6.681e+07 -6.681e+07 -6.681e+07 -6.679e+07 -6.68e+07 -6.68e+07 -6.68e+07 -6.68e+07 -6.68e+07 -6.68e+07 -6.68e+07 -6.679e+07 -6.68e+07 -6.68e+07 -6.682e+07 -6.68e+07 -6.68e+07 -6.68e+07
 -6.052e+06 -6.049e+06 -6.055e+06 -6.044e+06 -6.054e+06 -6.047e+06 -6.051e+06 -6.048e+06 -6.049e+06 -6.049e+06 -6.037e+06 -6.051e+06 -6.051e+06 -6.048e+06 -6.044e+06 -6.048e+06 -6.043e+06 -6.05e+06 -6.047e+06 -6.052e+06
 -2.381e+06 -2.389e+06 -2.387e+06 -2.384e+06 -2.382e+06 -2.398e+06 -2.377e+06 -2.375e+06 -2.379e+06 -2.352e+06 -2.352e+06 -2.376e+06 -2.385e+06 -2.38e+06 -2.376e+06 -2.373e+06 -2.378e+06 -2.381e+06 -2.383e+06 -2.382e+06
 -7.658e+07 -7.653e+07 -7.653e+07 -7.658e+07 -7.658e+07 -7.648e+07 -7.658e+07 -7.658e+07 -7.658e+07 -7.658e+07 -7.658e+07 -7.658e+07 -7.657e+07 -7.657e+07 -7.657e+07 -7.658e+07 -7.66e+07 -7.658e+07 -7.658e+07 -7.658e+07
 -2.329e+07 -2.329e+07 -2.329e+07 -2.329e+07 -2.329e+07 -2.329e+07 -2.329e+07 -2.329e+07 -2.329e+07 -2.329e+07 -2.329e+07 -2.33e+07 -2.329e+07 -2.33e+07 -2.329e+07 -2.328e+07 -2.329e+07 -2.329e+07 -2.33e+07 -2.328e+07
 -4.772e+07 -4.771e+07 -4.771e+07 -4.768e+07 -4.772e+07 -4.771e+07 -4.771e+07 -4.771e+07 -4.77e+07 -4.771e+07 -4.771e+07 -4.771e+07 -4.77e+07 -4.771e+07 -4.77e+07 -4.771e+07 -4.771e+07 -4.771e+07 -4.771e+07 -4.771e+07
 -6.879e+07 -6.879e+07 -6.879e+07 -6.88e+07 -6.88e+07 -6.876e+07 -6.879e+07 -6.879e+07 -6.88e+07 -6.879e+07 -6.879e+07 -6.879e+07 -6.88e+07 -6.879e+07 -6.879e+07 -6.88e+07 -6.88e+07 -6.88e+07 -6.879e+07 -6.88e+07
 -1.168e+07 -1.17e+07 -1.17e+07 -1.169e+07 -1.168e+07 -1.17e+07 -1.168e+07 -1.168e+07 -1.168e+07 -1.168e+07 -1.169e+07 -1.168e+07 -1.169e+07 -1.169e+07 -1.168e+07 -1.17e+07 -1.166e+07 -1.168e+07 -1.167e+07 -1.169e+07
 -7.806e+06 -7.81e+06 -7.812e+06 -7.805e+06 -7.805e+06 -7.819e+06 -7.808e+06 -7.808e+06 -7.805e+06 -7.776e+06 -7.786e+06 -7.806e+06 -7.811e+06 -7.808e+06 -7.803e+06 -7.811e+06 -7.804e+06 -7.809e+06 -7.807e+06 -7.805e+06
 -1.099e+07 -1.095e+07 -1.095e+07 -1.096e+07 -1.095e+07 -1.095e+07 -1.095e+07 -1.095e+07 -1.095e+07 -1.095e+07 -1.095e+07 -1.095e+07 -1.095e+07 -1.095e+07 -1.095e+07 -1.09e+07 -1.094e+07 -1.096e+07 -1.095e+07 -1.091e+07
 -3.332e+07 -3.332e+07 -3.332e+07 -3.332e+07 -3.333e+07 -3.332e+07 -3.332e+07 -3.333e+07 -3.332e+07 -3.332e+07 -3.332e+07 -3.332e+07 -3.332e+07 -3.333e+07 -3.333e+07 -3.333e+07 -3.331e+07 -3.332e+07 -3.331e+07 -3.332e+07
 -2.207e+06 -2.214e+06 -2.208e+06 -2.205e+06 -2.199e+06 -2.218e+06 -2.189e+06 -2.217e+06 -2.203e+06 -2.161e+06 -2.198e+06 -2.206e+06 -2.213e+06 -2.202e+06 -2.202e+06 -2.205e+06 -2.214e+06 -2.205e+06 -2.195e+06 -2.202e+06
 -5.312e+06 -5.312e+06 -5.321e+06 -5.314e+06 -5.297e+06 -5.429e+06 -5.233e+06 -5.321e+06 -5.316e+06 -5.318e+06 -5.318e+06 -5.319e+06 -5.318e+06 -5.306e+06 -5.316e+06 -5.315e+06 -5.318e+06 -5.316e+06 -5.323e+06 -5.319e+06
 -9.823e+06 -9.824e+06 -9.821e+06 -9.818e+06 -9.821e+06 -9.803e+06 -9.823e+06 -9.825e+06 -9.823e+06 -9.823e+06 -9.821e+06 -9.816e+06 -9.83e+06 -9.839e+06 -9.822e+06 -9.821e+06 -9.835e+06 -9.821e+06 -9.826e+06 -9.835e+06
 -5.3e+04 -3.7e+04 -4.5e+04 -4.7e+04 -4.5e+04 -3e+04 -4.1e+04 -4e+04 -4.4e+04 -3.8e+04 -4.1e+04 -4.2e+04 -3.3e+04 -3.7e+04 -3.4e+04 -4.9e+04 -4.6e+04 2.9e+04 -1.1e+04 -6.3e+04
 -2.1e+04 -8000 -4000 -3000 -8000 -1.14e+05 -5000 -4e+04 -9000 -4e+04 2.9e+04 -1.1e+04 -9000 -1.2e+04 -8000 -4e+04 -1.8e+04 -8000 1000 -2000
 -2.274e+07 -2.274e+07 -2.275e+07 -2.275e+07 -2.275e+07 -2.276e+07 -2.275e+07 -2.275e+07 -2.275e+07 -2.275e+07 -2.275e+07 -2.275e+07 -2.275e+07 -2.275e+07 -2.271e+07 -2.275e+07 -2.276e+07 -2.275e+07 -2.275e+07 -2.275e+07
 -3.728e+06 -3.734e+06 -3.729e+06 -3.726e+06 -3.727e+06 -3.73e+06 -3.722e+06 -3.726e+06 -3.724e+06 -3.712e+06 -3.71e+06 -3.723e+06 -3.725e+06 -3.728e+06 -3.721e+06 -3.724e+06 -3.724e+06 -3.727e+06 -3.73e+06 -3.729e+06
 -2.763e+07 -2.763e+07 -2.763e+07 -2.763e+07 -2.763e+07 -2.763e+07 -2.763e+07 -2.761e+07 -2.762e+07 -2.763e+07 -2.763e+07 -2.763e+07 -2.762e+07 -2.763e+07 -2.763e+07 -2.763e+07 -2.764e+07 -2.763e+07 -2.763e+07 -2.763e+07
 -1.068e+08 -1.068e+08 -1.068e+08 -1.068e+08 -1.068e+08 -1.068e+08 -1.068e+08 -1.068e+08 -1.068e+08 -1.068e+08 -1.068e+08 -1.068e+08 -1.068e+08 -1.068e+08 -1.068e+08 -1.068e+08 -1.068e+08 -1.068e+08 -1.068e+08 -1.068e+08
 -1.633e+07 -1.634e+07 -1.634e+07 -1.634e+07 -1.634e+07 -1.634e+07 -1.634e+07 -1.634e+07 -1.634e+07 -1.634e+07 -1.634e+07 -1.634e+07 -1.634e+07 -1.634e+07 -1.634e+07 -1.632e+07 -1.635e+07 -1.634e+07 -1.634e+07 -1.633e+07
 -2.129e+07 -2.129e+07 -2.129e+07 -2.129e+07 -2.128e+07 -2.129e+07 -2.128e+07 -2.128e+07 -2.129e+07 -2.129e+07 -2.128e+07 -2.129e+07 -2.128e+07 -2.128e+07 -2.129e+07 -2.128e+07 -2.129e+07 -2.129e+07 -2.129e+07 -2.129e+07
 -1.054e+06 -1.162e+06 -1.103e+06 -1.025e+06 -1.061e+06 -1.133e+06 -1.062e+06 -1.054e+06 -1.044e+06 -1.059e+06 -1.054e+06 -9.16e+05 -1.003e+06 -1.036e+06 -1.06e+06 -1.031e+06 -1.034e+06 -1.042e+06 -1.027e+06 -1.036e+06
 -4.876e+08 -4.876e+08 -4.876e+08 -4.876e+08 -4.876e+08 -4.876e+08 -4.876e+08 -4.876e+08 -4.876e+08 -4.876e+08 -4.876e+08 -4.876e+08 -4.876e+08 -4.876e+08 -4.876e+08 -4.876e+08 -4.876e+08 -4.876e+08 -4.876e+08 -4.876e+08
 1.1e+05 -5.6e+04 -4.3e+04 -6.5e+04 -8.9e+04 -8e+04 -5.1e+04 -1.1e+05 -6.5e+04 -5.9e+04 -6.4e+04 -6.5e+04 -5.5e+04 -2.48e+05 -6.6e+04 -1.8e+05 -7.7e+04 -6.8e+04 -1.39e+05 1.13e+05
 -3.43e+05 -3.89e+05 -3.74e+05 -3.59e+05 -3.53e+05 -4.18e+05 -3.62e+05 -3.6e+05 -3.61e+05 -3.64e+05 -3.58e+05 -3.59e+05 -3.84e+05 -3.74e+05 -3.18e+05 -3.65e+05 -4.23e+05 -3.6e+05 -3.75e+05 -3.62e+05
 -1.416e+07 -1.417e+07 -1.416e+07 -1.416e+07 -1.416e+07 -1.417e+07 -1.417e+07 -1.416e+07 -1.417e+07 -1.417e+07 -1.416e+07 -1.417e+07 -1.416e+07 -1.417e+07 -1.416e+07 -1.415e+07 -1.416e+07 -1.416e+07 -1.417e+07 -1.416e+07
 -4.85e+05 -4.79e+05 -4.78e+05 -4.76e+05 -4.81e+05 -4.84e+05 -4.77e+05 -4.82e+05 -4.78e+05 -4.84e+05 -4.82e+05 -4.82e+05 -4.8e+05 -4.81e+05 -4.85e+05 -4.78e+05 -4.83e+05 -4.65e+05 -4.94e+05 -4.89e+05
 -4.38e+05 -2.1e+05 -2.1e+05 -2.2e+05 -2.15e+05 -2.2e+05 -2.17e+05 -2.18e+05 -2.16e+05 -2.12e+05 -2.11e+05 -2.09e+05 -2.08e+05 -2.22e+05 -2.03e+05 7.88e+05 -2.26e+05 -2.01e+05 -2.13e+05 -7.02e+05
 -2.923e+07 -2.925e+07 -2.925e+07 -2.925e+07 -2.925e+07 -2.924e+07 -2.925e+07 -2.924e+07 -2.924e+07 -2.925e+07 -2.925e+07 -2.925e+07 -2.925e+07 -2.925e+07 -2.925e+07 -2.925e+07 -2.925e+07 -2.926e+07 -2.924e+07 -2.924e+07
 -4.911e+06 -4.907e+06 -4.908e+06 -4.898e+06 -4.899e+06 -4.891e+06 -4.902e+06 -4.902e+06 -4.9e+06 -4.898e+06 -4.896e+06 -4.903e+06 -4.903e+06 -4.905e+06 -4.892e+06 -4.847e+06 -4.907e+06 -4.912e+06 -4.899e+06 -4.857e+06
 -3.189e+07 -3.19e+07 -3.19e+07 -3.19e+07 -3.19e+07 -3.19e+07 -3.19e+07 -3.192e+07 -3.192e+07 -3.19e+07 -3.19e+07 -3.19e+07 -3.192e+07 -3.19e+07 -3.191e+07 -3.191e+07 -3.19e+07 -3.189e+07 -3.188e+07 -3.191e+07
 -2.378e+07 -2.377e+07 -2.377e+07 -2.378e+07 -2.378e+07 -2.378e+07 -2.378e+07 -2.378e+07 -2.377e+07 -2.377e+07 -2.378e+07 -2.378e+07 -2.378e+07 -2.377e+07 -2.377e+07 -2.378e+07 -2.378e+07 -2.376e+07 -2.378e+07 -2.378e+07
 -3.557e+07 -3.55e+07 -3.552e+07 -3.556e+07 -3.557e+07 -3.551e+07 -3.558e+07 -3.559e+07 -3.557e+07 -3.557e+07 -3.557e+07 -3.558e+07 -3.558e+07 -3.559e+07 -3.557e+07 -3.558e+07 -3.562e+07 -3.557e+07 -3.557e+07 -3.558e+07
 -3.471e+06 -3.502e+06 -3.51e+06 -3.502e+06 -3.504e+06 -3.506e+06 -3.499e+06 -3.494e+06 -3.496e+06 -3.504e+06 -3.503e+06 -3.501e+06 -3.5e+06 -3.504e+06 -3.501e+06 -3.492e+06 -3.509e+06 -3.462e+06 -3.509e+06 -3.506e+06
 -1.661e+06 -1.658e+06 -1.65e+06 -1.653e+06 -1.659e+06 -1.647e+06 -1.647e+06 -1.644e+06 -1.624e+06 -1.655e+06 -1.653e+06 -1.656e+06 -1.65e+06 -1.656e+06 -1.647e+06 -1.653e+06 -1.648e+06 -1.654e+06 -1.645e+06 -1.653e+06
 -2.715e+06 -2.693e+06 -2.744e+06 -2.729e+06 -2.739e+06 -2.791e+06 -2.727e+06 -2.73e+06 -2.728e+06 -2.728e+06 -2.729e+06 -2.702e+06 -2.736e+06 -2.736e+06 -2.72e+06 -2.734e+06 -2.74e+06 -2.725e+06 -2.733e+06 -2.729e+06
 -2.16e+07 -2.16e+07 -2.16e+07 -2.16e+07 -2.161e+07 -2.16e+07 -2.16e+07 -2.16e+07 -2.16e+07 -2.16e+07 -2.16e+07 -2.161e+07 -2.16e+07 -2.16e+07 -2.16e+07 -2.159e+07 -2.16e+07 -2.161e+07 -2.16e+07 -2.159e+07
 -9.81e+05 -1.003e+06 -9.98e+05 -9.89e+05 -9.98e+05 -1.035e+06 -1.004e+06 -9.88e+05 -9.9e+05 -9.72e+05 -9.74e+05 -9.91e+05 -1e+06 -1.004e+06 -1.006e+06 -9.98e+05 -9.93e+05 -9.92e+05 -9.97e+05 -1.006e+06
 -2.345e+07 -2.346e+07 -2.346e+07 -2.347e+07 -2.344e+07 -2.337e+07 -2.346e+07 -2.347e+07 -2.344e+07 -2.344e+07 -2.345e+07 -2.348e+07 -2.345e+07 -2.347e+07 -2.345e+07 -2.345e+07 -2.348e+07 -2.345e+07 -2.345e+07 -2.348e+07
 -6.078e+07 -6.079e+07 -6.079e+07 -6.078e+07 -6.078e+07 -6.079e+07 -6.078e+07 -6.078e+07 -6.077e+07 -6.078e+07 -6.078e+07 -6.079e+07 -6.078e+07 -6.078e+07 -6.078e+07 -6.078e+07 -6.078e+07 -6.078e+07 -6.078e+07 -6.078e+07
 -2.855e+07 -2.855e+07 -2.855e+07 -2.853e+07 -2.854e+07 -2.856e+07 -2.854e+07 -2.854e+07 -2.854e+07 -2.854e+07 -2.854e+07 -2.855e+07 -2.854e+07 -2.854e+07 -2.855e+07 -2.855e+07 -2.855e+07 -2.854e+07 -2.855e+07 -2.855e+07
 -5.951e+06 -5.953e+06 -5.962e+06 -5.959e+06 -5.959e+06 -5.961e+06 -5.956e+06 -5.922e+06 -5.946e+06 -5.951e+06 -5.956e+06 -5.958e+06 -5.943e+06 -5.961e+06 -5.954e+06 -5.958e+06 -5.952e+06 -5.948e+06 -5.958e+06 -5.961e+06
 -3.372e+07 -3.372e+07 -3.37e+07 -3.371e+07 -3.371e+07 -3.375e+07 -3.371e+07 -3.371e+07 -3.372e+07 -3.371e+07 -3.371e+07 -3.372e+07 -3.371e+07 -3.372e+07 -3.371e+07 -3.371e+07 -3.373e+07 -3.372e+07 -3.371e+07 -3.371e+07
 -7.676e+07 -7.683e+07 -7.681e+07 -7.677e+07 -7.676e+07 -7.676e+07 -7.676e+07 -7.677e+07 -7.676e+07 -7.676e+07 -7.676e+07 -7.676e+07 -7.676e+07 -7.676e+07 -7.677e+07 -7.676e+07 -7.659e+07 -7.676e+07 -7.677e+07 -7.677e+07
 -3.586e+06 -3.59e+06 -3.59e+06 -3.592e+06 -3.605e+06 -3.598e+06 -3.588e+06 -3.588e+06 -3.586e+06 -3.573e+06 -3.57e+06 -3.586e+06 -3.592e+06 -3.589e+06 -3.585e+06 -3.593e+06 -3.597e+06 -3.58e+06 -3.595e+06 -3.588e+06
 -3.349e+07 -3.347e+07 -3.348e+07 -3.349e+07 -3.348e+07 -3.347e+07 -3.349e+07 -3.348e+07 -3.348e+07 -3.348e+07 -3.348e+07 -3.349e+07 -3.349e+07 -3.348e+07 -3.349e+07 -3.348e+07 -3.347e+07 -3.347e+07 -3.349e+07 -3.348e+07
 -2.695e+08 -2.695e+08 -2.695e+08 -2.695e+08 -2.695e+08 -2.695e+08 -2.695e+08 -2.695e+08 -2.695e+08 -2.695e+08 -2.695e+08 -2.695e+08 -2.695e+08 -2.695e+08 -2.695e+08 -2.695e+08 -2.695e+08 -2.695e+08 -2.695e+08 -2.696e+08
 -5.67e+05 -5.62e+05 -5.58e+05 -5.62e+05 -5.77e+05 -5.6e+05 -5.55e+05 -5.64e+05 -5.62e+05 -5.64e+05 -4.89e+05 -5.6e+05 -5.63e+05 -5.64e+05 -5.62e+05 -5.65e+05 -5.61e+05 -5.6e+05 -5.63e+05 -5.63e+05
 -1.639e+07 -1.639e+07 -1.639e+07 -1.637e+07 -1.639e+07 -1.64e+07 -1.639e+07 -1.638e+07 -1.639e+07 -1.639e+07 -1.639e+07 -1.638e+07 -1.637e+07 -1.639e+07 -1.639e+07 -1.638e+07 -1.639e+07 -1.639e+07 -1.639e+07 -1.639e+07
 -4.46e+06 -4.467e+06 -4.468e+06 -4.462e+06 -4.469e+06 -4.465e+06 -4.46e+06 -4.464e+06 -4.461e+06 -4.465e+06 -4.461e+06 -4.462e+06 -4.463e+06 -4.466e+06 -4.465e+06 -4.491e+06 -4.464e+06 -4.431e+06 -4.454e+06 -4.456e+06
 -9.428e+07 -9.427e+07 -9.423e+07 -9.423e+07 -9.427e+07 -9.416e+07 -9.422e+07 -9.428e+07 -9.428e+07 -9.428e+07 -9.428e+07 -9.428e+07 -9.428e+07 -9.428e+07 -9.429e+07 -9.429e+07 -9.428e+07 -9.428e+07 -9.428e+07 -9.428e+07
 -2.97e+06 -2.975e+06 -2.968e+06 -2.968e+06 -2.977e+06 -2.991e+06 -2.967e+06 -2.948e+06 -2.917e+06 -2.977e+06 -2.969e+06 -2.976e+06 -2.96e+06 -2.972e+06 -2.965e+06 -2.975e+06 -2.974e+06 -2.974e+06 -2.982e+06 -2.973e+06
 -1.494e+06 -1.499e+06 -1.496e+06 -1.496e+06 -1.496e+06 -1.493e+06 -1.492e+06 -1.487e+06 -1.447e+06 -1.491e+06 -1.493e+06 -1.494e+06 -1.492e+06 -1.49e+06 -1.491e+06 -1.494e+06 -1.495e+06 -1.495e+06 -1.497e+06 -1.492e+06
 -1.163e+07 -1.162e+07 -1.162e+07 -1.162e+07 -1.162e+07 -1.162e+07 -1.162e+07 -1.161e+07 -1.162e+07 -1.162e+07 -1.162e+07 -1.162e+07 -1.162e+07 -1.162e+07 -1.162e+07 -1.162e+07 -1.16e+07 -1.162e+07 -1.162e+07 -1.162e+07
 -2.514e+07 -2.514e+07 -2.514e+07 -2.514e+07 -2.514e+07 -2.513e+07 -2.514e+07 -2.514e+07 -2.514e+07 -2.514e+07 -2.514e+07 -2.512e+07 -2.514e+07 -2.515e+07 -2.514e+07 -2.514e+07 -2.516e+07 -2.514e+07 -2.515e+07 -2.515e+07
 -4.081e+08 -4.081e+08 -4.081e+08 -4.081e+08 -4.081e+08 -4.081e+08 -4.081e+08 -4.081e+08 -4.081e+08 -4.081e+08 -4.081e+08 -4.081e+08 -4.081e+08 -4.081e+08 -4.081e+08 -4.081e+08 -4.081e+08 -4.081e+08 -4.081e+08 -4.081e+08
 -1.405e+07 -1.403e+07 -1.403e+07 -1.403e+07 -1.403e+07 -1.403e+07 -1.403e+07 -1.403e+07 -1.403e+07 -1.402e+07 -1.403e+07 -1.404e+07 -1.404e+07 -1.403e+07 -1.403e+07 -1.403e+07 -1.403e+07 -1.402e+07 -1.402e+07 -1.404e+07
 -9.197e+06 -9.203e+06 -9.205e+06 -9.202e+06 -9.206e+06 -9.205e+06 -9.203e+06 -9.204e+06 -9.202e+06 -9.202e+06 -9.204e+06 -9.201e+06 -9.206e+06 -9.204e+06 -9.207e+06 -9.174e+06 -9.203e+06 -9.208e+06 -9.21e+06 -9.217e+06
 -1.542e+07 -1.544e+07 -1.544e+07 -1.543e+07 -1.544e+07 -1.544e+07 -1.544e+07 -1.544e+07 -1.544e+07 -1.544e+07 -1.544e+07 -1.544e+07 -1.544e+07 -1.544e+07 -1.543e+07 -1.542e+07 -1.543e+07 -1.544e+07 -1.544e+07 -1.544e+07
 -6.06e+05 -5.76e+05 -5.73e+05 -5.68e+05 -5.8e+05 -5.84e+05 -5.63e+05 -5.62e+05 -5.6e+05 -5.62e+05 -5.61e+05 -5.71e+05 -5.6e+05 -5.5e+05 -5.62e+05 -5.7e+05 -5.67e+05 -5e+05 -5.5e+05 -5.64e+05
 -1.345e+08 -1.345e+08 -1.345e+08 -1.345e+08 -1.345e+08 -1.345e+08 -1.345e+08 -1.345e+08 -1.345e+08 -1.345e+08 -1.345e+08 -1.345e+08 -1.345e+08 -1.345e+08 -1.345e+08 -1.345e+08 -1.345e+08 -1.345e+08 -1.345e+08 -1.345e+08
 -1.924e+07 -1.926e+07 -1.925e+07 -1.925e+07 -1.926e+07 -1.925e+07 -1.925e+07 -1.925e+07 -1.925e+07 -1.925e+07 -1.925e+07 -1.924e+07 -1.925e+07 -1.925e+07 -1.925e+07 -1.925e+07 -1.923e+07 -1.925e+07 -1.924e+07 -1.925e+07
 -7.181e+07 -7.174e+07 -7.165e+07 -7.174e+07 -7.179e+07 -7.181e+07 -7.18e+07 -7.181e+07 -7.18e+07 -7.18e+07 -7.181e+07 -7.181e+07 -7.18e+07 -7.181e+07 -7.18e+07 -7.18e+07 -7.184e+07 -7.18e+07 -7.18e+07 -7.181e+07
 -1.497e+07 -1.496e+07 -1.496e+07 -1.496e+07 -1.496e+07 -1.496e+07 -1.496e+07 -1.496e+07 -1.496e+07 -1.497e+07 -1.497e+07 -1.497e+07 -1.496e+07 -1.497e+07 -1.496e+07 -1.495e+07 -1.496e+07 -1.496e+07 -1.497e+07 -1.495e+07
 -2.434e+07 -2.433e+07 -2.434e+07 -2.436e+07 -2.429e+07 -2.437e+07 -2.435e+07 -2.435e+07 -2.435e+07 -2.435e+07 -2.435e+07 -2.434e+07 -2.435e+07 -2.435e+07 -2.435e+07 -2.435e+07 -2.436e+07 -2.435e+07 -2.435e+07 -2.435e+07
 -1.016e+07 -1.016e+07 -1.017e+07 -1.016e+07 -1.016e+07 -1.016e+07 -1.01e+07 -1.015e+07 -1.015e+07 -1.016e+07 -1.015e+07 -1.016e+07 -1.016e+07 -1.015e+07 -1.015e+07 -1.016e+07 -1.016e+07 -1.016e+07 -1.015e+07 -1.016e+07
 -3.152e+07 -3.152e+07 -3.151e+07 -3.153e+07 -3.152e+07 -3.154e+07 -3.153e+07 -3.152e+07 -3.152e+07 -3.152e+07 -3.152e+07 -3.152e+07 -3.152e+07 -3.152e+07 -3.148e+07 -3.152e+07 -3.153e+07 -3.153e+07 -3.153e+07 -3.152e+07
 -2.032e+07 -2.017e+07 -2.033e+07 -2.033e+07 -2.032e+07 -2.029e+07 -2.031e+07 -2.032e+07 -2.032e+07 -2.032e+07 -2.032e+07 -2.032e+07 -2.031e+07 -2.032e+07 -2.032e+07 -2.032e+07 -2.038e+07 -2.032e+07 -2.031e+07 -2.032e+07
 -5.069e+07 -5.068e+07 -5.07e+07 -5.068e+07 -5.069e+07 -5.07e+07 -5.069e+07 -5.069e+07 -5.069e+07 -5.07e+07 -5.069e+07 -5.069e+07 -5.07e+07 -5.07e+07 -5.069e+07 -5.069e+07 -5.068e+07 -5.069e+07 -5.069e+07 -5.069e+07
 -8.1e+04 -8.4e+04 -8.3e+04 -9.5e+04 -9.3e+04 -8.3e+04 -8.9e+04 -9e+04 -8.9e+04 -8e+04 1.34e+05 -9.4e+04 -8.9e+04 -9.3e+04 -8.7e+04 -9.1e+04 -9.4e+04 -9.1e+04 -9.2e+04 -9.7e+04
 -6.9e+04 -6e+04 -6.6e+04 -6.7e+04 -6.2e+04 -4.7e+04 -6.6e+04 -5.6e+04 -6e+04 -5.6e+04 -6.2e+04 -6.2e+04 -5e+04 -5.5e+04 -5.6e+04 -7.2e+04 -5.2e+04 3.8e+04 -1.7e+04 -5.9e+04
 -4.464e+07 -4.465e+07 -4.465e+07 -4.466e+07 -4.465e+07 -4.465e+07 -4.465e+07 -4.465e+07 -4.465e+07 -4.465e+07 -4.465e+07 -4.465e+07 -4.465e+07 -4.464e+07 -4.465e+07 -4.466e+07 -4.465e+07 -4.466e+07 -4.464e+07 -4.466e+07
 -2.16e+05 -2.12e+05 -2.17e+05 -2.07e+05 -2.13e+05 -2.2e+05 -2.1e+05 -2.07e+05 -2.11e+05 -2.11e+05 -2.11e+05 -2.12e+05 -2.37e+05 -2.21e+05 -2.1e+05 -2.23e+05 -1.88e+05 -2.13e+05 -2.15e+05 -2.04e+05
 -3.465e+07 -3.465e+07 -3.463e+07 -3.466e+07 -3.464e+07 -3.462e+07 -3.465e+07 -3.465e+07 -3.465e+07 -3.464e+07 -3.464e+07 -3.465e+07 -3.465e+07 -3.465e+07 -3.465e+07 -3.464e+07 -3.465e+07 -3.466e+07 -3.464e+07 -3.465e+07
 -9.5e+04 -1.64e+05 -4.9e+04 -8.1e+04 -1.16e+05 -1.01e+05 -4.6e+04 -5e+04 -5.9e+04 -4.2e+04 -5.2e+04 2.2e+04 -1.29e+05 -7.4e+04 -4.4e+04 -1.06e+05 -1000 -6.6e+04 -1.06e+05 -1.08e+05
 -1.64e+05 -1.41e+05 -1.46e+05 -1.54e+05 -1.39e+05 -1.48e+05 -1.38e+05 -1.47e+05 -1.43e+05 -1.46e+05 -1.45e+05 -1.46e+05 -1.67e+05 -1.49e+05 -1.41e+05 -1.26e+05 -1.63e+05 -9.7e+04 -1.32e+05 -2.24e+05


