# Created by Octave 5.2.0, Thu Sep 24 18:53:17 2020 CEST <jiwidi@land>
# name: w
# type: matrix
# rows: 101
# columns: 20
 -1.323e+06 -1.322e+06 -1.323e+06 -1.322e+06 -1.322e+06 -1.323e+06 -1.323e+06 -1.324e+06 -1.325e+06 -1.323e+06 -1.324e+06 -1.324e+06 -1.322e+06 -1.323e+06 -1.323e+06 -1.322e+06 -1.323e+06 -1.324e+06 -1.323e+06 -1.324e+06
 -1.087e+05 -1.076e+05 -1.076e+05 -1.076e+05 -1.076e+05 -1.074e+05 -1.073e+05 -1.078e+05 -1.077e+05 -1.076e+05 -1.074e+05 -1.064e+05 -1.08e+05 -1.085e+05 -1.072e+05 -1.077e+05 -1.057e+05 -1.077e+05 -1.053e+05 -1.077e+05
 -2.185e+04 -2.212e+04 -2.154e+04 -2.133e+04 -2.222e+04 -2.131e+04 -2.112e+04 -2.116e+04 -2.1e+04 -2.092e+04 -2.123e+04 -1.614e+04 -2.097e+04 -2.247e+04 -2.159e+04 -2.114e+04 -1.966e+04 -1.997e+04 -2.255e+04 -2.141e+04
 -2.851e+04 -2.676e+04 -2.64e+04 -2.604e+04 -2.672e+04 -2.683e+04 -2.741e+04 -2.856e+04 -2.688e+04 -2.729e+04 -2.702e+04 -2.721e+04 -2.641e+04 -2.73e+04 -2.594e+04 -2.633e+04 -2.054e+04 -2.787e+04 -2.497e+04 -2.704e+04
 -6458 -5554 -5596 -5762 -5723 -5358 -5249 -5679 -5149 -5706 -5193 -5770 -6107 -6098 -5655 -5823 -6470 91 -698 -5798
 -9.041e+04 -9.09e+04 -9.074e+04 -9.077e+04 -9.07e+04 -9.084e+04 -9.1e+04 -9.064e+04 -9.066e+04 -9.082e+04 -9.086e+04 -8.985e+04 -9.009e+04 -9.108e+04 -9.097e+04 -9.085e+04 -8.992e+04 -9.089e+04 -8.967e+04 -9.057e+04
 -4.925e+04 -5.032e+04 -5.052e+04 -4.998e+04 -5.023e+04 -5.014e+04 -4.856e+04 -5.01e+04 -4.949e+04 -4.614e+04 -4.568e+04 -5.014e+04 -5.02e+04 -5.054e+04 -5.025e+04 -5.091e+04 -5.008e+04 -4.993e+04 -5.041e+04 -4.941e+04
 -7266 -6425 -6372 -6481 -6511 -6385 -6335 -6587 -5822 -7113 -6887 -6316 -6589 -6620 -6450 -6260 -7803 4489 -5637 -5467
 -6398 -5316 -5296 -6217 -6550 -5201 -5045 -4953 -5076 -5081 -4824 6749 -7994 -5852 -2959 -5767 -6025 -5433 -8210 -5528
 -3.518e+04 -3.435e+04 -3.416e+04 -3.429e+04 -3.411e+04 -3.437e+04 -3.231e+04 -3.434e+04 -3.421e+04 -3.172e+04 -3.223e+04 -3.414e+04 -3.356e+04 -3.436e+04 -3.415e+04 -3.449e+04 -3.454e+04 -3.394e+04 -3.5e+04 -3.457e+04
 -3136 -2833 -2783 -3098 -3267 -3007 -2764 -2848 -2699 -2878 -2691 3088 -3776 -2895 -2932 -2938 -2779 -2844 -2953 -3230
 -4.74e+04 -4.621e+04 -4.621e+04 -4.634e+04 -4.647e+04 -4.583e+04 -4.569e+04 -4.633e+04 -4.568e+04 -4.629e+04 -4.594e+04 -4.598e+04 -4.688e+04 -4.705e+04 -4.613e+04 -4.671e+04 -4.169e+04 -4.585e+04 -4.599e+04 -4.378e+04
 -1.56e+04 -1.329e+04 -1.523e+04 -1.567e+04 -1.627e+04 -1.535e+04 -1.295e+04 -1.542e+04 -1.483e+04 -1.156e+04 -1.046e+04 -1.481e+04 -1.46e+04 -1.583e+04 -1.65e+04 -1.517e+04 -1.518e+04 -1.505e+04 -1.572e+04 -1.497e+04
 -9777 -6700 -1.013e+04 -1.004e+04 -8611 4072 -8212 -8046 -7760 -8262 -7664 -8521 -9025 -8230 -8699 -9867 -8257 -8011 -9953 -7120
 -1.863e+04 -1.97e+04 -1.884e+04 -1.378e+04 -1.569e+04 -1.872e+04 -1.686e+04 -1.866e+04 -1.836e+04 -1.807e+04 -1.843e+04 -1.817e+04 -1.926e+04 -1.858e+04 -1.818e+04 -1.859e+04 -1.866e+04 -1.826e+04 -1.887e+04 -1.851e+04
 -4.546e+04 -4.636e+04 -4.624e+04 -4.663e+04 -4.648e+04 -4.636e+04 -4.645e+04 -4.634e+04 -4.647e+04 -4.65e+04 -4.626e+04 -4.652e+04 -4.668e+04 -4.698e+04 -4.667e+04 -4.78e+04 -4.679e+04 -4.68e+04 -4.554e+04 -4.45e+04
 -4.949e+04 -4.909e+04 -4.952e+04 -4.952e+04 -4.969e+04 -4.923e+04 -4.915e+04 -4.906e+04 -4.909e+04 -4.932e+04 -4.9e+04 -4.875e+04 -5.019e+04 -4.957e+04 -4.922e+04 -4.944e+04 -4.891e+04 -4.803e+04 -4.67e+04 -4.876e+04
 -2.933e+04 -2.901e+04 -2.903e+04 -2.948e+04 -2.921e+04 -2.86e+04 -2.892e+04 -2.88e+04 -2.847e+04 -2.894e+04 -2.831e+04 -2.876e+04 -2.881e+04 -2.922e+04 -2.931e+04 -2.926e+04 -2.534e+04 -2.914e+04 -2.801e+04 -2.62e+04
 -3.14e+04 -3.114e+04 -3.126e+04 -3.12e+04 -3.142e+04 -3.106e+04 -3.086e+04 -3.127e+04 -3.104e+04 -3.181e+04 -3.084e+04 -3.147e+04 -3.123e+04 -3.14e+04 -3.128e+04 -3.062e+04 -3.173e+04 -2.617e+04 -3.044e+04 -3.065e+04
 -1.247e+05 -1.259e+05 -1.26e+05 -1.261e+05 -1.261e+05 -1.259e+05 -1.258e+05 -1.26e+05 -1.259e+05 -1.261e+05 -1.26e+05 -1.26e+05 -1.26e+05 -1.251e+05 -1.261e+05 -1.263e+05 -1.273e+05 -1.26e+05 -1.25e+05 -1.24e+05
 -6.627e+04 -6.703e+04 -6.701e+04 -6.717e+04 -6.724e+04 -6.696e+04 -6.692e+04 -6.707e+04 -6.707e+04 -6.737e+04 -6.682e+04 -6.703e+04 -6.709e+04 -6.744e+04 -6.713e+04 -6.687e+04 -6.669e+04 -6.801e+04 -6.731e+04 -6.597e+04
 -6.508e+04 -6.389e+04 -6.36e+04 -6.374e+04 -6.393e+04 -6.383e+04 -6.348e+04 -6.336e+04 -6.342e+04 -6.401e+04 -6.353e+04 -6.355e+04 -6.403e+04 -6.295e+04 -6.377e+04 -6.348e+04 -6.237e+04 -6.349e+04 -6.236e+04 -6.329e+04
 -5.4e+04 -5.461e+04 -5.415e+04 -5.629e+04 -4.663e+04 -5.476e+04 -5.349e+04 -5.417e+04 -5.375e+04 -5.449e+04 -5.344e+04 -5.285e+04 -5.358e+04 -5.363e+04 -5.396e+04 -5.492e+04 -5.535e+04 -5.429e+04 -5.498e+04 -5.063e+04
 -5.254e+04 -5.442e+04 -5.486e+04 -5.491e+04 -5.522e+04 -5.499e+04 -5.455e+04 -5.479e+04 -5.456e+04 -5.504e+04 -5.498e+04 -5.522e+04 -5.403e+04 -5.543e+04 -5.151e+04 -5.528e+04 -5.541e+04 -5.418e+04 -5.583e+04 -5.321e+04
 -1.099e+05 -1.081e+05 -1.102e+05 -1.079e+05 -1.082e+05 -1.083e+05 -1.087e+05 -1.095e+05 -1.095e+05 -1.097e+05 -1.097e+05 -1.096e+05 -1.083e+05 -1.089e+05 -1.083e+05 -1.092e+05 -1.096e+05 -1.094e+05 -1.099e+05 -1.097e+05
 -1.384e+04 -1.263e+04 -1.286e+04 -1.05e+04 -1.394e+04 -1.291e+04 -1.262e+04 -1.265e+04 -1.237e+04 -8849 -8930 -1.272e+04 -1.255e+04 -1.348e+04 -1.145e+04 -1.288e+04 -1.21e+04 -1.273e+04 -1.383e+04 -1.354e+04
 -1.21e+04 -1.171e+04 -1.157e+04 -1.134e+04 -1.216e+04 -1.128e+04 -1.073e+04 -1.109e+04 -1.12e+04 -3259 -3680 -1.091e+04 -1.261e+04 -1.164e+04 -1.17e+04 -1.126e+04 -1.184e+04 -1.14e+04 -1.259e+04 -1.212e+04
 -1.193e+05 -1.192e+05 -1.191e+05 -1.193e+05 -1.195e+05 -1.192e+05 -1.196e+05 -1.197e+05 -1.194e+05 -1.197e+05 -1.197e+05 -1.192e+05 -1.178e+05 -1.187e+05 -1.194e+05 -1.194e+05 -1.196e+05 -1.193e+05 -1.195e+05 -1.193e+05
 -4.519e+04 -4.722e+04 -4.72e+04 -4.683e+04 -4.718e+04 -4.713e+04 -4.699e+04 -4.716e+04 -4.697e+04 -4.746e+04 -4.694e+04 -4.729e+04 -4.72e+04 -4.746e+04 -4.733e+04 -4.458e+04 -4.736e+04 -4.7e+04 -4.904e+04 -4.337e+04
 -8.482e+04 -8.41e+04 -8.369e+04 -7.945e+04 -8.572e+04 -8.314e+04 -8.45e+04 -8.43e+04 -8.394e+04 -8.437e+04 -8.425e+04 -8.466e+04 -8.235e+04 -8.372e+04 -8.398e+04 -8.434e+04 -8.438e+04 -8.42e+04 -8.445e+04 -8.415e+04
 -1.231e+05 -1.224e+05 -1.226e+05 -1.225e+05 -1.224e+05 -1.217e+05 -1.221e+05 -1.214e+05 -1.22e+05 -1.196e+05 -1.219e+05 -1.222e+05 -1.224e+05 -1.202e+05 -1.213e+05 -1.218e+05 -1.217e+05 -1.218e+05 -1.223e+05 -1.23e+05
 -2.471e+04 -2.405e+04 -2.414e+04 -2.424e+04 -2.384e+04 -2.405e+04 -2.366e+04 -2.443e+04 -2.336e+04 -2.42e+04 -2.359e+04 -2.413e+04 -2.487e+04 -2.509e+04 -2.422e+04 -2.557e+04 -1.61e+04 -2.218e+04 -2.427e+04 -2.318e+04
 -2.112e+04 -2.089e+04 -2.056e+04 -2.139e+04 -2.109e+04 -2.094e+04 -2.018e+04 -2.025e+04 -2.017e+04 -1.472e+04 -1.421e+04 -2.048e+04 -2.165e+04 -2.08e+04 -1.957e+04 -2.104e+04 -2.092e+04 -2.017e+04 -2.156e+04 -1.948e+04
 -1.991e+04 -1.818e+04 -1.809e+04 -1.806e+04 -1.809e+04 -1.793e+04 -1.791e+04 -1.792e+04 -1.765e+04 -1.77e+04 -1.786e+04 -1.808e+04 -1.813e+04 -1.811e+04 -1.851e+04 -1.296e+04 -1.818e+04 -1.91e+04 -1.983e+04 -1.398e+04
 -5.5e+04 -5.438e+04 -5.447e+04 -5.44e+04 -5.447e+04 -5.463e+04 -5.45e+04 -5.433e+04 -5.465e+04 -5.432e+04 -5.444e+04 -5.477e+04 -5.376e+04 -5.438e+04 -5.461e+04 -5.41e+04 -5.281e+04 -5.466e+04 -5.422e+04 -5.485e+04
 -1.102e+04 -1.034e+04 -9974 -1.056e+04 -9855 -9928 -8075 -9875 -9176 -224 -8542 -1.005e+04 -1.117e+04 -1.046e+04 -1.015e+04 -1.025e+04 -1.08e+04 -9706 -1.103e+04 -9632
 -1.516e+04 -1.545e+04 -1.626e+04 -1.802e+04 -1.445e+04 -1.622e+04 -2085 -1.375e+04 -1.333e+04 -1.443e+04 -1.43e+04 -1.618e+04 -1.47e+04 -1.186e+04 -1.491e+04 -1.46e+04 -1.429e+04 -1.388e+04 -1.45e+04 -1.424e+04
 -2.213e+04 -2.282e+04 -2.244e+04 -2.213e+04 -2.249e+04 -1.803e+04 -2.24e+04 -1.993e+04 -2.152e+04 -2.173e+04 -2.128e+04 -1.792e+04 -2.224e+04 -2.177e+04 -2.194e+04 -2.18e+04 -2.18e+04 -2.16e+04 -2.221e+04 -2.19e+04
 -3150 -2242 -2267 -2299 -2298 -2237 -2105 -4218 -2244 -2322 -2155 -2251 -2393 -2573 -2305 -2609 -2727 4433 -1911 -2533
 -2033 -2047 -1896 -2211 -2038 -1952 -2035 -1979 -1832 -7542 7834 -1924 -2232 -2131 -2080 -2101 -2109 -1907 -2010 -1746
 -4.78e+04 -4.741e+04 -4.883e+04 -4.766e+04 -4.717e+04 -4.66e+04 -4.875e+04 -4.849e+04 -4.889e+04 -4.871e+04 -4.85e+04 -4.88e+04 -4.728e+04 -4.711e+04 -4.174e+04 -4.862e+04 -4.882e+04 -4.876e+04 -4.875e+04 -4.999e+04
 -1.235e+04 -1.218e+04 -1.137e+04 -1.134e+04 -1.159e+04 -1.111e+04 -1.101e+04 -1.162e+04 -1.11e+04 -5283 -6248 -1.147e+04 -1.145e+04 -1.125e+04 -9213 -1.151e+04 -1.187e+04 -1.134e+04 -1.339e+04 -1.188e+04
 -6.633e+04 -6.624e+04 -6.612e+04 -6.632e+04 -6.595e+04 -6.622e+04 -6.4e+04 -5.662e+04 -6.452e+04 -6.626e+04 -6.551e+04 -6.585e+04 -6.243e+04 -6.642e+04 -6.649e+04 -6.624e+04 -6.669e+04 -6.565e+04 -6.591e+04 -6.547e+04
 -1.892e+05 -1.905e+05 -1.906e+05 -1.905e+05 -1.906e+05 -1.905e+05 -1.904e+05 -1.905e+05 -1.904e+05 -1.906e+05 -1.903e+05 -1.906e+05 -1.906e+05 -1.907e+05 -1.908e+05 -1.891e+05 -1.907e+05 -1.903e+05 -1.91e+05 -1.9e+05
 -3.344e+04 -3.386e+04 -3.383e+04 -3.397e+04 -3.4e+04 -3.387e+04 -3.379e+04 -3.412e+04 -3.377e+04 -3.462e+04 -3.375e+04 -3.398e+04 -3.404e+04 -3.508e+04 -3.418e+04 -3.04e+04 -3.461e+04 -3.398e+04 -3.301e+04 -3.413e+04
 -4.489e+04 -4.304e+04 -4.328e+04 -4.408e+04 -4.354e+04 -4.419e+04 -4.418e+04 -4.351e+04 -4.412e+04 -4.223e+04 -4.036e+04 -4.374e+04 -4.247e+04 -4.324e+04 -4.411e+04 -4.36e+04 -4.567e+04 -4.388e+04 -4.329e+04 -4.302e+04
 -7433 -7472 -7256 -7019 -7402 -6996 -6911 -6299 -5934 -6600 -5997 5053 -6752 -6873 -6769 -6768 -5509 -6425 -7668 -6631
 -1.018e+06 -1.021e+06 -1.02e+06 -1.021e+06 -1.02e+06 -1.02e+06 -1.021e+06 -1.02e+06 -1.019e+06 -1.019e+06 -1.02e+06 -1.019e+06 -1.02e+06 -1.021e+06 -1.019e+06 -1.02e+06 -1.02e+06 -1.02e+06 -1.018e+06 -1.019e+06
 1779 -8125 -8072 -8525 -8712 -7578 -7496 -8703 -7962 -8603 -7605 -8568 -9851 -1.099e+04 -1.003e+04 -9039 -9330 -8386 -1.356e+04 -271
 -6992 -8774 -8560 -9067 -8577 -8357 -8330 -8271 -8209 -8646 -7692 -8249 -9252 -8881 3336 -9147 -8676 -8435 -9532 -8995
 -2.567e+04 -2.544e+04 -2.518e+04 -2.519e+04 -2.582e+04 -2.512e+04 -2.488e+04 -2.475e+04 -2.487e+04 -2.548e+04 -2.499e+04 -2.515e+04 -2.536e+04 -2.536e+04 -2.546e+04 -2.177e+04 -2.538e+04 -2.462e+04 -2.574e+04 -2.201e+04
 -5082 -3947 -3739 -3921 -3824 -3882 -3813 -3611 -3810 -4210 -3796 -3896 -3981 -4412 -4321 -4198 -4638 1824 -3541 -4256
 -6037 -3111 -2789 -2897 -3280 -2504 -2545 -2324 -2161 -2671 -2284 -2503 -2768 -2967 -3059 1.019e+04 -2873 -2645 -3534 -6967
 -5.143e+04 -5.492e+04 -5.49e+04 -5.498e+04 -5.475e+04 -5.488e+04 -5.458e+04 -5.466e+04 -5.47e+04 -5.508e+04 -5.466e+04 -5.528e+04 -5.486e+04 -5.564e+04 -5.548e+04 -5.548e+04 -5.449e+04 -5.426e+04 -5.605e+04 -5.32e+04
 -1.359e+04 -1.098e+04 -1.113e+04 -1.092e+04 -1.124e+04 -1.011e+04 -1.054e+04 -1.054e+04 -1.047e+04 -1.099e+04 -1.03e+04 -1.106e+04 -1.157e+04 -1.167e+04 -1.04e+04 -6315 -1.191e+04 -1.099e+04 -1.239e+04 -8435
 -4.642e+04 -4.822e+04 -4.829e+04 -4.851e+04 -4.85e+04 -4.841e+04 -4.779e+04 -4.819e+04 -4.831e+04 -4.848e+04 -4.837e+04 -4.807e+04 -4.836e+04 -4.841e+04 -4.816e+04 -4.798e+04 -4.877e+04 -4.679e+04 -4.64e+04 -4.876e+04
 -4.175e+04 -4.493e+04 -4.51e+04 -4.48e+04 -4.506e+04 -4.488e+04 -4.504e+04 -4.516e+04 -4.523e+04 -4.491e+04 -4.506e+04 -4.517e+04 -4.552e+04 -4.499e+04 -4.494e+04 -4.455e+04 -4.568e+04 -4.329e+04 -4.419e+04 -4.396e+04
 -5.462e+04 -5.036e+04 -5.163e+04 -5.435e+04 -5.532e+04 -5.32e+04 -5.49e+04 -5.459e+04 -5.419e+04 -5.469e+04 -5.431e+04 -5.428e+04 -5.502e+04 -5.486e+04 -5.454e+04 -5.452e+04 -5.488e+04 -5.435e+04 -5.504e+04 -5.441e+04
 -7604 -1.232e+04 -1.214e+04 -1.233e+04 -1.23e+04 -1.224e+04 -1.215e+04 -1.225e+04 -1.213e+04 -1.211e+04 -1.2e+04 -1.214e+04 -1.194e+04 -1.205e+04 -1.206e+04 -1.204e+04 -1.3e+04 -7117 -1.38e+04 -1.382e+04
 -1.172e+04 -9548 -9703 -1.004e+04 -1.026e+04 -8832 -8627 -7871 558 -1.004e+04 -9149 -9876 -9915 -1.034e+04 -9301 -9704 -9914 -9837 -9258 -1.022e+04
 -1.07e+04 -3104 -1.276e+04 -1.242e+04 -1.265e+04 -1.258e+04 -1.199e+04 -1.193e+04 -1.163e+04 -1.234e+04 -1.187e+04 -5004 -1.317e+04 -1.279e+04 -1.126e+04 -1.27e+04 -1.269e+04 -1.182e+04 -1.28e+04 -1.243e+04
 -4.527e+04 -4.647e+04 -4.648e+04 -4.654e+04 -4.66e+04 -4.64e+04 -4.626e+04 -4.642e+04 -4.611e+04 -4.644e+04 -4.622e+04 -4.633e+04 -4.683e+04 -4.709e+04 -4.675e+04 -4.512e+04 -4.715e+04 -4.661e+04 -4.75e+04 -4.456e+04
 -6244 -6924 -6886 -7187 -7216 -6309 -7814 -6738 -6568 -1919 -3121 -6621 -8126 -7095 -8006 -7169 -6975 -6846 -7832 -7494
 -3.641e+04 -3.628e+04 -3.525e+04 -3.633e+04 -3.565e+04 -2.733e+04 -3.621e+04 -3.508e+04 -3.518e+04 -3.575e+04 -3.546e+04 -3.665e+04 -3.75e+04 -3.571e+04 -3.664e+04 -3.622e+04 -3.59e+04 -3.535e+04 -3.671e+04 -3.601e+04
 -1.108e+05 -1.108e+05 -1.101e+05 -1.078e+05 -1.09e+05 -1.109e+05 -1.09e+05 -1.095e+05 -1.095e+05 -1.105e+05 -1.104e+05 -1.105e+05 -1.102e+05 -1.106e+05 -1.107e+05 -1.107e+05 -1.103e+05 -1.101e+05 -1.108e+05 -1.101e+05
 -5.235e+04 -5.192e+04 -5.084e+04 -4.771e+04 -4.847e+04 -5.096e+04 -5.021e+04 -5.112e+04 -5.133e+04 -5.138e+04 -5.102e+04 -5.151e+04 -5.065e+04 -5.21e+04 -5.158e+04 -5.15e+04 -5.183e+04 -5.124e+04 -5.214e+04 -5.148e+04
 -1.888e+04 -1.895e+04 -1.897e+04 -1.958e+04 -1.965e+04 -1.889e+04 -1.878e+04 -9280 -1.82e+04 -1.943e+04 -1.838e+04 -1.916e+04 -1.815e+04 -1.978e+04 -1.92e+04 -1.99e+04 -1.903e+04 -1.876e+04 -2.052e+04 -1.953e+04
 -4.751e+04 -4.774e+04 -4.545e+04 -4.522e+04 -4.5e+04 -4.702e+04 -4.515e+04 -4.687e+04 -4.676e+04 -4.706e+04 -4.677e+04 -4.632e+04 -4.513e+04 -4.721e+04 -4.665e+04 -4.613e+04 -4.671e+04 -4.673e+04 -4.684e+04 -4.698e+04
 -9.086e+04 -8.896e+04 -8.831e+04 -9.104e+04 -9.094e+04 -8.817e+04 -9.056e+04 -9.076e+04 -9.042e+04 -9.085e+04 -9.052e+04 -9.005e+04 -9.1e+04 -9.076e+04 -9.107e+04 -9.098e+04 -9.056e+04 -9.062e+04 -9.09e+04 -9.064e+04
 -1.279e+04 -1.362e+04 -1.332e+04 -1.407e+04 -1.427e+04 -1.381e+04 -1.3e+04 -1.348e+04 -1.266e+04 -6389 -8883 -1.329e+04 -1.369e+04 -1.393e+04 -1.371e+04 -1.382e+04 -1.522e+04 -1.253e+04 -1.43e+04 -1.236e+04
 -5.975e+04 -5.944e+04 -5.977e+04 -5.992e+04 -5.97e+04 -5.933e+04 -5.968e+04 -5.947e+04 -5.918e+04 -5.978e+04 -5.922e+04 -6.011e+04 -6.006e+04 -6.013e+04 -5.897e+04 -5.986e+04 -5.835e+04 -5.837e+04 -5.892e+04 -5.928e+04
 -4.992e+05 -4.999e+05 -4.999e+05 -5e+05 -4.998e+05 -4.999e+05 -4.999e+05 -4.998e+05 -4.997e+05 -4.999e+05 -4.998e+05 -4.994e+05 -4.998e+05 -4.986e+05 -4.999e+05 -4.996e+05 -4.994e+05 -4.997e+05 -4.984e+05 -4.998e+05
 -5997 -5298 -5405 -5904 -6334 -5274 -3684 -5186 -5026 -8893 8452 -5318 -5684 -5734 -5466 -5628 -5764 -4724 -6593 -5664
 -4.1e+04 -4.054e+04 -4.088e+04 -3.803e+04 -3.957e+04 -4.095e+04 -4.086e+04 -4.065e+04 -4.026e+04 -4.076e+04 -4.048e+04 -3.917e+04 -3.598e+04 -4.124e+04 -4.084e+04 -4.078e+04 -4.088e+04 -4.045e+04 -4.208e+04 -4.124e+04
 -1.358e+04 -1.62e+04 -1.583e+04 -1.609e+04 -1.619e+04 -1.557e+04 -1.545e+04 -1.593e+04 -1.503e+04 -1.653e+04 -1.495e+04 -1.588e+04 -1.655e+04 -1.605e+04 -1.633e+04 -1.698e+04 -1.661e+04 -5384 -1.249e+04 -1.6e+04
 -5.981e+04 -5.964e+04 -6.022e+04 -5.82e+04 -6.066e+04 -5.867e+04 -5.834e+04 -5.985e+04 -5.998e+04 -5.998e+04 -5.993e+04 -5.896e+04 -6.028e+04 -6.022e+04 -6.029e+04 -5.992e+04 -6.028e+04 -5.968e+04 -6.012e+04 -5.972e+04
 -1.231e+04 -1.195e+04 -1.137e+04 -1.262e+04 -1.249e+04 -1.241e+04 -1.216e+04 -8680 6172 -1.237e+04 -1.131e+04 -1.077e+04 -1.151e+04 -1.164e+04 -1.138e+04 -1.169e+04 -1.22e+04 -1.106e+04 -1.438e+04 -1.18e+04
 -9713 -8434 -8062 -9320 -9065 -8145 -6619 -8894 6431 -8484 -8173 -8801 -9989 -7652 -8903 -8654 -9232 -8196 -1.053e+04 -9279
 -2.017e+04 -1.917e+04 -1.961e+04 -1.879e+04 -1.858e+04 -1.912e+04 -1.891e+04 -1.876e+04 -1.881e+04 -1.919e+04 -1.883e+04 -1.982e+04 -1.896e+04 -1.97e+04 -1.937e+04 -1.917e+04 -1.814e+04 -2.008e+04 -1.687e+04 -1.848e+04
 -4.812e+04 -4.76e+04 -4.695e+04 -4.738e+04 -4.818e+04 -4.717e+04 -4.758e+04 -4.731e+04 -4.69e+04 -4.722e+04 -4.679e+04 -4.227e+04 -4.562e+04 -4.67e+04 -4.742e+04 -4.76e+04 -4.781e+04 -4.709e+04 -4.848e+04 -4.697e+04
 -8.481e+05 -8.476e+05 -8.481e+05 -8.478e+05 -8.48e+05 -8.479e+05 -8.48e+05 -8.475e+05 -8.477e+05 -8.476e+05 -8.477e+05 -8.479e+05 -8.479e+05 -8.463e+05 -8.479e+05 -8.478e+05 -8.474e+05 -8.475e+05 -8.463e+05 -8.479e+05
 -2.96e+04 -2.719e+04 -2.714e+04 -2.729e+04 -2.685e+04 -2.697e+04 -2.744e+04 -2.724e+04 -2.72e+04 -2.419e+04 -2.788e+04 -2.739e+04 -2.722e+04 -2.721e+04 -2.692e+04 -2.659e+04 -2.689e+04 -2.516e+04 -2.671e+04 -2.78e+04
 -2.117e+04 -2.132e+04 -2.126e+04 -2.157e+04 -2.196e+04 -2.139e+04 -2.096e+04 -2.122e+04 -2.07e+04 -2.086e+04 -2.082e+04 -2.135e+04 -2.168e+04 -2.194e+04 -2.107e+04 -1.68e+04 -2.094e+04 -2.185e+04 -2.254e+04 -2.15e+04
 -2.803e+04 -2.892e+04 -2.89e+04 -2.912e+04 -2.922e+04 -2.866e+04 -2.87e+04 -2.868e+04 -2.898e+04 -2.907e+04 -2.895e+04 -2.87e+04 -2.927e+04 -2.995e+04 -2.823e+04 -2.723e+04 -2.84e+04 -2.944e+04 -2.947e+04 -2.952e+04
 -7039 -5703 -5600 -5694 -5683 -5621 -5467 -5794 -5633 -6250 -5450 -6315 -5876 -5823 -6229 -6388 -6504 3918 -4966 -6259
 -2.269e+05 -2.282e+05 -2.283e+05 -2.272e+05 -2.275e+05 -2.281e+05 -2.278e+05 -2.281e+05 -2.28e+05 -2.285e+05 -2.281e+05 -2.283e+05 -2.279e+05 -2.277e+05 -2.279e+05 -2.284e+05 -2.285e+05 -2.281e+05 -2.28e+05 -2.279e+05
 -4.597e+04 -4.592e+04 -4.564e+04 -4.552e+04 -4.624e+04 -4.568e+04 -4.592e+04 -4.578e+04 -4.578e+04 -4.629e+04 -4.538e+04 -4.447e+04 -4.684e+04 -4.649e+04 -4.68e+04 -4.63e+04 -4.41e+04 -4.467e+04 -4.328e+04 -4.512e+04
 -9.206e+04 -9.04e+04 -8.25e+04 -9.057e+04 -9.297e+04 -8.908e+04 -9.182e+04 -9.128e+04 -9.124e+04 -9.171e+04 -9.112e+04 -9.158e+04 -9.275e+04 -9.164e+04 -9.184e+04 -9.198e+04 -9.181e+04 -9.135e+04 -9.204e+04 -9.138e+04
 -2.446e+04 -2.513e+04 -2.504e+04 -2.52e+04 -2.499e+04 -2.449e+04 -2.532e+04 -2.56e+04 -2.471e+04 -2.527e+04 -2.533e+04 -2.565e+04 -2.541e+04 -2.531e+04 -2.489e+04 -2.556e+04 -2.13e+04 -2.315e+04 -2.615e+04 -2.308e+04
 -4.809e+04 -4.744e+04 -4.909e+04 -5.35e+04 -4.216e+04 -5.113e+04 -5.076e+04 -4.957e+04 -4.927e+04 -4.966e+04 -4.948e+04 -4.94e+04 -5.106e+04 -4.948e+04 -4.96e+04 -4.983e+04 -4.988e+04 -4.952e+04 -5.04e+04 -4.944e+04
 -2.208e+04 -2.121e+04 -2.332e+04 -2.336e+04 -2.188e+04 -2.246e+04 -6047 -2.168e+04 -2.106e+04 -2.361e+04 -2.296e+04 -2.132e+04 -2.213e+04 -2.03e+04 -2.199e+04 -2.244e+04 -2.214e+04 -2.206e+04 -2.26e+04 -2.199e+04
 -5.462e+04 -5.554e+04 -5.662e+04 -5.71e+04 -5.655e+04 -5.632e+04 -5.604e+04 -5.654e+04 -5.592e+04 -5.697e+04 -5.596e+04 -5.631e+04 -5.642e+04 -5.683e+04 -4.736e+04 -5.668e+04 -5.656e+04 -5.641e+04 -5.78e+04 -5.501e+04
 -3.157e+04 -1.937e+04 -3.138e+04 -3.224e+04 -3.173e+04 -2.939e+04 -3.042e+04 -3.035e+04 -3.042e+04 -3.137e+04 -3.115e+04 -3.134e+04 -3.181e+04 -3.071e+04 -3.148e+04 -3.05e+04 -3.106e+04 -3.069e+04 -3.159e+04 -3.098e+04
 -9.279e+04 -9.26e+04 -9.102e+04 -8.886e+04 -9.115e+04 -9.295e+04 -9.161e+04 -9.25e+04 -9.233e+04 -9.278e+04 -9.248e+04 -9.248e+04 -9.272e+04 -9.314e+04 -9.272e+04 -9.275e+04 -9.19e+04 -9.242e+04 -9.273e+04 -9.258e+04
 -3593 -3330 -3466 -3640 -3626 -3236 -3204 -3058 -2727 -6995 8853 -3109 -3854 -3330 -3378 -3653 -3691 -2911 -3931 -2983
 -2330 -1662 -1542 -1712 -1699 -1655 -1633 -2500 -1501 -1826 -1501 -1569 -1698 -1952 -1689 -1995 -2018 1516 -381 -1855
 -8.301e+04 -8.491e+04 -8.469e+04 -8.47e+04 -8.444e+04 -8.471e+04 -8.454e+04 -8.475e+04 -8.457e+04 -8.491e+04 -8.461e+04 -8.413e+04 -8.525e+04 -8.225e+04 -8.434e+04 -8.409e+04 -8.452e+04 -8.475e+04 -8.438e+04 -8.394e+04
 -3923 -2633 -2608 -2727 -2642 -2520 -2395 -2373 -2419 -2767 -2395 -2552 -2943 -3076 -2668 -2993 -2730 576 -1300 -2515
 -4.379e+04 -4.454e+04 -4.182e+04 -4.353e+04 -4.313e+04 -4.193e+04 -4.379e+04 -4.271e+04 -4.238e+04 -4.225e+04 -4.196e+04 -4.221e+04 -4.298e+04 -4.307e+04 -4.393e+04 -4.266e+04 -4.249e+04 -4.284e+04 -4.244e+04 -4.297e+04
 -4756 -4839 -4131 -4208 -4430 -3661 -3435 -4054 -4121 -4167 -3684 6362 -4439 -4410 -4129 -4357 -3627 -4192 -6345 -5141
 -2817 -2190 -2118 -2281 -2268 -2064 -2007 -2039 -1891 -2326 -1920 -2075 -2348 -2204 -2049 -1932 -2349 2019 -1894 -2159


