# Created by Octave 5.2.0, Thu Sep 24 21:27:30 2020 CEST <jiwidi@land>
# name: w
# type: matrix
# rows: 101
# columns: 20
 -4.316e+08 -4.316e+08 -4.316e+08 -4.316e+08 -4.316e+08 -4.316e+08 -4.316e+08 -4.316e+08 -4.316e+08 -4.316e+08 -4.316e+08 -4.316e+08 -4.316e+08 -4.316e+08 -4.316e+08 -4.316e+08 -4.316e+08 -4.316e+08 -4.316e+08 -4.316e+08
 -5.268e+07 -5.267e+07 -5.268e+07 -5.268e+07 -5.268e+07 -5.267e+07 -5.267e+07 -5.268e+07 -5.267e+07 -5.267e+07 -5.268e+07 -5.267e+07 -5.268e+07 -5.268e+07 -5.267e+07 -5.267e+07 -5.268e+07 -5.267e+07 -5.265e+07 -5.268e+07
 -9.772e+06 -9.776e+06 -9.766e+06 -9.769e+06 -9.763e+06 -9.77e+06 -9.76e+06 -9.766e+06 -9.766e+06 -9.765e+06 -9.766e+06 -9.748e+06 -9.766e+06 -9.77e+06 -9.77e+06 -9.767e+06 -9.764e+06 -9.758e+06 -9.768e+06 -9.767e+06
 -1.058e+07 -1.067e+07 -1.062e+07 -1.058e+07 -1.068e+07 -1.062e+07 -1.058e+07 -1.058e+07 -1.058e+07 -1.058e+07 -1.058e+07 -1.058e+07 -1.058e+07 -1.058e+07 -1.058e+07 -1.058e+07 -1.048e+07 -1.059e+07 -1.057e+07 -1.058e+07
 -6.36e+05 -6.25e+05 -6.25e+05 -6.27e+05 -6.26e+05 -6.2e+05 -6.22e+05 -6.26e+05 -6.23e+05 -6.2e+05 -6.31e+05 -6.24e+05 -6.24e+05 -6.22e+05 -6.25e+05 -6.21e+05 -6.37e+05 -5.94e+05 -6.01e+05 -6.32e+05
 -4.446e+07 -4.447e+07 -4.446e+07 -4.446e+07 -4.447e+07 -4.446e+07 -4.446e+07 -4.446e+07 -4.446e+07 -4.446e+07 -4.446e+07 -4.446e+07 -4.445e+07 -4.446e+07 -4.446e+07 -4.446e+07 -4.445e+07 -4.446e+07 -4.447e+07 -4.446e+07
 -2.044e+07 -2.044e+07 -2.045e+07 -2.044e+07 -2.044e+07 -2.045e+07 -2.044e+07 -2.044e+07 -2.044e+07 -2.043e+07 -2.044e+07 -2.044e+07 -2.044e+07 -2.044e+07 -2.044e+07 -2.045e+07 -2.045e+07 -2.044e+07 -2.045e+07 -2.044e+07
 -4.4e+05 -4.16e+05 -4.18e+05 -4.23e+05 -4.25e+05 -5.21e+05 -4.35e+05 -4.31e+05 -4.21e+05 -4.35e+05 -4.33e+05 -4.33e+05 -4.22e+05 -4.39e+05 -4.23e+05 -4.14e+05 -4.51e+05 -3.95e+05 -4.01e+05 -4.08e+05
 -5.98e+05 -6.4e+05 -5.94e+05 -6.14e+05 -6.85e+05 -6.52e+05 -6.03e+05 -6.16e+05 -6.11e+05 -6.19e+05 -6.13e+05 -5.65e+05 -6.34e+05 -6.18e+05 -5.81e+05 -6.67e+05 -6.18e+05 -6.28e+05 -6.87e+05 -6.5e+05
 -1.256e+07 -1.256e+07 -1.257e+07 -1.256e+07 -1.256e+07 -1.258e+07 -1.256e+07 -1.256e+07 -1.257e+07 -1.256e+07 -1.256e+07 -1.256e+07 -1.256e+07 -1.257e+07 -1.257e+07 -1.257e+07 -1.257e+07 -1.257e+07 -1.257e+07 -1.256e+07
 -2.48e+05 -2.27e+05 -2.34e+05 -3.18e+05 -2.47e+05 -2.26e+05 -2.31e+05 -2.57e+05 -2.47e+05 -2.46e+05 -2.44e+05 -2.13e+05 -3.51e+05 -2.48e+05 -2.5e+05 -2.43e+05 -2.25e+05 -2.49e+05 -2.27e+05 -2.48e+05
 -2.04e+07 -2.04e+07 -2.04e+07 -2.04e+07 -2.04e+07 -2.04e+07 -2.04e+07 -2.04e+07 -2.04e+07 -2.04e+07 -2.04e+07 -2.04e+07 -2.04e+07 -2.04e+07 -2.04e+07 -2.04e+07 -2.038e+07 -2.04e+07 -2.039e+07 -2.039e+07
 -4.591e+06 -4.584e+06 -4.592e+06 -4.59e+06 -4.595e+06 -4.597e+06 -4.589e+06 -4.59e+06 -4.592e+06 -4.581e+06 -4.586e+06 -4.588e+06 -4.579e+06 -4.594e+06 -4.595e+06 -4.592e+06 -4.586e+06 -4.593e+06 -4.591e+06 -4.588e+06
 -4.531e+06 -4.407e+06 -4.561e+06 -4.644e+06 -4.539e+06 -4.314e+06 -4.551e+06 -4.531e+06 -4.532e+06 -4.531e+06 -4.531e+06 -4.535e+06 -4.535e+06 -4.537e+06 -4.54e+06 -4.534e+06 -4.522e+06 -4.534e+06 -4.541e+06 -4.463e+06
 -8.989e+06 -8.973e+06 -8.98e+06 -8.922e+06 -8.977e+06 -9.418e+06 -8.961e+06 -8.994e+06 -8.994e+06 -8.991e+06 -8.994e+06 -8.988e+06 -8.991e+06 -8.993e+06 -8.993e+06 -8.99e+06 -9.016e+06 -8.994e+06 -8.989e+06 -8.995e+06
 -2.217e+07 -2.216e+07 -2.216e+07 -2.216e+07 -2.216e+07 -2.216e+07 -2.216e+07 -2.216e+07 -2.216e+07 -2.216e+07 -2.216e+07 -2.216e+07 -2.216e+07 -2.216e+07 -2.216e+07 -2.217e+07 -2.216e+07 -2.217e+07 -2.216e+07 -2.215e+07
 -2.364e+07 -2.363e+07 -2.363e+07 -2.364e+07 -2.363e+07 -2.364e+07 -2.363e+07 -2.363e+07 -2.363e+07 -2.363e+07 -2.363e+07 -2.364e+07 -2.363e+07 -2.363e+07 -2.363e+07 -2.363e+07 -2.364e+07 -2.362e+07 -2.362e+07 -2.363e+07
 -1.378e+07 -1.379e+07 -1.377e+07 -1.378e+07 -1.379e+07 -1.377e+07 -1.378e+07 -1.378e+07 -1.378e+07 -1.378e+07 -1.378e+07 -1.378e+07 -1.378e+07 -1.378e+07 -1.378e+07 -1.378e+07 -1.376e+07 -1.378e+07 -1.378e+07 -1.377e+07
 -1.283e+07 -1.283e+07 -1.284e+07 -1.284e+07 -1.283e+07 -1.284e+07 -1.284e+07 -1.284e+07 -1.284e+07 -1.284e+07 -1.284e+07 -1.284e+07 -1.284e+07 -1.283e+07 -1.284e+07 -1.283e+07 -1.285e+07 -1.284e+07 -1.283e+07 -1.284e+07
 -4.866e+07 -4.866e+07 -4.866e+07 -4.866e+07 -4.866e+07 -4.866e+07 -4.866e+07 -4.866e+07 -4.866e+07 -4.866e+07 -4.866e+07 -4.866e+07 -4.866e+07 -4.866e+07 -4.866e+07 -4.866e+07 -4.866e+07 -4.866e+07 -4.866e+07 -4.866e+07
 -3.58e+07 -3.58e+07 -3.58e+07 -3.58e+07 -3.58e+07 -3.58e+07 -3.58e+07 -3.58e+07 -3.58e+07 -3.58e+07 -3.58e+07 -3.58e+07 -3.58e+07 -3.58e+07 -3.58e+07 -3.579e+07 -3.579e+07 -3.58e+07 -3.58e+07 -3.579e+07
 -2.717e+07 -2.717e+07 -2.717e+07 -2.717e+07 -2.717e+07 -2.717e+07 -2.716e+07 -2.717e+07 -2.717e+07 -2.717e+07 -2.716e+07 -2.716e+07 -2.717e+07 -2.717e+07 -2.717e+07 -2.717e+07 -2.717e+07 -2.717e+07 -2.716e+07 -2.716e+07
 -2.093e+07 -2.093e+07 -2.095e+07 -2.094e+07 -2.09e+07 -2.093e+07 -2.092e+07 -2.093e+07 -2.093e+07 -2.093e+07 -2.093e+07 -2.092e+07 -2.093e+07 -2.092e+07 -2.093e+07 -2.093e+07 -2.093e+07 -2.093e+07 -2.093e+07 -2.092e+07
 -2.264e+07 -2.266e+07 -2.266e+07 -2.265e+07 -2.266e+07 -2.266e+07 -2.266e+07 -2.265e+07 -2.266e+07 -2.265e+07 -2.266e+07 -2.266e+07 -2.265e+07 -2.265e+07 -2.264e+07 -2.265e+07 -2.265e+07 -2.265e+07 -2.266e+07 -2.265e+07
 -5.701e+07 -5.7e+07 -5.703e+07 -5.701e+07 -5.7e+07 -5.7e+07 -5.701e+07 -5.701e+07 -5.701e+07 -5.701e+07 -5.702e+07 -5.701e+07 -5.7e+07 -5.701e+07 -5.701e+07 -5.701e+07 -5.702e+07 -5.702e+07 -5.701e+07 -5.701e+07
 -4.971e+06 -4.969e+06 -4.97e+06 -4.965e+06 -4.974e+06 -4.97e+06 -4.972e+06 -4.968e+06 -4.968e+06 -4.968e+06 -4.963e+06 -4.968e+06 -4.967e+06 -4.969e+06 -4.964e+06 -4.968e+06 -4.963e+06 -4.967e+06 -4.966e+06 -4.97e+06
 -1.803e+06 -1.808e+06 -1.807e+06 -1.81e+06 -1.805e+06 -1.821e+06 -1.804e+06 -1.797e+06 -1.803e+06 -1.79e+06 -1.785e+06 -1.799e+06 -1.807e+06 -1.805e+06 -1.801e+06 -1.8e+06 -1.803e+06 -1.804e+06 -1.807e+06 -1.806e+06
 -6.772e+07 -6.77e+07 -6.771e+07 -6.772e+07 -6.773e+07 -6.768e+07 -6.772e+07 -6.772e+07 -6.772e+07 -6.772e+07 -6.772e+07 -6.772e+07 -6.771e+07 -6.772e+07 -6.771e+07 -6.772e+07 -6.78e+07 -6.772e+07 -6.772e+07 -6.772e+07
 -1.987e+07 -1.986e+07 -1.986e+07 -1.986e+07 -1.987e+07 -1.986e+07 -1.986e+07 -1.986e+07 -1.986e+07 -1.986e+07 -1.986e+07 -1.986e+07 -1.986e+07 -1.987e+07 -1.986e+07 -1.986e+07 -1.986e+07 -1.987e+07 -1.987e+07 -1.985e+07
 -4.205e+07 -4.205e+07 -4.204e+07 -4.202e+07 -4.205e+07 -4.204e+07 -4.205e+07 -4.205e+07 -4.205e+07 -4.205e+07 -4.205e+07 -4.205e+07 -4.205e+07 -4.205e+07 -4.204e+07 -4.205e+07 -4.205e+07 -4.205e+07 -4.204e+07 -4.205e+07
 -5.341e+07 -5.341e+07 -5.341e+07 -5.341e+07 -5.341e+07 -5.34e+07 -5.34e+07 -5.341e+07 -5.34e+07 -5.34e+07 -5.341e+07 -5.341e+07 -5.34e+07 -5.34e+07 -5.34e+07 -5.341e+07 -5.343e+07 -5.341e+07 -5.341e+07 -5.341e+07
 -9.947e+06 -9.951e+06 -9.943e+06 -9.941e+06 -9.953e+06 -9.945e+06 -9.939e+06 -9.94e+06 -9.939e+06 -9.941e+06 -9.941e+06 -9.943e+06 -9.944e+06 -9.947e+06 -9.944e+06 -9.947e+06 -9.907e+06 -9.931e+06 -9.939e+06 -9.943e+06
 -5.77e+06 -5.767e+06 -5.774e+06 -5.764e+06 -5.774e+06 -5.778e+06 -5.766e+06 -5.763e+06 -5.761e+06 -5.743e+06 -5.752e+06 -5.767e+06 -5.765e+06 -5.762e+06 -5.757e+06 -5.766e+06 -5.765e+06 -5.767e+06 -5.763e+06 -5.764e+06
 -1.044e+07 -1.043e+07 -1.042e+07 -1.042e+07 -1.042e+07 -1.042e+07 -1.042e+07 -1.042e+07 -1.042e+07 -1.042e+07 -1.042e+07 -1.042e+07 -1.042e+07 -1.042e+07 -1.042e+07 -1.039e+07 -1.042e+07 -1.044e+07 -1.042e+07 -1.038e+07
 -2.821e+07 -2.821e+07 -2.821e+07 -2.821e+07 -2.821e+07 -2.821e+07 -2.821e+07 -2.821e+07 -2.821e+07 -2.821e+07 -2.821e+07 -2.821e+07 -2.82e+07 -2.821e+07 -2.821e+07 -2.822e+07 -2.82e+07 -2.821e+07 -2.82e+07 -2.821e+07
 -1.768e+06 -1.789e+06 -1.769e+06 -1.775e+06 -1.765e+06 -1.798e+06 -1.759e+06 -1.782e+06 -1.767e+06 -1.737e+06 -1.77e+06 -1.77e+06 -1.774e+06 -1.764e+06 -1.765e+06 -1.767e+06 -1.773e+06 -1.765e+06 -1.763e+06 -1.765e+06
 -4.816e+06 -4.818e+06 -4.822e+06 -4.814e+06 -4.81e+06 -5.008e+06 -4.76e+06 -4.816e+06 -4.814e+06 -4.818e+06 -4.818e+06 -4.819e+06 -4.814e+06 -4.812e+06 -4.817e+06 -4.817e+06 -4.818e+06 -4.816e+06 -4.819e+06 -4.817e+06
 -7.889e+06 -7.896e+06 -7.895e+06 -7.887e+06 -7.887e+06 -7.879e+06 -7.889e+06 -7.888e+06 -7.89e+06 -7.889e+06 -7.889e+06 -7.877e+06 -7.893e+06 -7.893e+06 -7.894e+06 -7.891e+06 -7.892e+06 -7.894e+06 -7.895e+06 -7.895e+06
 -4.9e+04 -3.9e+04 -3.8e+04 -4.6e+04 -3.7e+04 -4.5e+04 -3.7e+04 -3.3e+04 -3.9e+04 -3.7e+04 -3.8e+04 -4e+04 -3.1e+04 -3.9e+04 -3.5e+04 -4.7e+04 -4.6e+04 2.8e+04 -1000 -5.6e+04
 -1.6e+04 -5000 -9000 -3000 -8000 -1.13e+05 0 -1.9e+04 -6000 -2e+04 3.9e+04 -1.1e+04 -6000 -1e+04 -1e+04 -3e+04 -1.9e+04 -7000 1.1e+04 -5000
 -1.612e+07 -1.612e+07 -1.613e+07 -1.612e+07 -1.613e+07 -1.612e+07 -1.613e+07 -1.612e+07 -1.613e+07 -1.612e+07 -1.612e+07 -1.613e+07 -1.612e+07 -1.612e+07 -1.611e+07 -1.612e+07 -1.613e+07 -1.612e+07 -1.612e+07 -1.613e+07
 -2.448e+06 -2.455e+06 -2.449e+06 -2.449e+06 -2.448e+06 -2.446e+06 -2.444e+06 -2.446e+06 -2.442e+06 -2.439e+06 -2.441e+06 -2.446e+06 -2.446e+06 -2.446e+06 -2.441e+06 -2.445e+06 -2.449e+06 -2.448e+06 -2.449e+06 -2.449e+06
 -2.001e+07 -2e+07 -2e+07 -2e+07 -2e+07 -2e+07 -2e+07 -1.999e+07 -1.999e+07 -2e+07 -2e+07 -2e+07 -1.999e+07 -2e+07 -2e+07 -2e+07 -2e+07 -2e+07 -2e+07 -2e+07
 -9.539e+07 -9.538e+07 -9.538e+07 -9.538e+07 -9.538e+07 -9.538e+07 -9.538e+07 -9.539e+07 -9.538e+07 -9.538e+07 -9.538e+07 -9.538e+07 -9.538e+07 -9.539e+07 -9.538e+07 -9.536e+07 -9.538e+07 -9.538e+07 -9.539e+07 -9.538e+07
 -1.386e+07 -1.386e+07 -1.386e+07 -1.386e+07 -1.386e+07 -1.386e+07 -1.386e+07 -1.386e+07 -1.386e+07 -1.386e+07 -1.386e+07 -1.386e+07 -1.386e+07 -1.386e+07 -1.386e+07 -1.385e+07 -1.387e+07 -1.387e+07 -1.386e+07 -1.386e+07
 -1.598e+07 -1.598e+07 -1.598e+07 -1.598e+07 -1.599e+07 -1.599e+07 -1.598e+07 -1.598e+07 -1.599e+07 -1.599e+07 -1.598e+07 -1.598e+07 -1.599e+07 -1.597e+07 -1.599e+07 -1.598e+07 -1.599e+07 -1.599e+07 -1.599e+07 -1.599e+07
 -1.078e+06 -1.197e+06 -1.161e+06 -1.056e+06 -1.105e+06 -1.164e+06 -1.104e+06 -1.08e+06 -1.078e+06 -1.079e+06 -1.083e+06 -9.78e+05 -1.042e+06 -1.078e+06 -1.097e+06 -1.066e+06 -1.081e+06 -1.078e+06 -1.075e+06 -1.069e+06
 -3.434e+08 -3.434e+08 -3.434e+08 -3.434e+08 -3.434e+08 -3.434e+08 -3.434e+08 -3.434e+08 -3.434e+08 -3.434e+08 -3.434e+08 -3.434e+08 -3.434e+08 -3.434e+08 -3.434e+08 -3.434e+08 -3.434e+08 -3.434e+08 -3.434e+08 -3.434e+08
 9.5e+04 -6.2e+04 -6.3e+04 -7.1e+04 -1.18e+05 -1.02e+05 -6.3e+04 -9.4e+04 -7.4e+04 -8e+04 -8.3e+04 -7e+04 -7e+04 -2.43e+05 -9.7e+04 -2e+05 -7.9e+04 -7.8e+04 -1.4e+05 1.03e+05
 -2.16e+05 -2.77e+05 -2.51e+05 -2.33e+05 -2.21e+05 -3.55e+05 -2.3e+05 -2.37e+05 -2.37e+05 -2.39e+05 -2.39e+05 -2.31e+05 -2.67e+05 -2.75e+05 -2e+05 -2.34e+05 -3.32e+05 -2.4e+05 -2.72e+05 -2.33e+05
 -1.337e+07 -1.337e+07 -1.337e+07 -1.337e+07 -1.337e+07 -1.337e+07 -1.337e+07 -1.337e+07 -1.338e+07 -1.338e+07 -1.337e+07 -1.337e+07 -1.337e+07 -1.337e+07 -1.337e+07 -1.335e+07 -1.337e+07 -1.337e+07 -1.338e+07 -1.336e+07
 -3.88e+05 -3.86e+05 -3.83e+05 -3.8e+05 -3.82e+05 -3.86e+05 -3.86e+05 -3.82e+05 -3.81e+05 -3.84e+05 -3.83e+05 -3.83e+05 -3.84e+05 -3.81e+05 -3.87e+05 -3.81e+05 -3.85e+05 -3.71e+05 -3.96e+05 -3.88e+05
 -3.88e+05 -1.97e+05 -1.99e+05 -1.99e+05 -2.05e+05 -2.11e+05 -2e+05 -1.94e+05 -1.97e+05 -1.95e+05 -1.97e+05 -1.96e+05 -1.96e+05 -1.98e+05 -1.95e+05 7.34e+05 -2.06e+05 -2e+05 -1.96e+05 -6.38e+05
 -2.6e+07 -2.601e+07 -2.601e+07 -2.601e+07 -2.601e+07 -2.602e+07 -2.601e+07 -2.601e+07 -2.601e+07 -2.601e+07 -2.601e+07 -2.602e+07 -2.601e+07 -2.601e+07 -2.602e+07 -2.602e+07 -2.602e+07 -2.602e+07 -2.601e+07 -2.601e+07
 -4.562e+06 -4.552e+06 -4.558e+06 -4.552e+06 -4.553e+06 -4.547e+06 -4.55e+06 -4.548e+06 -4.549e+06 -4.547e+06 -4.548e+06 -4.552e+06 -4.552e+06 -4.55e+06 -4.544e+06 -4.506e+06 -4.554e+06 -4.561e+06 -4.552e+06 -4.522e+06
 -2.754e+07 -2.755e+07 -2.755e+07 -2.755e+07 -2.755e+07 -2.755e+07 -2.755e+07 -2.756e+07 -2.755e+07 -2.755e+07 -2.756e+07 -2.755e+07 -2.755e+07 -2.755e+07 -2.755e+07 -2.755e+07 -2.756e+07 -2.754e+07 -2.753e+07 -2.755e+07
 -1.989e+07 -1.989e+07 -1.99e+07 -1.989e+07 -1.99e+07 -1.989e+07 -1.989e+07 -1.989e+07 -1.989e+07 -1.99e+07 -1.989e+07 -1.99e+07 -1.989e+07 -1.989e+07 -1.99e+07 -1.99e+07 -1.99e+07 -1.989e+07 -1.99e+07 -1.99e+07
 -3.4e+07 -3.396e+07 -3.4e+07 -3.401e+07 -3.396e+07 -3.401e+07 -3.402e+07 -3.4e+07 -3.4e+07 -3.4e+07 -3.4e+07 -3.4e+07 -3.4e+07 -3.401e+07 -3.4e+07 -3.4e+07 -3.404e+07 -3.4e+07 -3.4e+07 -3.4e+07
 -3.334e+06 -3.362e+06 -3.366e+06 -3.356e+06 -3.357e+06 -3.362e+06 -3.359e+06 -3.365e+06 -3.356e+06 -3.359e+06 -3.353e+06 -3.369e+06 -3.358e+06 -3.352e+06 -3.364e+06 -3.353e+06 -3.363e+06 -3.333e+06 -3.362e+06 -3.367e+06
 -1.136e+06 -1.127e+06 -1.123e+06 -1.129e+06 -1.13e+06 -1.122e+06 -1.123e+06 -1.118e+06 -1.105e+06 -1.127e+06 -1.126e+06 -1.127e+06 -1.124e+06 -1.126e+06 -1.117e+06 -1.122e+06 -1.126e+06 -1.124e+06 -1.121e+06 -1.132e+06
 -2.258e+06 -2.249e+06 -2.294e+06 -2.278e+06 -2.282e+06 -2.355e+06 -2.28e+06 -2.277e+06 -2.273e+06 -2.274e+06 -2.278e+06 -2.25e+06 -2.281e+06 -2.277e+06 -2.266e+06 -2.28e+06 -2.326e+06 -2.275e+06 -2.28e+06 -2.277e+06
 -1.898e+07 -1.9e+07 -1.899e+07 -1.9e+07 -1.9e+07 -1.9e+07 -1.899e+07 -1.9e+07 -1.9e+07 -1.899e+07 -1.9e+07 -1.899e+07 -1.9e+07 -1.899e+07 -1.9e+07 -1.898e+07 -1.899e+07 -1.9e+07 -1.9e+07 -1.898e+07
 -7.64e+05 -7.9e+05 -7.84e+05 -7.78e+05 -7.84e+05 -8.2e+05 -7.91e+05 -7.78e+05 -7.79e+05 -7.63e+05 -7.59e+05 -7.77e+05 -7.91e+05 -7.84e+05 -7.88e+05 -7.85e+05 -7.8e+05 -7.8e+05 -7.79e+05 -7.89e+05
 -2.16e+07 -2.16e+07 -2.161e+07 -2.16e+07 -2.158e+07 -2.153e+07 -2.16e+07 -2.158e+07 -2.159e+07 -2.159e+07 -2.159e+07 -2.16e+07 -2.159e+07 -2.159e+07 -2.159e+07 -2.159e+07 -2.159e+07 -2.159e+07 -2.159e+07 -2.158e+07
 -5.001e+07 -5.001e+07 -5.001e+07 -5.001e+07 -5e+07 -5.001e+07 -5e+07 -5.001e+07 -5e+07 -5.001e+07 -5.001e+07 -5.001e+07 -5.001e+07 -5.001e+07 -5.001e+07 -5.001e+07 -5e+07 -5.001e+07 -5e+07 -5.001e+07
 -2.404e+07 -2.404e+07 -2.404e+07 -2.404e+07 -2.404e+07 -2.405e+07 -2.404e+07 -2.404e+07 -2.404e+07 -2.404e+07 -2.404e+07 -2.404e+07 -2.404e+07 -2.404e+07 -2.404e+07 -2.404e+07 -2.404e+07 -2.404e+07 -2.404e+07 -2.404e+07
 -4.221e+06 -4.224e+06 -4.231e+06 -4.23e+06 -4.224e+06 -4.231e+06 -4.227e+06 -4.207e+06 -4.22e+06 -4.225e+06 -4.225e+06 -4.227e+06 -4.22e+06 -4.226e+06 -4.223e+06 -4.226e+06 -4.224e+06 -4.221e+06 -4.226e+06 -4.236e+06
 -3.145e+07 -3.145e+07 -3.145e+07 -3.143e+07 -3.142e+07 -3.148e+07 -3.144e+07 -3.145e+07 -3.145e+07 -3.145e+07 -3.145e+07 -3.145e+07 -3.144e+07 -3.145e+07 -3.144e+07 -3.144e+07 -3.145e+07 -3.145e+07 -3.144e+07 -3.145e+07
 -7.357e+07 -7.376e+07 -7.352e+07 -7.356e+07 -7.378e+07 -7.348e+07 -7.357e+07 -7.357e+07 -7.357e+07 -7.356e+07 -7.356e+07 -7.356e+07 -7.357e+07 -7.356e+07 -7.357e+07 -7.357e+07 -7.346e+07 -7.356e+07 -7.357e+07 -7.356e+07
 -2.188e+06 -2.192e+06 -2.188e+06 -2.19e+06 -2.21e+06 -2.198e+06 -2.187e+06 -2.186e+06 -2.184e+06 -2.18e+06 -2.177e+06 -2.183e+06 -2.188e+06 -2.188e+06 -2.186e+06 -2.19e+06 -2.206e+06 -2.182e+06 -2.205e+06 -2.188e+06
 -2.791e+07 -2.791e+07 -2.791e+07 -2.791e+07 -2.791e+07 -2.791e+07 -2.791e+07 -2.791e+07 -2.791e+07 -2.791e+07 -2.791e+07 -2.792e+07 -2.792e+07 -2.792e+07 -2.791e+07 -2.791e+07 -2.79e+07 -2.791e+07 -2.792e+07 -2.791e+07
 -2.195e+08 -2.195e+08 -2.195e+08 -2.195e+08 -2.195e+08 -2.195e+08 -2.195e+08 -2.195e+08 -2.195e+08 -2.195e+08 -2.195e+08 -2.195e+08 -2.195e+08 -2.195e+08 -2.195e+08 -2.195e+08 -2.195e+08 -2.195e+08 -2.195e+08 -2.195e+08
 -3.93e+05 -3.87e+05 -3.86e+05 -4.32e+05 -4.31e+05 -3.88e+05 -3.81e+05 -3.88e+05 -3.88e+05 -3.87e+05 -3.35e+05 -3.89e+05 -3.9e+05 -3.9e+05 -3.84e+05 -3.89e+05 -3.89e+05 -3.85e+05 -3.94e+05 -3.92e+05
 -1.283e+07 -1.283e+07 -1.283e+07 -1.282e+07 -1.283e+07 -1.283e+07 -1.283e+07 -1.283e+07 -1.283e+07 -1.283e+07 -1.283e+07 -1.283e+07 -1.282e+07 -1.283e+07 -1.283e+07 -1.283e+07 -1.283e+07 -1.283e+07 -1.283e+07 -1.283e+07
 -3.926e+06 -3.939e+06 -3.937e+06 -3.933e+06 -3.934e+06 -3.936e+06 -3.935e+06 -3.935e+06 -3.931e+06 -3.936e+06 -3.935e+06 -3.931e+06 -3.932e+06 -3.936e+06 -3.935e+06 -3.95e+06 -3.935e+06 -3.911e+06 -3.925e+06 -3.926e+06
 -9.348e+07 -9.349e+07 -9.345e+07 -9.345e+07 -9.352e+07 -9.34e+07 -9.344e+07 -9.348e+07 -9.348e+07 -9.348e+07 -9.348e+07 -9.348e+07 -9.347e+07 -9.348e+07 -9.348e+07 -9.348e+07 -9.35e+07 -9.348e+07 -9.348e+07 -9.348e+07
 -2.204e+06 -2.211e+06 -2.203e+06 -2.205e+06 -2.217e+06 -2.243e+06 -2.207e+06 -2.191e+06 -2.17e+06 -2.206e+06 -2.202e+06 -2.209e+06 -2.196e+06 -2.202e+06 -2.197e+06 -2.209e+06 -2.212e+06 -2.207e+06 -2.216e+06 -2.206e+06
 -1.038e+06 -1.039e+06 -1.038e+06 -1.041e+06 -1.035e+06 -1.035e+06 -1.036e+06 -1.029e+06 -1.005e+06 -1.03e+06 -1.036e+06 -1.036e+06 -1.033e+06 -1.031e+06 -1.034e+06 -1.032e+06 -1.037e+06 -1.034e+06 -1.039e+06 -1.032e+06
 -1.081e+07 -1.081e+07 -1.081e+07 -1.08e+07 -1.08e+07 -1.08e+07 -1.08e+07 -1.08e+07 -1.08e+07 -1.08e+07 -1.08e+07 -1.08e+07 -1.08e+07 -1.08e+07 -1.08e+07 -1.081e+07 -1.079e+07 -1.081e+07 -1.08e+07 -1.08e+07
 -2.051e+07 -2.051e+07 -2.05e+07 -2.051e+07 -2.051e+07 -2.051e+07 -2.051e+07 -2.051e+07 -2.05e+07 -2.051e+07 -2.051e+07 -2.049e+07 -2.051e+07 -2.052e+07 -2.051e+07 -2.051e+07 -2.051e+07 -2.051e+07 -2.052e+07 -2.051e+07
 -2.899e+08 -2.898e+08 -2.898e+08 -2.899e+08 -2.899e+08 -2.899e+08 -2.899e+08 -2.899e+08 -2.898e+08 -2.898e+08 -2.899e+08 -2.899e+08 -2.899e+08 -2.898e+08 -2.898e+08 -2.898e+08 -2.898e+08 -2.899e+08 -2.898e+08 -2.899e+08
 -1.191e+07 -1.191e+07 -1.191e+07 -1.191e+07 -1.19e+07 -1.19e+07 -1.19e+07 -1.19e+07 -1.191e+07 -1.19e+07 -1.19e+07 -1.19e+07 -1.191e+07 -1.19e+07 -1.191e+07 -1.19e+07 -1.19e+07 -1.191e+07 -1.19e+07 -1.192e+07
 -8.088e+06 -8.09e+06 -8.09e+06 -8.091e+06 -8.093e+06 -8.085e+06 -8.087e+06 -8.088e+06 -8.089e+06 -8.087e+06 -8.09e+06 -8.091e+06 -8.086e+06 -8.09e+06 -8.089e+06 -8.07e+06 -8.091e+06 -8.095e+06 -8.094e+06 -8.097e+06
 -1.352e+07 -1.354e+07 -1.354e+07 -1.354e+07 -1.354e+07 -1.354e+07 -1.354e+07 -1.354e+07 -1.355e+07 -1.354e+07 -1.354e+07 -1.354e+07 -1.355e+07 -1.355e+07 -1.355e+07 -1.353e+07 -1.354e+07 -1.355e+07 -1.354e+07 -1.356e+07
 -5.31e+05 -5.04e+05 -5.1e+05 -5.04e+05 -5.1e+05 -5.01e+05 -5e+05 -4.98e+05 -4.98e+05 -4.95e+05 -4.99e+05 -5.04e+05 -4.97e+05 -4.9e+05 -4.98e+05 -5.08e+05 -5.02e+05 -4.5e+05 -4.94e+05 -5e+05
 -1.125e+08 -1.125e+08 -1.125e+08 -1.125e+08 -1.125e+08 -1.125e+08 -1.125e+08 -1.125e+08 -1.125e+08 -1.125e+08 -1.125e+08 -1.125e+08 -1.125e+08 -1.125e+08 -1.125e+08 -1.125e+08 -1.125e+08 -1.125e+08 -1.125e+08 -1.125e+08
 -1.474e+07 -1.475e+07 -1.475e+07 -1.474e+07 -1.476e+07 -1.474e+07 -1.475e+07 -1.474e+07 -1.474e+07 -1.475e+07 -1.474e+07 -1.474e+07 -1.474e+07 -1.474e+07 -1.475e+07 -1.475e+07 -1.473e+07 -1.474e+07 -1.473e+07 -1.475e+07
 -7.06e+07 -7.056e+07 -7.048e+07 -7.054e+07 -7.062e+07 -7.062e+07 -7.061e+07 -7.06e+07 -7.06e+07 -7.061e+07 -7.061e+07 -7.061e+07 -7.061e+07 -7.061e+07 -7.061e+07 -7.061e+07 -7.062e+07 -7.061e+07 -7.06e+07 -7.06e+07
 -1.292e+07 -1.292e+07 -1.292e+07 -1.291e+07 -1.292e+07 -1.291e+07 -1.292e+07 -1.292e+07 -1.291e+07 -1.291e+07 -1.292e+07 -1.292e+07 -1.291e+07 -1.292e+07 -1.292e+07 -1.291e+07 -1.291e+07 -1.291e+07 -1.293e+07 -1.291e+07
 -2.325e+07 -2.324e+07 -2.33e+07 -2.326e+07 -2.315e+07 -2.329e+07 -2.326e+07 -2.326e+07 -2.326e+07 -2.326e+07 -2.326e+07 -2.326e+07 -2.326e+07 -2.326e+07 -2.325e+07 -2.326e+07 -2.326e+07 -2.326e+07 -2.326e+07 -2.326e+07
 -7.62e+06 -7.622e+06 -7.64e+06 -7.62e+06 -7.617e+06 -7.631e+06 -7.581e+06 -7.612e+06 -7.618e+06 -7.622e+06 -7.62e+06 -7.619e+06 -7.618e+06 -7.614e+06 -7.618e+06 -7.62e+06 -7.617e+06 -7.621e+06 -7.621e+06 -7.622e+06
 -2.624e+07 -2.625e+07 -2.624e+07 -2.624e+07 -2.624e+07 -2.625e+07 -2.625e+07 -2.625e+07 -2.624e+07 -2.624e+07 -2.625e+07 -2.624e+07 -2.624e+07 -2.624e+07 -2.622e+07 -2.624e+07 -2.624e+07 -2.624e+07 -2.625e+07 -2.624e+07
 -1.838e+07 -1.827e+07 -1.839e+07 -1.84e+07 -1.837e+07 -1.836e+07 -1.838e+07 -1.838e+07 -1.838e+07 -1.838e+07 -1.838e+07 -1.838e+07 -1.838e+07 -1.838e+07 -1.839e+07 -1.838e+07 -1.838e+07 -1.838e+07 -1.838e+07 -1.839e+07
 -4.371e+07 -4.37e+07 -4.372e+07 -4.371e+07 -4.37e+07 -4.371e+07 -4.371e+07 -4.371e+07 -4.371e+07 -4.371e+07 -4.371e+07 -4.371e+07 -4.371e+07 -4.372e+07 -4.372e+07 -4.371e+07 -4.37e+07 -4.371e+07 -4.371e+07 -4.371e+07
 -5.3e+04 -5.1e+04 -5.1e+04 -6.4e+04 -6.2e+04 -5.4e+04 -6.6e+04 -6e+04 -6.1e+04 -5.5e+04 1.19e+05 -6.3e+04 -5.9e+04 -6e+04 -5.7e+04 -6e+04 -6e+04 -6.1e+04 -6.4e+04 -6.4e+04
 -7e+04 -6.3e+04 -6.1e+04 -6.5e+04 -6.1e+04 -4.3e+04 -6.4e+04 -5.9e+04 -5.8e+04 -5.7e+04 -5.8e+04 -6.2e+04 -5.4e+04 -5.6e+04 -5.7e+04 -6.2e+04 -5.5e+04 3.1e+04 -2.2e+04 -6.4e+04
 -3.749e+07 -3.749e+07 -3.749e+07 -3.749e+07 -3.748e+07 -3.748e+07 -3.749e+07 -3.75e+07 -3.75e+07 -3.749e+07 -3.749e+07 -3.749e+07 -3.749e+07 -3.749e+07 -3.749e+07 -3.749e+07 -3.75e+07 -3.749e+07 -3.748e+07 -3.749e+07
 -2.64e+05 -2.57e+05 -2.53e+05 -2.51e+05 -2.49e+05 -2.57e+05 -2.52e+05 -2.52e+05 -2.51e+05 -2.52e+05 -2.57e+05 -2.54e+05 -2.67e+05 -2.56e+05 -2.56e+05 -2.64e+05 -2.37e+05 -2.49e+05 -2.56e+05 -2.44e+05
 -3.11e+07 -3.111e+07 -3.108e+07 -3.11e+07 -3.109e+07 -3.108e+07 -3.11e+07 -3.11e+07 -3.11e+07 -3.108e+07 -3.109e+07 -3.11e+07 -3.109e+07 -3.109e+07 -3.109e+07 -3.109e+07 -3.111e+07 -3.11e+07 -3.11e+07 -3.11e+07
 -1.06e+05 -1.61e+05 -5.4e+04 -9.5e+04 -1.06e+05 -1.18e+05 -4.9e+04 -5.3e+04 -6e+04 -5.4e+04 -5.9e+04 8000 -1.15e+05 -6.5e+04 -5.3e+04 -9.6e+04 -9000 -6.3e+04 -9.3e+04 -1.01e+05
 -1.29e+05 -1e+05 -1.04e+05 -1.12e+05 -9.9e+04 -1.01e+05 -1.06e+05 -1.09e+05 -1.06e+05 -1.07e+05 -1.05e+05 -1.02e+05 -1.19e+05 -1.09e+05 -1.05e+05 -9.2e+04 -1.28e+05 -7.1e+04 -9.1e+04 -2.07e+05


