# Created by Octave 5.2.0, Thu Sep 24 23:42:58 2020 CEST <jiwidi@land>
# name: w
# type: matrix
# rows: 101
# columns: 20
 -4.316e+10 -4.316e+10 -4.316e+10 -4.316e+10 -4.316e+10 -4.316e+10 -4.316e+10 -4.316e+10 -4.316e+10 -4.316e+10 -4.316e+10 -4.316e+10 -4.316e+10 -4.316e+10 -4.316e+10 -4.316e+10 -4.316e+10 -4.316e+10 -4.316e+10 -4.316e+10
 -5.268e+09 -5.267e+09 -5.268e+09 -5.268e+09 -5.268e+09 -5.267e+09 -5.267e+09 -5.268e+09 -5.267e+09 -5.267e+09 -5.268e+09 -5.267e+09 -5.268e+09 -5.268e+09 -5.267e+09 -5.267e+09 -5.268e+09 -5.267e+09 -5.265e+09 -5.268e+09
 -9.772e+08 -9.776e+08 -9.766e+08 -9.769e+08 -9.763e+08 -9.77e+08 -9.76e+08 -9.766e+08 -9.766e+08 -9.765e+08 -9.766e+08 -9.748e+08 -9.766e+08 -9.77e+08 -9.77e+08 -9.767e+08 -9.764e+08 -9.758e+08 -9.768e+08 -9.767e+08
 -1.058e+09 -1.067e+09 -1.062e+09 -1.058e+09 -1.068e+09 -1.062e+09 -1.058e+09 -1.058e+09 -1.058e+09 -1.058e+09 -1.058e+09 -1.058e+09 -1.058e+09 -1.058e+09 -1.058e+09 -1.058e+09 -1.048e+09 -1.059e+09 -1.057e+09 -1.058e+09
 -6.36e+07 -6.25e+07 -6.25e+07 -6.27e+07 -6.26e+07 -6.2e+07 -6.22e+07 -6.26e+07 -6.23e+07 -6.2e+07 -6.31e+07 -6.24e+07 -6.24e+07 -6.22e+07 -6.25e+07 -6.21e+07 -6.37e+07 -5.94e+07 -6.01e+07 -6.32e+07
 -4.446e+09 -4.447e+09 -4.446e+09 -4.446e+09 -4.447e+09 -4.446e+09 -4.446e+09 -4.446e+09 -4.446e+09 -4.446e+09 -4.446e+09 -4.446e+09 -4.445e+09 -4.446e+09 -4.446e+09 -4.446e+09 -4.445e+09 -4.446e+09 -4.447e+09 -4.446e+09
 -2.044e+09 -2.044e+09 -2.045e+09 -2.044e+09 -2.044e+09 -2.045e+09 -2.044e+09 -2.044e+09 -2.044e+09 -2.043e+09 -2.044e+09 -2.044e+09 -2.044e+09 -2.044e+09 -2.044e+09 -2.045e+09 -2.045e+09 -2.044e+09 -2.045e+09 -2.044e+09
 -4.4e+07 -4.16e+07 -4.18e+07 -4.23e+07 -4.25e+07 -5.21e+07 -4.35e+07 -4.31e+07 -4.21e+07 -4.35e+07 -4.33e+07 -4.33e+07 -4.22e+07 -4.39e+07 -4.23e+07 -4.14e+07 -4.51e+07 -3.95e+07 -4.01e+07 -4.08e+07
 -5.98e+07 -6.4e+07 -5.94e+07 -6.14e+07 -6.85e+07 -6.52e+07 -6.03e+07 -6.16e+07 -6.11e+07 -6.19e+07 -6.13e+07 -5.65e+07 -6.34e+07 -6.18e+07 -5.81e+07 -6.67e+07 -6.18e+07 -6.28e+07 -6.87e+07 -6.5e+07
 -1.256e+09 -1.256e+09 -1.257e+09 -1.256e+09 -1.256e+09 -1.258e+09 -1.256e+09 -1.256e+09 -1.257e+09 -1.256e+09 -1.256e+09 -1.256e+09 -1.256e+09 -1.257e+09 -1.257e+09 -1.257e+09 -1.257e+09 -1.257e+09 -1.257e+09 -1.256e+09
 -2.48e+07 -2.27e+07 -2.34e+07 -3.18e+07 -2.47e+07 -2.26e+07 -2.31e+07 -2.57e+07 -2.47e+07 -2.46e+07 -2.44e+07 -2.13e+07 -3.51e+07 -2.48e+07 -2.5e+07 -2.43e+07 -2.25e+07 -2.49e+07 -2.27e+07 -2.48e+07
 -2.04e+09 -2.04e+09 -2.04e+09 -2.04e+09 -2.04e+09 -2.04e+09 -2.04e+09 -2.04e+09 -2.04e+09 -2.04e+09 -2.04e+09 -2.04e+09 -2.04e+09 -2.04e+09 -2.04e+09 -2.04e+09 -2.038e+09 -2.04e+09 -2.039e+09 -2.039e+09
 -4.591e+08 -4.584e+08 -4.592e+08 -4.59e+08 -4.595e+08 -4.597e+08 -4.589e+08 -4.59e+08 -4.592e+08 -4.581e+08 -4.586e+08 -4.588e+08 -4.579e+08 -4.594e+08 -4.595e+08 -4.592e+08 -4.586e+08 -4.593e+08 -4.591e+08 -4.588e+08
 -4.531e+08 -4.407e+08 -4.561e+08 -4.644e+08 -4.539e+08 -4.314e+08 -4.551e+08 -4.531e+08 -4.532e+08 -4.531e+08 -4.531e+08 -4.535e+08 -4.535e+08 -4.537e+08 -4.54e+08 -4.534e+08 -4.522e+08 -4.534e+08 -4.541e+08 -4.463e+08
 -8.989e+08 -8.973e+08 -8.98e+08 -8.922e+08 -8.977e+08 -9.418e+08 -8.961e+08 -8.994e+08 -8.994e+08 -8.991e+08 -8.994e+08 -8.988e+08 -8.991e+08 -8.993e+08 -8.993e+08 -8.99e+08 -9.016e+08 -8.994e+08 -8.989e+08 -8.995e+08
 -2.217e+09 -2.216e+09 -2.216e+09 -2.216e+09 -2.216e+09 -2.216e+09 -2.216e+09 -2.216e+09 -2.216e+09 -2.216e+09 -2.216e+09 -2.216e+09 -2.216e+09 -2.216e+09 -2.216e+09 -2.217e+09 -2.216e+09 -2.217e+09 -2.216e+09 -2.215e+09
 -2.364e+09 -2.363e+09 -2.363e+09 -2.364e+09 -2.363e+09 -2.364e+09 -2.363e+09 -2.363e+09 -2.363e+09 -2.363e+09 -2.363e+09 -2.364e+09 -2.363e+09 -2.363e+09 -2.363e+09 -2.363e+09 -2.364e+09 -2.362e+09 -2.362e+09 -2.363e+09
 -1.378e+09 -1.379e+09 -1.377e+09 -1.378e+09 -1.379e+09 -1.377e+09 -1.378e+09 -1.378e+09 -1.378e+09 -1.378e+09 -1.378e+09 -1.378e+09 -1.378e+09 -1.378e+09 -1.378e+09 -1.378e+09 -1.376e+09 -1.378e+09 -1.378e+09 -1.377e+09
 -1.283e+09 -1.283e+09 -1.284e+09 -1.284e+09 -1.283e+09 -1.284e+09 -1.284e+09 -1.284e+09 -1.284e+09 -1.284e+09 -1.284e+09 -1.284e+09 -1.284e+09 -1.283e+09 -1.284e+09 -1.283e+09 -1.285e+09 -1.284e+09 -1.283e+09 -1.284e+09
 -4.866e+09 -4.866e+09 -4.866e+09 -4.866e+09 -4.866e+09 -4.866e+09 -4.866e+09 -4.866e+09 -4.866e+09 -4.866e+09 -4.866e+09 -4.866e+09 -4.866e+09 -4.866e+09 -4.866e+09 -4.866e+09 -4.866e+09 -4.866e+09 -4.866e+09 -4.866e+09
 -3.58e+09 -3.58e+09 -3.58e+09 -3.58e+09 -3.58e+09 -3.58e+09 -3.58e+09 -3.58e+09 -3.58e+09 -3.58e+09 -3.58e+09 -3.58e+09 -3.58e+09 -3.58e+09 -3.58e+09 -3.579e+09 -3.579e+09 -3.58e+09 -3.58e+09 -3.579e+09
 -2.717e+09 -2.717e+09 -2.717e+09 -2.717e+09 -2.717e+09 -2.717e+09 -2.716e+09 -2.717e+09 -2.717e+09 -2.717e+09 -2.716e+09 -2.716e+09 -2.717e+09 -2.717e+09 -2.717e+09 -2.717e+09 -2.717e+09 -2.717e+09 -2.716e+09 -2.716e+09
 -2.093e+09 -2.093e+09 -2.095e+09 -2.094e+09 -2.09e+09 -2.093e+09 -2.092e+09 -2.093e+09 -2.093e+09 -2.093e+09 -2.093e+09 -2.092e+09 -2.093e+09 -2.092e+09 -2.093e+09 -2.093e+09 -2.093e+09 -2.093e+09 -2.093e+09 -2.092e+09
 -2.264e+09 -2.266e+09 -2.266e+09 -2.265e+09 -2.266e+09 -2.266e+09 -2.266e+09 -2.265e+09 -2.266e+09 -2.265e+09 -2.266e+09 -2.266e+09 -2.265e+09 -2.265e+09 -2.264e+09 -2.265e+09 -2.265e+09 -2.265e+09 -2.266e+09 -2.265e+09
 -5.701e+09 -5.7e+09 -5.703e+09 -5.701e+09 -5.7e+09 -5.7e+09 -5.701e+09 -5.701e+09 -5.701e+09 -5.701e+09 -5.702e+09 -5.701e+09 -5.7e+09 -5.701e+09 -5.701e+09 -5.701e+09 -5.702e+09 -5.702e+09 -5.701e+09 -5.701e+09
 -4.971e+08 -4.969e+08 -4.97e+08 -4.965e+08 -4.974e+08 -4.97e+08 -4.972e+08 -4.968e+08 -4.968e+08 -4.968e+08 -4.963e+08 -4.968e+08 -4.967e+08 -4.969e+08 -4.964e+08 -4.968e+08 -4.963e+08 -4.967e+08 -4.966e+08 -4.97e+08
 -1.803e+08 -1.808e+08 -1.807e+08 -1.81e+08 -1.805e+08 -1.821e+08 -1.804e+08 -1.797e+08 -1.803e+08 -1.79e+08 -1.785e+08 -1.799e+08 -1.807e+08 -1.805e+08 -1.801e+08 -1.8e+08 -1.803e+08 -1.804e+08 -1.807e+08 -1.806e+08
 -6.772e+09 -6.77e+09 -6.771e+09 -6.772e+09 -6.773e+09 -6.768e+09 -6.772e+09 -6.772e+09 -6.772e+09 -6.772e+09 -6.772e+09 -6.772e+09 -6.771e+09 -6.772e+09 -6.771e+09 -6.772e+09 -6.78e+09 -6.772e+09 -6.772e+09 -6.772e+09
 -1.987e+09 -1.986e+09 -1.986e+09 -1.986e+09 -1.987e+09 -1.986e+09 -1.986e+09 -1.986e+09 -1.986e+09 -1.986e+09 -1.986e+09 -1.986e+09 -1.986e+09 -1.987e+09 -1.986e+09 -1.986e+09 -1.986e+09 -1.987e+09 -1.987e+09 -1.985e+09
 -4.205e+09 -4.205e+09 -4.204e+09 -4.202e+09 -4.205e+09 -4.204e+09 -4.205e+09 -4.205e+09 -4.205e+09 -4.205e+09 -4.205e+09 -4.205e+09 -4.205e+09 -4.205e+09 -4.204e+09 -4.205e+09 -4.205e+09 -4.205e+09 -4.204e+09 -4.205e+09
 -5.341e+09 -5.341e+09 -5.341e+09 -5.341e+09 -5.341e+09 -5.34e+09 -5.34e+09 -5.341e+09 -5.34e+09 -5.34e+09 -5.341e+09 -5.341e+09 -5.34e+09 -5.34e+09 -5.34e+09 -5.341e+09 -5.343e+09 -5.341e+09 -5.341e+09 -5.341e+09
 -9.947e+08 -9.951e+08 -9.943e+08 -9.941e+08 -9.953e+08 -9.945e+08 -9.939e+08 -9.94e+08 -9.939e+08 -9.941e+08 -9.941e+08 -9.943e+08 -9.944e+08 -9.947e+08 -9.944e+08 -9.947e+08 -9.907e+08 -9.931e+08 -9.939e+08 -9.943e+08
 -5.77e+08 -5.767e+08 -5.774e+08 -5.764e+08 -5.774e+08 -5.778e+08 -5.766e+08 -5.763e+08 -5.761e+08 -5.743e+08 -5.752e+08 -5.767e+08 -5.765e+08 -5.762e+08 -5.757e+08 -5.766e+08 -5.765e+08 -5.767e+08 -5.763e+08 -5.764e+08
 -1.044e+09 -1.043e+09 -1.042e+09 -1.042e+09 -1.042e+09 -1.042e+09 -1.042e+09 -1.042e+09 -1.042e+09 -1.042e+09 -1.042e+09 -1.042e+09 -1.042e+09 -1.042e+09 -1.042e+09 -1.039e+09 -1.042e+09 -1.044e+09 -1.042e+09 -1.038e+09
 -2.821e+09 -2.821e+09 -2.821e+09 -2.821e+09 -2.821e+09 -2.821e+09 -2.821e+09 -2.821e+09 -2.821e+09 -2.821e+09 -2.821e+09 -2.821e+09 -2.82e+09 -2.821e+09 -2.821e+09 -2.822e+09 -2.82e+09 -2.821e+09 -2.82e+09 -2.821e+09
 -1.768e+08 -1.789e+08 -1.769e+08 -1.775e+08 -1.765e+08 -1.798e+08 -1.759e+08 -1.782e+08 -1.767e+08 -1.737e+08 -1.77e+08 -1.77e+08 -1.774e+08 -1.764e+08 -1.765e+08 -1.767e+08 -1.773e+08 -1.765e+08 -1.763e+08 -1.765e+08
 -4.816e+08 -4.818e+08 -4.822e+08 -4.814e+08 -4.81e+08 -5.008e+08 -4.76e+08 -4.816e+08 -4.814e+08 -4.818e+08 -4.818e+08 -4.819e+08 -4.814e+08 -4.812e+08 -4.817e+08 -4.817e+08 -4.818e+08 -4.816e+08 -4.819e+08 -4.817e+08
 -7.889e+08 -7.896e+08 -7.895e+08 -7.887e+08 -7.887e+08 -7.879e+08 -7.889e+08 -7.888e+08 -7.89e+08 -7.889e+08 -7.889e+08 -7.877e+08 -7.893e+08 -7.893e+08 -7.894e+08 -7.891e+08 -7.892e+08 -7.894e+08 -7.895e+08 -7.895e+08
 -4.9e+06 -3.9e+06 -3.8e+06 -4.6e+06 -3.7e+06 -4.5e+06 -3.7e+06 -3.3e+06 -3.9e+06 -3.7e+06 -3.8e+06 -4e+06 -3.1e+06 -3.9e+06 -3.5e+06 -4.7e+06 -4.6e+06 2.8e+06 -1e+05 -5.6e+06
 -1.6e+06 -5e+05 -9e+05 -3e+05 -8e+05 -1.13e+07 0 -1.9e+06 -6e+05 -2e+06 3.9e+06 -1.1e+06 -6e+05 -1e+06 -1e+06 -3e+06 -1.9e+06 -7e+05 1.1e+06 -5e+05
 -1.612e+09 -1.612e+09 -1.613e+09 -1.612e+09 -1.613e+09 -1.612e+09 -1.613e+09 -1.612e+09 -1.613e+09 -1.612e+09 -1.612e+09 -1.613e+09 -1.612e+09 -1.612e+09 -1.611e+09 -1.612e+09 -1.613e+09 -1.612e+09 -1.612e+09 -1.613e+09
 -2.448e+08 -2.455e+08 -2.449e+08 -2.449e+08 -2.448e+08 -2.446e+08 -2.444e+08 -2.446e+08 -2.442e+08 -2.439e+08 -2.441e+08 -2.446e+08 -2.446e+08 -2.446e+08 -2.441e+08 -2.445e+08 -2.449e+08 -2.448e+08 -2.449e+08 -2.449e+08
 -2.001e+09 -2e+09 -2e+09 -2e+09 -2e+09 -2e+09 -2e+09 -1.999e+09 -1.999e+09 -2e+09 -2e+09 -2e+09 -1.999e+09 -2e+09 -2e+09 -2e+09 -2e+09 -2e+09 -2e+09 -2e+09
 -9.539e+09 -9.538e+09 -9.538e+09 -9.538e+09 -9.538e+09 -9.538e+09 -9.538e+09 -9.539e+09 -9.538e+09 -9.538e+09 -9.538e+09 -9.538e+09 -9.538e+09 -9.539e+09 -9.538e+09 -9.536e+09 -9.538e+09 -9.538e+09 -9.539e+09 -9.538e+09
 -1.386e+09 -1.386e+09 -1.386e+09 -1.386e+09 -1.386e+09 -1.386e+09 -1.386e+09 -1.386e+09 -1.386e+09 -1.386e+09 -1.386e+09 -1.386e+09 -1.386e+09 -1.386e+09 -1.386e+09 -1.385e+09 -1.387e+09 -1.387e+09 -1.386e+09 -1.386e+09
 -1.598e+09 -1.598e+09 -1.598e+09 -1.598e+09 -1.599e+09 -1.599e+09 -1.598e+09 -1.598e+09 -1.599e+09 -1.599e+09 -1.598e+09 -1.598e+09 -1.599e+09 -1.597e+09 -1.599e+09 -1.598e+09 -1.599e+09 -1.599e+09 -1.599e+09 -1.599e+09
 -1.078e+08 -1.197e+08 -1.161e+08 -1.056e+08 -1.105e+08 -1.164e+08 -1.104e+08 -1.08e+08 -1.078e+08 -1.079e+08 -1.083e+08 -9.78e+07 -1.042e+08 -1.078e+08 -1.097e+08 -1.066e+08 -1.081e+08 -1.078e+08 -1.075e+08 -1.069e+08
 -3.434e+10 -3.434e+10 -3.434e+10 -3.434e+10 -3.434e+10 -3.434e+10 -3.434e+10 -3.434e+10 -3.434e+10 -3.434e+10 -3.434e+10 -3.434e+10 -3.434e+10 -3.434e+10 -3.434e+10 -3.434e+10 -3.434e+10 -3.434e+10 -3.434e+10 -3.434e+10
 9.5e+06 -6.2e+06 -6.3e+06 -7.1e+06 -1.18e+07 -1.02e+07 -6.3e+06 -9.4e+06 -7.4e+06 -8e+06 -8.3e+06 -7e+06 -7e+06 -2.43e+07 -9.7e+06 -2e+07 -7.9e+06 -7.8e+06 -1.4e+07 1.03e+07
 -2.16e+07 -2.77e+07 -2.51e+07 -2.33e+07 -2.21e+07 -3.55e+07 -2.3e+07 -2.37e+07 -2.37e+07 -2.39e+07 -2.39e+07 -2.31e+07 -2.67e+07 -2.75e+07 -2e+07 -2.34e+07 -3.32e+07 -2.4e+07 -2.72e+07 -2.33e+07
 -1.337e+09 -1.337e+09 -1.337e+09 -1.337e+09 -1.337e+09 -1.337e+09 -1.337e+09 -1.337e+09 -1.338e+09 -1.338e+09 -1.337e+09 -1.337e+09 -1.337e+09 -1.337e+09 -1.337e+09 -1.335e+09 -1.337e+09 -1.337e+09 -1.338e+09 -1.336e+09
 -3.88e+07 -3.86e+07 -3.83e+07 -3.8e+07 -3.82e+07 -3.86e+07 -3.86e+07 -3.82e+07 -3.81e+07 -3.84e+07 -3.83e+07 -3.83e+07 -3.84e+07 -3.81e+07 -3.87e+07 -3.81e+07 -3.85e+07 -3.71e+07 -3.96e+07 -3.88e+07
 -3.88e+07 -1.97e+07 -1.99e+07 -1.99e+07 -2.05e+07 -2.11e+07 -2e+07 -1.94e+07 -1.97e+07 -1.95e+07 -1.97e+07 -1.96e+07 -1.96e+07 -1.98e+07 -1.95e+07 7.34e+07 -2.06e+07 -2e+07 -1.96e+07 -6.38e+07
 -2.6e+09 -2.601e+09 -2.601e+09 -2.601e+09 -2.601e+09 -2.602e+09 -2.601e+09 -2.601e+09 -2.601e+09 -2.601e+09 -2.601e+09 -2.602e+09 -2.601e+09 -2.601e+09 -2.602e+09 -2.602e+09 -2.602e+09 -2.602e+09 -2.601e+09 -2.601e+09
 -4.562e+08 -4.552e+08 -4.558e+08 -4.552e+08 -4.553e+08 -4.547e+08 -4.55e+08 -4.548e+08 -4.549e+08 -4.547e+08 -4.548e+08 -4.552e+08 -4.552e+08 -4.55e+08 -4.544e+08 -4.506e+08 -4.554e+08 -4.561e+08 -4.552e+08 -4.522e+08
 -2.754e+09 -2.755e+09 -2.755e+09 -2.755e+09 -2.755e+09 -2.755e+09 -2.755e+09 -2.756e+09 -2.755e+09 -2.755e+09 -2.756e+09 -2.755e+09 -2.755e+09 -2.755e+09 -2.755e+09 -2.755e+09 -2.756e+09 -2.754e+09 -2.753e+09 -2.755e+09
 -1.989e+09 -1.989e+09 -1.99e+09 -1.989e+09 -1.99e+09 -1.989e+09 -1.989e+09 -1.989e+09 -1.989e+09 -1.99e+09 -1.989e+09 -1.99e+09 -1.989e+09 -1.989e+09 -1.99e+09 -1.99e+09 -1.99e+09 -1.989e+09 -1.99e+09 -1.99e+09
 -3.4e+09 -3.396e+09 -3.4e+09 -3.401e+09 -3.396e+09 -3.401e+09 -3.402e+09 -3.4e+09 -3.4e+09 -3.4e+09 -3.4e+09 -3.4e+09 -3.4e+09 -3.401e+09 -3.4e+09 -3.4e+09 -3.404e+09 -3.4e+09 -3.4e+09 -3.4e+09
 -3.334e+08 -3.362e+08 -3.366e+08 -3.356e+08 -3.357e+08 -3.362e+08 -3.359e+08 -3.365e+08 -3.356e+08 -3.359e+08 -3.353e+08 -3.369e+08 -3.358e+08 -3.352e+08 -3.364e+08 -3.353e+08 -3.363e+08 -3.333e+08 -3.362e+08 -3.367e+08
 -1.136e+08 -1.127e+08 -1.123e+08 -1.129e+08 -1.13e+08 -1.122e+08 -1.123e+08 -1.118e+08 -1.105e+08 -1.127e+08 -1.126e+08 -1.127e+08 -1.124e+08 -1.126e+08 -1.117e+08 -1.122e+08 -1.126e+08 -1.124e+08 -1.121e+08 -1.132e+08
 -2.258e+08 -2.249e+08 -2.294e+08 -2.278e+08 -2.282e+08 -2.355e+08 -2.28e+08 -2.277e+08 -2.273e+08 -2.274e+08 -2.278e+08 -2.25e+08 -2.281e+08 -2.277e+08 -2.266e+08 -2.28e+08 -2.326e+08 -2.275e+08 -2.28e+08 -2.277e+08
 -1.898e+09 -1.9e+09 -1.899e+09 -1.9e+09 -1.9e+09 -1.9e+09 -1.899e+09 -1.9e+09 -1.9e+09 -1.899e+09 -1.9e+09 -1.899e+09 -1.9e+09 -1.899e+09 -1.9e+09 -1.898e+09 -1.899e+09 -1.9e+09 -1.9e+09 -1.898e+09
 -7.64e+07 -7.9e+07 -7.84e+07 -7.78e+07 -7.84e+07 -8.2e+07 -7.91e+07 -7.78e+07 -7.79e+07 -7.63e+07 -7.59e+07 -7.77e+07 -7.91e+07 -7.84e+07 -7.88e+07 -7.85e+07 -7.8e+07 -7.8e+07 -7.79e+07 -7.89e+07
 -2.16e+09 -2.16e+09 -2.161e+09 -2.16e+09 -2.158e+09 -2.153e+09 -2.16e+09 -2.158e+09 -2.159e+09 -2.159e+09 -2.159e+09 -2.16e+09 -2.159e+09 -2.159e+09 -2.159e+09 -2.159e+09 -2.159e+09 -2.159e+09 -2.159e+09 -2.158e+09
 -5.001e+09 -5.001e+09 -5.001e+09 -5.001e+09 -5e+09 -5.001e+09 -5e+09 -5.001e+09 -5e+09 -5.001e+09 -5.001e+09 -5.001e+09 -5.001e+09 -5.001e+09 -5.001e+09 -5.001e+09 -5e+09 -5.001e+09 -5e+09 -5.001e+09
 -2.404e+09 -2.404e+09 -2.404e+09 -2.404e+09 -2.404e+09 -2.405e+09 -2.404e+09 -2.404e+09 -2.404e+09 -2.404e+09 -2.404e+09 -2.404e+09 -2.404e+09 -2.404e+09 -2.404e+09 -2.404e+09 -2.404e+09 -2.404e+09 -2.404e+09 -2.404e+09
 -4.221e+08 -4.224e+08 -4.231e+08 -4.23e+08 -4.224e+08 -4.231e+08 -4.227e+08 -4.207e+08 -4.22e+08 -4.225e+08 -4.225e+08 -4.227e+08 -4.22e+08 -4.226e+08 -4.223e+08 -4.226e+08 -4.224e+08 -4.221e+08 -4.226e+08 -4.236e+08
 -3.145e+09 -3.145e+09 -3.145e+09 -3.143e+09 -3.142e+09 -3.148e+09 -3.144e+09 -3.145e+09 -3.145e+09 -3.145e+09 -3.145e+09 -3.145e+09 -3.144e+09 -3.145e+09 -3.144e+09 -3.144e+09 -3.145e+09 -3.145e+09 -3.144e+09 -3.145e+09
 -7.357e+09 -7.376e+09 -7.352e+09 -7.356e+09 -7.378e+09 -7.348e+09 -7.357e+09 -7.357e+09 -7.357e+09 -7.356e+09 -7.356e+09 -7.356e+09 -7.357e+09 -7.356e+09 -7.357e+09 -7.357e+09 -7.346e+09 -7.356e+09 -7.357e+09 -7.356e+09
 -2.188e+08 -2.192e+08 -2.188e+08 -2.19e+08 -2.21e+08 -2.198e+08 -2.187e+08 -2.186e+08 -2.184e+08 -2.18e+08 -2.177e+08 -2.183e+08 -2.188e+08 -2.188e+08 -2.186e+08 -2.19e+08 -2.206e+08 -2.182e+08 -2.205e+08 -2.188e+08
 -2.791e+09 -2.791e+09 -2.791e+09 -2.791e+09 -2.791e+09 -2.791e+09 -2.791e+09 -2.791e+09 -2.791e+09 -2.791e+09 -2.791e+09 -2.792e+09 -2.792e+09 -2.792e+09 -2.791e+09 -2.791e+09 -2.79e+09 -2.791e+09 -2.792e+09 -2.791e+09
 -2.195e+10 -2.195e+10 -2.195e+10 -2.195e+10 -2.195e+10 -2.195e+10 -2.195e+10 -2.195e+10 -2.195e+10 -2.195e+10 -2.195e+10 -2.195e+10 -2.195e+10 -2.195e+10 -2.195e+10 -2.195e+10 -2.195e+10 -2.195e+10 -2.195e+10 -2.195e+10
 -3.93e+07 -3.87e+07 -3.86e+07 -4.32e+07 -4.31e+07 -3.88e+07 -3.81e+07 -3.88e+07 -3.88e+07 -3.87e+07 -3.35e+07 -3.89e+07 -3.9e+07 -3.9e+07 -3.84e+07 -3.89e+07 -3.89e+07 -3.85e+07 -3.94e+07 -3.92e+07
 -1.283e+09 -1.283e+09 -1.283e+09 -1.282e+09 -1.283e+09 -1.283e+09 -1.283e+09 -1.283e+09 -1.283e+09 -1.283e+09 -1.283e+09 -1.283e+09 -1.282e+09 -1.283e+09 -1.283e+09 -1.283e+09 -1.283e+09 -1.283e+09 -1.283e+09 -1.283e+09
 -3.926e+08 -3.939e+08 -3.937e+08 -3.933e+08 -3.934e+08 -3.936e+08 -3.935e+08 -3.935e+08 -3.931e+08 -3.936e+08 -3.935e+08 -3.931e+08 -3.932e+08 -3.936e+08 -3.935e+08 -3.95e+08 -3.935e+08 -3.911e+08 -3.925e+08 -3.926e+08
 -9.348e+09 -9.349e+09 -9.345e+09 -9.345e+09 -9.352e+09 -9.34e+09 -9.344e+09 -9.348e+09 -9.348e+09 -9.348e+09 -9.348e+09 -9.348e+09 -9.347e+09 -9.348e+09 -9.348e+09 -9.348e+09 -9.35e+09 -9.348e+09 -9.348e+09 -9.348e+09
 -2.204e+08 -2.211e+08 -2.203e+08 -2.205e+08 -2.217e+08 -2.243e+08 -2.207e+08 -2.191e+08 -2.17e+08 -2.206e+08 -2.202e+08 -2.209e+08 -2.196e+08 -2.202e+08 -2.197e+08 -2.209e+08 -2.212e+08 -2.207e+08 -2.216e+08 -2.206e+08
 -1.038e+08 -1.039e+08 -1.038e+08 -1.041e+08 -1.035e+08 -1.035e+08 -1.036e+08 -1.029e+08 -1.005e+08 -1.03e+08 -1.036e+08 -1.036e+08 -1.033e+08 -1.031e+08 -1.034e+08 -1.032e+08 -1.037e+08 -1.034e+08 -1.039e+08 -1.032e+08
 -1.081e+09 -1.081e+09 -1.081e+09 -1.08e+09 -1.08e+09 -1.08e+09 -1.08e+09 -1.08e+09 -1.08e+09 -1.08e+09 -1.08e+09 -1.08e+09 -1.08e+09 -1.08e+09 -1.08e+09 -1.081e+09 -1.079e+09 -1.081e+09 -1.08e+09 -1.08e+09
 -2.051e+09 -2.051e+09 -2.05e+09 -2.051e+09 -2.051e+09 -2.051e+09 -2.051e+09 -2.051e+09 -2.05e+09 -2.051e+09 -2.051e+09 -2.049e+09 -2.051e+09 -2.052e+09 -2.051e+09 -2.051e+09 -2.051e+09 -2.051e+09 -2.052e+09 -2.051e+09
 -2.899e+10 -2.898e+10 -2.898e+10 -2.899e+10 -2.899e+10 -2.899e+10 -2.899e+10 -2.899e+10 -2.898e+10 -2.898e+10 -2.899e+10 -2.899e+10 -2.899e+10 -2.898e+10 -2.898e+10 -2.898e+10 -2.898e+10 -2.899e+10 -2.898e+10 -2.899e+10
 -1.191e+09 -1.191e+09 -1.191e+09 -1.191e+09 -1.19e+09 -1.19e+09 -1.19e+09 -1.19e+09 -1.191e+09 -1.19e+09 -1.19e+09 -1.19e+09 -1.191e+09 -1.19e+09 -1.191e+09 -1.19e+09 -1.19e+09 -1.191e+09 -1.19e+09 -1.192e+09
 -8.088e+08 -8.09e+08 -8.09e+08 -8.091e+08 -8.093e+08 -8.085e+08 -8.087e+08 -8.088e+08 -8.089e+08 -8.087e+08 -8.09e+08 -8.091e+08 -8.086e+08 -8.09e+08 -8.089e+08 -8.07e+08 -8.091e+08 -8.095e+08 -8.094e+08 -8.097e+08
 -1.352e+09 -1.354e+09 -1.354e+09 -1.354e+09 -1.354e+09 -1.354e+09 -1.354e+09 -1.354e+09 -1.355e+09 -1.354e+09 -1.354e+09 -1.354e+09 -1.355e+09 -1.355e+09 -1.355e+09 -1.353e+09 -1.354e+09 -1.355e+09 -1.354e+09 -1.356e+09
 -5.31e+07 -5.04e+07 -5.1e+07 -5.04e+07 -5.1e+07 -5.01e+07 -5e+07 -4.98e+07 -4.98e+07 -4.95e+07 -4.99e+07 -5.04e+07 -4.97e+07 -4.9e+07 -4.98e+07 -5.08e+07 -5.02e+07 -4.5e+07 -4.94e+07 -5e+07
 -1.125e+10 -1.125e+10 -1.125e+10 -1.125e+10 -1.125e+10 -1.125e+10 -1.125e+10 -1.125e+10 -1.125e+10 -1.125e+10 -1.125e+10 -1.125e+10 -1.125e+10 -1.125e+10 -1.125e+10 -1.125e+10 -1.125e+10 -1.125e+10 -1.125e+10 -1.125e+10
 -1.474e+09 -1.475e+09 -1.475e+09 -1.474e+09 -1.476e+09 -1.474e+09 -1.475e+09 -1.474e+09 -1.474e+09 -1.475e+09 -1.474e+09 -1.474e+09 -1.474e+09 -1.474e+09 -1.475e+09 -1.475e+09 -1.473e+09 -1.474e+09 -1.473e+09 -1.475e+09
 -7.06e+09 -7.056e+09 -7.048e+09 -7.054e+09 -7.062e+09 -7.062e+09 -7.061e+09 -7.06e+09 -7.06e+09 -7.061e+09 -7.061e+09 -7.061e+09 -7.061e+09 -7.061e+09 -7.061e+09 -7.061e+09 -7.062e+09 -7.061e+09 -7.06e+09 -7.06e+09
 -1.292e+09 -1.292e+09 -1.292e+09 -1.291e+09 -1.292e+09 -1.291e+09 -1.292e+09 -1.292e+09 -1.291e+09 -1.291e+09 -1.292e+09 -1.292e+09 -1.291e+09 -1.292e+09 -1.292e+09 -1.291e+09 -1.291e+09 -1.291e+09 -1.293e+09 -1.291e+09
 -2.325e+09 -2.324e+09 -2.33e+09 -2.326e+09 -2.315e+09 -2.329e+09 -2.326e+09 -2.326e+09 -2.326e+09 -2.326e+09 -2.326e+09 -2.326e+09 -2.326e+09 -2.326e+09 -2.325e+09 -2.326e+09 -2.326e+09 -2.326e+09 -2.326e+09 -2.326e+09
 -7.62e+08 -7.622e+08 -7.64e+08 -7.62e+08 -7.617e+08 -7.631e+08 -7.581e+08 -7.612e+08 -7.618e+08 -7.622e+08 -7.62e+08 -7.619e+08 -7.618e+08 -7.614e+08 -7.618e+08 -7.62e+08 -7.617e+08 -7.621e+08 -7.621e+08 -7.622e+08
 -2.624e+09 -2.625e+09 -2.624e+09 -2.624e+09 -2.624e+09 -2.625e+09 -2.625e+09 -2.625e+09 -2.624e+09 -2.624e+09 -2.625e+09 -2.624e+09 -2.624e+09 -2.624e+09 -2.622e+09 -2.624e+09 -2.624e+09 -2.624e+09 -2.625e+09 -2.624e+09
 -1.838e+09 -1.827e+09 -1.839e+09 -1.84e+09 -1.837e+09 -1.836e+09 -1.838e+09 -1.838e+09 -1.838e+09 -1.838e+09 -1.838e+09 -1.838e+09 -1.838e+09 -1.838e+09 -1.839e+09 -1.838e+09 -1.838e+09 -1.838e+09 -1.838e+09 -1.839e+09
 -4.371e+09 -4.37e+09 -4.372e+09 -4.371e+09 -4.37e+09 -4.371e+09 -4.371e+09 -4.371e+09 -4.371e+09 -4.371e+09 -4.371e+09 -4.371e+09 -4.371e+09 -4.372e+09 -4.372e+09 -4.371e+09 -4.37e+09 -4.371e+09 -4.371e+09 -4.371e+09
 -5.3e+06 -5.1e+06 -5.1e+06 -6.4e+06 -6.2e+06 -5.4e+06 -6.6e+06 -6e+06 -6.1e+06 -5.5e+06 1.19e+07 -6.3e+06 -5.9e+06 -6e+06 -5.7e+06 -6e+06 -6e+06 -6.1e+06 -6.4e+06 -6.4e+06
 -7e+06 -6.3e+06 -6.1e+06 -6.5e+06 -6.1e+06 -4.3e+06 -6.4e+06 -5.9e+06 -5.8e+06 -5.7e+06 -5.8e+06 -6.2e+06 -5.4e+06 -5.6e+06 -5.7e+06 -6.2e+06 -5.5e+06 3.1e+06 -2.2e+06 -6.4e+06
 -3.749e+09 -3.749e+09 -3.749e+09 -3.749e+09 -3.748e+09 -3.748e+09 -3.749e+09 -3.75e+09 -3.75e+09 -3.749e+09 -3.749e+09 -3.749e+09 -3.749e+09 -3.749e+09 -3.749e+09 -3.749e+09 -3.75e+09 -3.749e+09 -3.748e+09 -3.749e+09
 -2.64e+07 -2.57e+07 -2.53e+07 -2.51e+07 -2.49e+07 -2.57e+07 -2.52e+07 -2.52e+07 -2.51e+07 -2.52e+07 -2.57e+07 -2.54e+07 -2.67e+07 -2.56e+07 -2.56e+07 -2.64e+07 -2.37e+07 -2.49e+07 -2.56e+07 -2.44e+07
 -3.11e+09 -3.111e+09 -3.108e+09 -3.11e+09 -3.109e+09 -3.108e+09 -3.11e+09 -3.11e+09 -3.11e+09 -3.108e+09 -3.109e+09 -3.11e+09 -3.109e+09 -3.109e+09 -3.109e+09 -3.109e+09 -3.111e+09 -3.11e+09 -3.11e+09 -3.11e+09
 -1.06e+07 -1.61e+07 -5.4e+06 -9.5e+06 -1.06e+07 -1.18e+07 -4.9e+06 -5.3e+06 -6e+06 -5.4e+06 -5.9e+06 8e+05 -1.15e+07 -6.5e+06 -5.3e+06 -9.6e+06 -9e+05 -6.3e+06 -9.3e+06 -1.01e+07
 -1.29e+07 -1e+07 -1.04e+07 -1.12e+07 -9.9e+06 -1.01e+07 -1.06e+07 -1.09e+07 -1.06e+07 -1.07e+07 -1.05e+07 -1.02e+07 -1.19e+07 -1.09e+07 -1.05e+07 -9.2e+06 -1.28e+07 -7.1e+06 -9.1e+06 -2.07e+07


