# Created by Octave 5.2.0, Thu Sep 24 18:21:36 2020 CEST <jiwidi@land>
# name: w
# type: matrix
# rows: 101
# columns: 20
 -6.441e+05 -6.441e+05 -6.441e+05 -6.441e+05 -6.441e+05 -6.441e+05 -6.441e+05 -6.441e+05 -6.441e+05 -6.441e+05 -6.441e+05 -6.441e+05 -6.441e+05 -6.441e+05 -6.441e+05 -6.441e+05 -6.441e+05 -6.441e+05 -6.441e+05 -6.441e+05
 -6.224e+04 -6.223e+04 -6.223e+04 -6.223e+04 -6.223e+04 -6.223e+04 -6.223e+04 -6.223e+04 -6.223e+04 -6.223e+04 -6.223e+04 -6.223e+04 -6.223e+04 -6.223e+04 -6.223e+04 -6.223e+04 -6.224e+04 -6.223e+04 -6.221e+04 -6.223e+04
 -1.13e+04 -1.13e+04 -1.13e+04 -1.13e+04 -1.13e+04 -1.13e+04 -1.13e+04 -1.13e+04 -1.13e+04 -1.13e+04 -1.13e+04 -1.128e+04 -1.13e+04 -1.131e+04 -1.13e+04 -1.13e+04 -1.13e+04 -1.129e+04 -1.13e+04 -1.13e+04
 -1.164e+04 -1.172e+04 -1.172e+04 -1.163e+04 -1.167e+04 -1.174e+04 -1.164e+04 -1.164e+04 -1.164e+04 -1.163e+04 -1.163e+04 -1.163e+04 -1.163e+04 -1.163e+04 -1.164e+04 -1.164e+04 -1.154e+04 -1.164e+04 -1.162e+04 -1.163e+04
 -617 -613 -610 -614 -610 -606 -607 -617 -613 -607 -610 -610 -614 -610 -610 -606 -627 -572 -581 -617
 -5.462e+04 -5.463e+04 -5.463e+04 -5.462e+04 -5.462e+04 -5.463e+04 -5.462e+04 -5.462e+04 -5.462e+04 -5.462e+04 -5.462e+04 -5.462e+04 -5.462e+04 -5.463e+04 -5.462e+04 -5.462e+04 -5.462e+04 -5.462e+04 -5.462e+04 -5.463e+04
 -2.742e+04 -2.743e+04 -2.743e+04 -2.743e+04 -2.743e+04 -2.744e+04 -2.742e+04 -2.743e+04 -2.742e+04 -2.741e+04 -2.742e+04 -2.742e+04 -2.743e+04 -2.743e+04 -2.743e+04 -2.743e+04 -2.743e+04 -2.742e+04 -2.743e+04 -2.742e+04
 -533 -504 -505 -510 -509 -596 -516 -516 -512 -527 -525 -516 -510 -524 -514 -498 -535 -466 -493 -493
 -665 -698 -656 -676 -729 -712 -665 -676 -674 -670 -672 -607 -715 -678 -637 -738 -675 -695 -741 -690
 -1.682e+04 -1.683e+04 -1.683e+04 -1.682e+04 -1.683e+04 -1.683e+04 -1.682e+04 -1.682e+04 -1.682e+04 -1.682e+04 -1.682e+04 -1.682e+04 -1.682e+04 -1.683e+04 -1.682e+04 -1.682e+04 -1.683e+04 -1.683e+04 -1.683e+04 -1.683e+04
 -294 -279 -283 -331 -292 -276 -283 -302 -291 -282 -286 -253 -373 -295 -296 -285 -276 -292 -275 -296
 -2.415e+04 -2.413e+04 -2.414e+04 -2.414e+04 -2.414e+04 -2.414e+04 -2.414e+04 -2.414e+04 -2.414e+04 -2.414e+04 -2.414e+04 -2.414e+04 -2.414e+04 -2.414e+04 -2.414e+04 -2.415e+04 -2.412e+04 -2.415e+04 -2.412e+04 -2.413e+04
 -6446 -6433 -6444 -6445 -6442 -6448 -6440 -6445 -6443 -6429 -6435 -6439 -6426 -6445 -6446 -6442 -6440 -6442 -6445 -6444
 -4720 -4615 -4758 -4834 -4717 -4499 -4742 -4748 -4732 -4731 -4725 -4733 -4707 -4725 -4724 -4735 -4720 -4732 -4722 -4659
 -9099 -9047 -9054 -8979 -9028 -9495 -9033 -9103 -9099 -9099 -9099 -9099 -9079 -9095 -9095 -9097 -9111 -9097 -9100 -9105
 -2.621e+04 -2.62e+04 -2.62e+04 -2.62e+04 -2.62e+04 -2.62e+04 -2.621e+04 -2.62e+04 -2.62e+04 -2.621e+04 -2.62e+04 -2.62e+04 -2.621e+04 -2.621e+04 -2.62e+04 -2.622e+04 -2.621e+04 -2.621e+04 -2.621e+04 -2.618e+04
 -2.881e+04 -2.88e+04 -2.881e+04 -2.881e+04 -2.88e+04 -2.881e+04 -2.881e+04 -2.881e+04 -2.88e+04 -2.881e+04 -2.881e+04 -2.881e+04 -2.881e+04 -2.881e+04 -2.88e+04 -2.88e+04 -2.881e+04 -2.88e+04 -2.879e+04 -2.881e+04
 -1.636e+04 -1.637e+04 -1.638e+04 -1.636e+04 -1.636e+04 -1.637e+04 -1.636e+04 -1.636e+04 -1.636e+04 -1.636e+04 -1.635e+04 -1.636e+04 -1.636e+04 -1.636e+04 -1.636e+04 -1.636e+04 -1.634e+04 -1.636e+04 -1.637e+04 -1.635e+04
 -1.526e+04 -1.526e+04 -1.527e+04 -1.527e+04 -1.526e+04 -1.526e+04 -1.527e+04 -1.527e+04 -1.527e+04 -1.527e+04 -1.526e+04 -1.527e+04 -1.526e+04 -1.527e+04 -1.527e+04 -1.526e+04 -1.528e+04 -1.526e+04 -1.526e+04 -1.527e+04
 -6.442e+04 -6.442e+04 -6.442e+04 -6.442e+04 -6.442e+04 -6.442e+04 -6.442e+04 -6.441e+04 -6.442e+04 -6.441e+04 -6.442e+04 -6.442e+04 -6.441e+04 -6.441e+04 -6.442e+04 -6.442e+04 -6.442e+04 -6.441e+04 -6.442e+04 -6.441e+04
 -3.915e+04 -3.915e+04 -3.915e+04 -3.915e+04 -3.915e+04 -3.915e+04 -3.915e+04 -3.915e+04 -3.915e+04 -3.915e+04 -3.915e+04 -3.915e+04 -3.915e+04 -3.915e+04 -3.915e+04 -3.914e+04 -3.915e+04 -3.915e+04 -3.915e+04 -3.912e+04
 -3.274e+04 -3.274e+04 -3.274e+04 -3.274e+04 -3.274e+04 -3.275e+04 -3.274e+04 -3.275e+04 -3.274e+04 -3.274e+04 -3.274e+04 -3.274e+04 -3.275e+04 -3.275e+04 -3.274e+04 -3.274e+04 -3.274e+04 -3.274e+04 -3.274e+04 -3.273e+04
 -2.548e+04 -2.549e+04 -2.548e+04 -2.549e+04 -2.546e+04 -2.548e+04 -2.548e+04 -2.548e+04 -2.548e+04 -2.548e+04 -2.548e+04 -2.548e+04 -2.548e+04 -2.548e+04 -2.548e+04 -2.548e+04 -2.548e+04 -2.548e+04 -2.548e+04 -2.547e+04
 -2.853e+04 -2.854e+04 -2.854e+04 -2.854e+04 -2.854e+04 -2.854e+04 -2.854e+04 -2.854e+04 -2.854e+04 -2.854e+04 -2.854e+04 -2.854e+04 -2.854e+04 -2.854e+04 -2.853e+04 -2.854e+04 -2.854e+04 -2.854e+04 -2.854e+04 -2.853e+04
 -6.68e+04 -6.678e+04 -6.681e+04 -6.681e+04 -6.681e+04 -6.679e+04 -6.68e+04 -6.68e+04 -6.68e+04 -6.68e+04 -6.68e+04 -6.68e+04 -6.68e+04 -6.679e+04 -6.68e+04 -6.68e+04 -6.682e+04 -6.68e+04 -6.68e+04 -6.68e+04
 -6052 -6049 -6055 -6044 -6054 -6047 -6051 -6048 -6049 -6049 -6037 -6051 -6051 -6048 -6044 -6048 -6043 -6050 -6047 -6052
 -2381 -2389 -2387 -2384 -2382 -2398 -2377 -2375 -2379 -2352 -2352 -2376 -2385 -2380 -2376 -2373 -2378 -2381 -2383 -2382
 -7.658e+04 -7.653e+04 -7.653e+04 -7.658e+04 -7.658e+04 -7.648e+04 -7.658e+04 -7.658e+04 -7.658e+04 -7.658e+04 -7.658e+04 -7.658e+04 -7.657e+04 -7.657e+04 -7.657e+04 -7.658e+04 -7.66e+04 -7.658e+04 -7.658e+04 -7.658e+04
 -2.329e+04 -2.329e+04 -2.329e+04 -2.329e+04 -2.329e+04 -2.329e+04 -2.329e+04 -2.329e+04 -2.329e+04 -2.329e+04 -2.329e+04 -2.33e+04 -2.329e+04 -2.33e+04 -2.329e+04 -2.328e+04 -2.329e+04 -2.329e+04 -2.33e+04 -2.328e+04
 -4.772e+04 -4.771e+04 -4.771e+04 -4.768e+04 -4.772e+04 -4.771e+04 -4.771e+04 -4.771e+04 -4.77e+04 -4.771e+04 -4.771e+04 -4.771e+04 -4.77e+04 -4.771e+04 -4.77e+04 -4.771e+04 -4.771e+04 -4.771e+04 -4.771e+04 -4.771e+04
 -6.879e+04 -6.879e+04 -6.879e+04 -6.88e+04 -6.88e+04 -6.876e+04 -6.879e+04 -6.879e+04 -6.88e+04 -6.879e+04 -6.879e+04 -6.879e+04 -6.88e+04 -6.879e+04 -6.879e+04 -6.88e+04 -6.88e+04 -6.88e+04 -6.879e+04 -6.88e+04
 -1.168e+04 -1.17e+04 -1.17e+04 -1.169e+04 -1.168e+04 -1.17e+04 -1.168e+04 -1.168e+04 -1.168e+04 -1.168e+04 -1.169e+04 -1.168e+04 -1.169e+04 -1.169e+04 -1.168e+04 -1.17e+04 -1.166e+04 -1.168e+04 -1.167e+04 -1.169e+04
 -7806 -7810 -7812 -7805 -7805 -7819 -7808 -7808 -7805 -7776 -7786 -7806 -7811 -7808 -7803 -7811 -7804 -7809 -7807 -7805
 -1.099e+04 -1.095e+04 -1.095e+04 -1.096e+04 -1.095e+04 -1.095e+04 -1.095e+04 -1.095e+04 -1.095e+04 -1.095e+04 -1.095e+04 -1.095e+04 -1.095e+04 -1.095e+04 -1.095e+04 -1.09e+04 -1.094e+04 -1.096e+04 -1.095e+04 -1.091e+04
 -3.332e+04 -3.332e+04 -3.332e+04 -3.332e+04 -3.333e+04 -3.332e+04 -3.332e+04 -3.333e+04 -3.332e+04 -3.332e+04 -3.332e+04 -3.332e+04 -3.332e+04 -3.333e+04 -3.333e+04 -3.333e+04 -3.331e+04 -3.332e+04 -3.331e+04 -3.332e+04
 -2207 -2214 -2208 -2205 -2199 -2218 -2189 -2217 -2203 -2161 -2198 -2206 -2213 -2202 -2202 -2205 -2214 -2205 -2195 -2202
 -5312 -5312 -5321 -5314 -5297 -5429 -5233 -5321 -5316 -5318 -5318 -5319 -5318 -5306 -5316 -5315 -5318 -5316 -5323 -5319
 -9823 -9824 -9821 -9818 -9821 -9803 -9823 -9825 -9823 -9823 -9821 -9816 -9830 -9839 -9822 -9821 -9835 -9821 -9826 -9835
 -53 -37 -45 -47 -45 -30 -41 -40 -44 -38 -41 -42 -33 -37 -34 -49 -46 29 -11 -63
 -21 -8 -4 -3 -8 -114 -5 -40 -9 -40 29 -11 -9 -12 -8 -40 -18 -8 1 -2
 -2.274e+04 -2.274e+04 -2.275e+04 -2.275e+04 -2.275e+04 -2.276e+04 -2.275e+04 -2.275e+04 -2.275e+04 -2.275e+04 -2.275e+04 -2.275e+04 -2.275e+04 -2.275e+04 -2.271e+04 -2.275e+04 -2.276e+04 -2.275e+04 -2.275e+04 -2.275e+04
 -3728 -3734 -3729 -3726 -3727 -3730 -3722 -3726 -3724 -3712 -3710 -3723 -3725 -3728 -3721 -3724 -3724 -3727 -3730 -3729
 -2.763e+04 -2.763e+04 -2.763e+04 -2.763e+04 -2.763e+04 -2.763e+04 -2.763e+04 -2.761e+04 -2.762e+04 -2.763e+04 -2.763e+04 -2.763e+04 -2.762e+04 -2.763e+04 -2.763e+04 -2.763e+04 -2.764e+04 -2.763e+04 -2.763e+04 -2.763e+04
 -1.068e+05 -1.068e+05 -1.068e+05 -1.068e+05 -1.068e+05 -1.068e+05 -1.068e+05 -1.068e+05 -1.068e+05 -1.068e+05 -1.068e+05 -1.068e+05 -1.068e+05 -1.068e+05 -1.068e+05 -1.068e+05 -1.068e+05 -1.068e+05 -1.068e+05 -1.068e+05
 -1.633e+04 -1.634e+04 -1.634e+04 -1.634e+04 -1.634e+04 -1.634e+04 -1.634e+04 -1.634e+04 -1.634e+04 -1.634e+04 -1.634e+04 -1.634e+04 -1.634e+04 -1.634e+04 -1.634e+04 -1.632e+04 -1.635e+04 -1.634e+04 -1.634e+04 -1.633e+04
 -2.129e+04 -2.129e+04 -2.129e+04 -2.129e+04 -2.128e+04 -2.129e+04 -2.128e+04 -2.128e+04 -2.129e+04 -2.129e+04 -2.128e+04 -2.129e+04 -2.128e+04 -2.128e+04 -2.129e+04 -2.128e+04 -2.129e+04 -2.129e+04 -2.129e+04 -2.129e+04
 -1054 -1162 -1103 -1025 -1061 -1133 -1062 -1054 -1044 -1059 -1054 -916 -1003 -1036 -1060 -1031 -1034 -1042 -1027 -1036
 -4.876e+05 -4.876e+05 -4.876e+05 -4.876e+05 -4.876e+05 -4.876e+05 -4.876e+05 -4.876e+05 -4.876e+05 -4.876e+05 -4.876e+05 -4.876e+05 -4.876e+05 -4.876e+05 -4.876e+05 -4.876e+05 -4.876e+05 -4.876e+05 -4.876e+05 -4.876e+05
 110 -56 -43 -65 -89 -80 -51 -110 -65 -59 -64 -65 -55 -248 -66 -180 -77 -68 -139 113
 -343 -389 -374 -359 -353 -418 -362 -360 -361 -364 -358 -359 -384 -374 -318 -365 -423 -360 -375 -362
 -1.416e+04 -1.417e+04 -1.416e+04 -1.416e+04 -1.416e+04 -1.417e+04 -1.417e+04 -1.416e+04 -1.417e+04 -1.417e+04 -1.416e+04 -1.417e+04 -1.416e+04 -1.417e+04 -1.416e+04 -1.415e+04 -1.416e+04 -1.416e+04 -1.417e+04 -1.416e+04
 -485 -479 -478 -476 -481 -484 -477 -482 -478 -484 -482 -482 -480 -481 -485 -478 -483 -465 -494 -489
 -438 -210 -210 -220 -215 -220 -217 -218 -216 -212 -211 -209 -208 -222 -203 788 -226 -201 -213 -702
 -2.923e+04 -2.925e+04 -2.925e+04 -2.925e+04 -2.925e+04 -2.924e+04 -2.925e+04 -2.924e+04 -2.924e+04 -2.925e+04 -2.925e+04 -2.925e+04 -2.925e+04 -2.925e+04 -2.925e+04 -2.925e+04 -2.925e+04 -2.926e+04 -2.924e+04 -2.924e+04
 -4911 -4907 -4908 -4898 -4899 -4891 -4902 -4902 -4900 -4898 -4896 -4903 -4903 -4905 -4892 -4847 -4907 -4912 -4899 -4857
 -3.189e+04 -3.19e+04 -3.19e+04 -3.19e+04 -3.19e+04 -3.19e+04 -3.19e+04 -3.192e+04 -3.192e+04 -3.19e+04 -3.19e+04 -3.19e+04 -3.192e+04 -3.19e+04 -3.191e+04 -3.191e+04 -3.19e+04 -3.189e+04 -3.188e+04 -3.191e+04
 -2.378e+04 -2.377e+04 -2.377e+04 -2.378e+04 -2.378e+04 -2.378e+04 -2.378e+04 -2.378e+04 -2.377e+04 -2.377e+04 -2.378e+04 -2.378e+04 -2.378e+04 -2.377e+04 -2.377e+04 -2.378e+04 -2.378e+04 -2.376e+04 -2.378e+04 -2.378e+04
 -3.557e+04 -3.55e+04 -3.552e+04 -3.556e+04 -3.557e+04 -3.551e+04 -3.558e+04 -3.559e+04 -3.557e+04 -3.557e+04 -3.557e+04 -3.558e+04 -3.558e+04 -3.559e+04 -3.557e+04 -3.558e+04 -3.562e+04 -3.557e+04 -3.557e+04 -3.558e+04
 -3471 -3502 -3510 -3502 -3504 -3506 -3499 -3494 -3496 -3504 -3503 -3501 -3500 -3504 -3501 -3492 -3509 -3462 -3509 -3506
 -1661 -1658 -1650 -1653 -1659 -1647 -1647 -1644 -1624 -1655 -1653 -1656 -1650 -1656 -1647 -1653 -1648 -1654 -1645 -1653
 -2715 -2693 -2744 -2729 -2739 -2791 -2727 -2730 -2728 -2728 -2729 -2702 -2736 -2736 -2720 -2734 -2740 -2725 -2733 -2729
 -2.16e+04 -2.16e+04 -2.16e+04 -2.16e+04 -2.161e+04 -2.16e+04 -2.16e+04 -2.16e+04 -2.16e+04 -2.16e+04 -2.16e+04 -2.161e+04 -2.16e+04 -2.16e+04 -2.16e+04 -2.159e+04 -2.16e+04 -2.161e+04 -2.16e+04 -2.159e+04
 -981 -1003 -998 -989 -998 -1035 -1004 -988 -990 -972 -974 -991 -1000 -1004 -1006 -998 -993 -992 -997 -1006
 -2.345e+04 -2.346e+04 -2.346e+04 -2.347e+04 -2.344e+04 -2.337e+04 -2.346e+04 -2.347e+04 -2.344e+04 -2.344e+04 -2.345e+04 -2.348e+04 -2.345e+04 -2.347e+04 -2.345e+04 -2.345e+04 -2.348e+04 -2.345e+04 -2.345e+04 -2.348e+04
 -6.078e+04 -6.079e+04 -6.079e+04 -6.078e+04 -6.078e+04 -6.079e+04 -6.078e+04 -6.078e+04 -6.077e+04 -6.078e+04 -6.078e+04 -6.079e+04 -6.078e+04 -6.078e+04 -6.078e+04 -6.078e+04 -6.078e+04 -6.078e+04 -6.078e+04 -6.078e+04
 -2.855e+04 -2.855e+04 -2.855e+04 -2.853e+04 -2.854e+04 -2.856e+04 -2.854e+04 -2.854e+04 -2.854e+04 -2.854e+04 -2.854e+04 -2.855e+04 -2.854e+04 -2.854e+04 -2.855e+04 -2.855e+04 -2.855e+04 -2.854e+04 -2.855e+04 -2.855e+04
 -5951 -5953 -5962 -5959 -5959 -5961 -5956 -5922 -5946 -5951 -5956 -5958 -5943 -5961 -5954 -5958 -5952 -5948 -5958 -5961
 -3.372e+04 -3.372e+04 -3.37e+04 -3.371e+04 -3.371e+04 -3.375e+04 -3.371e+04 -3.371e+04 -3.372e+04 -3.371e+04 -3.371e+04 -3.372e+04 -3.371e+04 -3.372e+04 -3.371e+04 -3.371e+04 -3.373e+04 -3.372e+04 -3.371e+04 -3.371e+04
 -7.676e+04 -7.683e+04 -7.681e+04 -7.677e+04 -7.676e+04 -7.676e+04 -7.676e+04 -7.677e+04 -7.676e+04 -7.676e+04 -7.676e+04 -7.676e+04 -7.676e+04 -7.676e+04 -7.677e+04 -7.676e+04 -7.659e+04 -7.676e+04 -7.677e+04 -7.677e+04
 -3586 -3590 -3590 -3592 -3605 -3598 -3588 -3588 -3586 -3573 -3570 -3586 -3592 -3589 -3585 -3593 -3597 -3580 -3595 -3588
 -3.349e+04 -3.347e+04 -3.348e+04 -3.349e+04 -3.348e+04 -3.347e+04 -3.349e+04 -3.348e+04 -3.348e+04 -3.348e+04 -3.348e+04 -3.349e+04 -3.349e+04 -3.348e+04 -3.349e+04 -3.348e+04 -3.347e+04 -3.347e+04 -3.349e+04 -3.348e+04
 -2.695e+05 -2.695e+05 -2.695e+05 -2.695e+05 -2.695e+05 -2.695e+05 -2.695e+05 -2.695e+05 -2.695e+05 -2.695e+05 -2.695e+05 -2.695e+05 -2.695e+05 -2.695e+05 -2.695e+05 -2.695e+05 -2.695e+05 -2.695e+05 -2.695e+05 -2.696e+05
 -567 -562 -558 -562 -577 -560 -555 -564 -562 -564 -489 -560 -563 -564 -562 -565 -561 -560 -563 -563
 -1.639e+04 -1.639e+04 -1.639e+04 -1.637e+04 -1.639e+04 -1.64e+04 -1.639e+04 -1.638e+04 -1.639e+04 -1.639e+04 -1.639e+04 -1.638e+04 -1.637e+04 -1.639e+04 -1.639e+04 -1.638e+04 -1.639e+04 -1.639e+04 -1.639e+04 -1.639e+04
 -4460 -4467 -4468 -4462 -4469 -4465 -4460 -4464 -4461 -4465 -4461 -4462 -4463 -4466 -4465 -4491 -4464 -4431 -4454 -4456
 -9.428e+04 -9.427e+04 -9.423e+04 -9.423e+04 -9.427e+04 -9.416e+04 -9.422e+04 -9.428e+04 -9.428e+04 -9.428e+04 -9.428e+04 -9.428e+04 -9.428e+04 -9.428e+04 -9.429e+04 -9.429e+04 -9.428e+04 -9.428e+04 -9.428e+04 -9.428e+04
 -2970 -2975 -2968 -2968 -2977 -2991 -2967 -2948 -2917 -2977 -2969 -2976 -2960 -2972 -2965 -2975 -2974 -2974 -2982 -2973
 -1494 -1499 -1496 -1496 -1496 -1493 -1492 -1487 -1447 -1491 -1493 -1494 -1492 -1490 -1491 -1494 -1495 -1495 -1497 -1492
 -1.163e+04 -1.162e+04 -1.162e+04 -1.162e+04 -1.162e+04 -1.162e+04 -1.162e+04 -1.161e+04 -1.162e+04 -1.162e+04 -1.162e+04 -1.162e+04 -1.162e+04 -1.162e+04 -1.162e+04 -1.162e+04 -1.16e+04 -1.162e+04 -1.162e+04 -1.162e+04
 -2.514e+04 -2.514e+04 -2.514e+04 -2.514e+04 -2.514e+04 -2.513e+04 -2.514e+04 -2.514e+04 -2.514e+04 -2.514e+04 -2.514e+04 -2.512e+04 -2.514e+04 -2.515e+04 -2.514e+04 -2.514e+04 -2.516e+04 -2.514e+04 -2.515e+04 -2.515e+04
 -4.081e+05 -4.081e+05 -4.081e+05 -4.081e+05 -4.081e+05 -4.081e+05 -4.081e+05 -4.081e+05 -4.081e+05 -4.081e+05 -4.081e+05 -4.081e+05 -4.081e+05 -4.081e+05 -4.081e+05 -4.081e+05 -4.081e+05 -4.081e+05 -4.081e+05 -4.081e+05
 -1.405e+04 -1.403e+04 -1.403e+04 -1.403e+04 -1.403e+04 -1.403e+04 -1.403e+04 -1.403e+04 -1.403e+04 -1.402e+04 -1.403e+04 -1.404e+04 -1.404e+04 -1.403e+04 -1.403e+04 -1.403e+04 -1.403e+04 -1.402e+04 -1.402e+04 -1.404e+04
 -9197 -9203 -9205 -9202 -9206 -9205 -9203 -9204 -9202 -9202 -9204 -9201 -9206 -9204 -9207 -9174 -9203 -9208 -9210 -9217
 -1.542e+04 -1.544e+04 -1.544e+04 -1.543e+04 -1.544e+04 -1.544e+04 -1.544e+04 -1.544e+04 -1.544e+04 -1.544e+04 -1.544e+04 -1.544e+04 -1.544e+04 -1.544e+04 -1.543e+04 -1.542e+04 -1.543e+04 -1.544e+04 -1.544e+04 -1.544e+04
 -606 -576 -573 -568 -580 -584 -563 -562 -560 -562 -561 -571 -560 -550 -562 -570 -567 -500 -550 -564
 -1.345e+05 -1.345e+05 -1.345e+05 -1.345e+05 -1.345e+05 -1.345e+05 -1.345e+05 -1.345e+05 -1.345e+05 -1.345e+05 -1.345e+05 -1.345e+05 -1.345e+05 -1.345e+05 -1.345e+05 -1.345e+05 -1.345e+05 -1.345e+05 -1.345e+05 -1.345e+05
 -1.924e+04 -1.926e+04 -1.925e+04 -1.925e+04 -1.926e+04 -1.925e+04 -1.925e+04 -1.925e+04 -1.925e+04 -1.925e+04 -1.925e+04 -1.924e+04 -1.925e+04 -1.925e+04 -1.925e+04 -1.925e+04 -1.923e+04 -1.925e+04 -1.924e+04 -1.925e+04
 -7.181e+04 -7.174e+04 -7.165e+04 -7.174e+04 -7.179e+04 -7.181e+04 -7.18e+04 -7.181e+04 -7.18e+04 -7.18e+04 -7.181e+04 -7.181e+04 -7.18e+04 -7.181e+04 -7.18e+04 -7.18e+04 -7.184e+04 -7.18e+04 -7.18e+04 -7.181e+04
 -1.497e+04 -1.496e+04 -1.496e+04 -1.496e+04 -1.496e+04 -1.496e+04 -1.496e+04 -1.496e+04 -1.496e+04 -1.497e+04 -1.497e+04 -1.497e+04 -1.496e+04 -1.497e+04 -1.496e+04 -1.495e+04 -1.496e+04 -1.496e+04 -1.497e+04 -1.495e+04
 -2.434e+04 -2.433e+04 -2.434e+04 -2.436e+04 -2.429e+04 -2.437e+04 -2.435e+04 -2.435e+04 -2.435e+04 -2.435e+04 -2.435e+04 -2.434e+04 -2.435e+04 -2.435e+04 -2.435e+04 -2.435e+04 -2.436e+04 -2.435e+04 -2.435e+04 -2.435e+04
 -1.016e+04 -1.016e+04 -1.017e+04 -1.016e+04 -1.016e+04 -1.016e+04 -1.01e+04 -1.015e+04 -1.015e+04 -1.016e+04 -1.015e+04 -1.016e+04 -1.016e+04 -1.015e+04 -1.015e+04 -1.016e+04 -1.016e+04 -1.016e+04 -1.015e+04 -1.016e+04
 -3.152e+04 -3.152e+04 -3.151e+04 -3.153e+04 -3.152e+04 -3.154e+04 -3.153e+04 -3.152e+04 -3.152e+04 -3.152e+04 -3.152e+04 -3.152e+04 -3.152e+04 -3.152e+04 -3.148e+04 -3.152e+04 -3.153e+04 -3.153e+04 -3.153e+04 -3.152e+04
 -2.032e+04 -2.017e+04 -2.033e+04 -2.033e+04 -2.032e+04 -2.029e+04 -2.031e+04 -2.032e+04 -2.032e+04 -2.032e+04 -2.032e+04 -2.032e+04 -2.031e+04 -2.032e+04 -2.032e+04 -2.032e+04 -2.038e+04 -2.032e+04 -2.031e+04 -2.032e+04
 -5.069e+04 -5.068e+04 -5.07e+04 -5.068e+04 -5.069e+04 -5.07e+04 -5.069e+04 -5.069e+04 -5.069e+04 -5.07e+04 -5.069e+04 -5.069e+04 -5.07e+04 -5.07e+04 -5.069e+04 -5.069e+04 -5.068e+04 -5.069e+04 -5.069e+04 -5.069e+04
 -81 -84 -83 -95 -93 -83 -89 -90 -89 -80 134 -94 -89 -93 -87 -91 -94 -91 -92 -97
 -69 -60 -66 -67 -62 -47 -66 -56 -60 -56 -62 -62 -50 -55 -56 -72 -52 38 -17 -59
 -4.464e+04 -4.465e+04 -4.465e+04 -4.466e+04 -4.465e+04 -4.465e+04 -4.465e+04 -4.465e+04 -4.465e+04 -4.465e+04 -4.465e+04 -4.465e+04 -4.465e+04 -4.464e+04 -4.465e+04 -4.466e+04 -4.465e+04 -4.466e+04 -4.464e+04 -4.466e+04
 -216 -212 -217 -207 -213 -220 -210 -207 -211 -211 -211 -212 -237 -221 -210 -223 -188 -213 -215 -204
 -3.465e+04 -3.465e+04 -3.463e+04 -3.466e+04 -3.464e+04 -3.462e+04 -3.465e+04 -3.465e+04 -3.465e+04 -3.464e+04 -3.464e+04 -3.465e+04 -3.465e+04 -3.465e+04 -3.465e+04 -3.464e+04 -3.465e+04 -3.466e+04 -3.464e+04 -3.465e+04
 -95 -164 -49 -81 -116 -101 -46 -50 -59 -42 -52 22 -129 -74 -44 -106 -1 -66 -106 -108
 -164 -141 -146 -154 -139 -148 -138 -147 -143 -146 -145 -146 -167 -149 -141 -126 -163 -97 -132 -224


