# Created by Octave 5.2.0, Thu Sep 24 18:42:49 2020 CEST <jiwidi@land>
# name: w
# type: matrix
# rows: 101
# columns: 20
 -1.169e+06 -1.169e+06 -1.169e+06 -1.169e+06 -1.169e+06 -1.169e+06 -1.169e+06 -1.169e+06 -1.169e+06 -1.169e+06 -1.169e+06 -1.169e+06 -1.169e+06 -1.169e+06 -1.169e+06 -1.169e+06 -1.169e+06 -1.169e+06 -1.169e+06 -1.169e+06
 -9.168e+04 -9.156e+04 -9.156e+04 -9.158e+04 -9.156e+04 -9.155e+04 -9.153e+04 -9.158e+04 -9.157e+04 -9.158e+04 -9.154e+04 -9.143e+04 -9.162e+04 -9.166e+04 -9.152e+04 -9.158e+04 -9.139e+04 -9.158e+04 -9.133e+04 -9.156e+04
 -1.795e+04 -1.799e+04 -1.788e+04 -1.792e+04 -1.8e+04 -1.79e+04 -1.786e+04 -1.786e+04 -1.787e+04 -1.782e+04 -1.787e+04 -1.734e+04 -1.785e+04 -1.808e+04 -1.798e+04 -1.787e+04 -1.776e+04 -1.774e+04 -1.806e+04 -1.795e+04
 -2.079e+04 -2.065e+04 -2.059e+04 -2.058e+04 -2.067e+04 -2.077e+04 -2.066e+04 -2.079e+04 -2.061e+04 -2.071e+04 -2.063e+04 -2.066e+04 -2.06e+04 -2.073e+04 -2.057e+04 -2.063e+04 -1.992e+04 -2.074e+04 -2.041e+04 -2.064e+04
 -1788 -1745 -1764 -1868 -1792 -1699 -1660 -1762 -1605 -1720 -1701 -1707 -1932 -1949 -1698 -1710 -1819 -524 -575 -1610
 -8.064e+04 -8.069e+04 -8.069e+04 -8.069e+04 -8.069e+04 -8.069e+04 -8.072e+04 -8.067e+04 -8.067e+04 -8.067e+04 -8.071e+04 -8.06e+04 -8.063e+04 -8.072e+04 -8.07e+04 -8.07e+04 -8.057e+04 -8.069e+04 -8.055e+04 -8.065e+04
 -4.36e+04 -4.368e+04 -4.374e+04 -4.371e+04 -4.371e+04 -4.371e+04 -4.35e+04 -4.369e+04 -4.364e+04 -4.328e+04 -4.322e+04 -4.369e+04 -4.37e+04 -4.373e+04 -4.37e+04 -4.376e+04 -4.372e+04 -4.368e+04 -4.37e+04 -4.359e+04
 -2206 -1739 -1699 -1774 -1805 -1695 -1747 -2198 -1775 -1995 -2523 -1729 -1738 -1899 -1680 -1741 -2242 -457 -1664 -1543
 -1445 -1622 -1607 -1714 -2043 -1737 -1627 -1672 -1524 -1680 -1565 195 -2074 -1741 -706 -1848 -1374 -1634 -1863 -1629
 -2.866e+04 -2.859e+04 -2.856e+04 -2.855e+04 -2.853e+04 -2.858e+04 -2.834e+04 -2.857e+04 -2.852e+04 -2.831e+04 -2.839e+04 -2.854e+04 -2.851e+04 -2.861e+04 -2.856e+04 -2.86e+04 -2.858e+04 -2.855e+04 -2.866e+04 -2.862e+04
 -1216 -1037 -1070 -1187 -1144 -973 -919 -1018 -882 -1011 -849 58 -1216 -1097 -1056 -1093 -632 -986 -872 -1092
 -3.867e+04 -3.854e+04 -3.854e+04 -3.857e+04 -3.858e+04 -3.851e+04 -3.85e+04 -3.855e+04 -3.851e+04 -3.854e+04 -3.851e+04 -3.851e+04 -3.865e+04 -3.865e+04 -3.855e+04 -3.857e+04 -3.806e+04 -3.853e+04 -3.852e+04 -3.831e+04
 -1.03e+04 -1.002e+04 -1.026e+04 -1.034e+04 -1.042e+04 -1.033e+04 -1.003e+04 -1.034e+04 -1.024e+04 -9877 -9760 -1.019e+04 -1.018e+04 -1.036e+04 -1.044e+04 -1.026e+04 -1.026e+04 -1.024e+04 -1.038e+04 -1.024e+04
 -3992 -3092 -3956 -4247 -3720 -2018 -3930 -3956 -3912 -3906 -3892 -3856 -3927 -3441 -3965 -3966 -3505 -3940 -4019 -3119
 -1.35e+04 -1.366e+04 -1.353e+04 -1.296e+04 -1.322e+04 -1.368e+04 -1.332e+04 -1.351e+04 -1.349e+04 -1.346e+04 -1.352e+04 -1.347e+04 -1.36e+04 -1.355e+04 -1.348e+04 -1.352e+04 -1.35e+04 -1.349e+04 -1.354e+04 -1.356e+04
 -4.224e+04 -4.228e+04 -4.227e+04 -4.23e+04 -4.231e+04 -4.228e+04 -4.228e+04 -4.23e+04 -4.228e+04 -4.231e+04 -4.227e+04 -4.23e+04 -4.231e+04 -4.238e+04 -4.232e+04 -4.244e+04 -4.233e+04 -4.232e+04 -4.225e+04 -4.208e+04
 -4.287e+04 -4.281e+04 -4.284e+04 -4.286e+04 -4.286e+04 -4.28e+04 -4.278e+04 -4.279e+04 -4.279e+04 -4.28e+04 -4.278e+04 -4.274e+04 -4.289e+04 -4.291e+04 -4.282e+04 -4.284e+04 -4.276e+04 -4.269e+04 -4.255e+04 -4.276e+04
 -2.503e+04 -2.497e+04 -2.499e+04 -2.504e+04 -2.498e+04 -2.494e+04 -2.496e+04 -2.496e+04 -2.492e+04 -2.5e+04 -2.491e+04 -2.496e+04 -2.499e+04 -2.503e+04 -2.498e+04 -2.502e+04 -2.463e+04 -2.499e+04 -2.49e+04 -2.472e+04
 -2.672e+04 -2.672e+04 -2.673e+04 -2.674e+04 -2.674e+04 -2.669e+04 -2.668e+04 -2.674e+04 -2.67e+04 -2.678e+04 -2.668e+04 -2.676e+04 -2.674e+04 -2.674e+04 -2.673e+04 -2.667e+04 -2.678e+04 -2.622e+04 -2.664e+04 -2.666e+04
 -1.105e+05 -1.106e+05 -1.106e+05 -1.106e+05 -1.106e+05 -1.106e+05 -1.106e+05 -1.106e+05 -1.106e+05 -1.106e+05 -1.106e+05 -1.106e+05 -1.106e+05 -1.106e+05 -1.106e+05 -1.107e+05 -1.108e+05 -1.106e+05 -1.105e+05 -1.104e+05
 -6.216e+04 -6.232e+04 -6.23e+04 -6.231e+04 -6.232e+04 -6.232e+04 -6.232e+04 -6.232e+04 -6.232e+04 -6.232e+04 -6.231e+04 -6.231e+04 -6.233e+04 -6.235e+04 -6.231e+04 -6.239e+04 -6.226e+04 -6.25e+04 -6.232e+04 -6.226e+04
 -5.626e+04 -5.618e+04 -5.614e+04 -5.615e+04 -5.617e+04 -5.618e+04 -5.613e+04 -5.61e+04 -5.613e+04 -5.62e+04 -5.615e+04 -5.612e+04 -5.617e+04 -5.606e+04 -5.617e+04 -5.613e+04 -5.599e+04 -5.614e+04 -5.603e+04 -5.61e+04
 -4.396e+04 -4.406e+04 -4.4e+04 -4.428e+04 -4.318e+04 -4.405e+04 -4.392e+04 -4.399e+04 -4.394e+04 -4.403e+04 -4.392e+04 -4.387e+04 -4.396e+04 -4.395e+04 -4.398e+04 -4.408e+04 -4.412e+04 -4.4e+04 -4.408e+04 -4.363e+04
 -4.629e+04 -4.646e+04 -4.649e+04 -4.651e+04 -4.657e+04 -4.652e+04 -4.648e+04 -4.655e+04 -4.652e+04 -4.653e+04 -4.653e+04 -4.654e+04 -4.643e+04 -4.658e+04 -4.616e+04 -4.657e+04 -4.657e+04 -4.644e+04 -4.663e+04 -4.631e+04
 -9.685e+04 -9.663e+04 -9.688e+04 -9.665e+04 -9.67e+04 -9.668e+04 -9.674e+04 -9.681e+04 -9.679e+04 -9.683e+04 -9.684e+04 -9.682e+04 -9.669e+04 -9.675e+04 -9.668e+04 -9.676e+04 -9.68e+04 -9.678e+04 -9.685e+04 -9.683e+04
 -8862 -8695 -8767 -8466 -8862 -8778 -8716 -8727 -8658 -8289 -8367 -8739 -8687 -8899 -8539 -8811 -8692 -8767 -8837 -8816
 -5727 -5569 -5545 -5543 -5638 -5523 -5395 -5417 -5526 -4488 -4560 -5383 -5672 -5577 -5514 -5530 -5563 -5568 -5861 -5615
 -1.028e+05 -1.027e+05 -1.027e+05 -1.027e+05 -1.028e+05 -1.027e+05 -1.028e+05 -1.028e+05 -1.028e+05 -1.028e+05 -1.028e+05 -1.028e+05 -1.026e+05 -1.027e+05 -1.028e+05 -1.028e+05 -1.029e+05 -1.028e+05 -1.028e+05 -1.028e+05
 -3.939e+04 -3.959e+04 -3.96e+04 -3.958e+04 -3.961e+04 -3.958e+04 -3.956e+04 -3.959e+04 -3.956e+04 -3.961e+04 -3.953e+04 -3.959e+04 -3.96e+04 -3.963e+04 -3.96e+04 -3.933e+04 -3.96e+04 -3.956e+04 -3.979e+04 -3.92e+04
 -7.316e+04 -7.308e+04 -7.305e+04 -7.262e+04 -7.326e+04 -7.295e+04 -7.316e+04 -7.311e+04 -7.308e+04 -7.312e+04 -7.31e+04 -7.31e+04 -7.294e+04 -7.305e+04 -7.308e+04 -7.312e+04 -7.313e+04 -7.31e+04 -7.315e+04 -7.308e+04
 -1.024e+05 -1.024e+05 -1.024e+05 -1.023e+05 -1.023e+05 -1.023e+05 -1.023e+05 -1.022e+05 -1.023e+05 -1.02e+05 -1.023e+05 -1.023e+05 -1.024e+05 -1.021e+05 -1.023e+05 -1.023e+05 -1.023e+05 -1.023e+05 -1.023e+05 -1.024e+05
 -1.87e+04 -1.859e+04 -1.859e+04 -1.858e+04 -1.856e+04 -1.86e+04 -1.854e+04 -1.859e+04 -1.85e+04 -1.858e+04 -1.852e+04 -1.853e+04 -1.865e+04 -1.866e+04 -1.856e+04 -1.874e+04 -1.774e+04 -1.84e+04 -1.856e+04 -1.846e+04
 -1.356e+04 -1.356e+04 -1.349e+04 -1.361e+04 -1.353e+04 -1.356e+04 -1.344e+04 -1.343e+04 -1.343e+04 -1.279e+04 -1.278e+04 -1.352e+04 -1.364e+04 -1.354e+04 -1.338e+04 -1.354e+04 -1.354e+04 -1.349e+04 -1.355e+04 -1.334e+04
 -1.363e+04 -1.35e+04 -1.351e+04 -1.352e+04 -1.348e+04 -1.348e+04 -1.35e+04 -1.354e+04 -1.35e+04 -1.348e+04 -1.346e+04 -1.352e+04 -1.35e+04 -1.349e+04 -1.355e+04 -1.291e+04 -1.346e+04 -1.354e+04 -1.366e+04 -1.302e+04
 -4.826e+04 -4.82e+04 -4.822e+04 -4.82e+04 -4.82e+04 -4.822e+04 -4.822e+04 -4.821e+04 -4.822e+04 -4.821e+04 -4.821e+04 -4.825e+04 -4.811e+04 -4.82e+04 -4.822e+04 -4.818e+04 -4.8e+04 -4.823e+04 -4.819e+04 -4.821e+04
 -4829 -4757 -4651 -4851 -4745 -4690 -4450 -4596 -4528 -3622 -4468 -4632 -4796 -4833 -4667 -4733 -4790 -4632 -4823 -4606
 -8347 -8475 -8594 -8650 -8200 -8688 -6958 -8272 -8276 -8303 -8340 -8632 -8309 -8023 -8514 -8263 -8296 -8243 -8303 -8269
 -1.693e+04 -1.704e+04 -1.7e+04 -1.69e+04 -1.695e+04 -1.644e+04 -1.7e+04 -1.666e+04 -1.69e+04 -1.688e+04 -1.687e+04 -1.653e+04 -1.707e+04 -1.687e+04 -1.698e+04 -1.692e+04 -1.691e+04 -1.692e+04 -1.693e+04 -1.694e+04
 -455 -358 -344 -455 -396 -326 -275 -672 -271 -366 -259 -294 -467 -422 -362 -401 -663 800 -63 -378
 -336 -273 -245 -348 -293 -271 -73 -281 -187 -1074 1153 -219 -324 -452 -297 -378 -300 -222 -245 -209
 -4.255e+04 -4.252e+04 -4.268e+04 -4.258e+04 -4.249e+04 -4.245e+04 -4.265e+04 -4.264e+04 -4.269e+04 -4.267e+04 -4.263e+04 -4.266e+04 -4.251e+04 -4.249e+04 -4.194e+04 -4.271e+04 -4.266e+04 -4.266e+04 -4.267e+04 -4.279e+04
 -6618 -6645 -6525 -6448 -6583 -6456 -6302 -6513 -6372 -5562 -5724 -6421 -6381 -6384 -6020 -6526 -6453 -6424 -6772 -6506
 -5.324e+04 -5.32e+04 -5.32e+04 -5.324e+04 -5.319e+04 -5.318e+04 -5.298e+04 -5.22e+04 -5.3e+04 -5.322e+04 -5.31e+04 -5.315e+04 -5.279e+04 -5.324e+04 -5.322e+04 -5.322e+04 -5.325e+04 -5.315e+04 -5.318e+04 -5.312e+04
 -1.75e+05 -1.752e+05 -1.752e+05 -1.751e+05 -1.752e+05 -1.751e+05 -1.751e+05 -1.751e+05 -1.751e+05 -1.751e+05 -1.751e+05 -1.752e+05 -1.752e+05 -1.751e+05 -1.752e+05 -1.75e+05 -1.752e+05 -1.751e+05 -1.752e+05 -1.751e+05
 -2.995e+04 -3.002e+04 -3.002e+04 -3.002e+04 -3.002e+04 -3.001e+04 -3e+04 -3.002e+04 -3e+04 -3.008e+04 -3e+04 -3e+04 -3.004e+04 -3.012e+04 -3.004e+04 -2.966e+04 -3.01e+04 -3.003e+04 -2.993e+04 -3.003e+04
 -3.797e+04 -3.783e+04 -3.786e+04 -3.798e+04 -3.792e+04 -3.793e+04 -3.794e+04 -3.785e+04 -3.788e+04 -3.774e+04 -3.754e+04 -3.787e+04 -3.776e+04 -3.784e+04 -3.794e+04 -3.789e+04 -3.807e+04 -3.79e+04 -3.78e+04 -3.784e+04
 -2028 -2274 -2332 -2063 -2195 -2362 -2334 -2208 -2096 -2024 -2162 -401 -1752 -2038 -2229 -1856 -1570 -2066 -2008 -2017
 -8.928e+05 -8.93e+05 -8.93e+05 -8.93e+05 -8.93e+05 -8.93e+05 -8.93e+05 -8.929e+05 -8.929e+05 -8.929e+05 -8.93e+05 -8.929e+05 -8.929e+05 -8.93e+05 -8.929e+05 -8.93e+05 -8.929e+05 -8.929e+05 -8.928e+05 -8.928e+05
 565 -932 -948 -1004 -1342 -870 -835 -1501 -870 -1043 -985 -987 -1435 -1755 -1878 -1275 -1100 -1016 -1834 381
 -1849 -2385 -2235 -2256 -2067 -2185 -2119 -2121 -2093 -2230 -2064 -2290 -2347 -2282 -717 -2418 -2272 -2143 -2368 -2467
 -2.172e+04 -2.166e+04 -2.164e+04 -2.164e+04 -2.168e+04 -2.163e+04 -2.163e+04 -2.16e+04 -2.158e+04 -2.167e+04 -2.163e+04 -2.161e+04 -2.164e+04 -2.168e+04 -2.167e+04 -2.132e+04 -2.165e+04 -2.165e+04 -2.171e+04 -2.135e+04
 -1262 -1214 -1200 -1287 -1168 -1225 -1312 -1223 -1234 -1204 -1293 -1273 -1298 -1156 -1330 -1190 -1252 -474 -1310 -1264
 -1319 -324 -296 -313 -441 -260 -263 -243 -228 -337 -236 -265 -295 -327 -493 2586 -298 -411 -377 -1228
 -4.776e+04 -4.811e+04 -4.813e+04 -4.814e+04 -4.811e+04 -4.813e+04 -4.809e+04 -4.812e+04 -4.811e+04 -4.816e+04 -4.81e+04 -4.817e+04 -4.816e+04 -4.821e+04 -4.818e+04 -4.82e+04 -4.811e+04 -4.811e+04 -4.825e+04 -4.795e+04
 -8450 -8026 -8076 -8043 -8068 -7948 -8009 -8047 -8071 -8121 -7975 -8093 -8126 -8225 -8024 -7543 -8163 -8062 -8266 -7747
 -4.011e+04 -4.032e+04 -4.034e+04 -4.04e+04 -4.037e+04 -4.039e+04 -4.028e+04 -4.032e+04 -4.035e+04 -4.038e+04 -4.039e+04 -4.03e+04 -4.037e+04 -4.037e+04 -4.034e+04 -4.032e+04 -4.043e+04 -4.019e+04 -4.01e+04 -4.041e+04
 -3.94e+04 -3.969e+04 -3.972e+04 -3.97e+04 -3.97e+04 -3.969e+04 -3.969e+04 -3.969e+04 -3.971e+04 -3.971e+04 -3.971e+04 -3.975e+04 -3.976e+04 -3.969e+04 -3.972e+04 -3.965e+04 -3.978e+04 -3.95e+04 -3.961e+04 -3.957e+04
 -4.744e+04 -4.698e+04 -4.711e+04 -4.735e+04 -4.75e+04 -4.727e+04 -4.743e+04 -4.742e+04 -4.739e+04 -4.742e+04 -4.737e+04 -4.737e+04 -4.746e+04 -4.748e+04 -4.743e+04 -4.747e+04 -4.745e+04 -4.739e+04 -4.746e+04 -4.739e+04
 -6394 -6972 -6961 -6972 -6970 -6969 -6982 -6970 -6949 -7007 -6960 -6989 -6998 -6939 -6936 -6928 -7120 -6373 -7173 -7156
 -5002 -4522 -4489 -4720 -4624 -4380 -4397 -4379 -3246 -4509 -4591 -4464 -4679 -4833 -4465 -4576 -4655 -4488 -4744 -4684
 -5142 -4058 -5413 -5394 -5558 -5383 -5266 -5304 -5295 -5316 -5279 -4504 -5494 -5445 -5205 -5370 -5377 -5338 -5480 -5353
 -4.084e+04 -4.092e+04 -4.092e+04 -4.094e+04 -4.094e+04 -4.092e+04 -4.089e+04 -4.093e+04 -4.089e+04 -4.093e+04 -4.091e+04 -4.091e+04 -4.095e+04 -4.099e+04 -4.095e+04 -4.076e+04 -4.099e+04 -4.095e+04 -4.105e+04 -4.072e+04
 -3278 -3480 -3469 -3479 -3639 -3263 -3580 -3502 -3432 -2701 -2830 -3361 -3705 -3481 -3767 -3548 -3346 -3504 -3494 -3593
 -2.926e+04 -2.923e+04 -2.909e+04 -2.934e+04 -2.917e+04 -2.83e+04 -2.917e+04 -2.907e+04 -2.91e+04 -2.918e+04 -2.914e+04 -2.922e+04 -2.939e+04 -2.917e+04 -2.927e+04 -2.921e+04 -2.918e+04 -2.918e+04 -2.93e+04 -2.921e+04
 -9.634e+04 -9.631e+04 -9.622e+04 -9.6e+04 -9.612e+04 -9.635e+04 -9.614e+04 -9.619e+04 -9.618e+04 -9.628e+04 -9.628e+04 -9.627e+04 -9.626e+04 -9.629e+04 -9.63e+04 -9.629e+04 -9.627e+04 -9.625e+04 -9.63e+04 -9.622e+04
 -4.475e+04 -4.474e+04 -4.459e+04 -4.432e+04 -4.435e+04 -4.462e+04 -4.453e+04 -4.465e+04 -4.466e+04 -4.469e+04 -4.464e+04 -4.468e+04 -4.458e+04 -4.477e+04 -4.47e+04 -4.471e+04 -4.473e+04 -4.467e+04 -4.477e+04 -4.468e+04
 -1.345e+04 -1.342e+04 -1.342e+04 -1.355e+04 -1.352e+04 -1.339e+04 -1.338e+04 -1.235e+04 -1.323e+04 -1.344e+04 -1.327e+04 -1.34e+04 -1.346e+04 -1.358e+04 -1.341e+04 -1.35e+04 -1.346e+04 -1.332e+04 -1.362e+04 -1.352e+04
 -4.138e+04 -4.143e+04 -4.118e+04 -4.116e+04 -4.114e+04 -4.138e+04 -4.117e+04 -4.133e+04 -4.132e+04 -4.135e+04 -4.133e+04 -4.127e+04 -4.114e+04 -4.137e+04 -4.131e+04 -4.128e+04 -4.133e+04 -4.131e+04 -4.133e+04 -4.134e+04
 -8.359e+04 -8.343e+04 -8.335e+04 -8.358e+04 -8.36e+04 -8.332e+04 -8.356e+04 -8.358e+04 -8.352e+04 -8.358e+04 -8.356e+04 -8.35e+04 -8.36e+04 -8.357e+04 -8.361e+04 -8.358e+04 -8.343e+04 -8.356e+04 -8.36e+04 -8.356e+04
 -8084 -8328 -8206 -8369 -8398 -8409 -8166 -8308 -8158 -7407 -7643 -8175 -8224 -8414 -8268 -8315 -8540 -8109 -8531 -8054
 -5.299e+04 -5.293e+04 -5.298e+04 -5.298e+04 -5.296e+04 -5.292e+04 -5.294e+04 -5.295e+04 -5.291e+04 -5.298e+04 -5.292e+04 -5.301e+04 -5.3e+04 -5.302e+04 -5.291e+04 -5.299e+04 -5.282e+04 -5.282e+04 -5.292e+04 -5.295e+04
 -4.363e+05 -4.364e+05 -4.364e+05 -4.364e+05 -4.364e+05 -4.364e+05 -4.364e+05 -4.364e+05 -4.364e+05 -4.364e+05 -4.364e+05 -4.363e+05 -4.364e+05 -4.363e+05 -4.364e+05 -4.364e+05 -4.363e+05 -4.364e+05 -4.362e+05 -4.364e+05
 -1959 -1889 -1899 -1944 -1900 -1889 -1230 -1919 -1836 -1911 -59 -1917 -1945 -1923 -1901 -1903 -1830 -1838 -1891 -1989
 -3.004e+04 -2.998e+04 -3e+04 -2.97e+04 -2.994e+04 -3.009e+04 -3.006e+04 -3.001e+04 -2.996e+04 -3.002e+04 -2.998e+04 -2.986e+04 -2.948e+04 -3.008e+04 -3.006e+04 -3.006e+04 -3.001e+04 -2.997e+04 -3.015e+04 -3.008e+04
 -1.003e+04 -1.032e+04 -1.03e+04 -1.04e+04 -1.035e+04 -1.026e+04 -1.022e+04 -1.027e+04 -1.014e+04 -1.034e+04 -1.014e+04 -1.025e+04 -1.043e+04 -1.043e+04 -1.034e+04 -1.057e+04 -1.04e+04 -9239 -9932 -1.031e+04
 -6.615e+04 -6.616e+04 -6.63e+04 -6.622e+04 -6.626e+04 -6.602e+04 -6.598e+04 -6.617e+04 -6.618e+04 -6.614e+04 -6.615e+04 -6.612e+04 -6.618e+04 -6.617e+04 -6.622e+04 -6.615e+04 -6.617e+04 -6.614e+04 -6.617e+04 -6.615e+04
 -5534 -5824 -5726 -5718 -5811 -5883 -5836 -4816 -3594 -5862 -5666 -5555 -5339 -5507 -5543 -5857 -5862 -5781 -6032 -5754
 -3092 -2959 -2923 -2962 -3034 -2915 -2425 -3009 -1055 -3036 -2953 -3072 -3132 -2784 -3007 -3016 -3145 -2984 -3321 -3069
 -1.635e+04 -1.627e+04 -1.629e+04 -1.627e+04 -1.619e+04 -1.628e+04 -1.624e+04 -1.62e+04 -1.62e+04 -1.624e+04 -1.623e+04 -1.63e+04 -1.624e+04 -1.634e+04 -1.624e+04 -1.627e+04 -1.613e+04 -1.631e+04 -1.603e+04 -1.622e+04
 -3.97e+04 -3.964e+04 -3.959e+04 -3.966e+04 -3.969e+04 -3.961e+04 -3.965e+04 -3.961e+04 -3.956e+04 -3.962e+04 -3.954e+04 -3.908e+04 -3.945e+04 -3.955e+04 -3.964e+04 -3.968e+04 -3.969e+04 -3.96e+04 -3.976e+04 -3.956e+04
 -7.404e+05 -7.403e+05 -7.404e+05 -7.404e+05 -7.403e+05 -7.403e+05 -7.404e+05 -7.403e+05 -7.403e+05 -7.403e+05 -7.403e+05 -7.403e+05 -7.403e+05 -7.402e+05 -7.403e+05 -7.403e+05 -7.403e+05 -7.403e+05 -7.402e+05 -7.403e+05
 -2.42e+04 -2.392e+04 -2.391e+04 -2.394e+04 -2.39e+04 -2.392e+04 -2.396e+04 -2.392e+04 -2.393e+04 -2.364e+04 -2.399e+04 -2.393e+04 -2.393e+04 -2.394e+04 -2.389e+04 -2.384e+04 -2.39e+04 -2.376e+04 -2.388e+04 -2.398e+04
 -1.8e+04 -1.8e+04 -1.799e+04 -1.804e+04 -1.81e+04 -1.799e+04 -1.799e+04 -1.799e+04 -1.792e+04 -1.798e+04 -1.798e+04 -1.797e+04 -1.806e+04 -1.808e+04 -1.798e+04 -1.756e+04 -1.803e+04 -1.808e+04 -1.814e+04 -1.808e+04
 -2.588e+04 -2.594e+04 -2.593e+04 -2.597e+04 -2.599e+04 -2.592e+04 -2.591e+04 -2.593e+04 -2.593e+04 -2.597e+04 -2.595e+04 -2.593e+04 -2.599e+04 -2.609e+04 -2.592e+04 -2.577e+04 -2.593e+04 -2.602e+04 -2.603e+04 -2.607e+04
 -2054 -1731 -1720 -1810 -1747 -1681 -1675 -1784 -1808 -1805 -1717 -2051 -1849 -1698 -1806 -2158 -2048 -368 -1406 -1887
 -2.04e+05 -2.042e+05 -2.041e+05 -2.04e+05 -2.041e+05 -2.041e+05 -2.041e+05 -2.041e+05 -2.041e+05 -2.042e+05 -2.041e+05 -2.041e+05 -2.041e+05 -2.041e+05 -2.041e+05 -2.042e+05 -2.042e+05 -2.042e+05 -2.041e+05 -2.041e+05
 -3.883e+04 -3.884e+04 -3.882e+04 -3.882e+04 -3.889e+04 -3.88e+04 -3.882e+04 -3.88e+04 -3.88e+04 -3.888e+04 -3.877e+04 -3.869e+04 -3.895e+04 -3.89e+04 -3.892e+04 -3.887e+04 -3.866e+04 -3.869e+04 -3.855e+04 -3.874e+04
 -8.197e+04 -8.181e+04 -8.091e+04 -8.182e+04 -8.204e+04 -8.174e+04 -8.196e+04 -8.19e+04 -8.189e+04 -8.19e+04 -8.187e+04 -8.192e+04 -8.204e+04 -8.196e+04 -8.194e+04 -8.196e+04 -8.195e+04 -8.19e+04 -8.196e+04 -8.192e+04
 -1.956e+04 -1.961e+04 -1.96e+04 -1.962e+04 -1.961e+04 -1.957e+04 -1.966e+04 -1.962e+04 -1.958e+04 -1.964e+04 -1.963e+04 -1.968e+04 -1.962e+04 -1.962e+04 -1.962e+04 -1.964e+04 -1.923e+04 -1.949e+04 -1.982e+04 -1.939e+04
 -4.065e+04 -4.062e+04 -4.074e+04 -4.12e+04 -3.998e+04 -4.097e+04 -4.091e+04 -4.08e+04 -4.076e+04 -4.082e+04 -4.078e+04 -4.076e+04 -4.098e+04 -4.08e+04 -4.083e+04 -4.089e+04 -4.084e+04 -4.079e+04 -4.091e+04 -4.077e+04
 -1.558e+04 -1.541e+04 -1.581e+04 -1.562e+04 -1.551e+04 -1.559e+04 -1.374e+04 -1.552e+04 -1.541e+04 -1.575e+04 -1.565e+04 -1.547e+04 -1.548e+04 -1.537e+04 -1.55e+04 -1.559e+04 -1.552e+04 -1.557e+04 -1.565e+04 -1.556e+04
 -4.815e+04 -4.822e+04 -4.833e+04 -4.844e+04 -4.833e+04 -4.826e+04 -4.826e+04 -4.829e+04 -4.822e+04 -4.834e+04 -4.822e+04 -4.825e+04 -4.836e+04 -4.836e+04 -4.736e+04 -4.834e+04 -4.832e+04 -4.83e+04 -4.846e+04 -4.817e+04
 -2.49e+04 -2.361e+04 -2.501e+04 -2.518e+04 -2.498e+04 -2.456e+04 -2.482e+04 -2.482e+04 -2.48e+04 -2.492e+04 -2.485e+04 -2.488e+04 -2.493e+04 -2.479e+04 -2.494e+04 -2.483e+04 -2.488e+04 -2.484e+04 -2.492e+04 -2.483e+04
 -8.269e+04 -8.265e+04 -8.25e+04 -8.229e+04 -8.25e+04 -8.269e+04 -8.254e+04 -8.264e+04 -8.262e+04 -8.266e+04 -8.263e+04 -8.264e+04 -8.27e+04 -8.273e+04 -8.267e+04 -8.267e+04 -8.258e+04 -8.264e+04 -8.267e+04 -8.265e+04
 -555 -503 -531 -557 -528 -497 -500 -482 -444 -1282 1556 -478 -558 -530 -515 -548 -544 -470 -614 -480
 -266 -191 -164 -198 -189 -189 -178 -351 -162 -269 -160 -166 -194 -224 -358 -217 -233 127 87 -276
 -7.58e+04 -7.596e+04 -7.595e+04 -7.597e+04 -7.594e+04 -7.595e+04 -7.593e+04 -7.595e+04 -7.593e+04 -7.596e+04 -7.593e+04 -7.593e+04 -7.601e+04 -7.569e+04 -7.594e+04 -7.591e+04 -7.595e+04 -7.597e+04 -7.591e+04 -7.588e+04
 -1135 -632 -631 -646 -636 -619 -610 -600 -608 -647 -609 -662 -701 -696 -627 -677 -356 -318 -473 -333
 -3.89e+04 -3.894e+04 -3.868e+04 -3.883e+04 -3.879e+04 -3.868e+04 -3.889e+04 -3.88e+04 -3.876e+04 -3.874e+04 -3.87e+04 -3.874e+04 -3.879e+04 -3.879e+04 -3.89e+04 -3.876e+04 -3.874e+04 -3.876e+04 -3.873e+04 -3.882e+04
 -1037 -811 -644 -762 -1075 -590 -555 -886 -1141 -708 -676 1187 -923 -706 -724 -906 -43 -861 -1481 -1159
 -1109 -955 -978 -1029 -975 -932 -878 -878 -861 -948 -767 -952 -1069 -1022 -989 -750 -1006 324 -555 -1024


