# Created by Octave 5.2.0, Thu Sep 24 20:29:14 2020 CEST <jiwidi@land>
# name: w
# type: matrix
# rows: 101
# columns: 20
 -4.316e+07 -4.316e+07 -4.316e+07 -4.316e+07 -4.316e+07 -4.316e+07 -4.316e+07 -4.316e+07 -4.316e+07 -4.316e+07 -4.316e+07 -4.316e+07 -4.316e+07 -4.316e+07 -4.316e+07 -4.316e+07 -4.316e+07 -4.316e+07 -4.316e+07 -4.316e+07
 -5.268e+06 -5.267e+06 -5.268e+06 -5.268e+06 -5.268e+06 -5.267e+06 -5.267e+06 -5.268e+06 -5.267e+06 -5.267e+06 -5.268e+06 -5.267e+06 -5.268e+06 -5.268e+06 -5.267e+06 -5.267e+06 -5.268e+06 -5.267e+06 -5.265e+06 -5.268e+06
 -9.772e+05 -9.776e+05 -9.766e+05 -9.769e+05 -9.763e+05 -9.77e+05 -9.76e+05 -9.766e+05 -9.766e+05 -9.765e+05 -9.766e+05 -9.748e+05 -9.766e+05 -9.77e+05 -9.77e+05 -9.767e+05 -9.764e+05 -9.758e+05 -9.768e+05 -9.767e+05
 -1.058e+06 -1.067e+06 -1.062e+06 -1.058e+06 -1.068e+06 -1.062e+06 -1.058e+06 -1.058e+06 -1.058e+06 -1.058e+06 -1.058e+06 -1.058e+06 -1.058e+06 -1.058e+06 -1.058e+06 -1.058e+06 -1.048e+06 -1.059e+06 -1.057e+06 -1.058e+06
 -6.36e+04 -6.25e+04 -6.25e+04 -6.27e+04 -6.26e+04 -6.2e+04 -6.22e+04 -6.26e+04 -6.23e+04 -6.2e+04 -6.31e+04 -6.24e+04 -6.24e+04 -6.22e+04 -6.25e+04 -6.21e+04 -6.37e+04 -5.94e+04 -6.01e+04 -6.32e+04
 -4.446e+06 -4.447e+06 -4.446e+06 -4.446e+06 -4.447e+06 -4.446e+06 -4.446e+06 -4.446e+06 -4.446e+06 -4.446e+06 -4.446e+06 -4.446e+06 -4.445e+06 -4.446e+06 -4.446e+06 -4.446e+06 -4.445e+06 -4.446e+06 -4.447e+06 -4.446e+06
 -2.044e+06 -2.044e+06 -2.045e+06 -2.044e+06 -2.044e+06 -2.045e+06 -2.044e+06 -2.044e+06 -2.044e+06 -2.043e+06 -2.044e+06 -2.044e+06 -2.044e+06 -2.044e+06 -2.044e+06 -2.045e+06 -2.045e+06 -2.044e+06 -2.045e+06 -2.044e+06
 -4.4e+04 -4.16e+04 -4.18e+04 -4.23e+04 -4.25e+04 -5.21e+04 -4.35e+04 -4.31e+04 -4.21e+04 -4.35e+04 -4.33e+04 -4.33e+04 -4.22e+04 -4.39e+04 -4.23e+04 -4.14e+04 -4.51e+04 -3.95e+04 -4.01e+04 -4.08e+04
 -5.98e+04 -6.4e+04 -5.94e+04 -6.14e+04 -6.85e+04 -6.52e+04 -6.03e+04 -6.16e+04 -6.11e+04 -6.19e+04 -6.13e+04 -5.65e+04 -6.34e+04 -6.18e+04 -5.81e+04 -6.67e+04 -6.18e+04 -6.28e+04 -6.87e+04 -6.5e+04
 -1.256e+06 -1.256e+06 -1.257e+06 -1.256e+06 -1.256e+06 -1.258e+06 -1.256e+06 -1.256e+06 -1.257e+06 -1.256e+06 -1.256e+06 -1.256e+06 -1.256e+06 -1.257e+06 -1.257e+06 -1.257e+06 -1.257e+06 -1.257e+06 -1.257e+06 -1.256e+06
 -2.48e+04 -2.27e+04 -2.34e+04 -3.18e+04 -2.47e+04 -2.26e+04 -2.31e+04 -2.57e+04 -2.47e+04 -2.46e+04 -2.44e+04 -2.13e+04 -3.51e+04 -2.48e+04 -2.5e+04 -2.43e+04 -2.25e+04 -2.49e+04 -2.27e+04 -2.48e+04
 -2.04e+06 -2.04e+06 -2.04e+06 -2.04e+06 -2.04e+06 -2.04e+06 -2.04e+06 -2.04e+06 -2.04e+06 -2.04e+06 -2.04e+06 -2.04e+06 -2.04e+06 -2.04e+06 -2.04e+06 -2.04e+06 -2.038e+06 -2.04e+06 -2.039e+06 -2.039e+06
 -4.591e+05 -4.584e+05 -4.592e+05 -4.59e+05 -4.595e+05 -4.597e+05 -4.589e+05 -4.59e+05 -4.592e+05 -4.581e+05 -4.586e+05 -4.588e+05 -4.579e+05 -4.594e+05 -4.595e+05 -4.592e+05 -4.586e+05 -4.593e+05 -4.591e+05 -4.588e+05
 -4.531e+05 -4.407e+05 -4.561e+05 -4.644e+05 -4.539e+05 -4.314e+05 -4.551e+05 -4.531e+05 -4.532e+05 -4.531e+05 -4.531e+05 -4.535e+05 -4.535e+05 -4.537e+05 -4.54e+05 -4.534e+05 -4.522e+05 -4.534e+05 -4.541e+05 -4.463e+05
 -8.989e+05 -8.973e+05 -8.98e+05 -8.922e+05 -8.977e+05 -9.418e+05 -8.961e+05 -8.994e+05 -8.994e+05 -8.991e+05 -8.994e+05 -8.988e+05 -8.991e+05 -8.993e+05 -8.993e+05 -8.99e+05 -9.016e+05 -8.994e+05 -8.989e+05 -8.995e+05
 -2.217e+06 -2.216e+06 -2.216e+06 -2.216e+06 -2.216e+06 -2.216e+06 -2.216e+06 -2.216e+06 -2.216e+06 -2.216e+06 -2.216e+06 -2.216e+06 -2.216e+06 -2.216e+06 -2.216e+06 -2.217e+06 -2.216e+06 -2.217e+06 -2.216e+06 -2.215e+06
 -2.364e+06 -2.363e+06 -2.363e+06 -2.364e+06 -2.363e+06 -2.364e+06 -2.363e+06 -2.363e+06 -2.363e+06 -2.363e+06 -2.363e+06 -2.364e+06 -2.363e+06 -2.363e+06 -2.363e+06 -2.363e+06 -2.364e+06 -2.362e+06 -2.362e+06 -2.363e+06
 -1.378e+06 -1.379e+06 -1.377e+06 -1.378e+06 -1.379e+06 -1.377e+06 -1.378e+06 -1.378e+06 -1.378e+06 -1.378e+06 -1.378e+06 -1.378e+06 -1.378e+06 -1.378e+06 -1.378e+06 -1.378e+06 -1.376e+06 -1.378e+06 -1.378e+06 -1.377e+06
 -1.283e+06 -1.283e+06 -1.284e+06 -1.284e+06 -1.283e+06 -1.284e+06 -1.284e+06 -1.284e+06 -1.284e+06 -1.284e+06 -1.284e+06 -1.284e+06 -1.284e+06 -1.283e+06 -1.284e+06 -1.283e+06 -1.285e+06 -1.284e+06 -1.283e+06 -1.284e+06
 -4.866e+06 -4.866e+06 -4.866e+06 -4.866e+06 -4.866e+06 -4.866e+06 -4.866e+06 -4.866e+06 -4.866e+06 -4.866e+06 -4.866e+06 -4.866e+06 -4.866e+06 -4.866e+06 -4.866e+06 -4.866e+06 -4.866e+06 -4.866e+06 -4.866e+06 -4.866e+06
 -3.58e+06 -3.58e+06 -3.58e+06 -3.58e+06 -3.58e+06 -3.58e+06 -3.58e+06 -3.58e+06 -3.58e+06 -3.58e+06 -3.58e+06 -3.58e+06 -3.58e+06 -3.58e+06 -3.58e+06 -3.579e+06 -3.579e+06 -3.58e+06 -3.58e+06 -3.579e+06
 -2.717e+06 -2.717e+06 -2.717e+06 -2.717e+06 -2.717e+06 -2.717e+06 -2.716e+06 -2.717e+06 -2.717e+06 -2.717e+06 -2.716e+06 -2.716e+06 -2.717e+06 -2.717e+06 -2.717e+06 -2.717e+06 -2.717e+06 -2.717e+06 -2.716e+06 -2.716e+06
 -2.093e+06 -2.093e+06 -2.095e+06 -2.094e+06 -2.09e+06 -2.093e+06 -2.092e+06 -2.093e+06 -2.093e+06 -2.093e+06 -2.093e+06 -2.092e+06 -2.093e+06 -2.092e+06 -2.093e+06 -2.093e+06 -2.093e+06 -2.093e+06 -2.093e+06 -2.092e+06
 -2.264e+06 -2.266e+06 -2.266e+06 -2.265e+06 -2.266e+06 -2.266e+06 -2.266e+06 -2.265e+06 -2.266e+06 -2.265e+06 -2.266e+06 -2.266e+06 -2.265e+06 -2.265e+06 -2.264e+06 -2.265e+06 -2.265e+06 -2.265e+06 -2.266e+06 -2.265e+06
 -5.701e+06 -5.7e+06 -5.703e+06 -5.701e+06 -5.7e+06 -5.7e+06 -5.701e+06 -5.701e+06 -5.701e+06 -5.701e+06 -5.702e+06 -5.701e+06 -5.7e+06 -5.701e+06 -5.701e+06 -5.701e+06 -5.702e+06 -5.702e+06 -5.701e+06 -5.701e+06
 -4.971e+05 -4.969e+05 -4.97e+05 -4.965e+05 -4.974e+05 -4.97e+05 -4.972e+05 -4.968e+05 -4.968e+05 -4.968e+05 -4.963e+05 -4.968e+05 -4.967e+05 -4.969e+05 -4.964e+05 -4.968e+05 -4.963e+05 -4.967e+05 -4.966e+05 -4.97e+05
 -1.803e+05 -1.808e+05 -1.807e+05 -1.81e+05 -1.805e+05 -1.821e+05 -1.804e+05 -1.797e+05 -1.803e+05 -1.79e+05 -1.785e+05 -1.799e+05 -1.807e+05 -1.805e+05 -1.801e+05 -1.8e+05 -1.803e+05 -1.804e+05 -1.807e+05 -1.806e+05
 -6.772e+06 -6.77e+06 -6.771e+06 -6.772e+06 -6.773e+06 -6.768e+06 -6.772e+06 -6.772e+06 -6.772e+06 -6.772e+06 -6.772e+06 -6.772e+06 -6.771e+06 -6.772e+06 -6.771e+06 -6.772e+06 -6.78e+06 -6.772e+06 -6.772e+06 -6.772e+06
 -1.987e+06 -1.986e+06 -1.986e+06 -1.986e+06 -1.987e+06 -1.986e+06 -1.986e+06 -1.986e+06 -1.986e+06 -1.986e+06 -1.986e+06 -1.986e+06 -1.986e+06 -1.987e+06 -1.986e+06 -1.986e+06 -1.986e+06 -1.987e+06 -1.987e+06 -1.985e+06
 -4.205e+06 -4.205e+06 -4.204e+06 -4.202e+06 -4.205e+06 -4.204e+06 -4.205e+06 -4.205e+06 -4.205e+06 -4.205e+06 -4.205e+06 -4.205e+06 -4.205e+06 -4.205e+06 -4.204e+06 -4.205e+06 -4.205e+06 -4.205e+06 -4.204e+06 -4.205e+06
 -5.341e+06 -5.341e+06 -5.341e+06 -5.341e+06 -5.341e+06 -5.34e+06 -5.34e+06 -5.341e+06 -5.34e+06 -5.34e+06 -5.341e+06 -5.341e+06 -5.34e+06 -5.34e+06 -5.34e+06 -5.341e+06 -5.343e+06 -5.341e+06 -5.341e+06 -5.341e+06
 -9.947e+05 -9.951e+05 -9.943e+05 -9.941e+05 -9.953e+05 -9.945e+05 -9.939e+05 -9.94e+05 -9.939e+05 -9.941e+05 -9.941e+05 -9.943e+05 -9.944e+05 -9.947e+05 -9.944e+05 -9.947e+05 -9.907e+05 -9.931e+05 -9.939e+05 -9.943e+05
 -5.77e+05 -5.767e+05 -5.774e+05 -5.764e+05 -5.774e+05 -5.778e+05 -5.766e+05 -5.763e+05 -5.761e+05 -5.743e+05 -5.752e+05 -5.767e+05 -5.765e+05 -5.762e+05 -5.757e+05 -5.766e+05 -5.765e+05 -5.767e+05 -5.763e+05 -5.764e+05
 -1.044e+06 -1.043e+06 -1.042e+06 -1.042e+06 -1.042e+06 -1.042e+06 -1.042e+06 -1.042e+06 -1.042e+06 -1.042e+06 -1.042e+06 -1.042e+06 -1.042e+06 -1.042e+06 -1.042e+06 -1.039e+06 -1.042e+06 -1.044e+06 -1.042e+06 -1.038e+06
 -2.821e+06 -2.821e+06 -2.821e+06 -2.821e+06 -2.821e+06 -2.821e+06 -2.821e+06 -2.821e+06 -2.821e+06 -2.821e+06 -2.821e+06 -2.821e+06 -2.82e+06 -2.821e+06 -2.821e+06 -2.822e+06 -2.82e+06 -2.821e+06 -2.82e+06 -2.821e+06
 -1.768e+05 -1.789e+05 -1.769e+05 -1.775e+05 -1.765e+05 -1.798e+05 -1.759e+05 -1.782e+05 -1.767e+05 -1.737e+05 -1.77e+05 -1.77e+05 -1.774e+05 -1.764e+05 -1.765e+05 -1.767e+05 -1.773e+05 -1.765e+05 -1.763e+05 -1.765e+05
 -4.816e+05 -4.818e+05 -4.822e+05 -4.814e+05 -4.81e+05 -5.008e+05 -4.76e+05 -4.816e+05 -4.814e+05 -4.818e+05 -4.818e+05 -4.819e+05 -4.814e+05 -4.812e+05 -4.817e+05 -4.817e+05 -4.818e+05 -4.816e+05 -4.819e+05 -4.817e+05
 -7.889e+05 -7.896e+05 -7.895e+05 -7.887e+05 -7.887e+05 -7.879e+05 -7.889e+05 -7.888e+05 -7.89e+05 -7.889e+05 -7.889e+05 -7.877e+05 -7.893e+05 -7.893e+05 -7.894e+05 -7.891e+05 -7.892e+05 -7.894e+05 -7.895e+05 -7.895e+05
 -4900 -3900 -3800 -4600 -3700 -4500 -3700 -3300 -3900 -3700 -3800 -4000 -3100 -3900 -3500 -4700 -4600 2800 -100 -5600
 -1600 -500 -900 -300 -800 -1.13e+04 0 -1900 -600 -2000 3900 -1100 -600 -1000 -1000 -3000 -1900 -700 1100 -500
 -1.612e+06 -1.612e+06 -1.613e+06 -1.612e+06 -1.613e+06 -1.612e+06 -1.613e+06 -1.612e+06 -1.613e+06 -1.612e+06 -1.612e+06 -1.613e+06 -1.612e+06 -1.612e+06 -1.611e+06 -1.612e+06 -1.613e+06 -1.612e+06 -1.612e+06 -1.613e+06
 -2.448e+05 -2.455e+05 -2.449e+05 -2.449e+05 -2.448e+05 -2.446e+05 -2.444e+05 -2.446e+05 -2.442e+05 -2.439e+05 -2.441e+05 -2.446e+05 -2.446e+05 -2.446e+05 -2.441e+05 -2.445e+05 -2.449e+05 -2.448e+05 -2.449e+05 -2.449e+05
 -2.001e+06 -2e+06 -2e+06 -2e+06 -2e+06 -2e+06 -2e+06 -1.999e+06 -1.999e+06 -2e+06 -2e+06 -2e+06 -1.999e+06 -2e+06 -2e+06 -2e+06 -2e+06 -2e+06 -2e+06 -2e+06
 -9.539e+06 -9.538e+06 -9.538e+06 -9.538e+06 -9.538e+06 -9.538e+06 -9.538e+06 -9.539e+06 -9.538e+06 -9.538e+06 -9.538e+06 -9.538e+06 -9.538e+06 -9.539e+06 -9.538e+06 -9.536e+06 -9.538e+06 -9.538e+06 -9.539e+06 -9.538e+06
 -1.386e+06 -1.386e+06 -1.386e+06 -1.386e+06 -1.386e+06 -1.386e+06 -1.386e+06 -1.386e+06 -1.386e+06 -1.386e+06 -1.386e+06 -1.386e+06 -1.386e+06 -1.386e+06 -1.386e+06 -1.385e+06 -1.387e+06 -1.387e+06 -1.386e+06 -1.386e+06
 -1.598e+06 -1.598e+06 -1.598e+06 -1.598e+06 -1.599e+06 -1.599e+06 -1.598e+06 -1.598e+06 -1.599e+06 -1.599e+06 -1.598e+06 -1.598e+06 -1.599e+06 -1.597e+06 -1.599e+06 -1.598e+06 -1.599e+06 -1.599e+06 -1.599e+06 -1.599e+06
 -1.078e+05 -1.197e+05 -1.161e+05 -1.056e+05 -1.105e+05 -1.164e+05 -1.104e+05 -1.08e+05 -1.078e+05 -1.079e+05 -1.083e+05 -9.78e+04 -1.042e+05 -1.078e+05 -1.097e+05 -1.066e+05 -1.081e+05 -1.078e+05 -1.075e+05 -1.069e+05
 -3.434e+07 -3.434e+07 -3.434e+07 -3.434e+07 -3.434e+07 -3.434e+07 -3.434e+07 -3.434e+07 -3.434e+07 -3.434e+07 -3.434e+07 -3.434e+07 -3.434e+07 -3.434e+07 -3.434e+07 -3.434e+07 -3.434e+07 -3.434e+07 -3.434e+07 -3.434e+07
 9500 -6200 -6300 -7100 -1.18e+04 -1.02e+04 -6300 -9400 -7400 -8000 -8300 -7000 -7000 -2.43e+04 -9700 -2e+04 -7900 -7800 -1.4e+04 1.03e+04
 -2.16e+04 -2.77e+04 -2.51e+04 -2.33e+04 -2.21e+04 -3.55e+04 -2.3e+04 -2.37e+04 -2.37e+04 -2.39e+04 -2.39e+04 -2.31e+04 -2.67e+04 -2.75e+04 -2e+04 -2.34e+04 -3.32e+04 -2.4e+04 -2.72e+04 -2.33e+04
 -1.337e+06 -1.337e+06 -1.337e+06 -1.337e+06 -1.337e+06 -1.337e+06 -1.337e+06 -1.337e+06 -1.338e+06 -1.338e+06 -1.337e+06 -1.337e+06 -1.337e+06 -1.337e+06 -1.337e+06 -1.335e+06 -1.337e+06 -1.337e+06 -1.338e+06 -1.336e+06
 -3.88e+04 -3.86e+04 -3.83e+04 -3.8e+04 -3.82e+04 -3.86e+04 -3.86e+04 -3.82e+04 -3.81e+04 -3.84e+04 -3.83e+04 -3.83e+04 -3.84e+04 -3.81e+04 -3.87e+04 -3.81e+04 -3.85e+04 -3.71e+04 -3.96e+04 -3.88e+04
 -3.88e+04 -1.97e+04 -1.99e+04 -1.99e+04 -2.05e+04 -2.11e+04 -2e+04 -1.94e+04 -1.97e+04 -1.95e+04 -1.97e+04 -1.96e+04 -1.96e+04 -1.98e+04 -1.95e+04 7.34e+04 -2.06e+04 -2e+04 -1.96e+04 -6.38e+04
 -2.6e+06 -2.601e+06 -2.601e+06 -2.601e+06 -2.601e+06 -2.602e+06 -2.601e+06 -2.601e+06 -2.601e+06 -2.601e+06 -2.601e+06 -2.602e+06 -2.601e+06 -2.601e+06 -2.602e+06 -2.602e+06 -2.602e+06 -2.602e+06 -2.601e+06 -2.601e+06
 -4.562e+05 -4.552e+05 -4.558e+05 -4.552e+05 -4.553e+05 -4.547e+05 -4.55e+05 -4.548e+05 -4.549e+05 -4.547e+05 -4.548e+05 -4.552e+05 -4.552e+05 -4.55e+05 -4.544e+05 -4.506e+05 -4.554e+05 -4.561e+05 -4.552e+05 -4.522e+05
 -2.754e+06 -2.755e+06 -2.755e+06 -2.755e+06 -2.755e+06 -2.755e+06 -2.755e+06 -2.756e+06 -2.755e+06 -2.755e+06 -2.756e+06 -2.755e+06 -2.755e+06 -2.755e+06 -2.755e+06 -2.755e+06 -2.756e+06 -2.754e+06 -2.753e+06 -2.755e+06
 -1.989e+06 -1.989e+06 -1.99e+06 -1.989e+06 -1.99e+06 -1.989e+06 -1.989e+06 -1.989e+06 -1.989e+06 -1.99e+06 -1.989e+06 -1.99e+06 -1.989e+06 -1.989e+06 -1.99e+06 -1.99e+06 -1.99e+06 -1.989e+06 -1.99e+06 -1.99e+06
 -3.4e+06 -3.396e+06 -3.4e+06 -3.401e+06 -3.396e+06 -3.401e+06 -3.402e+06 -3.4e+06 -3.4e+06 -3.4e+06 -3.4e+06 -3.4e+06 -3.4e+06 -3.401e+06 -3.4e+06 -3.4e+06 -3.404e+06 -3.4e+06 -3.4e+06 -3.4e+06
 -3.334e+05 -3.362e+05 -3.366e+05 -3.356e+05 -3.357e+05 -3.362e+05 -3.359e+05 -3.365e+05 -3.356e+05 -3.359e+05 -3.353e+05 -3.369e+05 -3.358e+05 -3.352e+05 -3.364e+05 -3.353e+05 -3.363e+05 -3.333e+05 -3.362e+05 -3.367e+05
 -1.136e+05 -1.127e+05 -1.123e+05 -1.129e+05 -1.13e+05 -1.122e+05 -1.123e+05 -1.118e+05 -1.105e+05 -1.127e+05 -1.126e+05 -1.127e+05 -1.124e+05 -1.126e+05 -1.117e+05 -1.122e+05 -1.126e+05 -1.124e+05 -1.121e+05 -1.132e+05
 -2.258e+05 -2.249e+05 -2.294e+05 -2.278e+05 -2.282e+05 -2.355e+05 -2.28e+05 -2.277e+05 -2.273e+05 -2.274e+05 -2.278e+05 -2.25e+05 -2.281e+05 -2.277e+05 -2.266e+05 -2.28e+05 -2.326e+05 -2.275e+05 -2.28e+05 -2.277e+05
 -1.898e+06 -1.9e+06 -1.899e+06 -1.9e+06 -1.9e+06 -1.9e+06 -1.899e+06 -1.9e+06 -1.9e+06 -1.899e+06 -1.9e+06 -1.899e+06 -1.9e+06 -1.899e+06 -1.9e+06 -1.898e+06 -1.899e+06 -1.9e+06 -1.9e+06 -1.898e+06
 -7.64e+04 -7.9e+04 -7.84e+04 -7.78e+04 -7.84e+04 -8.2e+04 -7.91e+04 -7.78e+04 -7.79e+04 -7.63e+04 -7.59e+04 -7.77e+04 -7.91e+04 -7.84e+04 -7.88e+04 -7.85e+04 -7.8e+04 -7.8e+04 -7.79e+04 -7.89e+04
 -2.16e+06 -2.16e+06 -2.161e+06 -2.16e+06 -2.158e+06 -2.153e+06 -2.16e+06 -2.158e+06 -2.159e+06 -2.159e+06 -2.159e+06 -2.16e+06 -2.159e+06 -2.159e+06 -2.159e+06 -2.159e+06 -2.159e+06 -2.159e+06 -2.159e+06 -2.158e+06
 -5.001e+06 -5.001e+06 -5.001e+06 -5.001e+06 -5e+06 -5.001e+06 -5e+06 -5.001e+06 -5e+06 -5.001e+06 -5.001e+06 -5.001e+06 -5.001e+06 -5.001e+06 -5.001e+06 -5.001e+06 -5e+06 -5.001e+06 -5e+06 -5.001e+06
 -2.404e+06 -2.404e+06 -2.404e+06 -2.404e+06 -2.404e+06 -2.405e+06 -2.404e+06 -2.404e+06 -2.404e+06 -2.404e+06 -2.404e+06 -2.404e+06 -2.404e+06 -2.404e+06 -2.404e+06 -2.404e+06 -2.404e+06 -2.404e+06 -2.404e+06 -2.404e+06
 -4.221e+05 -4.224e+05 -4.231e+05 -4.23e+05 -4.224e+05 -4.231e+05 -4.227e+05 -4.207e+05 -4.22e+05 -4.225e+05 -4.225e+05 -4.227e+05 -4.22e+05 -4.226e+05 -4.223e+05 -4.226e+05 -4.224e+05 -4.221e+05 -4.226e+05 -4.236e+05
 -3.145e+06 -3.145e+06 -3.145e+06 -3.143e+06 -3.142e+06 -3.148e+06 -3.144e+06 -3.145e+06 -3.145e+06 -3.145e+06 -3.145e+06 -3.145e+06 -3.144e+06 -3.145e+06 -3.144e+06 -3.144e+06 -3.145e+06 -3.145e+06 -3.144e+06 -3.145e+06
 -7.357e+06 -7.376e+06 -7.352e+06 -7.356e+06 -7.378e+06 -7.348e+06 -7.357e+06 -7.357e+06 -7.357e+06 -7.356e+06 -7.356e+06 -7.356e+06 -7.357e+06 -7.356e+06 -7.357e+06 -7.357e+06 -7.346e+06 -7.356e+06 -7.357e+06 -7.356e+06
 -2.188e+05 -2.192e+05 -2.188e+05 -2.19e+05 -2.21e+05 -2.198e+05 -2.187e+05 -2.186e+05 -2.184e+05 -2.18e+05 -2.177e+05 -2.183e+05 -2.188e+05 -2.188e+05 -2.186e+05 -2.19e+05 -2.206e+05 -2.182e+05 -2.205e+05 -2.188e+05
 -2.791e+06 -2.791e+06 -2.791e+06 -2.791e+06 -2.791e+06 -2.791e+06 -2.791e+06 -2.791e+06 -2.791e+06 -2.791e+06 -2.791e+06 -2.792e+06 -2.792e+06 -2.792e+06 -2.791e+06 -2.791e+06 -2.79e+06 -2.791e+06 -2.792e+06 -2.791e+06
 -2.195e+07 -2.195e+07 -2.195e+07 -2.195e+07 -2.195e+07 -2.195e+07 -2.195e+07 -2.195e+07 -2.195e+07 -2.195e+07 -2.195e+07 -2.195e+07 -2.195e+07 -2.195e+07 -2.195e+07 -2.195e+07 -2.195e+07 -2.195e+07 -2.195e+07 -2.195e+07
 -3.93e+04 -3.87e+04 -3.86e+04 -4.32e+04 -4.31e+04 -3.88e+04 -3.81e+04 -3.88e+04 -3.88e+04 -3.87e+04 -3.35e+04 -3.89e+04 -3.9e+04 -3.9e+04 -3.84e+04 -3.89e+04 -3.89e+04 -3.85e+04 -3.94e+04 -3.92e+04
 -1.283e+06 -1.283e+06 -1.283e+06 -1.282e+06 -1.283e+06 -1.283e+06 -1.283e+06 -1.283e+06 -1.283e+06 -1.283e+06 -1.283e+06 -1.283e+06 -1.282e+06 -1.283e+06 -1.283e+06 -1.283e+06 -1.283e+06 -1.283e+06 -1.283e+06 -1.283e+06
 -3.926e+05 -3.939e+05 -3.937e+05 -3.933e+05 -3.934e+05 -3.936e+05 -3.935e+05 -3.935e+05 -3.931e+05 -3.936e+05 -3.935e+05 -3.931e+05 -3.932e+05 -3.936e+05 -3.935e+05 -3.95e+05 -3.935e+05 -3.911e+05 -3.925e+05 -3.926e+05
 -9.348e+06 -9.349e+06 -9.345e+06 -9.345e+06 -9.352e+06 -9.34e+06 -9.344e+06 -9.348e+06 -9.348e+06 -9.348e+06 -9.348e+06 -9.348e+06 -9.347e+06 -9.348e+06 -9.348e+06 -9.348e+06 -9.35e+06 -9.348e+06 -9.348e+06 -9.348e+06
 -2.204e+05 -2.211e+05 -2.203e+05 -2.205e+05 -2.217e+05 -2.243e+05 -2.207e+05 -2.191e+05 -2.17e+05 -2.206e+05 -2.202e+05 -2.209e+05 -2.196e+05 -2.202e+05 -2.197e+05 -2.209e+05 -2.212e+05 -2.207e+05 -2.216e+05 -2.206e+05
 -1.038e+05 -1.039e+05 -1.038e+05 -1.041e+05 -1.035e+05 -1.035e+05 -1.036e+05 -1.029e+05 -1.005e+05 -1.03e+05 -1.036e+05 -1.036e+05 -1.033e+05 -1.031e+05 -1.034e+05 -1.032e+05 -1.037e+05 -1.034e+05 -1.039e+05 -1.032e+05
 -1.081e+06 -1.081e+06 -1.081e+06 -1.08e+06 -1.08e+06 -1.08e+06 -1.08e+06 -1.08e+06 -1.08e+06 -1.08e+06 -1.08e+06 -1.08e+06 -1.08e+06 -1.08e+06 -1.08e+06 -1.081e+06 -1.079e+06 -1.081e+06 -1.08e+06 -1.08e+06
 -2.051e+06 -2.051e+06 -2.05e+06 -2.051e+06 -2.051e+06 -2.051e+06 -2.051e+06 -2.051e+06 -2.05e+06 -2.051e+06 -2.051e+06 -2.049e+06 -2.051e+06 -2.052e+06 -2.051e+06 -2.051e+06 -2.051e+06 -2.051e+06 -2.052e+06 -2.051e+06
 -2.899e+07 -2.898e+07 -2.898e+07 -2.899e+07 -2.899e+07 -2.899e+07 -2.899e+07 -2.899e+07 -2.898e+07 -2.898e+07 -2.899e+07 -2.899e+07 -2.899e+07 -2.898e+07 -2.898e+07 -2.898e+07 -2.898e+07 -2.899e+07 -2.898e+07 -2.899e+07
 -1.191e+06 -1.191e+06 -1.191e+06 -1.191e+06 -1.19e+06 -1.19e+06 -1.19e+06 -1.19e+06 -1.191e+06 -1.19e+06 -1.19e+06 -1.19e+06 -1.191e+06 -1.19e+06 -1.191e+06 -1.19e+06 -1.19e+06 -1.191e+06 -1.19e+06 -1.192e+06
 -8.088e+05 -8.09e+05 -8.09e+05 -8.091e+05 -8.093e+05 -8.085e+05 -8.087e+05 -8.088e+05 -8.089e+05 -8.087e+05 -8.09e+05 -8.091e+05 -8.086e+05 -8.09e+05 -8.089e+05 -8.07e+05 -8.091e+05 -8.095e+05 -8.094e+05 -8.097e+05
 -1.352e+06 -1.354e+06 -1.354e+06 -1.354e+06 -1.354e+06 -1.354e+06 -1.354e+06 -1.354e+06 -1.355e+06 -1.354e+06 -1.354e+06 -1.354e+06 -1.355e+06 -1.355e+06 -1.355e+06 -1.353e+06 -1.354e+06 -1.355e+06 -1.354e+06 -1.356e+06
 -5.31e+04 -5.04e+04 -5.1e+04 -5.04e+04 -5.1e+04 -5.01e+04 -5e+04 -4.98e+04 -4.98e+04 -4.95e+04 -4.99e+04 -5.04e+04 -4.97e+04 -4.9e+04 -4.98e+04 -5.08e+04 -5.02e+04 -4.5e+04 -4.94e+04 -5e+04
 -1.125e+07 -1.125e+07 -1.125e+07 -1.125e+07 -1.125e+07 -1.125e+07 -1.125e+07 -1.125e+07 -1.125e+07 -1.125e+07 -1.125e+07 -1.125e+07 -1.125e+07 -1.125e+07 -1.125e+07 -1.125e+07 -1.125e+07 -1.125e+07 -1.125e+07 -1.125e+07
 -1.474e+06 -1.475e+06 -1.475e+06 -1.474e+06 -1.476e+06 -1.474e+06 -1.475e+06 -1.474e+06 -1.474e+06 -1.475e+06 -1.474e+06 -1.474e+06 -1.474e+06 -1.474e+06 -1.475e+06 -1.475e+06 -1.473e+06 -1.474e+06 -1.473e+06 -1.475e+06
 -7.06e+06 -7.056e+06 -7.048e+06 -7.054e+06 -7.062e+06 -7.062e+06 -7.061e+06 -7.06e+06 -7.06e+06 -7.061e+06 -7.061e+06 -7.061e+06 -7.061e+06 -7.061e+06 -7.061e+06 -7.061e+06 -7.062e+06 -7.061e+06 -7.06e+06 -7.06e+06
 -1.292e+06 -1.292e+06 -1.292e+06 -1.291e+06 -1.292e+06 -1.291e+06 -1.292e+06 -1.292e+06 -1.291e+06 -1.291e+06 -1.292e+06 -1.292e+06 -1.291e+06 -1.292e+06 -1.292e+06 -1.291e+06 -1.291e+06 -1.291e+06 -1.293e+06 -1.291e+06
 -2.325e+06 -2.324e+06 -2.33e+06 -2.326e+06 -2.315e+06 -2.329e+06 -2.326e+06 -2.326e+06 -2.326e+06 -2.326e+06 -2.326e+06 -2.326e+06 -2.326e+06 -2.326e+06 -2.325e+06 -2.326e+06 -2.326e+06 -2.326e+06 -2.326e+06 -2.326e+06
 -7.62e+05 -7.622e+05 -7.64e+05 -7.62e+05 -7.617e+05 -7.631e+05 -7.581e+05 -7.612e+05 -7.618e+05 -7.622e+05 -7.62e+05 -7.619e+05 -7.618e+05 -7.614e+05 -7.618e+05 -7.62e+05 -7.617e+05 -7.621e+05 -7.621e+05 -7.622e+05
 -2.624e+06 -2.625e+06 -2.624e+06 -2.624e+06 -2.624e+06 -2.625e+06 -2.625e+06 -2.625e+06 -2.624e+06 -2.624e+06 -2.625e+06 -2.624e+06 -2.624e+06 -2.624e+06 -2.622e+06 -2.624e+06 -2.624e+06 -2.624e+06 -2.625e+06 -2.624e+06
 -1.838e+06 -1.827e+06 -1.839e+06 -1.84e+06 -1.837e+06 -1.836e+06 -1.838e+06 -1.838e+06 -1.838e+06 -1.838e+06 -1.838e+06 -1.838e+06 -1.838e+06 -1.838e+06 -1.839e+06 -1.838e+06 -1.838e+06 -1.838e+06 -1.838e+06 -1.839e+06
 -4.371e+06 -4.37e+06 -4.372e+06 -4.371e+06 -4.37e+06 -4.371e+06 -4.371e+06 -4.371e+06 -4.371e+06 -4.371e+06 -4.371e+06 -4.371e+06 -4.371e+06 -4.372e+06 -4.372e+06 -4.371e+06 -4.37e+06 -4.371e+06 -4.371e+06 -4.371e+06
 -5300 -5100 -5100 -6400 -6200 -5400 -6600 -6000 -6100 -5500 1.19e+04 -6300 -5900 -6000 -5700 -6000 -6000 -6100 -6400 -6400
 -7000 -6300 -6100 -6500 -6100 -4300 -6400 -5900 -5800 -5700 -5800 -6200 -5400 -5600 -5700 -6200 -5500 3100 -2200 -6400
 -3.749e+06 -3.749e+06 -3.749e+06 -3.749e+06 -3.748e+06 -3.748e+06 -3.749e+06 -3.75e+06 -3.75e+06 -3.749e+06 -3.749e+06 -3.749e+06 -3.749e+06 -3.749e+06 -3.749e+06 -3.749e+06 -3.75e+06 -3.749e+06 -3.748e+06 -3.749e+06
 -2.64e+04 -2.57e+04 -2.53e+04 -2.51e+04 -2.49e+04 -2.57e+04 -2.52e+04 -2.52e+04 -2.51e+04 -2.52e+04 -2.57e+04 -2.54e+04 -2.67e+04 -2.56e+04 -2.56e+04 -2.64e+04 -2.37e+04 -2.49e+04 -2.56e+04 -2.44e+04
 -3.11e+06 -3.111e+06 -3.108e+06 -3.11e+06 -3.109e+06 -3.108e+06 -3.11e+06 -3.11e+06 -3.11e+06 -3.108e+06 -3.109e+06 -3.11e+06 -3.109e+06 -3.109e+06 -3.109e+06 -3.109e+06 -3.111e+06 -3.11e+06 -3.11e+06 -3.11e+06
 -1.06e+04 -1.61e+04 -5400 -9500 -1.06e+04 -1.18e+04 -4900 -5300 -6000 -5400 -5900 800 -1.15e+04 -6500 -5300 -9600 -900 -6300 -9300 -1.01e+04
 -1.29e+04 -1e+04 -1.04e+04 -1.12e+04 -9900 -1.01e+04 -1.06e+04 -1.09e+04 -1.06e+04 -1.07e+04 -1.05e+04 -1.02e+04 -1.19e+04 -1.09e+04 -1.05e+04 -9200 -1.28e+04 -7100 -9100 -2.07e+04


