# Created by Octave 5.2.0, Thu Sep 24 20:44:59 2020 CEST <jiwidi@land>
# name: w
# type: matrix
# rows: 101
# columns: 20
 -6.441e+07 -6.441e+07 -6.441e+07 -6.441e+07 -6.441e+07 -6.441e+07 -6.441e+07 -6.441e+07 -6.441e+07 -6.441e+07 -6.441e+07 -6.441e+07 -6.441e+07 -6.441e+07 -6.441e+07 -6.441e+07 -6.441e+07 -6.441e+07 -6.441e+07 -6.441e+07
 -6.224e+06 -6.223e+06 -6.223e+06 -6.223e+06 -6.223e+06 -6.223e+06 -6.223e+06 -6.223e+06 -6.223e+06 -6.223e+06 -6.223e+06 -6.223e+06 -6.223e+06 -6.223e+06 -6.223e+06 -6.223e+06 -6.224e+06 -6.223e+06 -6.221e+06 -6.223e+06
 -1.13e+06 -1.13e+06 -1.13e+06 -1.13e+06 -1.13e+06 -1.13e+06 -1.13e+06 -1.13e+06 -1.13e+06 -1.13e+06 -1.13e+06 -1.128e+06 -1.13e+06 -1.131e+06 -1.13e+06 -1.13e+06 -1.13e+06 -1.129e+06 -1.13e+06 -1.13e+06
 -1.164e+06 -1.172e+06 -1.172e+06 -1.163e+06 -1.167e+06 -1.174e+06 -1.164e+06 -1.164e+06 -1.164e+06 -1.163e+06 -1.163e+06 -1.163e+06 -1.163e+06 -1.163e+06 -1.164e+06 -1.164e+06 -1.154e+06 -1.164e+06 -1.162e+06 -1.163e+06
 -6.17e+04 -6.13e+04 -6.1e+04 -6.14e+04 -6.1e+04 -6.06e+04 -6.07e+04 -6.17e+04 -6.13e+04 -6.07e+04 -6.1e+04 -6.1e+04 -6.14e+04 -6.1e+04 -6.1e+04 -6.06e+04 -6.27e+04 -5.72e+04 -5.81e+04 -6.17e+04
 -5.462e+06 -5.463e+06 -5.463e+06 -5.462e+06 -5.462e+06 -5.463e+06 -5.462e+06 -5.462e+06 -5.462e+06 -5.462e+06 -5.462e+06 -5.462e+06 -5.462e+06 -5.463e+06 -5.462e+06 -5.462e+06 -5.462e+06 -5.462e+06 -5.462e+06 -5.463e+06
 -2.742e+06 -2.743e+06 -2.743e+06 -2.743e+06 -2.743e+06 -2.744e+06 -2.742e+06 -2.743e+06 -2.742e+06 -2.741e+06 -2.742e+06 -2.742e+06 -2.743e+06 -2.743e+06 -2.743e+06 -2.743e+06 -2.743e+06 -2.742e+06 -2.743e+06 -2.742e+06
 -5.33e+04 -5.04e+04 -5.05e+04 -5.1e+04 -5.09e+04 -5.96e+04 -5.16e+04 -5.16e+04 -5.12e+04 -5.27e+04 -5.25e+04 -5.16e+04 -5.1e+04 -5.24e+04 -5.14e+04 -4.98e+04 -5.35e+04 -4.66e+04 -4.93e+04 -4.93e+04
 -6.65e+04 -6.98e+04 -6.56e+04 -6.76e+04 -7.29e+04 -7.12e+04 -6.65e+04 -6.76e+04 -6.74e+04 -6.7e+04 -6.72e+04 -6.07e+04 -7.15e+04 -6.78e+04 -6.37e+04 -7.38e+04 -6.75e+04 -6.95e+04 -7.41e+04 -6.9e+04
 -1.682e+06 -1.683e+06 -1.683e+06 -1.682e+06 -1.683e+06 -1.683e+06 -1.682e+06 -1.682e+06 -1.682e+06 -1.682e+06 -1.682e+06 -1.682e+06 -1.682e+06 -1.683e+06 -1.682e+06 -1.682e+06 -1.683e+06 -1.683e+06 -1.683e+06 -1.683e+06
 -2.94e+04 -2.79e+04 -2.83e+04 -3.31e+04 -2.92e+04 -2.76e+04 -2.83e+04 -3.02e+04 -2.91e+04 -2.82e+04 -2.86e+04 -2.53e+04 -3.73e+04 -2.95e+04 -2.96e+04 -2.85e+04 -2.76e+04 -2.92e+04 -2.75e+04 -2.96e+04
 -2.415e+06 -2.413e+06 -2.414e+06 -2.414e+06 -2.414e+06 -2.414e+06 -2.414e+06 -2.414e+06 -2.414e+06 -2.414e+06 -2.414e+06 -2.414e+06 -2.414e+06 -2.414e+06 -2.414e+06 -2.415e+06 -2.412e+06 -2.415e+06 -2.412e+06 -2.413e+06
 -6.446e+05 -6.433e+05 -6.444e+05 -6.445e+05 -6.442e+05 -6.448e+05 -6.44e+05 -6.445e+05 -6.443e+05 -6.429e+05 -6.435e+05 -6.439e+05 -6.426e+05 -6.445e+05 -6.446e+05 -6.442e+05 -6.44e+05 -6.442e+05 -6.445e+05 -6.444e+05
 -4.72e+05 -4.615e+05 -4.758e+05 -4.834e+05 -4.717e+05 -4.499e+05 -4.742e+05 -4.748e+05 -4.732e+05 -4.731e+05 -4.725e+05 -4.733e+05 -4.707e+05 -4.725e+05 -4.724e+05 -4.735e+05 -4.72e+05 -4.732e+05 -4.722e+05 -4.659e+05
 -9.099e+05 -9.047e+05 -9.054e+05 -8.979e+05 -9.028e+05 -9.495e+05 -9.033e+05 -9.103e+05 -9.099e+05 -9.099e+05 -9.099e+05 -9.099e+05 -9.079e+05 -9.095e+05 -9.095e+05 -9.097e+05 -9.111e+05 -9.097e+05 -9.1e+05 -9.105e+05
 -2.621e+06 -2.62e+06 -2.62e+06 -2.62e+06 -2.62e+06 -2.62e+06 -2.621e+06 -2.62e+06 -2.62e+06 -2.621e+06 -2.62e+06 -2.62e+06 -2.621e+06 -2.621e+06 -2.62e+06 -2.622e+06 -2.621e+06 -2.621e+06 -2.621e+06 -2.618e+06
 -2.881e+06 -2.88e+06 -2.881e+06 -2.881e+06 -2.88e+06 -2.881e+06 -2.881e+06 -2.881e+06 -2.88e+06 -2.881e+06 -2.881e+06 -2.881e+06 -2.881e+06 -2.881e+06 -2.88e+06 -2.88e+06 -2.881e+06 -2.88e+06 -2.879e+06 -2.881e+06
 -1.636e+06 -1.637e+06 -1.638e+06 -1.636e+06 -1.636e+06 -1.637e+06 -1.636e+06 -1.636e+06 -1.636e+06 -1.636e+06 -1.635e+06 -1.636e+06 -1.636e+06 -1.636e+06 -1.636e+06 -1.636e+06 -1.634e+06 -1.636e+06 -1.637e+06 -1.635e+06
 -1.526e+06 -1.526e+06 -1.527e+06 -1.527e+06 -1.526e+06 -1.526e+06 -1.527e+06 -1.527e+06 -1.527e+06 -1.527e+06 -1.526e+06 -1.527e+06 -1.526e+06 -1.527e+06 -1.527e+06 -1.526e+06 -1.528e+06 -1.526e+06 -1.526e+06 -1.527e+06
 -6.442e+06 -6.442e+06 -6.442e+06 -6.442e+06 -6.442e+06 -6.442e+06 -6.442e+06 -6.441e+06 -6.442e+06 -6.441e+06 -6.442e+06 -6.442e+06 -6.441e+06 -6.441e+06 -6.442e+06 -6.442e+06 -6.442e+06 -6.441e+06 -6.442e+06 -6.441e+06
 -3.915e+06 -3.915e+06 -3.915e+06 -3.915e+06 -3.915e+06 -3.915e+06 -3.915e+06 -3.915e+06 -3.915e+06 -3.915e+06 -3.915e+06 -3.915e+06 -3.915e+06 -3.915e+06 -3.915e+06 -3.914e+06 -3.915e+06 -3.915e+06 -3.915e+06 -3.912e+06
 -3.274e+06 -3.274e+06 -3.274e+06 -3.274e+06 -3.274e+06 -3.275e+06 -3.274e+06 -3.275e+06 -3.274e+06 -3.274e+06 -3.274e+06 -3.274e+06 -3.275e+06 -3.275e+06 -3.274e+06 -3.274e+06 -3.274e+06 -3.274e+06 -3.274e+06 -3.273e+06
 -2.548e+06 -2.549e+06 -2.548e+06 -2.549e+06 -2.546e+06 -2.548e+06 -2.548e+06 -2.548e+06 -2.548e+06 -2.548e+06 -2.548e+06 -2.548e+06 -2.548e+06 -2.548e+06 -2.548e+06 -2.548e+06 -2.548e+06 -2.548e+06 -2.548e+06 -2.547e+06
 -2.853e+06 -2.854e+06 -2.854e+06 -2.854e+06 -2.854e+06 -2.854e+06 -2.854e+06 -2.854e+06 -2.854e+06 -2.854e+06 -2.854e+06 -2.854e+06 -2.854e+06 -2.854e+06 -2.853e+06 -2.854e+06 -2.854e+06 -2.854e+06 -2.854e+06 -2.853e+06
 -6.68e+06 -6.678e+06 -6.681e+06 -6.681e+06 -6.681e+06 -6.679e+06 -6.68e+06 -6.68e+06 -6.68e+06 -6.68e+06 -6.68e+06 -6.68e+06 -6.68e+06 -6.679e+06 -6.68e+06 -6.68e+06 -6.682e+06 -6.68e+06 -6.68e+06 -6.68e+06
 -6.052e+05 -6.049e+05 -6.055e+05 -6.044e+05 -6.054e+05 -6.047e+05 -6.051e+05 -6.048e+05 -6.049e+05 -6.049e+05 -6.037e+05 -6.051e+05 -6.051e+05 -6.048e+05 -6.044e+05 -6.048e+05 -6.043e+05 -6.05e+05 -6.047e+05 -6.052e+05
 -2.381e+05 -2.389e+05 -2.387e+05 -2.384e+05 -2.382e+05 -2.398e+05 -2.377e+05 -2.375e+05 -2.379e+05 -2.352e+05 -2.352e+05 -2.376e+05 -2.385e+05 -2.38e+05 -2.376e+05 -2.373e+05 -2.378e+05 -2.381e+05 -2.383e+05 -2.382e+05
 -7.658e+06 -7.653e+06 -7.653e+06 -7.658e+06 -7.658e+06 -7.648e+06 -7.658e+06 -7.658e+06 -7.658e+06 -7.658e+06 -7.658e+06 -7.658e+06 -7.657e+06 -7.657e+06 -7.657e+06 -7.658e+06 -7.66e+06 -7.658e+06 -7.658e+06 -7.658e+06
 -2.329e+06 -2.329e+06 -2.329e+06 -2.329e+06 -2.329e+06 -2.329e+06 -2.329e+06 -2.329e+06 -2.329e+06 -2.329e+06 -2.329e+06 -2.33e+06 -2.329e+06 -2.33e+06 -2.329e+06 -2.328e+06 -2.329e+06 -2.329e+06 -2.33e+06 -2.328e+06
 -4.772e+06 -4.771e+06 -4.771e+06 -4.768e+06 -4.772e+06 -4.771e+06 -4.771e+06 -4.771e+06 -4.77e+06 -4.771e+06 -4.771e+06 -4.771e+06 -4.77e+06 -4.771e+06 -4.77e+06 -4.771e+06 -4.771e+06 -4.771e+06 -4.771e+06 -4.771e+06
 -6.879e+06 -6.879e+06 -6.879e+06 -6.88e+06 -6.88e+06 -6.876e+06 -6.879e+06 -6.879e+06 -6.88e+06 -6.879e+06 -6.879e+06 -6.879e+06 -6.88e+06 -6.879e+06 -6.879e+06 -6.88e+06 -6.88e+06 -6.88e+06 -6.879e+06 -6.88e+06
 -1.168e+06 -1.17e+06 -1.17e+06 -1.169e+06 -1.168e+06 -1.17e+06 -1.168e+06 -1.168e+06 -1.168e+06 -1.168e+06 -1.169e+06 -1.168e+06 -1.169e+06 -1.169e+06 -1.168e+06 -1.17e+06 -1.166e+06 -1.168e+06 -1.167e+06 -1.169e+06
 -7.806e+05 -7.81e+05 -7.812e+05 -7.805e+05 -7.805e+05 -7.819e+05 -7.808e+05 -7.808e+05 -7.805e+05 -7.776e+05 -7.786e+05 -7.806e+05 -7.811e+05 -7.808e+05 -7.803e+05 -7.811e+05 -7.804e+05 -7.809e+05 -7.807e+05 -7.805e+05
 -1.099e+06 -1.095e+06 -1.095e+06 -1.096e+06 -1.095e+06 -1.095e+06 -1.095e+06 -1.095e+06 -1.095e+06 -1.095e+06 -1.095e+06 -1.095e+06 -1.095e+06 -1.095e+06 -1.095e+06 -1.09e+06 -1.094e+06 -1.096e+06 -1.095e+06 -1.091e+06
 -3.332e+06 -3.332e+06 -3.332e+06 -3.332e+06 -3.333e+06 -3.332e+06 -3.332e+06 -3.333e+06 -3.332e+06 -3.332e+06 -3.332e+06 -3.332e+06 -3.332e+06 -3.333e+06 -3.333e+06 -3.333e+06 -3.331e+06 -3.332e+06 -3.331e+06 -3.332e+06
 -2.207e+05 -2.214e+05 -2.208e+05 -2.205e+05 -2.199e+05 -2.218e+05 -2.189e+05 -2.217e+05 -2.203e+05 -2.161e+05 -2.198e+05 -2.206e+05 -2.213e+05 -2.202e+05 -2.202e+05 -2.205e+05 -2.214e+05 -2.205e+05 -2.195e+05 -2.202e+05
 -5.312e+05 -5.312e+05 -5.321e+05 -5.314e+05 -5.297e+05 -5.429e+05 -5.233e+05 -5.321e+05 -5.316e+05 -5.318e+05 -5.318e+05 -5.319e+05 -5.318e+05 -5.306e+05 -5.316e+05 -5.315e+05 -5.318e+05 -5.316e+05 -5.323e+05 -5.319e+05
 -9.823e+05 -9.824e+05 -9.821e+05 -9.818e+05 -9.821e+05 -9.803e+05 -9.823e+05 -9.825e+05 -9.823e+05 -9.823e+05 -9.821e+05 -9.816e+05 -9.83e+05 -9.839e+05 -9.822e+05 -9.821e+05 -9.835e+05 -9.821e+05 -9.826e+05 -9.835e+05
 -5300 -3700 -4500 -4700 -4500 -3000 -4100 -4000 -4400 -3800 -4100 -4200 -3300 -3700 -3400 -4900 -4600 2900 -1100 -6300
 -2100 -800 -400 -300 -800 -1.14e+04 -500 -4000 -900 -4000 2900 -1100 -900 -1200 -800 -4000 -1800 -800 100 -200
 -2.274e+06 -2.274e+06 -2.275e+06 -2.275e+06 -2.275e+06 -2.276e+06 -2.275e+06 -2.275e+06 -2.275e+06 -2.275e+06 -2.275e+06 -2.275e+06 -2.275e+06 -2.275e+06 -2.271e+06 -2.275e+06 -2.276e+06 -2.275e+06 -2.275e+06 -2.275e+06
 -3.728e+05 -3.734e+05 -3.729e+05 -3.726e+05 -3.727e+05 -3.73e+05 -3.722e+05 -3.726e+05 -3.724e+05 -3.712e+05 -3.71e+05 -3.723e+05 -3.725e+05 -3.728e+05 -3.721e+05 -3.724e+05 -3.724e+05 -3.727e+05 -3.73e+05 -3.729e+05
 -2.763e+06 -2.763e+06 -2.763e+06 -2.763e+06 -2.763e+06 -2.763e+06 -2.763e+06 -2.761e+06 -2.762e+06 -2.763e+06 -2.763e+06 -2.763e+06 -2.762e+06 -2.763e+06 -2.763e+06 -2.763e+06 -2.764e+06 -2.763e+06 -2.763e+06 -2.763e+06
 -1.068e+07 -1.068e+07 -1.068e+07 -1.068e+07 -1.068e+07 -1.068e+07 -1.068e+07 -1.068e+07 -1.068e+07 -1.068e+07 -1.068e+07 -1.068e+07 -1.068e+07 -1.068e+07 -1.068e+07 -1.068e+07 -1.068e+07 -1.068e+07 -1.068e+07 -1.068e+07
 -1.633e+06 -1.634e+06 -1.634e+06 -1.634e+06 -1.634e+06 -1.634e+06 -1.634e+06 -1.634e+06 -1.634e+06 -1.634e+06 -1.634e+06 -1.634e+06 -1.634e+06 -1.634e+06 -1.634e+06 -1.632e+06 -1.635e+06 -1.634e+06 -1.634e+06 -1.633e+06
 -2.129e+06 -2.129e+06 -2.129e+06 -2.129e+06 -2.128e+06 -2.129e+06 -2.128e+06 -2.128e+06 -2.129e+06 -2.129e+06 -2.128e+06 -2.129e+06 -2.128e+06 -2.128e+06 -2.129e+06 -2.128e+06 -2.129e+06 -2.129e+06 -2.129e+06 -2.129e+06
 -1.054e+05 -1.162e+05 -1.103e+05 -1.025e+05 -1.061e+05 -1.133e+05 -1.062e+05 -1.054e+05 -1.044e+05 -1.059e+05 -1.054e+05 -9.16e+04 -1.003e+05 -1.036e+05 -1.06e+05 -1.031e+05 -1.034e+05 -1.042e+05 -1.027e+05 -1.036e+05
 -4.876e+07 -4.876e+07 -4.876e+07 -4.876e+07 -4.876e+07 -4.876e+07 -4.876e+07 -4.876e+07 -4.876e+07 -4.876e+07 -4.876e+07 -4.876e+07 -4.876e+07 -4.876e+07 -4.876e+07 -4.876e+07 -4.876e+07 -4.876e+07 -4.876e+07 -4.876e+07
 1.1e+04 -5600 -4300 -6500 -8900 -8000 -5100 -1.1e+04 -6500 -5900 -6400 -6500 -5500 -2.48e+04 -6600 -1.8e+04 -7700 -6800 -1.39e+04 1.13e+04
 -3.43e+04 -3.89e+04 -3.74e+04 -3.59e+04 -3.53e+04 -4.18e+04 -3.62e+04 -3.6e+04 -3.61e+04 -3.64e+04 -3.58e+04 -3.59e+04 -3.84e+04 -3.74e+04 -3.18e+04 -3.65e+04 -4.23e+04 -3.6e+04 -3.75e+04 -3.62e+04
 -1.416e+06 -1.417e+06 -1.416e+06 -1.416e+06 -1.416e+06 -1.417e+06 -1.417e+06 -1.416e+06 -1.417e+06 -1.417e+06 -1.416e+06 -1.417e+06 -1.416e+06 -1.417e+06 -1.416e+06 -1.415e+06 -1.416e+06 -1.416e+06 -1.417e+06 -1.416e+06
 -4.85e+04 -4.79e+04 -4.78e+04 -4.76e+04 -4.81e+04 -4.84e+04 -4.77e+04 -4.82e+04 -4.78e+04 -4.84e+04 -4.82e+04 -4.82e+04 -4.8e+04 -4.81e+04 -4.85e+04 -4.78e+04 -4.83e+04 -4.65e+04 -4.94e+04 -4.89e+04
 -4.38e+04 -2.1e+04 -2.1e+04 -2.2e+04 -2.15e+04 -2.2e+04 -2.17e+04 -2.18e+04 -2.16e+04 -2.12e+04 -2.11e+04 -2.09e+04 -2.08e+04 -2.22e+04 -2.03e+04 7.88e+04 -2.26e+04 -2.01e+04 -2.13e+04 -7.02e+04
 -2.923e+06 -2.925e+06 -2.925e+06 -2.925e+06 -2.925e+06 -2.924e+06 -2.925e+06 -2.924e+06 -2.924e+06 -2.925e+06 -2.925e+06 -2.925e+06 -2.925e+06 -2.925e+06 -2.925e+06 -2.925e+06 -2.925e+06 -2.926e+06 -2.924e+06 -2.924e+06
 -4.911e+05 -4.907e+05 -4.908e+05 -4.898e+05 -4.899e+05 -4.891e+05 -4.902e+05 -4.902e+05 -4.9e+05 -4.898e+05 -4.896e+05 -4.903e+05 -4.903e+05 -4.905e+05 -4.892e+05 -4.847e+05 -4.907e+05 -4.912e+05 -4.899e+05 -4.857e+05
 -3.189e+06 -3.19e+06 -3.19e+06 -3.19e+06 -3.19e+06 -3.19e+06 -3.19e+06 -3.192e+06 -3.192e+06 -3.19e+06 -3.19e+06 -3.19e+06 -3.192e+06 -3.19e+06 -3.191e+06 -3.191e+06 -3.19e+06 -3.189e+06 -3.188e+06 -3.191e+06
 -2.378e+06 -2.377e+06 -2.377e+06 -2.378e+06 -2.378e+06 -2.378e+06 -2.378e+06 -2.378e+06 -2.377e+06 -2.377e+06 -2.378e+06 -2.378e+06 -2.378e+06 -2.377e+06 -2.377e+06 -2.378e+06 -2.378e+06 -2.376e+06 -2.378e+06 -2.378e+06
 -3.557e+06 -3.55e+06 -3.552e+06 -3.556e+06 -3.557e+06 -3.551e+06 -3.558e+06 -3.559e+06 -3.557e+06 -3.557e+06 -3.557e+06 -3.558e+06 -3.558e+06 -3.559e+06 -3.557e+06 -3.558e+06 -3.562e+06 -3.557e+06 -3.557e+06 -3.558e+06
 -3.471e+05 -3.502e+05 -3.51e+05 -3.502e+05 -3.504e+05 -3.506e+05 -3.499e+05 -3.494e+05 -3.496e+05 -3.504e+05 -3.503e+05 -3.501e+05 -3.5e+05 -3.504e+05 -3.501e+05 -3.492e+05 -3.509e+05 -3.462e+05 -3.509e+05 -3.506e+05
 -1.661e+05 -1.658e+05 -1.65e+05 -1.653e+05 -1.659e+05 -1.647e+05 -1.647e+05 -1.644e+05 -1.624e+05 -1.655e+05 -1.653e+05 -1.656e+05 -1.65e+05 -1.656e+05 -1.647e+05 -1.653e+05 -1.648e+05 -1.654e+05 -1.645e+05 -1.653e+05
 -2.715e+05 -2.693e+05 -2.744e+05 -2.729e+05 -2.739e+05 -2.791e+05 -2.727e+05 -2.73e+05 -2.728e+05 -2.728e+05 -2.729e+05 -2.702e+05 -2.736e+05 -2.736e+05 -2.72e+05 -2.734e+05 -2.74e+05 -2.725e+05 -2.733e+05 -2.729e+05
 -2.16e+06 -2.16e+06 -2.16e+06 -2.16e+06 -2.161e+06 -2.16e+06 -2.16e+06 -2.16e+06 -2.16e+06 -2.16e+06 -2.16e+06 -2.161e+06 -2.16e+06 -2.16e+06 -2.16e+06 -2.159e+06 -2.16e+06 -2.161e+06 -2.16e+06 -2.159e+06
 -9.81e+04 -1.003e+05 -9.98e+04 -9.89e+04 -9.98e+04 -1.035e+05 -1.004e+05 -9.88e+04 -9.9e+04 -9.72e+04 -9.74e+04 -9.91e+04 -1e+05 -1.004e+05 -1.006e+05 -9.98e+04 -9.93e+04 -9.92e+04 -9.97e+04 -1.006e+05
 -2.345e+06 -2.346e+06 -2.346e+06 -2.347e+06 -2.344e+06 -2.337e+06 -2.346e+06 -2.347e+06 -2.344e+06 -2.344e+06 -2.345e+06 -2.348e+06 -2.345e+06 -2.347e+06 -2.345e+06 -2.345e+06 -2.348e+06 -2.345e+06 -2.345e+06 -2.348e+06
 -6.078e+06 -6.079e+06 -6.079e+06 -6.078e+06 -6.078e+06 -6.079e+06 -6.078e+06 -6.078e+06 -6.077e+06 -6.078e+06 -6.078e+06 -6.079e+06 -6.078e+06 -6.078e+06 -6.078e+06 -6.078e+06 -6.078e+06 -6.078e+06 -6.078e+06 -6.078e+06
 -2.855e+06 -2.855e+06 -2.855e+06 -2.853e+06 -2.854e+06 -2.856e+06 -2.854e+06 -2.854e+06 -2.854e+06 -2.854e+06 -2.854e+06 -2.855e+06 -2.854e+06 -2.854e+06 -2.855e+06 -2.855e+06 -2.855e+06 -2.854e+06 -2.855e+06 -2.855e+06
 -5.951e+05 -5.953e+05 -5.962e+05 -5.959e+05 -5.959e+05 -5.961e+05 -5.956e+05 -5.922e+05 -5.946e+05 -5.951e+05 -5.956e+05 -5.958e+05 -5.943e+05 -5.961e+05 -5.954e+05 -5.958e+05 -5.952e+05 -5.948e+05 -5.958e+05 -5.961e+05
 -3.372e+06 -3.372e+06 -3.37e+06 -3.371e+06 -3.371e+06 -3.375e+06 -3.371e+06 -3.371e+06 -3.372e+06 -3.371e+06 -3.371e+06 -3.372e+06 -3.371e+06 -3.372e+06 -3.371e+06 -3.371e+06 -3.373e+06 -3.372e+06 -3.371e+06 -3.371e+06
 -7.676e+06 -7.683e+06 -7.681e+06 -7.677e+06 -7.676e+06 -7.676e+06 -7.676e+06 -7.677e+06 -7.676e+06 -7.676e+06 -7.676e+06 -7.676e+06 -7.676e+06 -7.676e+06 -7.677e+06 -7.676e+06 -7.659e+06 -7.676e+06 -7.677e+06 -7.677e+06
 -3.586e+05 -3.59e+05 -3.59e+05 -3.592e+05 -3.605e+05 -3.598e+05 -3.588e+05 -3.588e+05 -3.586e+05 -3.573e+05 -3.57e+05 -3.586e+05 -3.592e+05 -3.589e+05 -3.585e+05 -3.593e+05 -3.597e+05 -3.58e+05 -3.595e+05 -3.588e+05
 -3.349e+06 -3.347e+06 -3.348e+06 -3.349e+06 -3.348e+06 -3.347e+06 -3.349e+06 -3.348e+06 -3.348e+06 -3.348e+06 -3.348e+06 -3.349e+06 -3.349e+06 -3.348e+06 -3.349e+06 -3.348e+06 -3.347e+06 -3.347e+06 -3.349e+06 -3.348e+06
 -2.695e+07 -2.695e+07 -2.695e+07 -2.695e+07 -2.695e+07 -2.695e+07 -2.695e+07 -2.695e+07 -2.695e+07 -2.695e+07 -2.695e+07 -2.695e+07 -2.695e+07 -2.695e+07 -2.695e+07 -2.695e+07 -2.695e+07 -2.695e+07 -2.695e+07 -2.696e+07
 -5.67e+04 -5.62e+04 -5.58e+04 -5.62e+04 -5.77e+04 -5.6e+04 -5.55e+04 -5.64e+04 -5.62e+04 -5.64e+04 -4.89e+04 -5.6e+04 -5.63e+04 -5.64e+04 -5.62e+04 -5.65e+04 -5.61e+04 -5.6e+04 -5.63e+04 -5.63e+04
 -1.639e+06 -1.639e+06 -1.639e+06 -1.637e+06 -1.639e+06 -1.64e+06 -1.639e+06 -1.638e+06 -1.639e+06 -1.639e+06 -1.639e+06 -1.638e+06 -1.637e+06 -1.639e+06 -1.639e+06 -1.638e+06 -1.639e+06 -1.639e+06 -1.639e+06 -1.639e+06
 -4.46e+05 -4.467e+05 -4.468e+05 -4.462e+05 -4.469e+05 -4.465e+05 -4.46e+05 -4.464e+05 -4.461e+05 -4.465e+05 -4.461e+05 -4.462e+05 -4.463e+05 -4.466e+05 -4.465e+05 -4.491e+05 -4.464e+05 -4.431e+05 -4.454e+05 -4.456e+05
 -9.428e+06 -9.427e+06 -9.423e+06 -9.423e+06 -9.427e+06 -9.416e+06 -9.422e+06 -9.428e+06 -9.428e+06 -9.428e+06 -9.428e+06 -9.428e+06 -9.428e+06 -9.428e+06 -9.429e+06 -9.429e+06 -9.428e+06 -9.428e+06 -9.428e+06 -9.428e+06
 -2.97e+05 -2.975e+05 -2.968e+05 -2.968e+05 -2.977e+05 -2.991e+05 -2.967e+05 -2.948e+05 -2.917e+05 -2.977e+05 -2.969e+05 -2.976e+05 -2.96e+05 -2.972e+05 -2.965e+05 -2.975e+05 -2.974e+05 -2.974e+05 -2.982e+05 -2.973e+05
 -1.494e+05 -1.499e+05 -1.496e+05 -1.496e+05 -1.496e+05 -1.493e+05 -1.492e+05 -1.487e+05 -1.447e+05 -1.491e+05 -1.493e+05 -1.494e+05 -1.492e+05 -1.49e+05 -1.491e+05 -1.494e+05 -1.495e+05 -1.495e+05 -1.497e+05 -1.492e+05
 -1.163e+06 -1.162e+06 -1.162e+06 -1.162e+06 -1.162e+06 -1.162e+06 -1.162e+06 -1.161e+06 -1.162e+06 -1.162e+06 -1.162e+06 -1.162e+06 -1.162e+06 -1.162e+06 -1.162e+06 -1.162e+06 -1.16e+06 -1.162e+06 -1.162e+06 -1.162e+06
 -2.514e+06 -2.514e+06 -2.514e+06 -2.514e+06 -2.514e+06 -2.513e+06 -2.514e+06 -2.514e+06 -2.514e+06 -2.514e+06 -2.514e+06 -2.512e+06 -2.514e+06 -2.515e+06 -2.514e+06 -2.514e+06 -2.516e+06 -2.514e+06 -2.515e+06 -2.515e+06
 -4.081e+07 -4.081e+07 -4.081e+07 -4.081e+07 -4.081e+07 -4.081e+07 -4.081e+07 -4.081e+07 -4.081e+07 -4.081e+07 -4.081e+07 -4.081e+07 -4.081e+07 -4.081e+07 -4.081e+07 -4.081e+07 -4.081e+07 -4.081e+07 -4.081e+07 -4.081e+07
 -1.405e+06 -1.403e+06 -1.403e+06 -1.403e+06 -1.403e+06 -1.403e+06 -1.403e+06 -1.403e+06 -1.403e+06 -1.402e+06 -1.403e+06 -1.404e+06 -1.404e+06 -1.403e+06 -1.403e+06 -1.403e+06 -1.403e+06 -1.402e+06 -1.402e+06 -1.404e+06
 -9.197e+05 -9.203e+05 -9.205e+05 -9.202e+05 -9.206e+05 -9.205e+05 -9.203e+05 -9.204e+05 -9.202e+05 -9.202e+05 -9.204e+05 -9.201e+05 -9.206e+05 -9.204e+05 -9.207e+05 -9.174e+05 -9.203e+05 -9.208e+05 -9.21e+05 -9.217e+05
 -1.542e+06 -1.544e+06 -1.544e+06 -1.543e+06 -1.544e+06 -1.544e+06 -1.544e+06 -1.544e+06 -1.544e+06 -1.544e+06 -1.544e+06 -1.544e+06 -1.544e+06 -1.544e+06 -1.543e+06 -1.542e+06 -1.543e+06 -1.544e+06 -1.544e+06 -1.544e+06
 -6.06e+04 -5.76e+04 -5.73e+04 -5.68e+04 -5.8e+04 -5.84e+04 -5.63e+04 -5.62e+04 -5.6e+04 -5.62e+04 -5.61e+04 -5.71e+04 -5.6e+04 -5.5e+04 -5.62e+04 -5.7e+04 -5.67e+04 -5e+04 -5.5e+04 -5.64e+04
 -1.345e+07 -1.345e+07 -1.345e+07 -1.345e+07 -1.345e+07 -1.345e+07 -1.345e+07 -1.345e+07 -1.345e+07 -1.345e+07 -1.345e+07 -1.345e+07 -1.345e+07 -1.345e+07 -1.345e+07 -1.345e+07 -1.345e+07 -1.345e+07 -1.345e+07 -1.345e+07
 -1.924e+06 -1.926e+06 -1.925e+06 -1.925e+06 -1.926e+06 -1.925e+06 -1.925e+06 -1.925e+06 -1.925e+06 -1.925e+06 -1.925e+06 -1.924e+06 -1.925e+06 -1.925e+06 -1.925e+06 -1.925e+06 -1.923e+06 -1.925e+06 -1.924e+06 -1.925e+06
 -7.181e+06 -7.174e+06 -7.165e+06 -7.174e+06 -7.179e+06 -7.181e+06 -7.18e+06 -7.181e+06 -7.18e+06 -7.18e+06 -7.181e+06 -7.181e+06 -7.18e+06 -7.181e+06 -7.18e+06 -7.18e+06 -7.184e+06 -7.18e+06 -7.18e+06 -7.181e+06
 -1.497e+06 -1.496e+06 -1.496e+06 -1.496e+06 -1.496e+06 -1.496e+06 -1.496e+06 -1.496e+06 -1.496e+06 -1.497e+06 -1.497e+06 -1.497e+06 -1.496e+06 -1.497e+06 -1.496e+06 -1.495e+06 -1.496e+06 -1.496e+06 -1.497e+06 -1.495e+06
 -2.434e+06 -2.433e+06 -2.434e+06 -2.436e+06 -2.429e+06 -2.437e+06 -2.435e+06 -2.435e+06 -2.435e+06 -2.435e+06 -2.435e+06 -2.434e+06 -2.435e+06 -2.435e+06 -2.435e+06 -2.435e+06 -2.436e+06 -2.435e+06 -2.435e+06 -2.435e+06
 -1.016e+06 -1.016e+06 -1.017e+06 -1.016e+06 -1.016e+06 -1.016e+06 -1.01e+06 -1.015e+06 -1.015e+06 -1.016e+06 -1.015e+06 -1.016e+06 -1.016e+06 -1.015e+06 -1.015e+06 -1.016e+06 -1.016e+06 -1.016e+06 -1.015e+06 -1.016e+06
 -3.152e+06 -3.152e+06 -3.151e+06 -3.153e+06 -3.152e+06 -3.154e+06 -3.153e+06 -3.152e+06 -3.152e+06 -3.152e+06 -3.152e+06 -3.152e+06 -3.152e+06 -3.152e+06 -3.148e+06 -3.152e+06 -3.153e+06 -3.153e+06 -3.153e+06 -3.152e+06
 -2.032e+06 -2.017e+06 -2.033e+06 -2.033e+06 -2.032e+06 -2.029e+06 -2.031e+06 -2.032e+06 -2.032e+06 -2.032e+06 -2.032e+06 -2.032e+06 -2.031e+06 -2.032e+06 -2.032e+06 -2.032e+06 -2.038e+06 -2.032e+06 -2.031e+06 -2.032e+06
 -5.069e+06 -5.068e+06 -5.07e+06 -5.068e+06 -5.069e+06 -5.07e+06 -5.069e+06 -5.069e+06 -5.069e+06 -5.07e+06 -5.069e+06 -5.069e+06 -5.07e+06 -5.07e+06 -5.069e+06 -5.069e+06 -5.068e+06 -5.069e+06 -5.069e+06 -5.069e+06
 -8100 -8400 -8300 -9500 -9300 -8300 -8900 -9000 -8900 -8000 1.34e+04 -9400 -8900 -9300 -8700 -9100 -9400 -9100 -9200 -9700
 -6900 -6000 -6600 -6700 -6200 -4700 -6600 -5600 -6000 -5600 -6200 -6200 -5000 -5500 -5600 -7200 -5200 3800 -1700 -5900
 -4.464e+06 -4.465e+06 -4.465e+06 -4.466e+06 -4.465e+06 -4.465e+06 -4.465e+06 -4.465e+06 -4.465e+06 -4.465e+06 -4.465e+06 -4.465e+06 -4.465e+06 -4.464e+06 -4.465e+06 -4.466e+06 -4.465e+06 -4.466e+06 -4.464e+06 -4.466e+06
 -2.16e+04 -2.12e+04 -2.17e+04 -2.07e+04 -2.13e+04 -2.2e+04 -2.1e+04 -2.07e+04 -2.11e+04 -2.11e+04 -2.11e+04 -2.12e+04 -2.37e+04 -2.21e+04 -2.1e+04 -2.23e+04 -1.88e+04 -2.13e+04 -2.15e+04 -2.04e+04
 -3.465e+06 -3.465e+06 -3.463e+06 -3.466e+06 -3.464e+06 -3.462e+06 -3.465e+06 -3.465e+06 -3.465e+06 -3.464e+06 -3.464e+06 -3.465e+06 -3.465e+06 -3.465e+06 -3.465e+06 -3.464e+06 -3.465e+06 -3.466e+06 -3.464e+06 -3.465e+06
 -9500 -1.64e+04 -4900 -8100 -1.16e+04 -1.01e+04 -4600 -5000 -5900 -4200 -5200 2200 -1.29e+04 -7400 -4400 -1.06e+04 -100 -6600 -1.06e+04 -1.08e+04
 -1.64e+04 -1.41e+04 -1.46e+04 -1.54e+04 -1.39e+04 -1.48e+04 -1.38e+04 -1.47e+04 -1.43e+04 -1.46e+04 -1.45e+04 -1.46e+04 -1.67e+04 -1.49e+04 -1.41e+04 -1.26e+04 -1.63e+04 -9700 -1.32e+04 -2.24e+04


