# Created by Octave 5.2.0, Thu Sep 24 19:05:21 2020 CEST <jiwidi@land>
# name: w
# type: matrix
# rows: 101
# columns: 20
 -1.789e+06 -1.781e+06 -1.785e+06 -1.779e+06 -1.782e+06 -1.788e+06 -1.779e+06 -1.794e+06 -1.794e+06 -1.789e+06 -1.79e+06 -1.786e+06 -1.786e+06 -1.796e+06 -1.788e+06 -1.781e+06 -1.783e+06 -1.794e+06 -1.79e+06 -1.797e+06
 -1.783e+05 -1.704e+05 -1.699e+05 -1.693e+05 -1.689e+05 -1.685e+05 -1.685e+05 -1.702e+05 -1.707e+05 -1.702e+05 -1.683e+05 -1.506e+05 -1.736e+05 -1.727e+05 -1.655e+05 -1.702e+05 -1.543e+05 -1.68e+05 -1.463e+05 -1.674e+05
 -4.238e+04 -4.132e+04 -4.269e+04 -4.106e+04 -4.042e+04 -3.951e+04 -3.809e+04 -3.956e+04 -3.838e+04 -3.898e+04 -3.878e+04 -9388 -3.821e+04 -4.15e+04 -4.271e+04 -4.041e+04 -3.37e+04 -3.281e+04 -4.2e+04 -4.09e+04
 -6.367e+04 -5.697e+04 -5.649e+04 -5.664e+04 -5.763e+04 -5.757e+04 -5.918e+04 -5.974e+04 -5.926e+04 -6.09e+04 -5.786e+04 -6.108e+04 -5.605e+04 -5.851e+04 -5.651e+04 -5.866e+04 -7229 -6.311e+04 -5.011e+04 -5.77e+04
 -1.834e+04 -1.727e+04 -1.692e+04 -1.727e+04 -1.723e+04 -1.702e+04 -1.733e+04 -1.754e+04 -1.704e+04 -1.781e+04 -1.724e+04 -1.9e+04 -1.7e+04 -1.774e+04 -1.768e+04 -1.772e+04 -2.038e+04 1.062e+04 -9808 -1.791e+04
 -1.312e+05 -1.307e+05 -1.304e+05 -1.313e+05 -1.311e+05 -1.302e+05 -1.315e+05 -1.292e+05 -1.274e+05 -1.306e+05 -1.324e+05 -1.253e+05 -1.263e+05 -1.312e+05 -1.316e+05 -1.3e+05 -1.241e+05 -1.311e+05 -1.213e+05 -1.298e+05
 -9.096e+04 -9.204e+04 -9.533e+04 -9.198e+04 -9.289e+04 -9.117e+04 -8.194e+04 -9.046e+04 -8.952e+04 -5.795e+04 -4.852e+04 -9.194e+04 -8.902e+04 -8.965e+04 -9.313e+04 -9.42e+04 -9.254e+04 -9.007e+04 -9.356e+04 -8.934e+04
 -2.672e+04 -2.149e+04 -2.172e+04 -2.209e+04 -2.23e+04 -2.072e+04 -2.108e+04 -2.285e+04 -2.3e+04 -2.496e+04 -2.329e+04 -2.441e+04 -2.226e+04 -2.262e+04 -2.27e+04 -2.135e+04 -2.755e+04 2.67e+04 -2.697e+04 -2.308e+04
 -2.419e+04 -2.211e+04 -2.193e+04 -2.536e+04 -2.405e+04 -2.224e+04 -2.222e+04 -2.17e+04 -2.193e+04 -2.27e+04 -2.198e+04 3.025e+04 -2.662e+04 -2.152e+04 -1.887e+04 -2.235e+04 -2.844e+04 -2.275e+04 -3.105e+04 -2.375e+04
 -6.901e+04 -6.726e+04 -6.793e+04 -6.906e+04 -6.761e+04 -6.866e+04 -4.992e+04 -6.744e+04 -6.829e+04 -4.295e+04 -4.226e+04 -6.828e+04 -6.313e+04 -6.634e+04 -6.804e+04 -6.84e+04 -6.973e+04 -6.65e+04 -7.024e+04 -6.879e+04
 -1.058e+04 -9246 -9254 -1.004e+04 -9834 -9783 -9296 -9166 -9469 -9294 -8867 1.19e+04 -1.116e+04 -9032 -9817 -9045 -1.022e+04 -9436 -1.233e+04 -1.033e+04
 -8.47e+04 -7.668e+04 -7.702e+04 -7.648e+04 -7.715e+04 -7.526e+04 -7.573e+04 -7.765e+04 -7.82e+04 -7.773e+04 -7.66e+04 -7.258e+04 -7.862e+04 -7.96e+04 -7.831e+04 -7.991e+04 -4.27e+04 -7.739e+04 -7.203e+04 -6.093e+04
 -3.776e+04 -3.001e+04 -3.608e+04 -3.573e+04 -3.613e+04 -3.551e+04 -2.713e+04 -3.671e+04 -3.674e+04 -1.727e+04 -1.318e+04 -3.544e+04 -3.28e+04 -3.517e+04 -3.754e+04 -3.526e+04 -3.627e+04 -3.506e+04 -3.703e+04 -3.515e+04
 -3.013e+04 -2.537e+04 -3.455e+04 -3.116e+04 -2.778e+04 2.556e+04 -2.903e+04 -2.797e+04 -2.817e+04 -2.791e+04 -2.784e+04 -3.039e+04 -2.853e+04 -2.771e+04 -2.905e+04 -3.018e+04 -2.825e+04 -2.794e+04 -2.886e+04 -2.604e+04
 -4.196e+04 -4.163e+04 -4.231e+04 -1.159e+04 -2.485e+04 -4.141e+04 -3.322e+04 -4.297e+04 -4.342e+04 -4.074e+04 -4.092e+04 -4.079e+04 -4.213e+04 -4.073e+04 -4.116e+04 -4.067e+04 -4.121e+04 -4.008e+04 -4.122e+04 -4.168e+04
 -6.553e+04 -6.688e+04 -6.703e+04 -6.679e+04 -6.731e+04 -6.636e+04 -6.632e+04 -6.88e+04 -6.794e+04 -6.851e+04 -6.715e+04 -7.124e+04 -6.778e+04 -6.865e+04 -6.862e+04 -7.554e+04 -5.967e+04 -7.05e+04 -5.756e+04 -4.521e+04
 -8.172e+04 -8.006e+04 -8.058e+04 -8.061e+04 -7.972e+04 -7.931e+04 -7.826e+04 -7.674e+04 -7.89e+04 -7.996e+04 -7.969e+04 -7.809e+04 -8.152e+04 -7.98e+04 -8.012e+04 -8.082e+04 -7.349e+04 -6.819e+04 -5.98e+04 -7.555e+04
 -5.41e+04 -4.999e+04 -5.01e+04 -5.038e+04 -5.017e+04 -4.923e+04 -4.883e+04 -5.003e+04 -5.004e+04 -5.098e+04 -4.89e+04 -5.045e+04 -4.93e+04 -5.151e+04 -5.174e+04 -5.056e+04 -2.053e+04 -5.275e+04 -4.086e+04 -3.875e+04
 -5.83e+04 -5.138e+04 -5.128e+04 -5.103e+04 -5.306e+04 -5.044e+04 -5.047e+04 -5.219e+04 -5.336e+04 -5.465e+04 -5.063e+04 -5.483e+04 -5.22e+04 -5.213e+04 -5.232e+04 -4.75e+04 -5.232e+04 -1.428e+04 -5.149e+04 -5e+04
 -1.692e+05 -1.843e+05 -1.85e+05 -1.846e+05 -1.848e+05 -1.845e+05 -1.852e+05 -1.837e+05 -1.853e+05 -1.845e+05 -1.867e+05 -1.867e+05 -1.841e+05 -1.799e+05 -1.857e+05 -1.858e+05 -1.933e+05 -1.842e+05 -1.761e+05 -1.665e+05
 -8.799e+04 -9.208e+04 -9.219e+04 -9.24e+04 -9.272e+04 -9.19e+04 -9.142e+04 -9.229e+04 -9.323e+04 -9.407e+04 -9.108e+04 -9.221e+04 -9.266e+04 -9.45e+04 -9.404e+04 -9.153e+04 -9.08e+04 -9.887e+04 -9.755e+04 -7.881e+04
 -1.012e+05 -9.421e+04 -9.323e+04 -9.433e+04 -9.514e+04 -9.279e+04 -9.24e+04 -9.272e+04 -9.282e+04 -9.676e+04 -9.334e+04 -9.462e+04 -9.46e+04 -8.596e+04 -9.457e+04 -9.205e+04 -8.251e+04 -8.827e+04 -7.77e+04 -8.756e+04
 -9.358e+04 -9.571e+04 -9.569e+04 -1.024e+05 -3.971e+04 -9.531e+04 -8.983e+04 -9.535e+04 -9.428e+04 -9.607e+04 -9.137e+04 -8.912e+04 -9.287e+04 -9.13e+04 -9.423e+04 -9.821e+04 -9.891e+04 -9.568e+04 -9.722e+04 -7.972e+04
 -7.09e+04 -8.452e+04 -8.742e+04 -8.824e+04 -8.818e+04 -8.756e+04 -8.511e+04 -8.652e+04 -8.668e+04 -8.741e+04 -8.747e+04 -9.037e+04 -8.398e+04 -8.725e+04 -5.136e+04 -8.727e+04 -9.021e+04 -8.296e+04 -9.126e+04 -7.468e+04
 -1.644e+05 -1.556e+05 -1.69e+05 -1.528e+05 -1.562e+05 -1.552e+05 -1.565e+05 -1.618e+05 -1.615e+05 -1.647e+05 -1.628e+05 -1.627e+05 -1.558e+05 -1.599e+05 -1.547e+05 -1.621e+05 -1.641e+05 -1.613e+05 -1.659e+05 -1.623e+05
 -3.021e+04 -2.784e+04 -2.837e+04 -2.042e+04 -3.162e+04 -2.772e+04 -2.896e+04 -2.801e+04 -2.856e+04 -1.048e+04 -1.014e+04 -3.126e+04 -2.868e+04 -2.856e+04 -2.64e+04 -2.817e+04 -2.694e+04 -2.8e+04 -2.855e+04 -2.979e+04
 -3.57e+04 -3.444e+04 -3.434e+04 -3.403e+04 -3.529e+04 -3.356e+04 -3.413e+04 -3.398e+04 -3.436e+04 -3964 -2686 -3.38e+04 -3.496e+04 -3.342e+04 -3.551e+04 -3.416e+04 -3.602e+04 -3.497e+04 -3.68e+04 -3.535e+04
 -1.775e+05 -1.68e+05 -1.712e+05 -1.76e+05 -1.792e+05 -1.706e+05 -1.806e+05 -1.791e+05 -1.787e+05 -1.811e+05 -1.799e+05 -1.763e+05 -1.647e+05 -1.708e+05 -1.731e+05 -1.792e+05 -1.814e+05 -1.761e+05 -1.772e+05 -1.777e+05
 -7.098e+04 -7.896e+04 -7.877e+04 -7.702e+04 -7.776e+04 -7.834e+04 -7.804e+04 -7.821e+04 -7.924e+04 -8.014e+04 -7.823e+04 -8.016e+04 -7.772e+04 -7.864e+04 -7.968e+04 -5.763e+04 -7.933e+04 -7.847e+04 -8.721e+04 -4.941e+04
 -1.259e+05 -1.217e+05 -1.222e+05 -9.225e+04 -1.349e+05 -1.159e+05 -1.219e+05 -1.252e+05 -1.234e+05 -1.262e+05 -1.258e+05 -1.287e+05 -1.13e+05 -1.163e+05 -1.241e+05 -1.255e+05 -1.261e+05 -1.242e+05 -1.258e+05 -1.25e+05
 -2.011e+05 -1.94e+05 -1.969e+05 -1.957e+05 -1.932e+05 -1.892e+05 -1.897e+05 -1.835e+05 -1.911e+05 -1.618e+05 -1.86e+05 -1.972e+05 -1.929e+05 -1.797e+05 -1.854e+05 -1.901e+05 -1.888e+05 -1.892e+05 -1.948e+05 -2e+05
 -4.894e+04 -4.529e+04 -4.506e+04 -4.454e+04 -4.46e+04 -4.495e+04 -4.46e+04 -4.541e+04 -4.412e+04 -4.636e+04 -4.58e+04 -4.688e+04 -4.646e+04 -4.657e+04 -4.65e+04 -4.805e+04 -4460 -4.076e+04 -4.442e+04 -4.222e+04
 -6.101e+04 -5.683e+04 -5.791e+04 -5.821e+04 -5.823e+04 -5.633e+04 -5.594e+04 -5.66e+04 -5.63e+04 -2.287e+04 -1.593e+04 -5.803e+04 -5.817e+04 -5.588e+04 -5.378e+04 -5.694e+04 -5.913e+04 -5.476e+04 -6.14e+04 -5.499e+04
 -4.839e+04 -3.835e+04 -3.786e+04 -3.822e+04 -3.818e+04 -3.665e+04 -3.743e+04 -3.79e+04 -3.852e+04 -3.846e+04 -3.714e+04 -3.88e+04 -3.865e+04 -3.807e+04 -3.99e+04 -1.018e+04 -3.87e+04 -4.23e+04 -4.415e+04 -2.098e+04
 -8.449e+04 -7.793e+04 -7.766e+04 -7.79e+04 -7.824e+04 -7.794e+04 -7.55e+04 -7.611e+04 -7.663e+04 -7.84e+04 -7.692e+04 -8.206e+04 -7.223e+04 -7.74e+04 -7.764e+04 -7.388e+04 -5.638e+04 -7.93e+04 -7.454e+04 -7.674e+04
 -3.589e+04 -3.417e+04 -3.316e+04 -3.357e+04 -3.28e+04 -3.241e+04 -3.003e+04 -3.304e+04 -3.285e+04 2.916e+04 -3.975e+04 -3.329e+04 -3.386e+04 -3.237e+04 -3.379e+04 -3.348e+04 -3.513e+04 -3.409e+04 -3.574e+04 -3.297e+04
 -3.496e+04 -4.014e+04 -4.302e+04 -4.485e+04 -3.7e+04 -4.052e+04 1.706e+04 -3.514e+04 -3.426e+04 -3.677e+04 -3.65e+04 -4.07e+04 -3.723e+04 -2.975e+04 -3.664e+04 -3.561e+04 -3.51e+04 -3.433e+04 -3.467e+04 -3.426e+04
 -4.121e+04 -4.233e+04 -4.148e+04 -3.822e+04 -4.119e+04 -2.668e+04 -3.984e+04 -3.151e+04 -3.988e+04 -3.844e+04 -3.777e+04 -9233 -3.684e+04 -3.717e+04 -4.043e+04 -3.83e+04 -3.999e+04 -3.881e+04 -4.326e+04 -4.038e+04
 -9781 -8631 -8770 -8751 -8728 -8933 -8473 -1.396e+04 -8802 -9005 -8779 -9200 -8606 -8528 -8960 -8906 -1.172e+04 1.716e+04 -1.063e+04 -9764
 -8973 -8295 -8581 -8387 -8308 -8301 -8995 -8544 -8474 -2.473e+04 2.469e+04 -8386 -8572 -8494 -8781 -8484 -8917 -8310 -9053 -8375
 -7.426e+04 -7.072e+04 -7.855e+04 -7.554e+04 -7.346e+04 -6.809e+04 -7.719e+04 -7.561e+04 -7.493e+04 -7.915e+04 -7.824e+04 -7.819e+04 -7.17e+04 -6.953e+04 -3.255e+04 -7.662e+04 -7.895e+04 -7.885e+04 -7.753e+04 -8.2e+04
 -3.555e+04 -3.275e+04 -3.286e+04 -3.23e+04 -3.352e+04 -3.149e+04 -3.179e+04 -3.276e+04 -3.282e+04 -852 -1.173e+04 -3.298e+04 -3.25e+04 -3.089e+04 -3.064e+04 -3.31e+04 -3.441e+04 -3.343e+04 -3.704e+04 -3.387e+04
 -1.211e+05 -1.201e+05 -1.196e+05 -1.216e+05 -1.203e+05 -1.202e+05 -1.048e+05 -4.532e+04 -1.008e+05 -1.223e+05 -1.197e+05 -1.203e+05 -9.837e+04 -1.188e+05 -1.219e+05 -1.195e+05 -1.192e+05 -1.166e+05 -1.185e+05 -1.176e+05
 -2.264e+05 -2.384e+05 -2.384e+05 -2.382e+05 -2.388e+05 -2.374e+05 -2.377e+05 -2.383e+05 -2.377e+05 -2.386e+05 -2.385e+05 -2.387e+05 -2.393e+05 -2.393e+05 -2.414e+05 -2.222e+05 -2.41e+05 -2.382e+05 -2.416e+05 -2.314e+05
 -5.477e+04 -5.867e+04 -5.868e+04 -5.85e+04 -5.927e+04 -5.811e+04 -5.814e+04 -5.901e+04 -5.682e+04 -6.062e+04 -5.781e+04 -5.974e+04 -5.822e+04 -6.108e+04 -5.895e+04 -2e+04 -6.12e+04 -5.931e+04 -5.388e+04 -5.641e+04
 -7.45e+04 -6.78e+04 -6.935e+04 -7.186e+04 -6.969e+04 -7.117e+04 -7.045e+04 -6.846e+04 -7.095e+04 -5.764e+04 -4.309e+04 -6.934e+04 -6.449e+04 -6.7e+04 -7.26e+04 -7.082e+04 -7.572e+04 -7.059e+04 -6.956e+04 -6.704e+04
 -2.597e+04 -2.549e+04 -2.58e+04 -2.414e+04 -2.501e+04 -2.51e+04 -2.396e+04 -2.322e+04 -2.377e+04 -2.389e+04 -2.284e+04 2.772e+04 -2.466e+04 -2.333e+04 -2.533e+04 -2.358e+04 -2.53e+04 -2.422e+04 -3.153e+04 -2.513e+04
 -1.4e+06 -1.422e+06 -1.416e+06 -1.423e+06 -1.42e+06 -1.42e+06 -1.426e+06 -1.414e+06 -1.412e+06 -1.413e+06 -1.417e+06 -1.414e+06 -1.415e+06 -1.421e+06 -1.411e+06 -1.419e+06 -1.415e+06 -1.413e+06 -1.405e+06 -1.405e+06
 5759 -3.506e+04 -3.578e+04 -3.494e+04 -3.745e+04 -3.245e+04 -2.998e+04 -3.952e+04 -4.115e+04 -4.095e+04 -3.492e+04 -3.979e+04 -3.979e+04 -4.294e+04 -3.989e+04 -3.803e+04 -4.164e+04 -4.061e+04 -5.391e+04 -5371
 -2.284e+04 -2.537e+04 -2.473e+04 -2.558e+04 -2.452e+04 -2.457e+04 -2.42e+04 -2.526e+04 -2.625e+04 -2.641e+04 -2.482e+04 -2.559e+04 -2.611e+04 -2.486e+04 1.948e+04 -2.552e+04 -2.652e+04 -2.515e+04 -2.898e+04 -2.62e+04
 -5.272e+04 -4.582e+04 -4.578e+04 -4.612e+04 -4.676e+04 -4.507e+04 -4.54e+04 -4.492e+04 -4.663e+04 -4.714e+04 -4.546e+04 -4.66e+04 -4.664e+04 -4.746e+04 -4.682e+04 -2.342e+04 -4.876e+04 -4.522e+04 -5e+04 -2.751e+04
 -1.492e+04 -1.227e+04 -1.242e+04 -1.233e+04 -1.235e+04 -1.189e+04 -1.19e+04 -1.23e+04 -1.308e+04 -1.348e+04 -1.235e+04 -1.355e+04 -1.26e+04 -1.225e+04 -1.32e+04 -1.244e+04 -1.494e+04 1.418e+04 -1.47e+04 -1.408e+04
 -1.81e+04 -1.197e+04 -1.167e+04 -1.177e+04 -1.175e+04 -1.155e+04 -1.213e+04 -1.149e+04 -1.165e+04 -1.155e+04 -1.154e+04 -1.183e+04 -1.177e+04 -1.214e+04 -1.205e+04 2.265e+04 -1.258e+04 -1.265e+04 -1.321e+04 -2.11e+04
 -5.621e+04 -8.762e+04 -8.709e+04 -8.746e+04 -8.751e+04 -8.677e+04 -8.608e+04 -8.773e+04 -8.869e+04 -8.941e+04 -8.673e+04 -8.997e+04 -8.822e+04 -9.136e+04 -9.022e+04 -8.988e+04 -8.834e+04 -8.223e+04 -9.372e+04 -7.32e+04
 -3.324e+04 -2.212e+04 -2.256e+04 -2.196e+04 -2.342e+04 -2.076e+04 -2.268e+04 -2.244e+04 -2.284e+04 -2.292e+04 -2.221e+04 -2.36e+04 -2.281e+04 -2.379e+04 -2.209e+04 4665 -2.469e+04 -2.442e+04 -2.54e+04 -1.825e+04
 -6.315e+04 -7.682e+04 -7.687e+04 -7.899e+04 -7.759e+04 -7.775e+04 -7.24e+04 -7.752e+04 -7.858e+04 -7.88e+04 -7.853e+04 -7.621e+04 -7.734e+04 -7.747e+04 -7.749e+04 -7.557e+04 -7.914e+04 -6.561e+04 -6.523e+04 -7.874e+04
 -4.72e+04 -6.646e+04 -6.604e+04 -6.643e+04 -6.749e+04 -6.586e+04 -6.701e+04 -6.556e+04 -6.707e+04 -6.606e+04 -6.7e+04 -7.002e+04 -6.742e+04 -6.582e+04 -6.794e+04 -6.451e+04 -7.037e+04 -5.482e+04 -6.278e+04 -6.079e+04
 -8.529e+04 -5.916e+04 -6.759e+04 -8.266e+04 -8.759e+04 -7.89e+04 -9.022e+04 -8.609e+04 -8.456e+04 -8.517e+04 -8.562e+04 -8.166e+04 -8.643e+04 -8.765e+04 -8.724e+04 -8.566e+04 -8.687e+04 -8.498e+04 -8.704e+04 -8.579e+04
 -1.33e+04 -2.751e+04 -2.756e+04 -2.741e+04 -2.741e+04 -2.674e+04 -2.766e+04 -2.808e+04 -2.831e+04 -2.947e+04 -2.737e+04 -2.896e+04 -2.807e+04 -2.852e+04 -2.842e+04 -2.78e+04 -3.31e+04 -2284 -3.443e+04 -3.323e+04
 -3.042e+04 -2.624e+04 -2.619e+04 -2.723e+04 -2.742e+04 -2.486e+04 -2.388e+04 -2.375e+04 1.673e+04 -2.696e+04 -2.584e+04 -2.702e+04 -2.678e+04 -2.65e+04 -2.509e+04 -2.682e+04 -2.737e+04 -2.66e+04 -2.747e+04 -2.764e+04
 -2.383e+04 -4297 -2.756e+04 -2.844e+04 -2.696e+04 -2.793e+04 -2.702e+04 -2.624e+04 -2.653e+04 -2.638e+04 -2.672e+04 -3612 -2.827e+04 -2.607e+04 -2.445e+04 -2.706e+04 -2.771e+04 -2.659e+04 -2.82e+04 -2.661e+04
 -5.54e+04 -6.728e+04 -6.697e+04 -6.724e+04 -6.737e+04 -6.68e+04 -6.646e+04 -6.662e+04 -6.728e+04 -6.737e+04 -6.771e+04 -6.756e+04 -6.762e+04 -6.929e+04 -6.8e+04 -5.237e+04 -7.048e+04 -6.859e+04 -7.241e+04 -5.151e+04
 -1.824e+04 -1.929e+04 -1.957e+04 -1.912e+04 -1.888e+04 -1.841e+04 -1.971e+04 -1.863e+04 -1.9e+04 -3713 -2134 -1.902e+04 -1.951e+04 -1.916e+04 -1.972e+04 -1.905e+04 -1.908e+04 -1.909e+04 -2.097e+04 -2e+04
 -7.154e+04 -7.01e+04 -6.489e+04 -7.048e+04 -6.564e+04 -8581 -6.982e+04 -6.35e+04 -6.552e+04 -6.848e+04 -6.848e+04 -7.415e+04 -7.346e+04 -6.692e+04 -7.1e+04 -6.924e+04 -6.863e+04 -6.684e+04 -7.247e+04 -6.946e+04
 -1.702e+05 -1.706e+05 -1.638e+05 -1.394e+05 -1.525e+05 -1.696e+05 -1.516e+05 -1.584e+05 -1.56e+05 -1.673e+05 -1.69e+05 -1.702e+05 -1.623e+05 -1.666e+05 -1.695e+05 -1.684e+05 -1.672e+05 -1.666e+05 -1.686e+05 -1.656e+05
 -8.632e+04 -8.758e+04 -8.196e+04 -5.8e+04 -6.422e+04 -8.145e+04 -7.587e+04 -8.398e+04 -8.697e+04 -8.695e+04 -8.651e+04 -8.73e+04 -7.748e+04 -8.504e+04 -8.604e+04 -8.644e+04 -8.767e+04 -8.489e+04 -8.616e+04 -8.522e+04
 -4.635e+04 -4.219e+04 -4.292e+04 -4.451e+04 -4.372e+04 -4.26e+04 -4.355e+04 1.683e+04 -4.15e+04 -4.8e+04 -4.297e+04 -4.477e+04 -4.124e+04 -4.53e+04 -4.367e+04 -4.541e+04 -4.43e+04 -4.372e+04 -4.957e+04 -4.81e+04
 -7.752e+04 -8.044e+04 -7.075e+04 -6.444e+04 -6.218e+04 -7.912e+04 -6.45e+04 -7.626e+04 -7.587e+04 -7.647e+04 -7.529e+04 -7.171e+04 -6.745e+04 -7.739e+04 -7.612e+04 -7.398e+04 -7.505e+04 -7.459e+04 -7.622e+04 -7.562e+04
 -1.347e+05 -1.163e+05 -1.115e+05 -1.368e+05 -1.371e+05 -1.094e+05 -1.349e+05 -1.335e+05 -1.324e+05 -1.347e+05 -1.341e+05 -1.258e+05 -1.354e+05 -1.334e+05 -1.38e+05 -1.339e+05 -1.309e+05 -1.329e+05 -1.346e+05 -1.326e+05
 -2.948e+04 -3.008e+04 -2.952e+04 -3e+04 -3.194e+04 -2.984e+04 -2.802e+04 -3.064e+04 -2.927e+04 -3820 -1.492e+04 -3.014e+04 -2.886e+04 -3.055e+04 -3.03e+04 -2.977e+04 -3.288e+04 -2.69e+04 -3.235e+04 -2.942e+04
 -8.98e+04 -8.76e+04 -9.134e+04 -8.889e+04 -8.846e+04 -8.72e+04 -8.8e+04 -8.897e+04 -8.944e+04 -9.111e+04 -8.696e+04 -9.093e+04 -9.022e+04 -9.108e+04 -8.31e+04 -8.986e+04 -7.341e+04 -7.718e+04 -7.693e+04 -8.807e+04
 -7.025e+05 -7.071e+05 -7.072e+05 -7.084e+05 -7.072e+05 -7.079e+05 -7.078e+05 -7.068e+05 -7.076e+05 -7.079e+05 -7.072e+05 -7.035e+05 -7.07e+05 -6.992e+05 -7.08e+05 -7.059e+05 -7.041e+05 -7.057e+05 -6.965e+05 -7.063e+05
 -2.329e+04 -2.146e+04 -2.179e+04 -2.207e+04 -2.259e+04 -2.088e+04 -2.011e+04 -2.158e+04 -2.176e+04 -4.269e+04 4.185e+04 -2.201e+04 -2.174e+04 -2.126e+04 -2.202e+04 -2.217e+04 -2.316e+04 -2.124e+04 -2.424e+04 -2.273e+04
 -8.426e+04 -8.114e+04 -8.276e+04 -6.352e+04 -7.329e+04 -8.322e+04 -8.198e+04 -8.233e+04 -8.364e+04 -8.337e+04 -8.343e+04 -5.88e+04 -5.018e+04 -8.238e+04 -8.533e+04 -8.387e+04 -8.505e+04 -8.328e+04 -8.889e+04 -8.557e+04
 -3.587e+04 -3.668e+04 -3.697e+04 -3.71e+04 -3.679e+04 -3.513e+04 -3.627e+04 -3.786e+04 -3.758e+04 -3.833e+04 -3.595e+04 -3.831e+04 -3.725e+04 -3.552e+04 -3.708e+04 -4.042e+04 -3.92e+04 1.834e+04 -3.316e+04 -3.832e+04
 -9.622e+04 -9.186e+04 -9.604e+04 -7.949e+04 -1.005e+05 -8.229e+04 -7.929e+04 -9.407e+04 -9.39e+04 -9.244e+04 -9.239e+04 -8.982e+04 -9.433e+04 -9.391e+04 -9.745e+04 -9.376e+04 -9.321e+04 -9.125e+04 -9.432e+04 -9.355e+04
 -5.098e+04 -4.78e+04 -4.687e+04 -4.763e+04 -4.779e+04 -4.68e+04 -4.624e+04 -4.387e+04 3.756e+04 -4.947e+04 -4.648e+04 -4.709e+04 -4.706e+04 -4.689e+04 -4.735e+04 -4.806e+04 -4.97e+04 -4.799e+04 -5.358e+04 -5.024e+04
 -3.91e+04 -3.478e+04 -3.481e+04 -3.643e+04 -3.592e+04 -3.434e+04 -3.17e+04 -3.716e+04 3.802e+04 -3.662e+04 -3.483e+04 -3.588e+04 -3.569e+04 -3.242e+04 -3.65e+04 -3.57e+04 -3.764e+04 -3.53e+04 -4.018e+04 -3.733e+04
 -3.871e+04 -3.268e+04 -3.362e+04 -3.244e+04 -3.215e+04 -3.26e+04 -3.24e+04 -3.22e+04 -3.379e+04 -3.304e+04 -3.246e+04 -3.724e+04 -3.341e+04 -3.325e+04 -3.383e+04 -3.47e+04 -2.5e+04 -3.659e+04 -1.618e+04 -3.184e+04
 -8.226e+04 -8.331e+04 -8.13e+04 -8.029e+04 -8.222e+04 -7.5e+04 -7.894e+04 -7.75e+04 -7.554e+04 -7.72e+04 -7.827e+04 -3.733e+04 -7.082e+04 -7.49e+04 -8.009e+04 -7.895e+04 -8.017e+04 -7.704e+04 -8.461e+04 -7.663e+04
 -1.188e+06 -1.19e+06 -1.193e+06 -1.19e+06 -1.191e+06 -1.191e+06 -1.193e+06 -1.188e+06 -1.186e+06 -1.188e+06 -1.192e+06 -1.193e+06 -1.19e+06 -1.179e+06 -1.192e+06 -1.191e+06 -1.186e+06 -1.189e+06 -1.179e+06 -1.189e+06
 -5.392e+04 -4.497e+04 -4.472e+04 -4.551e+04 -4.459e+04 -4.416e+04 -4.465e+04 -4.5e+04 -4.586e+04 -2.909e+04 -4.601e+04 -4.509e+04 -4.526e+04 -4.62e+04 -4.57e+04 -4.144e+04 -4.437e+04 -2.57e+04 -4.19e+04 -4.642e+04
 -3.486e+04 -3.941e+04 -3.914e+04 -3.938e+04 -3.994e+04 -3.912e+04 -3.928e+04 -3.872e+04 -3.904e+04 -3.91e+04 -3.886e+04 -3.94e+04 -3.96e+04 -3.974e+04 -3.943e+04 -9318 -4.012e+04 -4.012e+04 -4.226e+04 -3.638e+04
 -3.516e+04 -4.729e+04 -4.719e+04 -4.734e+04 -4.736e+04 -4.615e+04 -4.566e+04 -4.718e+04 -4.753e+04 -4.666e+04 -4.458e+04 -4.57e+04 -4.81e+04 -4.902e+04 -4.543e+04 -3.206e+04 -4.642e+04 -5.028e+04 -5.002e+04 -5.074e+04
 -1.887e+04 -1.371e+04 -1.402e+04 -1.38e+04 -1.379e+04 -1.337e+04 -1.292e+04 -1.65e+04 -1.59e+04 -1.755e+04 -1.455e+04 -1.649e+04 -1.474e+04 -1.489e+04 -1.611e+04 -1.508e+04 -1.768e+04 1.786e+04 -1.812e+04 -1.764e+04
 -3.102e+05 -3.244e+05 -3.253e+05 -3.134e+05 -3.165e+05 -3.205e+05 -3.196e+05 -3.211e+05 -3.228e+05 -3.254e+05 -3.232e+05 -3.233e+05 -3.2e+05 -3.174e+05 -3.187e+05 -3.251e+05 -3.26e+05 -3.241e+05 -3.21e+05 -3.202e+05
 -6.841e+04 -7.122e+04 -7.079e+04 -7.014e+04 -7.171e+04 -7.065e+04 -7.189e+04 -7.083e+04 -7.168e+04 -7.398e+04 -6.938e+04 -5.336e+04 -7.419e+04 -7.23e+04 -7.422e+04 -7.262e+04 -5.606e+04 -6.06e+04 -5.364e+04 -6.805e+04
 -1.603e+05 -1.44e+05 -7.852e+04 -1.488e+05 -1.659e+05 -1.339e+05 -1.588e+05 -1.527e+05 -1.559e+05 -1.571e+05 -1.566e+05 -1.584e+05 -1.619e+05 -1.545e+05 -1.588e+05 -1.572e+05 -1.581e+05 -1.553e+05 -1.581e+05 -1.565e+05
 -4.417e+04 -4.428e+04 -4.363e+04 -4.466e+04 -4.457e+04 -4.356e+04 -4.502e+04 -4.65e+04 -4.282e+04 -4.632e+04 -4.499e+04 -4.544e+04 -4.442e+04 -4.598e+04 -4.461e+04 -4.626e+04 -2.848e+04 -2.688e+04 -5.186e+04 -3.809e+04
 -8.04e+04 -7.645e+04 -8.364e+04 -1.084e+05 -2.362e+04 -9.448e+04 -9.383e+04 -8.761e+04 -8.815e+04 -8.818e+04 -8.745e+04 -8.827e+04 -8.994e+04 -8.313e+04 -8.622e+04 -8.697e+04 -8.75e+04 -8.686e+04 -9.054e+04 -8.49e+04
 -5.701e+04 -5.777e+04 -6.217e+04 -6.496e+04 -6.06e+04 -6.085e+04 2.137e+04 -5.553e+04 -5.369e+04 -6.121e+04 -6.129e+04 -5.773e+04 -6.066e+04 -5.319e+04 -5.78e+04 -5.942e+04 -5.813e+04 -5.738e+04 -5.673e+04 -5.698e+04
 -9.328e+04 -9.268e+04 -9.859e+04 -1.014e+05 -9.598e+04 -9.559e+04 -9.582e+04 -9.589e+04 -9.791e+04 -1.012e+05 -9.908e+04 -9.854e+04 -9.584e+04 -9.555e+04 -2.974e+04 -9.631e+04 -9.69e+04 -9.8e+04 -1.031e+05 -9.244e+04
 -7.406e+04 2537 -7.554e+04 -7.498e+04 -7.528e+04 -6.042e+04 -6.773e+04 -7.029e+04 -7.091e+04 -7.196e+04 -7.185e+04 -7.551e+04 -7.245e+04 -6.948e+04 -7.454e+04 -7.149e+04 -7.255e+04 -7.042e+04 -7.317e+04 -7.146e+04
 -1.437e+05 -1.393e+05 -1.254e+05 -1.059e+05 -1.272e+05 -1.444e+05 -1.318e+05 -1.412e+05 -1.413e+05 -1.433e+05 -1.431e+05 -1.415e+05 -1.412e+05 -1.417e+05 -1.428e+05 -1.427e+05 -1.384e+05 -1.408e+05 -1.415e+05 -1.418e+05
 -1.245e+04 -1.201e+04 -1.217e+04 -1.216e+04 -1.331e+04 -1.177e+04 -1.257e+04 -1.18e+04 -1.213e+04 -2.432e+04 2.562e+04 -1.225e+04 -1.219e+04 -1.151e+04 -1.227e+04 -1.229e+04 -1.247e+04 -1.208e+04 -1.286e+04 -1.218e+04
 -9380 -8229 -8117 -8311 -8293 -8122 -8247 -1.164e+04 -8515 -8851 -8237 -8775 -8387 -8602 -8733 -8722 -1.01e+04 1.019e+04 -6180 -9263
 -1.074e+05 -1.21e+05 -1.203e+05 -1.211e+05 -1.187e+05 -1.213e+05 -1.21e+05 -1.205e+05 -1.219e+05 -1.214e+05 -1.204e+05 -1.193e+05 -1.231e+05 -1.052e+05 -1.188e+05 -1.175e+05 -1.193e+05 -1.222e+05 -1.204e+05 -1.174e+05
 -1.215e+04 -1.068e+04 -1.056e+04 -1.017e+04 -1.006e+04 -1.038e+04 -9757 -1.006e+04 -1.045e+04 -1.099e+04 -1.008e+04 -1.132e+04 -1.072e+04 -1.096e+04 -1.09e+04 -1.077e+04 -1.154e+04 5967 -6073 -1.081e+04
 -7.326e+04 -7.609e+04 -6.044e+04 -7.158e+04 -7.089e+04 -6.334e+04 -7.559e+04 -7.05e+04 -6.967e+04 -6.585e+04 -5.876e+04 -6.93e+04 -7.226e+04 -7.122e+04 -7.223e+04 -7.18e+04 -7.084e+04 -7.009e+04 -7.054e+04 -7.006e+04
 -2.017e+04 -1.768e+04 -1.776e+04 -1.802e+04 -1.816e+04 -1.718e+04 -1.7e+04 -1.719e+04 -1.796e+04 -1.79e+04 -1.748e+04 2.312e+04 -1.834e+04 -1.748e+04 -1.884e+04 -1.742e+04 -1.842e+04 -1.803e+04 -2.391e+04 -2.035e+04
 -9892 -7053 -7217 -7196 -7140 -6858 -6988 -7765 -7488 -8128 -7448 -7972 -7070 -7175 -7446 -7425 -8554 1.186e+04 -1.041e+04 -8730


