# Created by Octave 5.2.0, Thu Sep 24 23:52:35 2020 CEST <jiwidi@land>
# name: w
# type: matrix
# rows: 197
# columns: 10
 -7.551e+04 -7.008e+04 -7.556e+04 -7.5e+04 -7.078e+04 -7.044e+04 -7.238e+04 -7.357e+04 -7.875e+04 -7.302e+04
 0 0 0 0 0 0 0 0 0 0
 0 0 0 0 0 0 0 0 0 0
 -421.8 -616.4 -600.2 -378.6 -481 -155.7 -318.7 216.4 -441.4 -510.4
 -1849 -2775 -3046 -3054 -2275 -1663 -1403 3455 -2573 -3440
 -2052 -3191 -2473 -3695 -2345 -2402 -2240 2544 -3166 -3810
 -6075 -6933 -5604 -5255 -4421 -6306 -5913 -470.6 -6241 -8320
 -9474 -1.201e+04 -8647 -7801 -1.083e+04 -1.11e+04 -1.107e+04 -8187 -8447 -8981
 -1.662e+04 -1.909e+04 -1.762e+04 -1.439e+04 -2.075e+04 -1.913e+04 -1.626e+04 -1.899e+04 -1.509e+04 -8996
 -2.142e+04 -2.182e+04 -2.293e+04 -2.04e+04 -2.725e+04 -2.53e+04 -2.098e+04 -2.474e+04 -1.937e+04 -1.445e+04
 -2.252e+04 -1.863e+04 -2.337e+04 -2.14e+04 -2.657e+04 -2.56e+04 -2.101e+04 -2.33e+04 -2.159e+04 -1.901e+04
 -1.835e+04 -1.446e+04 -1.97e+04 -1.749e+04 -1.647e+04 -1.968e+04 -1.872e+04 -1.873e+04 -1.893e+04 -2.065e+04
 -9910 -8897 -1.084e+04 -1.051e+04 -7327 -7385 -1.094e+04 -8209 -1.191e+04 -1.27e+04
 -4498 -3752 -4353 -3829 -1605 237.5 -4840 -3762 -4740 -4670
 -400 -190 -302 -400 -342 400 -400 -211 -368 -400
 -95.48 -124 -124 -124 -124 -124 -81.84 124 -124 -124
 -358.5 -481.8 -696.5 -734 -635.5 -334.8 -313.5 795.5 -564.1 -757.9
 -2959 -4624 -3459 -3987 -3787 -2509 -2917 3040 -4270 -5318
 -8026 -1.159e+04 -9602 -8948 -9944 -7236 -8481 3221 -1.003e+04 -1.346e+04
 -1.89e+04 -2.451e+04 -2.014e+04 -1.756e+04 -1.924e+04 -1.88e+04 -2.04e+04 -7600 -1.997e+04 -2.384e+04
 -3.002e+04 -3.578e+04 -2.956e+04 -2.678e+04 -3.157e+04 -3.035e+04 -3.082e+04 -2.025e+04 -2.961e+04 -2.684e+04
 -3.713e+04 -4.537e+04 -3.718e+04 -3.581e+04 -4.4e+04 -4.147e+04 -3.865e+04 -3.008e+04 -3.544e+04 -3.064e+04
 -4.382e+04 -5.163e+04 -4.393e+04 -4.218e+04 -5.463e+04 -4.919e+04 -4.438e+04 -3.804e+04 -4.027e+04 -3.63e+04
 -4.799e+04 -5.154e+04 -4.999e+04 -4.747e+04 -5.888e+04 -5.21e+04 -4.767e+04 -4.275e+04 -4.468e+04 -4.134e+04
 -5.005e+04 -4.864e+04 -5.2e+04 -5.048e+04 -5.865e+04 -5.197e+04 -5.142e+04 -4.608e+04 -4.878e+04 -4.488e+04
 -4.471e+04 -4.365e+04 -4.778e+04 -4.581e+04 -4.369e+04 -4.329e+04 -4.762e+04 -3.945e+04 -4.543e+04 -4.654e+04
 -3.183e+04 -3.119e+04 -3.273e+04 -2.845e+04 -2.485e+04 -2.33e+04 -3.404e+04 -2.481e+04 -2.978e+04 -3.505e+04
 -1.405e+04 -1.315e+04 -1.281e+04 -7644 -1.1e+04 -3066 -1.494e+04 -1.158e+04 -1.4e+04 -1.416e+04
 -3331 -3079 -2539 -2159 -3134 1640 -3197 -2080 -3241 -2952
 -200 -200 -200 200 -200 -200 -199 -200 -200 -200
 -1510 -1713 -785.5 -954.3 -1853 -1193 -1515 -6.646 -1847 -2042
 -5625 -7042 -4926 -5931 -6956 -5560 -6185 325.5 -6013 -7877
 -1.547e+04 -1.876e+04 -1.486e+04 -1.48e+04 -1.796e+04 -1.507e+04 -1.619e+04 -6387 -1.457e+04 -1.851e+04
 -3.095e+04 -3.556e+04 -2.776e+04 -2.908e+04 -3.027e+04 -3.019e+04 -3.174e+04 -2.438e+04 -3.057e+04 -2.568e+04
 -3.664e+04 -4.301e+04 -3.554e+04 -3.715e+04 -3.852e+04 -3.636e+04 -3.8e+04 -3.412e+04 -3.482e+04 -2.918e+04
 -3.245e+04 -3.804e+04 -3.323e+04 -3.359e+04 -3.739e+04 -3.118e+04 -3.434e+04 -2.983e+04 -3.113e+04 -3.332e+04
 -3.003e+04 -3.289e+04 -3.014e+04 -3.144e+04 -3.67e+04 -2.626e+04 -3.037e+04 -2.635e+04 -3.154e+04 -3.589e+04
 -2.869e+04 -2.823e+04 -3.07e+04 -3.291e+04 -3.711e+04 -2.638e+04 -3.274e+04 -2.752e+04 -3.59e+04 -3.737e+04
 -3.84e+04 -3.688e+04 -4.279e+04 -4.45e+04 -4.381e+04 -4.038e+04 -4.702e+04 -3.956e+04 -4.536e+04 -4.379e+04
 -4.05e+04 -4.41e+04 -4.57e+04 -4.685e+04 -4.049e+04 -4.307e+04 -5.08e+04 -3.892e+04 -4.587e+04 -4.5e+04
 -2.809e+04 -3.211e+04 -2.995e+04 -2.577e+04 -2.662e+04 -2.629e+04 -3.454e+04 -2.416e+04 -2.497e+04 -3.186e+04
 -1.315e+04 -1.396e+04 -1.249e+04 -6596 -1.278e+04 -8350 -1.531e+04 -1.28e+04 -1.156e+04 -1.374e+04
 -3858 -3272 -2575 -1444 -3303 177 -3421 -2953 -3350 -3084
 -200 -200 200 -127 -200 -200 -200 -200 -200 -200
 -879.7 -958.5 -365.9 -788.6 -1150 -809.8 -871.2 175.6 -1038 -963.7
 -6561 -8473 -7115 -9428 -8360 -7290 -7363 -2774 -6325 -8933
 -2.019e+04 -2.38e+04 -2.021e+04 -2.463e+04 -2.154e+04 -1.918e+04 -2.169e+04 -1.715e+04 -1.896e+04 -1.599e+04
 -3.218e+04 -3.707e+04 -2.979e+04 -3.582e+04 -2.871e+04 -2.934e+04 -3.391e+04 -3.265e+04 -3.136e+04 -2.29e+04
 -2.533e+04 -3.115e+04 -2.546e+04 -3.091e+04 -2.445e+04 -2.448e+04 -2.938e+04 -2.842e+04 -2.516e+04 -2.685e+04
 -2.108e+04 -2.534e+04 -2.231e+04 -2.768e+04 -2.483e+04 -1.58e+04 -2.032e+04 -2.196e+04 -2.304e+04 -2.469e+04
 -1.566e+04 -1.86e+04 -1.83e+04 -2.37e+04 -2.332e+04 -1.495e+04 -1.915e+04 -2.082e+04 -2.524e+04 -2.175e+04
 -2.013e+04 -1.536e+04 -2.552e+04 -2.745e+04 -2.804e+04 -2.281e+04 -2.635e+04 -2.596e+04 -2.927e+04 -2.552e+04
 -3.439e+04 -3.356e+04 -4.072e+04 -4.253e+04 -3.618e+04 -3.985e+04 -4.459e+04 -3.623e+04 -4.203e+04 -3.826e+04
 -3.289e+04 -4.188e+04 -3.929e+04 -3.83e+04 -3.572e+04 -4.146e+04 -4.442e+04 -3.359e+04 -3.704e+04 -3.764e+04
 -1.987e+04 -2.451e+04 -2.225e+04 -1.884e+04 -2.119e+04 -2.565e+04 -2.772e+04 -2.223e+04 -1.736e+04 -2.246e+04
 -7039 -1.006e+04 -8242 -4542 -9521 -1.033e+04 -1.166e+04 -9730 -8526 -9272
 -1691 -2453 -1696 -814.5 -2361 -2111 -2789 -2420 -2328 -2183
 -200 -200 200 -200 -200 -200 -200 -200 -200 -200
 -530 -1346 -441.7 -1452 -1366 -1740 -1335 -1544 -1229 -1374
 -6979 -8998 -9960 -1.163e+04 -8424 -7142 -8636 -7944 -7428 -7981
 -2.26e+04 -2.707e+04 -2.611e+04 -3.02e+04 -2.173e+04 -1.939e+04 -2.468e+04 -2.536e+04 -2.365e+04 -1.466e+04
 -2.74e+04 -3.341e+04 -3.007e+04 -3.58e+04 -2.344e+04 -2.596e+04 -3.037e+04 -3.097e+04 -2.633e+04 -2.389e+04
 -2.251e+04 -2.722e+04 -2.624e+04 -2.969e+04 -2.29e+04 -1.954e+04 -2.331e+04 -2.567e+04 -2.106e+04 -2.33e+04
 -1.578e+04 -2.017e+04 -1.991e+04 -2.118e+04 -2.062e+04 -1.651e+04 -1.562e+04 -1.947e+04 -1.901e+04 -1.687e+04
 -1.679e+04 -1.236e+04 -1.85e+04 -1.763e+04 -2.035e+04 -1.929e+04 -1.684e+04 -2.138e+04 -2.032e+04 -1.518e+04
 -3.076e+04 -2.366e+04 -3.31e+04 -3.08e+04 -3.208e+04 -3.673e+04 -3.545e+04 -3.248e+04 -3.435e+04 -2.849e+04
 -3.969e+04 -3.98e+04 -4.295e+04 -3.74e+04 -3.688e+04 -4.888e+04 -4.554e+04 -3.866e+04 -4.061e+04 -3.869e+04
 -2.6e+04 -3.231e+04 -2.889e+04 -2.682e+04 -2.728e+04 -3.605e+04 -3.477e+04 -2.77e+04 -2.644e+04 -2.789e+04
 -8326 -1.487e+04 -1.327e+04 -1.122e+04 -1.254e+04 -2.036e+04 -1.939e+04 -1.572e+04 -1.21e+04 -1.383e+04
 431.1 -3923 -2715 -2741 -3843 -7209 -6148 -4109 -5069 -3465
 1411 -685.6 -543.3 -1178 -842.8 -1968 -1231 -658.5 -883.6 -645.9
 -46 -46 46 -46 -46 -46 -46 -46 -46 -46
 -527.6 -2588 -2776 -3516 -1340 -2519 -2844 -3593 -3107 -3338
 -8929 -1.187e+04 -1.396e+04 -1.448e+04 -6286 -8399 -1.167e+04 -1.274e+04 -1.186e+04 -1.102e+04
 -2.145e+04 -2.683e+04 -2.766e+04 -2.957e+04 -1.778e+04 -1.925e+04 -2.348e+04 -2.771e+04 -2.519e+04 -1.757e+04
 -2.894e+04 -3.43e+04 -3.574e+04 -3.568e+04 -2.667e+04 -2.253e+04 -2.905e+04 -3.457e+04 -2.647e+04 -2.379e+04
 -2.738e+04 -3.119e+04 -3.325e+04 -3.003e+04 -2.748e+04 -2.298e+04 -2.473e+04 -3.164e+04 -2.262e+04 -2.276e+04
 -2.542e+04 -2.54e+04 -2.776e+04 -2.221e+04 -2.736e+04 -2.438e+04 -2.45e+04 -3.103e+04 -2.411e+04 -1.897e+04
 -3.621e+04 -2.571e+04 -3.602e+04 -2.874e+04 -3.687e+04 -3.437e+04 -3.755e+04 -4.031e+04 -3.34e+04 -2.782e+04
 -4.609e+04 -3.784e+04 -4.458e+04 -3.756e+04 -4.12e+04 -4.44e+04 -4.716e+04 -4.218e+04 -4.261e+04 -3.889e+04
 -3.903e+04 -3.771e+04 -3.546e+04 -3.118e+04 -3.29e+04 -3.828e+04 -4.013e+04 -3.42e+04 -3.595e+04 -3.342e+04
 -1.703e+04 -1.966e+04 -1.645e+04 -1.722e+04 -1.727e+04 -2.242e+04 -2.43e+04 -1.825e+04 -1.908e+04 -1.755e+04
 -357.2 -8431 -5576 -9710 -6789 -1.182e+04 -1.335e+04 -9081 -1.042e+04 -8365
 3256 -2427 -1572 -4380 -2824 -4986 -4780 -2690 -3417 -2373
 1349 -408.8 -531.8 -891.8 -579.8 -1449 -951.4 -422.2 -659.3 -456.5
 332.7 -328 -922 -545.6 -260.5 -677.8 -414.5 -620.3 -450.5 -489
 -1750 -4860 -6463 -6428 -881.3 -3960 -5142 -6394 -6025 -5376
 -7098 -1.166e+04 -1.523e+04 -1.508e+04 -3910 -8790 -1.153e+04 -1.398e+04 -1.48e+04 -1.311e+04
 -2.049e+04 -2.452e+04 -2.691e+04 -2.528e+04 -1.219e+04 -1.634e+04 -2.175e+04 -2.64e+04 -2.688e+04 -2.019e+04
 -3.025e+04 -3.412e+04 -3.628e+04 -3.298e+04 -2.511e+04 -2.144e+04 -2.813e+04 -3.56e+04 -3.237e+04 -2.648e+04
 -3.82e+04 -4.035e+04 -3.99e+04 -3.276e+04 -3.451e+04 -2.837e+04 -3.398e+04 -4.288e+04 -2.935e+04 -3.084e+04
 -4.272e+04 -3.516e+04 -4.121e+04 -3.189e+04 -3.879e+04 -3.243e+04 -4.277e+04 -4.558e+04 -3.17e+04 -3.536e+04
 -5e+04 -3.785e+04 -4.724e+04 -3.751e+04 -4.283e+04 -4.281e+04 -4.813e+04 -4.558e+04 -4.056e+04 -4.321e+04
 -4.676e+04 -4.01e+04 -4.392e+04 -3.608e+04 -3.652e+04 -4.204e+04 -4.624e+04 -4.121e+04 -4.508e+04 -4.05e+04
 -2.996e+04 -2.828e+04 -2.294e+04 -1.974e+04 -2.144e+04 -2.479e+04 -2.9e+04 -2.556e+04 -3.155e+04 -2.383e+04
 -1.363e+04 -1.503e+04 -1.033e+04 -1.371e+04 -1.142e+04 -1.473e+04 -1.804e+04 -1.4e+04 -1.92e+04 -1.648e+04
 -992.5 -9023 -8520 -9372 -6183 -1.19e+04 -1.14e+04 -9674 -1.156e+04 -1.002e+04
 3084 -2742 -3823 -4499 -3036 -5737 -4576 -3682 -4239 -3569
 843 -216.8 -561.7 -515.3 -297 -573.3 -624.9 -343 -448.6 -302.9
 -251.6 -848.3 -1609 -1211 79.46 -1507 -572.7 -1201 -1034 -1305
 664.2 -4730 -6684 -6292 -755.6 -6735 -5023 -6255 -6015 -5614
 -5730 -1.045e+04 -1.197e+04 -1.268e+04 -1569 -1.319e+04 -9918 -1.165e+04 -1.361e+04 -1.278e+04
 -1.531e+04 -1.926e+04 -2.061e+04 -1.999e+04 -7840 -1.891e+04 -1.464e+04 -1.961e+04 -2.091e+04 -1.998e+04
 -2.616e+04 -2.972e+04 -2.691e+04 -2.557e+04 -1.58e+04 -2.668e+04 -2.046e+04 -2.897e+04 -2.121e+04 -2.748e+04
 -3.337e+04 -3.069e+04 -3.134e+04 -2.717e+04 -2.348e+04 -3.019e+04 -3.076e+04 -3.532e+04 -2.177e+04 -3.472e+04
 -4.305e+04 -3.146e+04 -3.922e+04 -3.608e+04 -3.229e+04 -3.773e+04 -4.134e+04 -4.014e+04 -2.954e+04 -4.272e+04
 -4.505e+04 -3.687e+04 -4.173e+04 -4.21e+04 -3.74e+04 -4.233e+04 -4.293e+04 -3.893e+04 -4.012e+04 -4.006e+04
 -3.716e+04 -3.3e+04 -3.079e+04 -3.126e+04 -2.721e+04 -3.466e+04 -3.146e+04 -3.365e+04 -3.573e+04 -2.966e+04
 -2.811e+04 -2.395e+04 -2.033e+04 -1.83e+04 -1.761e+04 -2.235e+04 -2.058e+04 -2.394e+04 -2.967e+04 -2.385e+04
 -1.705e+04 -1.811e+04 -1.72e+04 -1.122e+04 -1.512e+04 -1.75e+04 -1.543e+04 -1.757e+04 -2.25e+04 -2.025e+04
 -3842 -9882 -1.23e+04 -9266 -8852 -1.135e+04 -9879 -1.089e+04 -1.353e+04 -1.161e+04
 2431 -2932 -5940 -4062 -3768 -5571 -3813 -4341 -4463 -4105
 541.1 -166.5 -410.8 -361.6 -209.5 -389.1 -436.8 -315.9 -313.4 -237.8
 423.9 -1298 -2339 -1385 -1558 -1659 -1269 -1904 -1689 -1762
 450.3 -5460 -5053 -7502 -4691 -8272 -6245 -6785 -7402 -6575
 -4388 -9565 -9679 -1.284e+04 -7393 -1.606e+04 -8927 -1.034e+04 -9772 -1.09e+04
 -1.581e+04 -1.974e+04 -1.559e+04 -2.175e+04 -1.3e+04 -2.415e+04 -1.289e+04 -1.91e+04 -1.233e+04 -2.038e+04
 -2.363e+04 -2.399e+04 -1.97e+04 -2.634e+04 -1.791e+04 -2.743e+04 -1.961e+04 -2.509e+04 -1.226e+04 -2.619e+04
 -2.906e+04 -2.123e+04 -2.26e+04 -2.986e+04 -2.275e+04 -2.981e+04 -2.816e+04 -2.706e+04 -1.908e+04 -3.025e+04
 -4.143e+04 -3.254e+04 -3.438e+04 -4.225e+04 -3.28e+04 -3.995e+04 -3.791e+04 -3.511e+04 -3.541e+04 -3.799e+04
 -4.188e+04 -3.563e+04 -3.313e+04 -4.331e+04 -3.125e+04 -3.783e+04 -3.261e+04 -3.452e+04 -3.744e+04 -3.579e+04
 -3.227e+04 -2.664e+04 -2.259e+04 -2.973e+04 -2.296e+04 -2.833e+04 -1.929e+04 -2.749e+04 -2.66e+04 -2.335e+04
 -2.46e+04 -2.25e+04 -1.91e+04 -1.751e+04 -1.896e+04 -2.107e+04 -1.739e+04 -2.134e+04 -2.382e+04 -2.364e+04
 -1.5e+04 -1.836e+04 -2.001e+04 -1.226e+04 -1.745e+04 -1.765e+04 -1.375e+04 -1.754e+04 -2.257e+04 -1.993e+04
 -6466 -9690 -1.403e+04 -7753 -1.097e+04 -1.113e+04 -7758 -1.095e+04 -1.376e+04 -1.185e+04
 -1263 -3833 -5874 -3703 -4905 -5251 -3343 -5128 -5378 -4878
 -721.9 -963.5 -561.1 -1323 -1110 -535.8 -890.8 -1248 -1109 -1251
 -817.1 -2754 -2477 -3344 -3264 -1364 -2727 -2872 -3109 -2923
 -6182 -1.088e+04 -8998 -1.042e+04 -1.191e+04 -8984 -1.206e+04 -1.264e+04 -1.264e+04 -1.241e+04
 -1.182e+04 -1.722e+04 -1.066e+04 -1.999e+04 -1.797e+04 -2.094e+04 -1.545e+04 -1.83e+04 -1.25e+04 -1.861e+04
 -2.094e+04 -2.355e+04 -1.457e+04 -2.676e+04 -2.147e+04 -2.707e+04 -1.599e+04 -2.347e+04 -1.048e+04 -2.429e+04
 -2.451e+04 -2.078e+04 -1.734e+04 -2.843e+04 -2.303e+04 -2.702e+04 -2.002e+04 -2.277e+04 -1.662e+04 -2.697e+04
 -3.213e+04 -2.347e+04 -2.451e+04 -3.532e+04 -2.923e+04 -3.259e+04 -2.713e+04 -2.678e+04 -3.224e+04 -3.062e+04
 -4.164e+04 -3.499e+04 -3.2e+04 -4.347e+04 -3.459e+04 -3.808e+04 -3.153e+04 -3.361e+04 -4.087e+04 -3.514e+04
 -3.508e+04 -3.058e+04 -2.49e+04 -3.531e+04 -2.739e+04 -3.142e+04 -2.366e+04 -2.872e+04 -2.987e+04 -2.768e+04
 -2.534e+04 -2.504e+04 -1.826e+04 -2.46e+04 -2.147e+04 -2.443e+04 -1.996e+04 -2.474e+04 -2.366e+04 -2.186e+04
 -1.857e+04 -2.301e+04 -1.821e+04 -1.733e+04 -2.136e+04 -2.111e+04 -2.002e+04 -2.1e+04 -2.316e+04 -2.357e+04
 -1.578e+04 -1.906e+04 -1.766e+04 -1.126e+04 -1.945e+04 -1.964e+04 -1.406e+04 -1.836e+04 -2.254e+04 -2.038e+04
 -9354 -9614 -9647 -7211 -1.134e+04 -9657 -7292 -1.091e+04 -1.196e+04 -1.129e+04
 -3503 -4452 -3490 -3990 -5714 -4542 -3684 -5592 -5808 -5276
 -1178 -1072 -203.6 -1061 -1271 -742.4 -835.4 -929.3 -1227 -1086
 -4868 -5526 -3995 -3906 -6091 -27.66 -6582 -6075 -6521 -5991
 -1.62e+04 -1.879e+04 -1.271e+04 -1.464e+04 -2.054e+04 -9942 -1.985e+04 -2.028e+04 -1.722e+04 -1.997e+04
 -2.35e+04 -2.774e+04 -2.047e+04 -2.763e+04 -2.926e+04 -2.21e+04 -2.482e+04 -2.906e+04 -1.824e+04 -3.017e+04
 -2.559e+04 -2.67e+04 -2.428e+04 -3.011e+04 -3.038e+04 -2.574e+04 -2.061e+04 -2.751e+04 -2.109e+04 -3.045e+04
 -2.844e+04 -2.226e+04 -2.435e+04 -3.197e+04 -3.108e+04 -2.657e+04 -2.27e+04 -2.654e+04 -3.112e+04 -2.956e+04
 -3.603e+04 -2.879e+04 -2.983e+04 -3.81e+04 -3.343e+04 -3.272e+04 -2.67e+04 -3.106e+04 -4.246e+04 -3.214e+04
 -3.46e+04 -3.1e+04 -2.615e+04 -3.483e+04 -3.129e+04 -3.222e+04 -2.752e+04 -3.129e+04 -3.258e+04 -3.016e+04
 -2.791e+04 -2.833e+04 -2.186e+04 -2.96e+04 -2.519e+04 -2.839e+04 -2.848e+04 -2.893e+04 -2.556e+04 -2.62e+04
 -1.988e+04 -2.429e+04 -1.798e+04 -2.093e+04 -2.238e+04 -2.194e+04 -2.663e+04 -2.424e+04 -2.266e+04 -2.48e+04
 -2.008e+04 -2.354e+04 -1.593e+04 -1.549e+04 -2.249e+04 -2.187e+04 -1.966e+04 -2.247e+04 -2.562e+04 -2.427e+04
 -1.834e+04 -1.765e+04 -1.143e+04 -1.116e+04 -1.814e+04 -1.767e+04 -1.143e+04 -1.719e+04 -1.954e+04 -1.833e+04
 -1.019e+04 -9786 -5922 -7543 -1.151e+04 -8901 -7663 -1.148e+04 -1.095e+04 -1.107e+04
 -4131 -4768 -585.2 -4582 -5442 -4029 -5014 -5534 -5045 -5033
 -1754 -1414 1414 -1451 -1638 -1435 -1581 -1717 -1508 -1483
 -3966 -4002 -1404 -3202 -4327 -1656 -4515 -4495 -3645 -4129
 -1.921e+04 -2.087e+04 -1.248e+04 -1.511e+04 -2.213e+04 -1.227e+04 -2.264e+04 -2.207e+04 -1.735e+04 -2.207e+04
 -3.043e+04 -3.368e+04 -2.647e+04 -2.827e+04 -3.689e+04 -2.691e+04 -3.305e+04 -3.649e+04 -2.861e+04 -3.728e+04
 -3.627e+04 -3.547e+04 -3.603e+04 -3.486e+04 -4.324e+04 -3.385e+04 -3.346e+04 -3.877e+04 -3.755e+04 -4.185e+04
 -3.792e+04 -3.594e+04 -3.895e+04 -3.91e+04 -4.28e+04 -3.771e+04 -3.522e+04 -3.861e+04 -4.636e+04 -4.134e+04
 -3.696e+04 -3.48e+04 -3.634e+04 -3.925e+04 -3.864e+04 -3.582e+04 -3.471e+04 -3.809e+04 -4.142e+04 -3.809e+04
 -3.236e+04 -3.391e+04 -3.461e+04 -3.454e+04 -3.556e+04 -3.192e+04 -3.256e+04 -3.464e+04 -3.175e+04 -3.364e+04
 -2.722e+04 -3.061e+04 -2.834e+04 -2.781e+04 -2.938e+04 -2.957e+04 -2.977e+04 -3.135e+04 -2.817e+04 -3.186e+04
 -2.557e+04 -2.709e+04 -2.243e+04 -2.085e+04 -2.622e+04 -2.353e+04 -2.205e+04 -2.782e+04 -2.77e+04 -2.879e+04
 -2.245e+04 -2.157e+04 -1.514e+04 -1.576e+04 -2.105e+04 -2.06e+04 -1.416e+04 -2.168e+04 -2.362e+04 -2.311e+04
 -1.495e+04 -1.398e+04 -5988 -1.184e+04 -1.416e+04 -1.337e+04 -1.028e+04 -1.498e+04 -1.514e+04 -1.53e+04
 -8008 -8536 662.6 -8805 -8755 -7328 -8470 -9925 -9096 -9216
 -3558 -3423 1477 -3257 -3338 -2106 -4128 -3980 -3371 -3428
 -486 -417.2 646.2 -372.3 -400.3 -437.1 -636.2 -402.4 -450.2 -387.8
 -1675 -1748 987.7 -925.4 -1376 -1549 -1683 -1579 -1197 -1282
 -1.369e+04 -1.355e+04 -6815 -1.092e+04 -1.398e+04 -9885 -1.529e+04 -1.5e+04 -1.04e+04 -1.48e+04
 -2.824e+04 -2.863e+04 -2.317e+04 -2.622e+04 -3.278e+04 -2.68e+04 -3.034e+04 -3.137e+04 -2.517e+04 -3.224e+04
 -4.134e+04 -3.978e+04 -4.391e+04 -4.101e+04 -4.818e+04 -4.386e+04 -4.151e+04 -4.495e+04 -4.068e+04 -4.805e+04
 -4.481e+04 -4.355e+04 -5.182e+04 -4.448e+04 -5.099e+04 -4.881e+04 -4.263e+04 -4.83e+04 -4.382e+04 -5.09e+04
 -4.049e+04 -4.138e+04 -4.803e+04 -3.932e+04 -4.429e+04 -4.316e+04 -3.756e+04 -4.544e+04 -3.721e+04 -4.575e+04
 -3.31e+04 -3.383e+04 -4.009e+04 -3.032e+04 -3.529e+04 -3.385e+04 -2.757e+04 -3.61e+04 -3.279e+04 -3.671e+04
 -2.608e+04 -2.798e+04 -3.249e+04 -2.356e+04 -2.617e+04 -2.584e+04 -1.935e+04 -2.834e+04 -2.709e+04 -2.93e+04
 -1.895e+04 -1.89e+04 -1.96e+04 -1.441e+04 -1.838e+04 -1.763e+04 -1.185e+04 -2.084e+04 -1.912e+04 -2.116e+04
 -1.191e+04 -1.145e+04 -8870 -1.009e+04 -1.156e+04 -1.028e+04 -8509 -1.247e+04 -1.126e+04 -1.338e+04
 -8802 -8307 -1023 -8031 -8247 -6861 -8491 -8272 -8344 -8924
 -6175 -5739 4026 -5736 -5154 -4474 -6922 -5796 -5472 -5536
 -2232 -2234 2423 -1805 -1983 -1874 -2829 -2559 -2471 -2095
 -208.6 -192.6 285 -216.6 -155.6 -171.1 -277.5 -228.8 -201.4 -168.3
 0 0 0 0 0 0 0 0 0 0
 -3034 -2289 -100 -1540 -2473 -2284 -2907 -3011 -2967 -2504
 -1.078e+04 -9274 -8495 -1.064e+04 -1.162e+04 -1.117e+04 -1.136e+04 -1.037e+04 -9708 -1.074e+04
 -1.972e+04 -1.613e+04 -2.283e+04 -2.076e+04 -2.165e+04 -2.245e+04 -1.956e+04 -1.957e+04 -1.778e+04 -2.111e+04
 -2.169e+04 -2.152e+04 -2.526e+04 -2.166e+04 -2.445e+04 -2.494e+04 -2.247e+04 -2.598e+04 -1.964e+04 -2.295e+04
 -1.783e+04 -1.992e+04 -2.272e+04 -1.712e+04 -2.092e+04 -2.102e+04 -1.829e+04 -2.078e+04 -2.001e+04 -2.087e+04
 -1.474e+04 -1.47e+04 -1.832e+04 -1.349e+04 -1.48e+04 -1.555e+04 -1.281e+04 -1.528e+04 -1.516e+04 -1.504e+04
 -9663 -9305 -1.177e+04 -7326 -6919 -8935 -6177 -1.026e+04 -9231 -9520
 -4242 -4048 -4592 -2961 -2899 -3681 -3948 -4996 -3142 -4875
 -2243 -1999 -2272 -2490 -1457 -1838 -2425 -1551 -1708 -2770
 -2651 -1989 -280 -2096 -1985 -2233 -2537 -969 -1718 -2316
 -1827 -1585 854.2 -1268 -1537 -1455 -2012 -1259 -1623 -1565
 -656.3 -673.3 997.3 -685.2 -567.8 -704.4 -837.4 -806.2 -643.2 -539.9
 0 0 0 0 0 0 0 0 0 0


