# Created by Octave 5.2.0, Thu Sep 24 23:53:18 2020 CEST <jiwidi@land>
# name: w
# type: matrix
# rows: 197
# columns: 10
 -5.9e+05 -4.8e+05 -5.2e+05 -5.4e+05 -5e+05 -4.4e+05 -5.1e+05 -4.9e+05 -7.1e+05 -5.1e+05
 0 0 0 0 0 0 0 0 0 0
 0 0 0 0 0 0 0 0 0 0
 -1e+04 0 -3e+04 0 -2e+04 3e+04 -1e+04 0 -2e+04 -1e+04
 -1.38e+04 -2.84e+04 -4.22e+04 -8400 -2.22e+04 1.23e+04 -1.38e+04 6.15e+04 -2.22e+04 -3.53e+04
 -1e+04 -5.23e+04 5400 -2.383e+04 -4600 -3.46e+04 -3e+04 8.23e+04 -3.307e+04 -4.23e+04
 -8.46e+04 -8e+04 -1.536e+04 -2.1e+04 2.17e+04 -7.477e+04 -5.617e+04 4.54e+04 -3.08e+04 -1.116e+05
 -8.85e+04 -1.323e+05 -5.311e+04 -1.101e+05 -8.7e+04 -1.411e+05 -9.77e+04 -9.97e+04 6200 -5.259e+04
 -1.624e+05 -2.178e+05 -1.63e+05 -1.484e+05 -1.809e+05 -1.654e+05 -1.339e+05 -1.954e+05 -9.93e+04 -4.847e+04
 -1.916e+05 -1.34e+05 -1.509e+05 -1.359e+05 -2.47e+05 -2.038e+05 -1.87e+05 -2.393e+05 -1.203e+05 -8.3e+04
 -1.875e+05 -1.031e+05 -1.15e+05 -1.394e+05 -1.96e+05 -1.663e+05 -1.261e+05 -1.561e+05 -1.114e+05 -1.16e+05
 -1.323e+05 -5.493e+04 -1.191e+05 -1.273e+05 -1.293e+05 -1.114e+05 -1.154e+05 -1.526e+05 -6.51e+04 -1.34e+05
 -5.55e+04 -4500 -1.047e+05 -8.4e+04 -3.93e+04 5400 -4.3e+04 -3.06e+04 -1.186e+05 -1.063e+05
 -5.54e+04 0 -5e+04 -7.08e+04 6900 5.85e+04 -7.46e+04 -5e+04 -1.046e+05 -3.61e+04
 0 0 0 0 0 0 0 0 0 0
 0 0 -6200 -6200 0 0 0 1.24e+04 0 -1.24e+04
 -1200 0 -4480 -1.12e+04 0 2400 -1320 1.34e+04 -1e+04 -2400
 -2.82e+04 -1.775e+04 -2.033e+04 -2.795e+04 -3.005e+04 1.686e+04 -5.76e+04 2.908e+04 -4.921e+04 -3.644e+04
 -6.327e+04 -6.824e+04 -5.131e+04 -2.331e+04 -6.114e+04 -3.494e+04 -8.139e+04 4.148e+04 -7.365e+04 -1.05e+05
 -1.698e+05 -1.778e+05 -1.352e+05 -1.008e+05 -9.736e+04 -1.26e+05 -2.082e+05 -5.693e+04 -1.506e+05 -2.253e+05
 -2.286e+05 -3.191e+05 -2.452e+05 -2.267e+05 -2.595e+05 -2.549e+05 -2.627e+05 -1.424e+05 -2.819e+05 -2.43e+05
 -2.621e+05 -4.018e+05 -3.074e+05 -2.433e+05 -3.361e+05 -3.381e+05 -3.126e+05 -2.294e+05 -3.175e+05 -2.539e+05
 -3.548e+05 -4.333e+05 -3.255e+05 -3.143e+05 -4.813e+05 -3.812e+05 -3.767e+05 -2.865e+05 -3.107e+05 -2.232e+05
 -3.451e+05 -4.177e+05 -4.069e+05 -3.444e+05 -5.245e+05 -3.413e+05 -3.416e+05 -2.818e+05 -2.72e+05 -2.144e+05
 -4.177e+05 -3.345e+05 -3.713e+05 -3.586e+05 -4.447e+05 -3.634e+05 -3.93e+05 -2.985e+05 -3.512e+05 -2.929e+05
 -3e+05 -3.045e+05 -2.716e+05 -3.446e+05 -2.429e+05 -2.649e+05 -3.25e+05 -1.765e+05 -2.531e+05 -3.516e+05
 -2.172e+05 -1.772e+05 -2.389e+05 -2.59e+05 -1.365e+05 -1.098e+05 -2.288e+05 -1.345e+05 -2.657e+05 -2.35e+05
 -1.092e+05 -4.966e+04 -1.325e+05 -6.169e+04 -2.107e+04 5.211e+04 -1.475e+05 -5.007e+04 -1.636e+05 -9.189e+04
 -2.46e+04 -1.77e+04 -1e+04 -2.77e+04 -2.76e+04 4.76e+04 -3.99e+04 1e+04 -3e+04 -3e+04
 0 0 0 0 0 0 0 0 0 0
 -8600 -47 2.553e+04 -2.865e+04 -47 -2847 -3.86e+04 5878 -3.016e+04 -1.717e+04
 -2.836e+04 -3.979e+04 -2.26e+04 -2.266e+04 -5.12e+04 -2.016e+04 -5.309e+04 -520 -2.278e+04 -6.976e+04
 -1.004e+05 -1.217e+05 -9.854e+04 -7.516e+04 -1.226e+05 -8.556e+04 -1.399e+05 -7.141e+04 -5.92e+04 -1.989e+05
 -2.102e+05 -2.773e+05 -1.664e+05 -2.193e+05 -2.025e+05 -2.525e+05 -2.811e+05 -2.136e+05 -2.551e+05 -2.045e+05
 -2.615e+05 -3.254e+05 -3.323e+05 -2.431e+05 -2.916e+05 -3.062e+05 -2.98e+05 -3.017e+05 -2.84e+05 -2.166e+05
 -2.203e+05 -2.783e+05 -2.764e+05 -1.902e+05 -2.545e+05 -2.467e+05 -2.529e+05 -1.75e+05 -1.938e+05 -2.429e+05
 -1.409e+05 -2.065e+05 -2.051e+05 -1.938e+05 -2.481e+05 -1.533e+05 -2.177e+05 -1.403e+05 -1.341e+05 -2.109e+05
 -1.152e+05 -1.547e+05 -2.06e+05 -2.101e+05 -2.733e+05 -1.589e+05 -1.979e+05 -1.614e+05 -2.897e+05 -2.555e+05
 -2.27e+05 -2.528e+05 -3.086e+05 -3.417e+05 -2.71e+05 -3.057e+05 -3.399e+05 -2.805e+05 -2.722e+05 -3.131e+05
 -2.224e+05 -3.135e+05 -2.66e+05 -3.022e+05 -2.584e+05 -3.767e+05 -3.899e+05 -2.2e+05 -2.616e+05 -3.184e+05
 -1.541e+05 -2.22e+05 -2.505e+05 -1.233e+05 -1.56e+05 -1.813e+05 -2.345e+05 -1.223e+05 -1.346e+05 -1.988e+05
 -8.517e+04 -7.826e+04 -1.336e+05 910 -8.773e+04 4518 -8.5e+04 -4.365e+04 -3.64e+04 -6.52e+04
 -5.6e+04 -1.7e+04 -1.62e+04 -1.12e+04 -3.53e+04 2.16e+04 -2.7e+04 -7000 -4200 -3.22e+04
 0 0 1e+04 0 0 0 0 0 -1e+04 0
 -2887 0 5310 -3005 -2.3 6000 -3023 -3002 -1.46e+04 -1400
 -6.537e+04 -6.475e+04 -7.084e+04 -1.021e+05 -6.246e+04 -2.259e+04 -6.096e+04 5167 -3.146e+04 -9.923e+04
 -1.419e+05 -2.314e+05 -1.145e+05 -2.514e+05 -1.811e+05 -1.351e+05 -2.184e+05 -1.138e+05 -1.483e+05 -1.882e+05
 -2.624e+05 -3.159e+05 -1.806e+05 -2.836e+05 -1.684e+05 -2.183e+05 -2.573e+05 -2.241e+05 -2.603e+05 -1.767e+05
 -1.994e+05 -2.524e+05 -1.716e+05 -2.43e+05 -1.189e+05 -1.807e+05 -2.154e+05 -1.578e+05 -1.601e+05 -1.64e+05
 -1.415e+05 -1.992e+05 -1.227e+05 -2.355e+05 -1.44e+05 -6.289e+04 -1.146e+05 -1.109e+05 -1.136e+05 -1.275e+05
 -4.557e+04 -1.171e+05 -1.027e+05 -2.163e+05 -1.704e+05 -1.302e+04 -1.41e+05 -1.522e+05 -2.188e+05 -8.406e+04
 -1.162e+05 -1.044e+05 -2.069e+05 -1.442e+05 -2.187e+05 -1.625e+05 -1.967e+05 -1.286e+05 -2.128e+05 -1.592e+05
 -2.385e+05 -2.328e+05 -3.117e+05 -2.829e+05 -2.53e+05 -3e+05 -3.55e+05 -2.313e+05 -2.96e+05 -2.915e+05
 -1.915e+05 -3.249e+05 -2.836e+05 -2.341e+05 -3.212e+05 -3.34e+05 -3.939e+05 -2.563e+05 -2.669e+05 -2.428e+05
 -1.734e+05 -1.804e+05 -1.828e+05 -1.122e+05 -1.518e+05 -2.218e+05 -2.315e+05 -1.864e+05 -8.048e+04 -1.324e+05
 -2.126e+04 -7.635e+04 -1.03e+05 5.43e+04 -5.964e+04 -4.598e+04 -5.957e+04 -2.217e+04 -3.15e+04 -8.109e+04
 -2.24e+04 -3.58e+04 -1.44e+04 2.83e+04 -3.58e+04 5700 -2.16e+04 -1.58e+04 -7200 -2.58e+04
 -1e+04 -1e+04 3e+04 0 0 -1e+04 0 0 -2e+04 0
 2250 -1e+04 4.125e+04 -1.044e+04 -15.6 -2.453e+04 -9800 739.6 -2.898e+04 4408
 -9.362e+04 -9.779e+04 -1.256e+05 -1.775e+05 -8.714e+04 797 -1.035e+05 -8.699e+04 -5.157e+04 -5.129e+04
 -1.973e+05 -2.503e+05 -2.157e+05 -3.588e+05 -2.279e+05 -1.372e+05 -2.445e+05 -2.419e+05 -1.99e+05 -1.299e+05
 -2.507e+05 -3.202e+05 -2.066e+05 -3.338e+05 -1.75e+05 -1.744e+05 -2.936e+05 -2.182e+05 -2.117e+05 -2.219e+05
 -2.014e+05 -2.089e+05 -1.174e+05 -2.618e+05 -1.749e+05 -1.23e+05 -2.097e+05 -2.527e+05 -1.549e+05 -1.191e+05
 -1.438e+05 -1.777e+05 -1.287e+05 -2.036e+05 -1.997e+05 -6.555e+04 -1.552e+05 -2.278e+05 -1.177e+05 -8.474e+04
 -1.855e+05 -1.426e+05 -1.433e+05 -1.491e+05 -2.002e+05 -1.245e+05 -1.296e+05 -2.18e+05 -1.288e+05 -6.268e+04
 -2.621e+05 -1.755e+05 -2.4e+05 -1.942e+05 -2.325e+05 -3.458e+05 -2.878e+05 -2.296e+05 -3.267e+05 -1.923e+05
 -2.54e+05 -2.921e+05 -3.273e+05 -2.312e+05 -2.503e+05 -4.363e+05 -3.827e+05 -2.88e+05 -3.132e+05 -2.865e+05
 -1.422e+05 -1.916e+05 -1.938e+05 -2.123e+05 -2.166e+05 -2.582e+05 -2.806e+05 -1.824e+05 -1.652e+05 -1.584e+05
 -2.76e+04 -1.158e+05 -1.238e+05 -5.449e+04 -9.161e+04 -1.751e+05 -1.715e+05 -1.004e+05 -1.044e+05 -6.871e+04
 6.171e+04 -4.469e+04 -9720 -513.5 -4.66e+04 -8.231e+04 -4.029e+04 -3.009e+04 -4.414e+04 -8490
 2.99e+04 -3000 -2900 3000 -2.14e+04 -4.14e+04 -9900 -1.14e+04 -1500 0
 -2300 -2300 6900 0 0 -2300 0 0 -4600 0
 9938 -1.548e+04 -307 -4.258e+04 6130 -2.177e+04 -3.236e+04 -2.218e+04 -3.248e+04 -1.881e+04
 -7.414e+04 -1.376e+05 -1.867e+05 -1.806e+05 -2.963e+04 -4.236e+04 -7.144e+04 -1.359e+05 -8.67e+04 -1.001e+05
 -1.442e+05 -2.324e+05 -2.979e+05 -2.337e+05 -1.06e+05 -1.105e+05 -1.967e+05 -2.839e+05 -1.975e+05 -8.121e+04
 -1.617e+05 -2.222e+05 -2.972e+05 -2.72e+05 -1.42e+05 -1.462e+05 -1.7e+05 -2.774e+05 -9.352e+04 -1.823e+05
 -1.623e+05 -2.034e+05 -2.438e+05 -2.4e+05 -9.503e+04 -1.518e+05 -1.755e+05 -2.691e+05 -9.811e+04 -1.57e+05
 -1.474e+05 -2.014e+05 -2.552e+05 -1.856e+05 -1.225e+05 -1.269e+05 -2.002e+05 -2.453e+05 -1.561e+05 -9.341e+04
 -2.833e+05 -2.061e+05 -2.827e+05 -2.094e+05 -2.5e+05 -2.79e+05 -3.535e+05 -3.18e+05 -2.812e+05 -1.684e+05
 -3.374e+05 -2.678e+05 -3.353e+05 -2.791e+05 -2.754e+05 -2.999e+05 -3.729e+05 -2.658e+05 -3.506e+05 -2.315e+05
 -2.412e+05 -2.29e+05 -1.9e+05 -1.709e+05 -1.827e+05 -2.345e+05 -2.765e+05 -2.153e+05 -2.616e+05 -1.557e+05
 -9.056e+04 -1.304e+05 -1.366e+05 -1.249e+05 -1.007e+05 -1.345e+05 -2.096e+05 -1.267e+05 -1.635e+05 -9.744e+04
 6310 -9.11e+04 -4.217e+04 -7.056e+04 -2.554e+04 -1.194e+05 -1.384e+05 -8.092e+04 -1.113e+05 -4.516e+04
 6.554e+04 -2.02e+04 -2.516e+04 -3.298e+04 -3.75e+04 -5.95e+04 -4.466e+04 -3.006e+04 -1.988e+04 -2.006e+04
 3.574e+04 0 0 -170 0 -2.787e+04 -7700 0 0 0
 2.69e+04 -1.23e+04 -2.23e+04 0 4600 -1e+04 -2.92e+04 -2e+04 -1.23e+04 -1.23e+04
 -4063 -3.427e+04 -9.502e+04 -6.697e+04 6443 1.015e+04 -2.467e+04 -5.691e+04 -5.527e+04 -1.557e+04
 -3.15e+04 -1.082e+05 -1.839e+05 -1.562e+05 -4.289e+04 1.851e+04 -8.624e+04 -1.319e+05 -1.722e+05 -1.081e+05
 -1.428e+05 -2.024e+05 -2.41e+05 -1.633e+05 -9.182e+04 -1.147e+05 -1.219e+05 -2.1e+05 -2.107e+05 -1.442e+05
 -1.341e+05 -2.298e+05 -3.023e+05 -2.478e+05 -1.016e+05 -7.589e+04 -2.087e+05 -2.32e+05 -2.335e+05 -2.19e+05
 -2.398e+05 -2.905e+05 -3.517e+05 -2.444e+05 -2.252e+05 -1.678e+05 -2.502e+05 -3.444e+05 -1.897e+05 -2.184e+05
 -3.654e+05 -2.944e+05 -3.099e+05 -2.747e+05 -2.894e+05 -2.207e+05 -3.694e+05 -3.384e+05 -2.663e+05 -2.524e+05
 -4.217e+05 -3.043e+05 -3.755e+05 -2.555e+05 -2.946e+05 -3.213e+05 -3.902e+05 -3.134e+05 -2.777e+05 -3.621e+05
 -3.097e+05 -1.668e+05 -2.55e+05 -1.929e+05 -1.963e+05 -2.73e+05 -2.973e+05 -2.666e+05 -1.776e+05 -2.455e+05
 -1.721e+05 -1.63e+05 -1.096e+05 -1.001e+05 -1.289e+05 -1.341e+05 -1.541e+05 -1.491e+05 -2.426e+05 -1.142e+05
 -1.182e+05 -1.045e+05 -3.955e+04 -1.194e+05 -3.263e+04 -9.234e+04 -1.187e+05 -8.103e+04 -1.816e+05 -1.273e+05
 6555 -8.119e+04 -5.932e+04 -4.419e+04 -2.323e+04 -1.421e+05 -9.117e+04 -7.082e+04 -1.083e+05 -8.892e+04
 5.59e+04 -2e+04 -5.12e+04 -3800 -3.242e+04 -7.678e+04 -3.49e+04 -3.13e+04 -2e+04 -2.001e+04
 5370 0 0 -2300 0 -2300 -770 0 0 0
 1e+04 -2e+04 -4e+04 0 3e+04 -1e+04 -2e+04 -2e+04 -2e+04 -3e+04
 3.083e+04 -5.263e+04 -1.127e+05 -5.582e+04 1.849e+04 -9.49e+04 -1.573e+04 -7.49e+04 -7.733e+04 -4.261e+04
 -4.934e+04 -1.122e+05 -5.479e+04 -1.034e+05 -2.578e+04 -1.044e+05 -8.351e+04 -8.632e+04 -1.582e+05 -1.156e+05
 -9.769e+04 -1.437e+05 -1.226e+05 -1.078e+05 -9.243e+04 -1.038e+05 -1.13e+05 -1.527e+05 -2.476e+05 -1.438e+05
 -1.704e+05 -2.72e+05 -1.994e+05 -2.418e+05 -1.502e+05 -1.642e+05 -1.564e+05 -2.49e+05 -1.268e+05 -2.106e+05
 -2.765e+05 -2.122e+05 -2.039e+05 -2.299e+05 -1.88e+05 -1.77e+05 -2.507e+05 -2.57e+05 -1.914e+05 -2.261e+05
 -3.381e+05 -2.325e+05 -2.963e+05 -2.501e+05 -2.746e+05 -3.006e+05 -3.332e+05 -3.091e+05 -1.787e+05 -3.61e+05
 -2.847e+05 -2.237e+05 -3.193e+05 -2.199e+05 -2.85e+05 -2.738e+05 -3.135e+05 -2.537e+05 -2.429e+05 -2.795e+05
 -2.63e+05 -1.403e+05 -2.191e+05 -1.76e+05 -1.92e+05 -1.953e+05 -1.786e+05 -2.146e+05 -1.484e+05 -1.801e+05
 -1.707e+05 -1.173e+05 -1.574e+05 -1.218e+05 -9.048e+04 -9.62e+04 -6.715e+04 -1.493e+05 -1.954e+05 -1.056e+05
 -1.108e+05 -1.351e+05 -1.331e+05 -8.118e+04 -6.562e+04 -1.262e+05 -8.4e+04 -1.188e+05 -1.861e+05 -1.682e+05
 2.234e+04 -6.679e+04 -1.227e+05 -5.27e+04 -4.829e+04 -1.15e+05 -3.82e+04 -8.453e+04 -1.084e+05 -1.206e+05
 5.48e+04 -2.978e+04 -9.929e+04 1.035e+04 -3.057e+04 -7.537e+04 -2.113e+04 -3.978e+04 -1.985e+04 -1.979e+04
 4800 0 -4800 0 0 0 0 0 0 0
 4e+04 -1.38e+04 -4.38e+04 1.34e+04 -1.69e+04 -2.69e+04 -1e+04 -1.69e+04 -1.65e+04 0
 2.424e+04 -7.429e+04 -4.802e+04 -6.151e+04 -8.676e+04 -1.416e+05 -4.771e+04 -7.281e+04 -7.7e+04 -6.405e+04
 1.814e+04 -5.728e+04 -1.824e+04 -9.539e+04 -2.953e+04 -1.557e+05 -2.763e+04 -7.968e+04 -1.87e+04 -5.251e+04
 -6.693e+04 -1.216e+05 -5.511e+04 -2.143e+05 -7.853e+04 -2.138e+05 -3.378e+04 -1.359e+05 -3.046e+04 -1.638e+05
 -1.658e+05 -1.354e+05 -1.008e+05 -2.913e+05 -1.209e+05 -2.663e+05 -1.11e+05 -2.025e+05 -7.387e+04 -2.067e+05
 -2.307e+05 -1.468e+05 -1.97e+05 -2.524e+05 -1.642e+05 -2.802e+05 -1.641e+05 -2.274e+05 -8.254e+04 -2.006e+05
 -2.658e+05 -1.734e+05 -2.005e+05 -2.504e+05 -1.665e+05 -3.118e+05 -2.273e+05 -2.432e+05 -1.529e+05 -2.228e+05
 -3.155e+05 -2.09e+05 -1.388e+05 -2.685e+05 -1.794e+05 -2.305e+05 -1.872e+05 -2.259e+05 -2.285e+05 -2.464e+05
 -2.581e+05 -2.034e+05 -1.707e+05 -1.885e+05 -2.083e+05 -2.277e+05 -1.053e+05 -1.981e+05 -1.669e+05 -1.711e+05
 -1.588e+05 -1.803e+05 -1.459e+05 -1.623e+05 -1.624e+05 -1.68e+05 -1.54e+05 -1.535e+05 -1.426e+05 -2.572e+05
 -1.177e+05 -1.41e+05 -2.328e+05 -1.085e+05 -1.133e+05 -1.027e+05 -6.037e+04 -1.364e+05 -1.391e+05 -1.663e+05
 -6.013e+04 -8.949e+04 -1.629e+05 -2.689e+04 -1.576e+05 -1.008e+05 -4.86e+04 -1.06e+05 -1.599e+05 -1.414e+05
 -8375 -4.86e+04 -7.16e+04 -5275 -6.45e+04 -7.475e+04 -1.608e+04 -3.378e+04 -6.13e+04 -4.015e+04
 -3.94e+04 -3.21e+04 1.38e+04 -1.99e+04 -3.96e+04 -1.47e+04 -3.96e+04 -2.26e+04 -5.43e+04 -3.97e+04
 -3900 -3.77e+04 -4500 -3.033e+04 -5.27e+04 -9500 -2.26e+04 -2.52e+04 -4.617e+04 -3.44e+04
 -5.352e+04 -1.057e+05 -7.264e+04 -3.761e+04 -1.19e+05 -5.164e+04 -1.027e+05 -1.057e+05 -1.121e+05 -1.02e+05
 -6.602e+04 -1.236e+05 -2.195e+04 -1.436e+05 -1.426e+05 -1.525e+05 -9.697e+04 -1.281e+05 -4.879e+04 -1.856e+05
 -1.129e+05 -1.484e+05 -8.738e+04 -2.595e+05 -2.045e+05 -2.382e+05 -8.467e+04 -1.737e+05 -3.758e+04 -2.208e+05
 -2.24e+05 -1.591e+05 -1.728e+05 -2.898e+05 -2.017e+05 -2.765e+05 -1.317e+05 -2.077e+05 -1.544e+05 -2.62e+05
 -2.611e+05 -1.755e+05 -1.485e+05 -2.91e+05 -2.03e+05 -2.651e+05 -1.652e+05 -1.835e+05 -1.821e+05 -3.256e+05
 -2.958e+05 -1.743e+05 -1.5e+05 -2.941e+05 -1.66e+05 -2.133e+05 -1.398e+05 -1.654e+05 -2.527e+05 -2.113e+05
 -2.707e+05 -1.793e+05 -1.304e+05 -2.154e+05 -1.369e+05 -1.472e+05 -7.551e+04 -1.426e+05 -2.023e+05 -1.637e+05
 -1.609e+05 -2.137e+05 -1.082e+05 -1.656e+05 -1.616e+05 -1.691e+05 -1.384e+05 -2.054e+05 -2.036e+05 -1.464e+05
 -1.281e+05 -1.77e+05 -1.242e+05 -1.45e+05 -1.621e+05 -1.694e+05 -1.981e+05 -1.525e+05 -1.638e+05 -2.578e+05
 -1.323e+05 -1.469e+05 -8.123e+04 -4.043e+04 -1.713e+05 -1.865e+05 -1.13e+05 -1.439e+05 -1.378e+05 -1.965e+05
 -4.223e+04 -7.895e+04 -3.868e+04 -3.884e+04 -1.163e+05 -6.729e+04 -6.67e+04 -9.194e+04 -1.008e+05 -8.377e+04
 -3.345e+04 -2.867e+04 -6.569e+04 -1270 -4.107e+04 -1.424e+04 1.544e+04 -4.017e+04 -8.613e+04 -2.017e+04
 -2.77e+04 -1e+04 -3.616e+04 -1e+04 0 1.923e+04 1.693e+04 -2e+04 -1e+04 -1e+04
 -2.23e+04 -2e+04 1.564e+04 -1.77e+04 -3.44e+04 3.25e+04 -6.26e+04 -3.014e+04 -3.46e+04 -1.67e+04
 -1.282e+05 -1.35e+05 -1.377e+05 -3.06e+04 -1.408e+05 1.534e+04 -1.162e+05 -1.278e+05 -3.824e+04 -1.3e+05
 -2.071e+05 -1.807e+05 -1.442e+05 -1.875e+05 -2.397e+05 -1.192e+05 -1.679e+05 -2.062e+05 -1.087e+05 -2.406e+05
 -1.926e+05 -2.327e+05 -2.036e+05 -2.399e+05 -2.704e+05 -1.208e+05 -1.722e+05 -2.038e+05 -1.878e+05 -2.6e+05
 -2.257e+05 -2.128e+05 -1.59e+05 -2.69e+05 -2.639e+05 -1.261e+05 -1.15e+05 -2.582e+05 -2.681e+05 -2.077e+05
 -2.337e+05 -1.925e+05 -1.867e+05 -2.363e+05 -2.022e+05 -2.14e+05 -8.681e+04 -1.882e+05 -2.815e+05 -1.792e+05
 -2.28e+05 -1.778e+05 -1.315e+05 -1.896e+05 -1.867e+05 -2.333e+05 -9.144e+04 -1.833e+05 -1.663e+05 -1.542e+05
 -1.192e+05 -1.444e+05 -7.857e+04 -1.054e+05 -1.306e+05 -2.617e+05 -1.385e+05 -1.612e+05 -1.67e+05 -1.415e+05
 -1.13e+05 -1.298e+05 -9.841e+04 -7.951e+04 -1.608e+05 -1.397e+05 -1.993e+05 -1.505e+05 -1.697e+05 -2.092e+05
 -1.715e+05 -2.14e+05 -1.495e+05 -9.088e+04 -1.579e+05 -1.673e+05 -1.426e+05 -1.606e+05 -1.487e+05 -2.278e+05
 -1.373e+05 -1.08e+05 -8.624e+04 -7.613e+04 -1.484e+05 -1.099e+05 -3.645e+04 -9.934e+04 -7.465e+04 -1.237e+05
 -7.82e+04 -4.8e+04 -2.531e+04 -5.775e+04 -1.134e+05 -4.42e+04 -4.586e+04 -9.34e+04 -6.16e+04 -7.02e+04
 -5.282e+04 -2.002e+04 4.981e+04 -4.39e+04 -5.21e+04 -2.902e+04 -2.59e+04 -4.983e+04 -7.977e+04 -3.99e+04
 -1e+04 -7700 9.77e+04 -1.77e+04 -1e+04 -4e+04 0 -1e+04 -4e+04 0
 -1.61e+04 -7600 -900 -2.07e+04 -2.69e+04 1.72e+04 -2.38e+04 -2.84e+04 -1.24e+04 -2e+04
 -1.346e+05 -9.384e+04 -8.646e+04 -7.263e+04 -1.526e+05 -6133 -1.186e+05 -1.369e+05 -5.969e+04 -1.311e+05
 -1.824e+05 -2.141e+05 -1.145e+05 -1.752e+05 -2.334e+05 -1.68e+05 -1.847e+05 -2.566e+05 -2.461e+05 -2.218e+05
 -2.449e+05 -2.796e+05 -2.256e+05 -2.312e+05 -3.017e+05 -2.096e+05 -2.117e+05 -2.799e+05 -2.618e+05 -2.76e+05
 -2.717e+05 -2.511e+05 -2.631e+05 -2.24e+05 -2.779e+05 -2.442e+05 -1.941e+05 -2.494e+05 -3.218e+05 -2.785e+05
 -2.735e+05 -2.178e+05 -2.261e+05 -2.65e+05 -2.436e+05 -2.149e+05 -1.996e+05 -2.477e+05 -3.282e+05 -2.76e+05
 -2.293e+05 -2.382e+05 -2.501e+05 -2.488e+05 -2.996e+05 -2.507e+05 -2.014e+05 -2.989e+05 -2.017e+05 -2.837e+05
 -1.92e+05 -2.023e+05 -1.548e+05 -1.967e+05 -1.9e+05 -2.533e+05 -1.854e+05 -2.209e+05 -2.307e+05 -2.573e+05
 -2.058e+05 -2.047e+05 -1.42e+05 -1.836e+05 -2.12e+05 -1.171e+05 -1.675e+05 -2.403e+05 -2.081e+05 -2.938e+05
 -1.864e+05 -1.623e+05 -7.687e+04 -1.393e+05 -1.614e+05 -1.075e+05 -7.754e+04 -1.841e+05 -1.431e+05 -2.634e+05
 -1.208e+05 -9.363e+04 553.6 -9.293e+04 -1.261e+05 -1.176e+05 -6.49e+04 -1.439e+05 -1.391e+05 -1.388e+05
 -6.86e+04 -4e+04 7.519e+04 -7.858e+04 -7.76e+04 -6.78e+04 -6.056e+04 -1.104e+05 -7.416e+04 -6.94e+04
 -5.6e+04 -6300 5.17e+04 -1.28e+04 -3.23e+04 2700 -1.36e+04 -3.73e+04 -5.24e+04 -2.85e+04
 -1e+04 0 3.15e+04 0 -1e+04 -4600 -4600 -1.23e+04 0 0
 0 0 2.62e+04 -1.08e+04 0 -1.92e+04 -1e+04 0 -1600 -1e+04
 -1.247e+05 -8200 -5.091e+04 -5.093e+04 -1.047e+05 -3.438e+04 -1e+05 -1.007e+05 -1.129e+05 -1.087e+05
 -2.161e+05 -1.631e+05 -1.054e+05 -1.827e+05 -2.085e+05 -2.132e+05 -2.035e+05 -2.295e+05 -2.464e+05 -2.249e+05
 -2.256e+05 -2.548e+05 -2.483e+05 -2.413e+05 -2.59e+05 -2.755e+05 -2.199e+05 -2.854e+05 -2.341e+05 -3.157e+05
 -2.586e+05 -2.638e+05 -3.376e+05 -2.636e+05 -3.083e+05 -3.34e+05 -2.301e+05 -2.803e+05 -2.619e+05 -4.065e+05
 -2.441e+05 -2.688e+05 -3.48e+05 -2.465e+05 -2.676e+05 -3.337e+05 -1.9e+05 -3.423e+05 -1.918e+05 -3.588e+05
 -2.268e+05 -2.317e+05 -3.16e+05 -2.051e+05 -2.391e+05 -2.525e+05 -1.128e+05 -2.438e+05 -2.293e+05 -2.813e+05
 -1.582e+05 -1.796e+05 -2.391e+05 -2.094e+05 -1.88e+05 -1.932e+05 -9.48e+04 -2.177e+05 -2.295e+05 -2.499e+05
 -1.76e+05 -1.483e+05 -1.077e+05 -1.482e+05 -1.545e+05 -1.549e+05 -1.03e+05 -2.013e+05 -1.275e+05 -2.567e+05
 -1.328e+05 -9.87e+04 -6.275e+04 -1.093e+05 -1.017e+05 -1.11e+05 -8.27e+04 -1.205e+05 -1.341e+05 -1.519e+05
 -9.066e+04 -7.149e+04 3.656e+04 -1.079e+05 -6.355e+04 -4.905e+04 -1.125e+05 -9.554e+04 -9.513e+04 -8.682e+04
 -9.347e+04 -5e+04 1.331e+05 -8e+04 -5.007e+04 -4.193e+04 -9.327e+04 -8.91e+04 -6.82e+04 -6e+04
 -1.968e+04 -97 2.11e+04 -140 -3.036e+04 2.449e+04 -2.582e+04 -2.014e+04 -2.01e+04 -1.568e+04
 0 0 1e+04 0 0 0 0 -1e+04 0 0
 0 0 0 0 0 0 0 0 0 0
 -1.31e+04 5.23e+04 3800 -6e+04 -4.54e+04 -8400 -2e+04 -3.38e+04 -8.08e+04 4600
 -1.5e+05 -5.61e+04 -4.77e+04 -6.38e+04 -8.68e+04 -6.15e+04 -6.7e+04 -1e+05 -9.85e+04 -7.85e+04
 -1.2e+05 -1.077e+05 -1.393e+05 -7.229e+04 -1.401e+05 -2.028e+05 -6.549e+04 -1.325e+05 -5.308e+04 -7.3e+04
 -1.251e+05 -1.344e+05 -1.883e+05 -1.387e+05 -1.691e+05 -1.346e+05 -1.167e+05 -2.016e+05 -1.061e+05 -9.824e+04
 -9.454e+04 -1.074e+05 -1.328e+05 -1.191e+05 -1.469e+05 -1.493e+05 -1.29e+05 -1.306e+05 -1.968e+05 -1.713e+05
 -1.086e+05 -8.404e+04 -1.286e+05 -5.199e+04 -1.417e+05 -1.469e+05 -1.309e+05 -1.154e+05 -8.861e+04 -1.145e+05
 -6.23e+04 -4e+04 -1.293e+05 -2.021e+04 -8.968e+04 -3.122e+04 -2.63e+04 -1.193e+05 -9770 -7.441e+04
 -5.69e+04 -2.38e+04 -4.136e+04 -3.14e+04 -3.3e+04 -3.557e+04 -7.857e+04 -7.69e+04 1.01e+04 -7.097e+04
 -6.84e+04 -3.46e+04 -1.383e+04 -4.46e+04 9200 -3.46e+04 -6.24e+04 -2.54e+04 -3.837e+04 -6e+04
 -5e+04 -3e+04 0 -3e+04 -3e+04 -2e+04 -5e+04 1e+04 -5e+04 -1e+04
 -2e+04 -2e+04 -3100 -3e+04 -3e+04 1e+04 -2.69e+04 -1e+04 -3e+04 -2e+04
 0 0 9600 0 0 0 -9600 0 0 0
 0 0 0 0 0 0 0 0 0 0


