# Created by Octave 5.2.0, Thu Sep 24 23:53:17 2020 CEST <jiwidi@land>
# name: w
# type: matrix
# rows: 197
# columns: 10
 -4e+05 -3.1e+05 -3.2e+05 -3.8e+05 -3.6e+05 -3.1e+05 -3.6e+05 -3.2e+05 -5.3e+05 -3.4e+05
 0 0 0 0 0 0 0 0 0 0
 0 0 0 0 0 0 0 0 0 0
 -1e+04 0 -3e+04 -1e+04 -1e+04 3e+04 -1e+04 0 -2e+04 0
 -1.53e+04 -3.84e+04 -2.22e+04 -2.07e+04 -1.53e+04 1.23e+04 -1.38e+04 3.69e+04 -3.22e+04 -1.38e+04
 -1.46e+04 -4.307e+04 5400 -4.003e+04 -4600 -3.537e+04 -1e+04 9.543e+04 -2.23e+04 -4.08e+04
 -5.76e+04 -8.48e+04 -1.073e+04 -1.26e+04 4800 -7.477e+04 -5.23e+04 2.45e+04 -3.85e+04 -1.017e+05
 -4.31e+04 -7.85e+04 -2.69e+04 -5.77e+04 -7.31e+04 -9.08e+04 -8.77e+04 -6.97e+04 9900 -5.32e+04
 -1.046e+05 -1.194e+05 -1.153e+05 -7.697e+04 -1.146e+05 -7.89e+04 -1.001e+05 -1.386e+05 -5.88e+04 -4e+04
 -1.562e+05 -6.46e+04 -1.177e+05 -9.789e+04 -1.854e+05 -1.092e+05 -1.108e+05 -1.787e+05 -1.739e+04 -5.461e+04
 -1.468e+05 -4.31e+04 -7.75e+04 -8.66e+04 -1.614e+05 -1.277e+05 -8.28e+04 -8.47e+04 -8.45e+04 -7.09e+04
 -8.3e+04 -4.69e+04 -8.9e+04 -6.3e+04 -6.15e+04 -9.33e+04 -1.062e+05 -1.16e+05 -4.43e+04 -1.278e+05
 -6.24e+04 -3800 -5.85e+04 -2.477e+04 -2.08e+04 1.847e+04 -8.69e+04 -1.44e+04 -9.24e+04 -9.09e+04
 -4.77e+04 800 -6e+04 -4.77e+04 3e+04 4.92e+04 -5.46e+04 -3.77e+04 -6e+04 -1e+04
 0 0 0 -1e+04 0 1e+04 0 0 0 0
 0 0 0 0 0 0 0 6200 0 -6200
 0 0 -4600 -2.12e+04 0 2400 0 2.46e+04 -1e+04 -1200
 -2.17e+04 -1.77e+04 -2.044e+04 -3.276e+04 -2e+04 1.691e+04 -1.97e+04 2.918e+04 -4.935e+04 -2.369e+04
 -6.918e+04 -6.43e+04 -3.978e+04 -4.772e+04 -4.1e+04 -1.525e+04 -5.12e+04 4.558e+04 -7.595e+04 -8.581e+04
 -8.707e+04 -1.509e+05 -1.132e+05 -4.497e+04 -6.859e+04 -5.742e+04 -1.518e+05 -1.26e+04 -1.105e+05 -1.857e+05
 -1.509e+05 -2.213e+05 -1.653e+05 -1.419e+05 -1.484e+05 -1.765e+05 -2.04e+05 -3.656e+04 -1.844e+05 -1.94e+05
 -1.67e+05 -3.032e+05 -1.882e+05 -1.596e+05 -2.247e+05 -2.29e+05 -2.642e+05 -9.906e+04 -2.253e+05 -1.68e+05
 -2.363e+05 -2.962e+05 -1.752e+05 -2.283e+05 -3.458e+05 -2.611e+05 -2.937e+05 -1.457e+05 -2.216e+05 -1.41e+05
 -2.207e+05 -2.725e+05 -2.818e+05 -2.249e+05 -3.672e+05 -2.559e+05 -2.614e+05 -1.79e+05 -1.877e+05 -1.147e+05
 -2.639e+05 -2.36e+05 -2.727e+05 -2.674e+05 -3.308e+05 -2.57e+05 -2.867e+05 -1.871e+05 -2.31e+05 -1.901e+05
 -2.178e+05 -2.388e+05 -2.071e+05 -2.437e+05 -1.69e+05 -2.023e+05 -2.325e+05 -9.384e+04 -2.149e+05 -2.37e+05
 -1.233e+05 -1.194e+05 -1.846e+05 -1.686e+05 -7.029e+04 -7.398e+04 -1.836e+05 -1.177e+05 -1.918e+05 -1.781e+05
 -6.797e+04 2143 -8.053e+04 -1.902e+04 -1800 7.227e+04 -8.364e+04 -3.762e+04 -1.242e+05 -5.877e+04
 -1.91e+04 0 0 -1.07e+04 -1.17e+04 3.15e+04 -1e+04 -9100 -2e+04 -1e+04
 0 0 0 1e+04 0 0 0 0 0 -1e+04
 -1e+04 0 1.576e+04 -1.86e+04 0 -3102 -1.018e+04 1.448e+04 -2.022e+04 -1.854e+04
 -2.74e+04 -1.153e+04 -7313 -3.685e+04 -3.284e+04 -1.703e+04 -1.539e+04 6460 1.887e+04 -7.002e+04
 -8.413e+04 -9.08e+04 -7.68e+04 -4.895e+04 -1.118e+05 -6.54e+04 -1.223e+05 -2.168e+04 -2.815e+04 -1.326e+05
 -1.544e+05 -1.947e+05 -9.32e+04 -1.412e+05 -1.312e+05 -1.547e+05 -1.948e+05 -1.197e+05 -1.713e+05 -1.583e+05
 -1.637e+05 -2.282e+05 -2.107e+05 -2.061e+05 -2.068e+05 -1.993e+05 -2.123e+05 -1.681e+05 -1.658e+05 -1.389e+05
 -1.127e+05 -1.913e+05 -1.835e+05 -1.725e+05 -1.915e+05 -1.289e+05 -1.855e+05 -8.38e+04 -1.315e+05 -1.904e+05
 -1.007e+05 -1.313e+05 -1.417e+05 -1.334e+05 -1.975e+05 -1.019e+05 -1.618e+05 -9.788e+04 -8.183e+04 -1.533e+05
 -3.445e+04 -1.039e+05 -1.433e+05 -1.117e+05 -1.911e+05 -9.124e+04 -1.457e+05 -9.62e+04 -1.983e+05 -1.743e+05
 -1.57e+05 -1.649e+05 -1.77e+05 -2.34e+05 -1.773e+05 -2.155e+05 -2.121e+05 -2.058e+05 -1.655e+05 -2.4e+05
 -1.879e+05 -2.005e+05 -2.028e+05 -2.215e+05 -1.535e+05 -2.735e+05 -2.518e+05 -1.535e+05 -1.562e+05 -2.248e+05
 -1.271e+05 -1.525e+05 -2.051e+05 -8.413e+04 -1.172e+05 -1.013e+05 -1.607e+05 -5.95e+04 -9.206e+04 -1.727e+05
 -5.228e+04 -5.82e+04 -7.701e+04 5280 -8.52e+04 9473 -7.601e+04 -3.831e+04 -3.144e+04 -4.11e+04
 -3.22e+04 -9900 -2200 -3.45e+04 -1.91e+04 3.47e+04 -3.16e+04 -1.45e+04 -1.61e+04 -2.22e+04
 0 0 2e+04 0 0 -1e+04 -1e+04 0 -2e+04 0
 87.7 -2.3 1.531e+04 597.7 -2.3 -8602 -1e+04 -2.3 -2e+04 2598
 -1.969e+04 -4.475e+04 -3.226e+04 -8.966e+04 -4.136e+04 -1.388e+04 -7.086e+04 3.229e+04 -1.886e+04 -7.683e+04
 -1.125e+05 -1.442e+05 -7.665e+04 -1.809e+05 -1.255e+05 -9.676e+04 -1.735e+05 -7.21e+04 -1.008e+05 -1.412e+05
 -1.67e+05 -1.972e+05 -8.835e+04 -1.913e+05 -1.025e+05 -1.175e+05 -1.872e+05 -1.508e+05 -1.487e+05 -1.179e+05
 -8.79e+04 -2.151e+05 -9.301e+04 -1.827e+05 -7.733e+04 -1.015e+05 -1.433e+05 -8.7e+04 -1.077e+05 -1.276e+05
 -9.55e+04 -1.458e+05 -9.085e+04 -1.502e+05 -1.014e+05 -3.461e+04 -8.818e+04 -8.648e+04 -9.435e+04 -7.161e+04
 -275 -8.447e+04 -6.452e+04 -1.166e+05 -1.331e+05 3.008e+04 -1.074e+05 -1.104e+05 -1.6e+05 -5.766e+04
 -2.74e+04 -8.069e+04 -1.207e+05 -8.143e+04 -1.341e+05 -9.835e+04 -1.411e+05 -9.461e+04 -1.685e+05 -1.045e+05
 -1.475e+05 -1.568e+05 -2.071e+05 -1.946e+05 -1.538e+05 -1.981e+05 -2.486e+05 -1.398e+05 -2.306e+05 -1.944e+05
 -1.454e+05 -2.088e+05 -2.135e+05 -1.449e+05 -1.906e+05 -2.529e+05 -2.819e+05 -1.453e+05 -2.226e+05 -1.545e+05
 -1.357e+05 -1.458e+05 -1.294e+05 -6.634e+04 -1.086e+05 -1.67e+05 -1.882e+05 -1.35e+05 -1.92e+04 -8.617e+04
 -7787 -6.655e+04 -6.126e+04 4.162e+04 -5.23e+04 -6.108e+04 -7.237e+04 -3.813e+04 -2.197e+04 -5.875e+04
 -1.27e+04 -3.44e+04 5600 2e+04 -1.58e+04 -4300 -4.16e+04 -2e+04 -4400 -2.58e+04
 0 -1e+04 1e+04 0 0 0 0 0 0 0
 1.229e+04 -2.021e+04 3.08e+04 -1.022e+04 -1.001e+04 -2.861e+04 -2.901e+04 889.6 -2.359e+04 -1001
 -3.381e+04 -7.253e+04 -9.544e+04 -1.085e+05 -5.82e+04 1.754e+04 -7.407e+04 -6.53e+04 -2.27e+04 -3.696e+04
 -1.486e+05 -1.768e+05 -1.654e+05 -2.85e+05 -1.704e+05 -7.811e+04 -2.009e+05 -1.85e+05 -1.392e+05 -5.615e+04
 -1.694e+05 -1.867e+05 -9.996e+04 -2.677e+05 -8.709e+04 -9.283e+04 -2.208e+05 -1.46e+05 -1.381e+05 -1.33e+05
 -1.398e+05 -1.328e+05 -6.39e+04 -1.96e+05 -1.152e+05 -5.338e+04 -1.342e+05 -1.998e+05 -1.034e+05 -2.849e+04
 -8.99e+04 -1.361e+05 -7.732e+04 -1.137e+05 -1.479e+05 -1.73e+04 -1.055e+05 -1.762e+05 -8.851e+04 -3.546e+04
 -1.111e+05 -8.924e+04 -7.72e+04 -8.533e+04 -1.489e+05 -7.433e+04 -5.861e+04 -1.52e+05 -9.312e+04 -7226
 -1.974e+05 -1.377e+05 -1.986e+05 -1.723e+05 -1.762e+05 -2.203e+05 -2.118e+05 -1.862e+05 -2.277e+05 -1.172e+05
 -1.821e+05 -1.901e+05 -2.113e+05 -1.303e+05 -1.761e+05 -3.254e+05 -2.816e+05 -2.184e+05 -2.396e+05 -1.825e+05
 -9.528e+04 -1.614e+05 -1.213e+05 -1.36e+05 -1.434e+05 -1.819e+05 -2.162e+05 -1.175e+05 -1.238e+05 -9.431e+04
 -3.033e+04 -8.723e+04 -1.026e+05 -3.426e+04 -7.145e+04 -1.297e+05 -1.453e+05 -7.255e+04 -2.54e+04 -7.216e+04
 5.467e+04 -3.473e+04 -3540 1.108e+04 -2.829e+04 -7.358e+04 -4.909e+04 -4.009e+04 -3.01e+04 -2.469e+04
 2.84e+04 -3000 7100 3000 -1500 -3.99e+04 -1.14e+04 -2.14e+04 -1500 -1500
 0 -2300 2300 0 0 0 0 0 0 0
 3.514e+04 -2.788e+04 -2680 -1.978e+04 -5228 -7645 -3.226e+04 -2.218e+04 -2.238e+04 -3.023e+04
 -4.373e+04 -8.771e+04 -1.381e+05 -1.277e+05 -1.602e+04 -1.634e+04 -3.18e+04 -9.56e+04 -4.844e+04 -5.905e+04
 -9.367e+04 -1.587e+05 -2.341e+05 -1.905e+05 -7.841e+04 -7.578e+04 -1.605e+05 -2.341e+05 -1.685e+05 -2.771e+04
 -1.385e+05 -1.56e+05 -2.3e+05 -1.926e+05 -4.67e+04 -9.628e+04 -9.987e+04 -2.057e+05 -4.202e+04 -1.129e+05
 -9.43e+04 -1.225e+05 -1.774e+05 -1.88e+05 -2.902e+04 -7.034e+04 -8.653e+04 -2.218e+05 -4.749e+04 -9.194e+04
 -8.578e+04 -1.354e+05 -1.654e+05 -1.057e+05 -9.304e+04 -6.847e+04 -1.147e+05 -1.9e+05 -1.389e+05 -2.408e+04
 -1.989e+05 -1.363e+05 -2.061e+05 -1.398e+05 -1.953e+05 -2.08e+05 -2.44e+05 -2.622e+05 -2.026e+05 -8.399e+04
 -2.533e+05 -1.689e+05 -2.303e+05 -1.445e+05 -1.905e+05 -2.088e+05 -2.533e+05 -2.025e+05 -2.282e+05 -1.695e+05
 -1.819e+05 -1.818e+05 -1.299e+05 -1.186e+05 -1.152e+05 -1.929e+05 -2.038e+05 -1.641e+05 -1.893e+05 -6.522e+04
 -6.298e+04 -1.172e+05 -1.165e+05 -9.928e+04 -8.353e+04 -1.073e+05 -1.984e+05 -9.013e+04 -1.2e+05 -4.311e+04
 1.039e+04 -5.34e+04 -4.021e+04 -6.012e+04 2862 -7.28e+04 -1.073e+05 -3.103e+04 -9.179e+04 -4.194e+04
 4.867e+04 -2e+04 -8873 -2.004e+04 -1e+04 -3.98e+04 -4.006e+04 -4.017e+04 -1.988e+04 -2.006e+04
 2.017e+04 0 7700 0 0 -2.017e+04 0 -7700 0 0
 1.54e+04 0 -2.23e+04 0 4600 -1e+04 -1e+04 -1e+04 -2300 -2300
 -1963 -210 -5.831e+04 -2.027e+04 1.24e+04 1350 3090 -4.691e+04 -3.697e+04 9290
 -7147 -7.302e+04 -1.479e+05 -1.347e+05 -2.104e+04 2.208e+04 -4.943e+04 -1.042e+05 -1.161e+05 -6.624e+04
 -7.089e+04 -1.347e+05 -2.094e+05 -1.445e+05 -5.421e+04 -5.197e+04 -9.57e+04 -1.855e+05 -1.406e+05 -1.223e+05
 -6.729e+04 -1.646e+05 -2.197e+05 -1.794e+05 -9.93e+04 -1.882e+04 -1.537e+05 -2.158e+05 -1.653e+05 -1.67e+05
 -1.522e+05 -2.182e+05 -2.209e+05 -1.565e+05 -1.438e+05 -8.28e+04 -1.447e+05 -2.809e+05 -1.555e+05 -1.37e+05
 -2.441e+05 -1.746e+05 -2.097e+05 -1.441e+05 -1.721e+05 -1.799e+05 -2.32e+05 -2.555e+05 -1.913e+05 -1.553e+05
 -2.982e+05 -1.698e+05 -2.48e+05 -1.401e+05 -2.005e+05 -2.389e+05 -2.771e+05 -2.618e+05 -1.474e+05 -2.069e+05
 -2.276e+05 -9.97e+04 -2.079e+05 -1.499e+05 -1.517e+05 -1.818e+05 -1.891e+05 -1.929e+05 -1.414e+05 -1.183e+05
 -1.275e+05 -1.219e+05 -7.433e+04 -7.926e+04 -9.189e+04 -1.241e+05 -1.218e+05 -8.4e+04 -2.175e+05 -5.084e+04
 -7.144e+04 -7.409e+04 -652 -8.418e+04 -3.569e+04 -7.309e+04 -1.082e+05 -3.83e+04 -1.645e+05 -9.022e+04
 6205 -4.258e+04 -4.234e+04 -3.627e+04 -2.049e+04 -9.602e+04 -6.177e+04 -4.147e+04 -9.283e+04 -6.662e+04
 5.397e+04 -2e+04 -3.03e+04 -155 -1.651e+04 -6.626e+04 -2.28e+04 -4.25e+04 -2e+04 -2.006e+04
 2300 0 0 0 0 -2300 0 0 0 0
 0 0 -3e+04 0 2e+04 -2e+04 0 -1e+04 -1e+04 -1e+04
 2.178e+04 -2.933e+04 -8.444e+04 -3.935e+04 1.706e+04 -5.744e+04 -6951 -6.49e+04 -6.14e+04 -3.923e+04
 -2.346e+04 -7.792e+04 -5.069e+04 -6.629e+04 -1.034e+04 -1.305e+05 -7.147e+04 -8.332e+04 -1.051e+05 -1.075e+05
 -5.2e+04 -9.271e+04 -1.04e+05 -8.842e+04 -3.534e+04 -6.664e+04 -8.754e+04 -1.163e+05 -1.684e+05 -1.137e+05
 -1.234e+05 -2.06e+05 -1.375e+05 -1.2e+05 -1.124e+05 -9.335e+04 -8.125e+04 -1.856e+05 -1.173e+05 -1.628e+05
 -2.117e+05 -1.724e+05 -1.523e+05 -1.25e+05 -1.582e+05 -1.303e+05 -1.922e+05 -1.834e+05 -1.479e+05 -1.736e+05
 -2.386e+05 -1.667e+05 -2.256e+05 -1.684e+05 -2.196e+05 -1.913e+05 -2.262e+05 -1.981e+05 -9.51e+04 -2.305e+05
 -1.756e+05 -1.513e+05 -2.3e+05 -1.23e+05 -1.778e+05 -1.83e+05 -2.055e+05 -1.688e+05 -1.81e+05 -1.9e+05
 -2.051e+05 -5.361e+04 -1.878e+05 -1.113e+05 -1.326e+05 -1.474e+05 -1.028e+05 -1.563e+05 -1.42e+05 -1.564e+05
 -1.036e+05 -9.669e+04 -9.795e+04 -9.49e+04 -5.18e+04 -9.512e+04 -4.431e+04 -1.231e+05 -1.724e+05 -8.386e+04
 -9.636e+04 -1.129e+05 -9.956e+04 -8.654e+04 -6.456e+04 -9.571e+04 -7.469e+04 -7.821e+04 -1.606e+05 -1.459e+05
 7783 -5.58e+04 -1.322e+05 -3.623e+04 -5.523e+04 -9.73e+04 2790 -6.163e+04 -8.115e+04 -8.4e+04
 6.159e+04 -1.978e+04 -6.986e+04 4150 -1.518e+04 -7.289e+04 7267 -3.761e+04 -1.978e+04 -2.358e+04
 4800 0 -4800 0 0 0 0 0 0 0
 2.31e+04 -1.38e+04 -3.38e+04 1.38e+04 3100 -3e+04 -6900 -1.69e+04 -6900 -1.69e+04
 3.19e+04 -5.363e+04 -3.126e+04 -3.541e+04 -4.648e+04 -1.394e+05 -3.581e+04 -5.406e+04 -7.369e+04 -5.57e+04
 9818 -6.744e+04 -4.839e+04 -7.022e+04 -2.241e+04 -1.492e+05 -2.52e+04 -9.815e+04 -2.489e+04 -7.604e+04
 -4.671e+04 -1.233e+05 -7.374e+04 -1.623e+05 -6.54e+04 -1.55e+05 2448 -1.057e+05 -2.288e+04 -1.381e+05
 -1.428e+05 -1.226e+05 -6.472e+04 -1.892e+05 -1.073e+05 -2.175e+05 -5.724e+04 -1.172e+05 -4.246e+04 -1.565e+05
 -1.484e+05 -1.171e+05 -1.504e+05 -1.781e+05 -1.416e+05 -2.501e+05 -1.283e+05 -1.196e+05 -5.564e+04 -1.696e+05
 -1.623e+05 -1.141e+05 -9.419e+04 -1.653e+05 -1.288e+05 -2.28e+05 -1.444e+05 -1.819e+05 -9.619e+04 -1.58e+05
 -2.181e+05 -1.155e+05 -1.044e+05 -1.787e+05 -1.326e+05 -1.61e+05 -1.256e+05 -1.598e+05 -1.452e+05 -1.468e+05
 -2.137e+05 -1.134e+05 -8.38e+04 -1.592e+05 -1.45e+05 -1.687e+05 -5.575e+04 -1.183e+05 -9.562e+04 -1.127e+05
 -1.146e+05 -9.602e+04 -7.558e+04 -1.159e+05 -8.565e+04 -1.014e+05 -1.063e+05 -1.003e+05 -1.16e+05 -1.843e+05
 -6.743e+04 -1.175e+05 -1.636e+05 -7.76e+04 -8.71e+04 -1.001e+05 -5.878e+04 -1.185e+05 -1.474e+05 -1.314e+05
 -3.68e+04 -6.89e+04 -1.25e+05 -3.515e+04 -1.171e+05 -9.609e+04 -6.751e+04 -8.486e+04 -1.192e+05 -1.056e+05
 4200 -1.86e+04 -3.715e+04 9725 -3.54e+04 -5.505e+04 1.37e+04 -2.155e+04 -3.93e+04 -1.988e+04
 -9900 -1.23e+04 3.19e+04 -1.99e+04 -2.97e+04 -9800 -3.97e+04 -1e+04 -4.98e+04 -1e+04
 5700 -1.58e+04 5500 -2.59e+04 -5.08e+04 -1.32e+04 -1.16e+04 -8500 -3.5e+04 -2.5e+04
 1.335e+04 -8.583e+04 -6.011e+04 -4.804e+04 -1.079e+05 -2.984e+04 -7.884e+04 -8.253e+04 -1.042e+05 -8.314e+04
 -4.553e+04 -1.038e+05 -1.47e+04 -1.293e+05 -1.206e+05 -1.099e+05 -8.155e+04 -1.033e+05 -3.993e+04 -1.556e+05
 -1.198e+05 -1.317e+05 -7.245e+04 -2.131e+05 -1.517e+05 -1.935e+05 -5.195e+04 -1.069e+05 -2.311e+04 -1.866e+05
 -1.545e+05 -1.322e+05 -1.029e+05 -1.987e+05 -1.27e+05 -2.243e+05 -1.183e+05 -1.247e+05 -5.13e+04 -1.903e+05
 -1.879e+05 -1.206e+05 -7.298e+04 -2.084e+05 -1.228e+05 -1.986e+05 -1.341e+05 -1.111e+05 -1.621e+05 -2.219e+05
 -2.116e+05 -1.14e+05 -6.202e+04 -2.185e+05 -1.356e+05 -1.428e+05 -6.582e+04 -1.054e+05 -1.422e+05 -1.748e+05
 -2.235e+05 -1.238e+05 -1.077e+05 -1.673e+05 -1.455e+05 -1.018e+05 -6.314e+04 -8.968e+04 -1.78e+05 -1.078e+05
 -1.426e+05 -1.308e+05 -6.157e+04 -1.247e+05 -8.822e+04 -1.345e+05 -1.037e+05 -1.302e+05 -1.443e+05 -7.367e+04
 -9.591e+04 -1.016e+05 -6.77e+04 -5.379e+04 -8.035e+04 -1.46e+05 -1.232e+05 -1.063e+05 -1.206e+05 -1.95e+05
 -9.148e+04 -1.229e+05 -7.465e+04 -5.005e+04 -1.397e+05 -1.646e+05 -9.936e+04 -1.18e+05 -1.555e+05 -1.309e+05
 -5.582e+04 -6.213e+04 -6.273e+04 -5.856e+04 -1.036e+05 -4.851e+04 -7.917e+04 -8.814e+04 -8.324e+04 -8.213e+04
 -1.579e+04 -2.867e+04 -2.499e+04 1.35e+04 -2.557e+04 -4370 1.101e+04 -4.707e+04 -5.88e+04 -2.017e+04
 -2e+04 -1e+04 -9230 -1e+04 -1e+04 2.153e+04 7700 -2e+04 -1e+04 -1e+04
 0 -2.38e+04 4140 -7300 -3.11e+04 2.14e+04 -3.53e+04 -1.864e+04 -3.15e+04 -1.38e+04
 -5.287e+04 -1.197e+05 -1.117e+05 -2.231e+04 -1.192e+05 2.382e+04 -8.271e+04 -9.951e+04 -3.246e+04 -1.191e+05
 -1.522e+05 -1.48e+05 -9.383e+04 -1.458e+05 -2.108e+05 -6.524e+04 -1.269e+05 -1.407e+05 -8.455e+04 -2.082e+05
 -1.311e+05 -1.588e+05 -1.692e+05 -1.666e+05 -2.04e+05 -1.205e+05 -1.226e+05 -1.401e+05 -1.204e+05 -2.064e+05
 -1.562e+05 -1.505e+05 -1.523e+05 -1.977e+05 -1.959e+05 -1.062e+05 -1.374e+05 -1.794e+05 -2.183e+05 -1.196e+05
 -1.535e+05 -1.227e+05 -1.146e+05 -1.648e+05 -1.438e+05 -1.363e+05 -4.248e+04 -1.209e+05 -1.868e+05 -1.02e+05
 -1.764e+05 -1.266e+05 -8.608e+04 -1.279e+05 -1.642e+05 -1.625e+05 -5.164e+04 -1.465e+05 -9.722e+04 -1.083e+05
 -7.672e+04 -1.272e+05 -5.485e+04 -7.008e+04 -8.36e+04 -1.754e+05 -1.077e+05 -9.055e+04 -8.254e+04 -7.333e+04
 -7.204e+04 -6.227e+04 -6.286e+04 -3.767e+04 -8.348e+04 -7.201e+04 -1.11e+05 -7.824e+04 -9.256e+04 -1.363e+05
 -9.9e+04 -1.449e+05 -7.177e+04 -3.662e+04 -1.129e+05 -1.524e+05 -8.527e+04 -1.263e+05 -1.082e+05 -2.019e+05
 -1.125e+05 -1.04e+05 -9.116e+04 -5.077e+04 -1.3e+05 -1.102e+05 -6.53e+04 -9.726e+04 -5.608e+04 -1.366e+05
 -7.878e+04 -4.331e+04 -3.35e+04 -3.715e+04 -1.026e+05 -1.489e+04 -5.047e+04 -8.009e+04 -7.05e+04 -7.33e+04
 -2.401e+04 -2.002e+04 4.813e+04 -3.953e+04 -3.61e+04 -9290 -1.969e+04 -2.852e+04 -5.998e+04 -4e+04
 -1e+04 -1e+04 5.77e+04 -1e+04 -1e+04 -2.77e+04 -1e+04 0 -3e+04 -1e+04
 -6300 -9400 1.43e+04 -2e+04 -3e+04 -1300 0 -2.38e+04 7100 0
 -8.939e+04 -6.243e+04 -5.613e+04 -3.334e+04 -1.209e+05 -1.465e+04 -1.029e+05 -9.442e+04 3633 -9.965e+04
 -1.488e+05 -1.668e+05 -7.533e+04 -1.449e+05 -1.673e+05 -1.321e+05 -1.656e+05 -1.852e+05 -1.782e+05 -2.184e+05
 -1.653e+05 -2.233e+05 -1.428e+05 -1.881e+05 -2.206e+05 -1.583e+05 -1.209e+05 -2.032e+05 -1.76e+05 -2.209e+05
 -1.556e+05 -1.458e+05 -1.516e+05 -1.331e+05 -1.813e+05 -1.617e+05 -1.454e+05 -1.727e+05 -1.964e+05 -2.028e+05
 -1.793e+05 -1.302e+05 -1.302e+05 -1.41e+05 -1.602e+05 -1.145e+05 -1.345e+05 -1.464e+05 -2.155e+05 -1.654e+05
 -1.19e+05 -1.457e+05 -1.132e+05 -1.68e+05 -1.812e+05 -1.43e+05 -1.426e+05 -1.955e+05 -1.04e+05 -1.757e+05
 -1.37e+05 -1.577e+05 -8.766e+04 -1.305e+05 -1.108e+05 -1.868e+05 -8.324e+04 -1.531e+05 -1.601e+05 -1.86e+05
 -1.575e+05 -1.401e+05 -7.111e+04 -1.383e+05 -1.215e+05 -8.751e+04 -1.117e+05 -1.671e+05 -1.197e+05 -2.391e+05
 -1.218e+05 -1.411e+05 -6.397e+04 -9.672e+04 -1.014e+05 -8.632e+04 -9.402e+04 -1.483e+05 -8.009e+04 -2.137e+05
 -1.041e+05 -8.14e+04 -1.45e+04 -7.6e+04 -8.68e+04 -8.645e+04 -8.456e+04 -1.207e+05 -9.366e+04 -1.254e+05
 -4.916e+04 -3e+04 7.6e+04 -5.331e+04 -4.406e+04 -1.834e+04 -7.245e+04 -6.82e+04 -6.254e+04 -6.16e+04
 -3.63e+04 -6300 3.81e+04 -1.28e+04 -1e+04 1.66e+04 -1.71e+04 -3.63e+04 -3.48e+04 -1.74e+04
 -1e+04 0 1.46e+04 0 0 -4600 0 0 0 0
 0 0 2.08e+04 -1.31e+04 -1.15e+04 -5400 0 -2e+04 -800 0
 -8.292e+04 -1.51e+04 2640 -3.385e+04 -7.388e+04 -1.02e+04 -1.095e+05 -8.422e+04 -4.307e+04 -7.025e+04
 -1.532e+05 -1.388e+05 -7.544e+04 -9.562e+04 -1.409e+05 -1.749e+05 -1.416e+05 -1.69e+05 -1.776e+05 -1.542e+05
 -1.476e+05 -2.082e+05 -1.751e+05 -1.419e+05 -2.113e+05 -2.251e+05 -1.648e+05 -2.423e+05 -1.432e+05 -2.189e+05
 -1.722e+05 -1.599e+05 -2.12e+05 -1.284e+05 -2.131e+05 -2.719e+05 -1.723e+05 -1.715e+05 -1.172e+05 -3.387e+05
 -1.722e+05 -1.693e+05 -2.418e+05 -1.645e+05 -1.924e+05 -2.182e+05 -1.237e+05 -2.014e+05 -9.047e+04 -2.602e+05
 -1.557e+05 -1.431e+05 -2.447e+05 -1.425e+05 -1.677e+05 -1.864e+05 -6.73e+04 -1.748e+05 -1.347e+05 -2.203e+05
 -1.161e+05 -1.328e+05 -1.675e+05 -1.529e+05 -1.205e+05 -1.431e+05 -4.85e+04 -1.682e+05 -1.632e+05 -1.808e+05
 -1.29e+05 -9.677e+04 -9.101e+04 -1.23e+05 -8.732e+04 -1.076e+05 -5.528e+04 -1.446e+05 -9.145e+04 -2.12e+05
 -1.24e+05 -7.01e+04 -3.6e+04 -1.131e+05 -7.36e+04 -8.572e+04 -6.11e+04 -1.036e+05 -8.943e+04 -1.242e+05
 -8.361e+04 -5.038e+04 4.685e+04 -6.791e+04 -4.819e+04 -2.461e+04 -7.123e+04 -7.432e+04 -8.397e+04 -5.67e+04
 -9.007e+04 -2e+04 1.094e+05 -6e+04 -3e+04 -3.57e+04 -5.97e+04 -4.59e+04 -5.411e+04 -4e+04
 -1.982e+04 -97 1.574e+04 -1443 -1.018e+04 2.439e+04 -1.014e+04 -3.01e+04 -2.01e+04 -8643
 0 0 7900 0 0 0 0 -7900 0 0
 0 0 0 0 0 0 0 0 0 0
 -1e+04 4.23e+04 2.45e+04 -1e+04 -3.08e+04 30 -1.76e+04 -2.38e+04 -7.003e+04 -1.54e+04
 -8.766e+04 2400 -5.007e+04 -2.68e+04 -6.08e+04 -3.237e+04 -6.62e+04 -8.85e+04 -1.092e+05 -3.54e+04
 -8.02e+04 -1.069e+05 -1.098e+05 -7.743e+04 -1.17e+05 -1.469e+05 -3.42e+04 -1.332e+05 -6.39e+04 -6.68e+04
 -6.314e+04 -1.067e+05 -1.66e+05 -8.476e+04 -1.121e+05 -1.231e+05 -6.834e+04 -1.693e+05 -6.21e+04 -3.425e+04
 -1.007e+05 -6.364e+04 -9.364e+04 -1.075e+05 -1.213e+05 -8.16e+04 -1.029e+05 -6.064e+04 -1.398e+05 -1.183e+05
 -9.094e+04 -5.404e+04 -1.378e+05 -7.066e+04 -1.048e+05 -8.62e+04 -9.324e+04 -8.92e+04 -9.62e+04 -6.084e+04
 -4.38e+04 -2.46e+04 -9.944e+04 -1.498e+04 -7.874e+04 -1.502e+04 -5780 -9.01e+04 -2.59e+04 -5.358e+04
 -5.76e+04 -1.62e+04 -3.233e+04 -2.92e+04 -5300 -2.867e+04 -3.08e+04 -6.62e+04 2.32e+04 -5.24e+04
 -5.46e+04 -1e+04 -3830 -4.46e+04 1.54e+04 -1.46e+04 -2.62e+04 -2.08e+04 -3.457e+04 -3.46e+04
 -6e+04 0 3e+04 -2e+04 -2e+04 -2e+04 -2e+04 1e+04 -4e+04 -2e+04
 -2e+04 -1e+04 -6900 -1e+04 -2e+04 0 -2e+04 -3100 -3e+04 -2e+04
 0 0 1e+04 0 0 0 0 -1e+04 0 0
 0 0 0 0 0 0 0 0 0 0


