# Created by Octave 5.2.0, Thu Sep 24 23:53:19 2020 CEST <jiwidi@land>
# name: w
# type: matrix
# rows: 197
# columns: 10
 -3.8e+06 -3.3e+06 -3.5e+06 -3.7e+06 -3.4e+06 -2.8e+06 -3.3e+06 -3.3e+06 -5.1e+06 -3.3e+06
 0 0 0 0 0 0 0 0 0 0
 0 0 0 0 0 0 0 0 0 0
 -1e+05 -1e+05 -3e+05 0 -1e+05 2e+05 0 1e+05 -2e+05 -1e+05
 -1.38e+05 -2.46e+05 -3.22e+05 -8.4e+04 -1.53e+05 6.9e+04 -6.9e+04 3.46e+05 -2.07e+05 -1.92e+05
 -1e+05 -2e+05 2.54e+05 -2.46e+05 -4.6e+04 -2e+05 -3e+05 3.08e+05 -3e+05 -2.62e+05
 -6.54e+05 -6.077e+05 -1.843e+05 -3e+05 -5.2e+04 -9.94e+05 -5.617e+05 -5e+04 -3.85e+05 -9.21e+05
 -5.77e+05 -7.69e+05 -4e+05 -7.851e+05 -8.84e+05 -1.044e+06 -8.54e+05 -7.511e+05 -4e+04 -5.009e+05
 -8.463e+05 -1.115e+06 -1.337e+06 -8.391e+05 -1.261e+06 -1.024e+06 -6.86e+05 -1.586e+06 -3.14e+05 -1.463e+05
 -1.1e+06 -7.61e+05 -9.46e+05 -7.57e+05 -1.862e+06 -1.538e+06 -1.176e+06 -1.862e+06 -5.29e+05 -4.45e+05
 -1.022e+06 -8e+05 -5.98e+05 -1.222e+06 -1.499e+06 -1.144e+06 -1.051e+06 -8.15e+05 -8.517e+05 -7.733e+05
 -1.207e+06 -6.99e+05 -6.06e+05 -1.288e+06 -8.01e+05 -7.33e+05 -1.047e+06 -1.045e+06 -2.43e+05 -1.222e+06
 -9.087e+05 -2.69e+05 -8.39e+05 -6.47e+05 -2.62e+05 7.77e+04 -7e+05 -3.8e+04 -9.317e+05 -7.24e+05
 -4e+05 1e+05 -4e+05 -6.08e+05 -8.5e+04 6.39e+05 -4.46e+05 -2e+05 -6e+05 -2e+05
 -1e+05 0 0 0 0 1e+05 0 0 -1e+05 0
 0 0 0 0 0 0 0 1.24e+05 0 -1.24e+05
 0 -4.8e+04 -4.6e+04 -1.2e+04 0 1.2e+04 -1.2e+04 1.94e+05 -1e+05 0
 -2e+05 -3.35e+05 -2.044e+05 -2.847e+04 -2.021e+05 8.406e+04 -2.79e+05 3.354e+05 -5.9e+05 -3.549e+05
 -4.557e+05 -6.082e+05 -3.578e+05 -2.925e+05 -5.133e+05 -1.545e+05 -6.139e+05 4.915e+05 -5.949e+05 -7.882e+05
 -9.6e+05 -1.489e+06 -9.889e+05 -5.566e+05 -6.649e+05 -5.313e+05 -1.476e+06 -2.207e+04 -9.747e+05 -1.882e+06
 -1.528e+06 -2.172e+06 -1.825e+06 -1.432e+06 -1.788e+06 -1.559e+06 -1.717e+06 -7.57e+05 -1.73e+06 -1.562e+06
 -1.797e+06 -2.886e+06 -2.047e+06 -2.013e+06 -2.529e+06 -2.267e+06 -2.372e+06 -1.605e+06 -2.338e+06 -1.518e+06
 -2.523e+06 -3.092e+06 -1.948e+06 -2.147e+06 -3.506e+06 -2.621e+06 -2.693e+06 -2.157e+06 -2.432e+06 -1.309e+06
 -2.307e+06 -2.903e+06 -2.836e+06 -2.353e+06 -3.825e+06 -2.634e+06 -2.6e+06 -1.938e+06 -2.084e+06 -1.36e+06
 -2.607e+06 -2.502e+06 -2.601e+06 -2.699e+06 -3.162e+06 -2.321e+06 -2.665e+06 -2.046e+06 -2.519e+06 -1.837e+06
 -2.174e+06 -2.201e+06 -2.308e+06 -2.73e+06 -1.931e+06 -1.772e+06 -2.361e+06 -1.218e+06 -2.239e+06 -2.425e+06
 -1.668e+06 -1.492e+06 -2.078e+06 -1.524e+06 -8.378e+05 -6.948e+05 -1.98e+06 -1.175e+06 -2.349e+06 -1.946e+06
 -8.136e+05 -1.288e+05 -5.943e+05 -4.79e+04 8.724e+04 4.61e+05 -6.795e+05 -1.576e+05 -1.155e+06 -7.418e+05
 -2.82e+05 0 -1.5e+04 -1.46e+05 -1e+05 4.13e+05 -1e+05 1e+05 -1.67e+05 -2e+05
 0 0 0 1e+05 0 0 0 0 0 -1e+05
 0 0 1.558e+05 1.353e+04 -470 -1.702e+04 -1.86e+05 4.431e+04 -2.999e+05 -9.944e+04
 -1.37e+05 -2.349e+05 -7.47e+04 -1.687e+05 -4.144e+05 -2.45e+05 -3.864e+05 1.36e+05 -4.072e+04 -6.506e+05
 -8.013e+05 -9.368e+05 -5.361e+05 -4.464e+05 -1.229e+06 -8.89e+05 -9.926e+05 -2.681e+05 -4.682e+05 -1.203e+06
 -1.412e+06 -2.1e+06 -6.836e+05 -1.261e+06 -1.567e+06 -1.398e+06 -1.994e+06 -1.246e+06 -1.706e+06 -1.426e+06
 -1.971e+06 -2.534e+06 -2.198e+06 -1.926e+06 -2.007e+06 -1.957e+06 -2.031e+06 -1.928e+06 -1.575e+06 -1.439e+06
 -1.462e+06 -2.018e+06 -1.968e+06 -1.45e+06 -1.732e+06 -1.745e+06 -1.632e+06 -1.024e+06 -1.734e+06 -1.694e+06
 -1.019e+06 -1.114e+06 -1.43e+06 -1.35e+06 -1.786e+06 -9.451e+05 -1.576e+06 -8.459e+05 -1.255e+06 -1.83e+06
 -4.33e+05 -1.07e+06 -1.448e+06 -1.423e+06 -2.03e+06 -1.331e+06 -1.348e+06 -7.699e+05 -1.894e+06 -1.964e+06
 -1.33e+06 -1.398e+06 -1.888e+06 -2.296e+06 -1.54e+06 -2.323e+06 -2.237e+06 -1.881e+06 -1.399e+06 -2.639e+06
 -1.621e+06 -1.946e+06 -1.767e+06 -1.986e+06 -1.373e+06 -2.721e+06 -2.853e+06 -9.972e+05 -1.832e+06 -2.158e+06
 -1.269e+06 -1.58e+06 -1.89e+06 -6.962e+05 -1.127e+06 -1.499e+06 -2.082e+06 -8.71e+05 -1.327e+06 -1.684e+06
 -6.334e+05 -5.385e+05 -6.065e+05 9.87e+04 -7.659e+05 -2.942e+05 -8.315e+05 -2.935e+05 -2.02e+05 -7.82e+05
 -6.14e+05 -9.9e+04 -2.83e+05 -5.3e+04 -1.47e+05 2.47e+05 -2.7e+05 -5.3e+04 -6.9e+04 -3.37e+05
 0 0 1e+05 0 0 -1e+05 0 0 -1e+05 0
 -1600 0 5.24e+04 5954 -23 -1.16e+05 -2.842e+04 -23 -9.995e+04 5.598e+04
 -3.969e+05 -3.491e+05 -4.941e+05 -9.053e+05 -5.96e+05 -3.913e+05 -4.286e+05 -6.902e+04 1.343e+04 -4.808e+05
 -1.142e+06 -1.544e+06 -7.414e+05 -1.803e+06 -1.325e+06 -1.068e+06 -1.6e+06 -8.363e+05 -1.186e+06 -1.265e+06
 -1.726e+06 -2.242e+06 -1.031e+06 -1.815e+06 -1.166e+06 -1.217e+06 -1.88e+06 -1.464e+06 -1.812e+06 -1.314e+06
 -1.237e+06 -1.918e+06 -1.058e+06 -2.013e+06 -7.699e+05 -1.476e+06 -1.613e+06 -7.546e+05 -1.148e+06 -1.425e+06
 -9.136e+05 -1.396e+06 -7.885e+05 -1.841e+06 -1.01e+06 -1.081e+05 -9.242e+05 -6.914e+05 -1.049e+06 -9.23e+05
 -3.672e+05 -9.394e+05 -8.43e+05 -1.341e+06 -1.281e+06 -1.508e+05 -9.301e+05 -1.28e+06 -1.377e+06 -8.227e+05
 -6.188e+05 -7.189e+05 -1.36e+06 -9.283e+05 -1.445e+06 -1.161e+06 -1.287e+06 -9.74e+05 -1.415e+06 -1.165e+06
 -1.378e+06 -1.312e+06 -1.843e+06 -1.875e+06 -1.537e+06 -1.911e+06 -2.208e+06 -1.197e+06 -2.131e+06 -1.861e+06
 -1.407e+06 -2.193e+06 -1.821e+06 -1.36e+06 -1.781e+06 -2.293e+06 -2.812e+06 -1.394e+06 -1.812e+06 -1.43e+06
 -1.612e+06 -1.658e+06 -1.412e+06 -6.279e+05 -1.269e+06 -1.756e+06 -1.839e+06 -1.401e+06 -5.77e+05 -9.981e+05
 -6.077e+04 -6.266e+05 -6.145e+05 5.627e+05 -7.037e+05 -6.661e+05 -5.147e+05 -1.922e+05 -2.331e+05 -8.922e+05
 -4.1e+04 -3.44e+05 -2.26e+05 2.92e+05 -1.58e+05 -2.25e+05 -1.58e+05 -1e+05 1.4e+04 -2.58e+05
 0 -1e+05 1e+05 0 0 0 0 0 0 0
 -4.779e+04 -1e+05 3.405e+05 -1.023e+05 -1.001e+05 -3.857e+05 -2.608e+04 -9.258e+04 -4.382e+04 8.992e+04
 -4.611e+05 -6.281e+05 -1.178e+06 -1.429e+06 -7.61e+05 -1.677e+05 -5.875e+05 -7.97e+05 -1.939e+05 -2.261e+05
 -1.349e+06 -1.642e+06 -1.576e+06 -2.903e+06 -1.728e+06 -8.084e+05 -1.824e+06 -1.979e+06 -1.603e+06 -4.828e+05
 -1.642e+06 -1.885e+06 -1.302e+06 -2.618e+06 -8.751e+05 -8.844e+05 -2.024e+06 -1.747e+06 -1.264e+06 -1.23e+06
 -1.603e+06 -1.256e+06 -7.17e+05 -2.008e+06 -1.216e+06 -5.699e+05 -1.502e+06 -1.792e+06 -7.516e+05 -7.815e+05
 -1.268e+06 -1.033e+06 -1.014e+06 -1.287e+06 -1.66e+06 -2.591e+05 -9.852e+05 -1.679e+06 -1.067e+06 -6.271e+05
 -1.532e+06 -6.427e+05 -9.815e+05 -7.547e+05 -1.722e+06 -7.192e+05 -8.145e+05 -1.658e+06 -1.199e+06 -3.421e+05
 -1.921e+06 -1.143e+06 -1.885e+06 -1.353e+06 -1.468e+06 -2.352e+06 -2.19e+06 -1.559e+06 -2.075e+06 -1.147e+06
 -1.69e+06 -1.708e+06 -2.076e+06 -1.292e+06 -1.304e+06 -3.022e+06 -2.334e+06 -1.757e+06 -1.84e+06 -1.812e+06
 -1.201e+06 -1.604e+06 -1.256e+06 -1.289e+06 -1.378e+06 -1.875e+06 -1.864e+06 -1.301e+06 -1.001e+06 -8.566e+05
 -2.27e+05 -8.836e+05 -7.285e+05 -5.146e+05 -6.851e+05 -1.59e+06 -1.383e+06 -6.944e+05 -5.254e+05 -6.632e+05
 4.551e+05 -3.013e+05 -2.876e+04 2.976e+04 -3.059e+05 -9.073e+05 -3.009e+05 -3.009e+05 -4.089e+05 -1.949e+05
 2.99e+05 -1.14e+05 -1.4e+04 1.5e+04 -1.5e+04 -3.99e+05 -9.9e+04 -1.14e+05 -1.5e+04 -1.5e+04
 0 -2.3e+04 2.3e+04 0 0 0 0 0 0 0
 2.011e+05 -2.008e+05 -7.98e+04 -1.978e+05 1.361e+05 -3.61e+05 -2.365e+04 -3.208e+05 -5.045e+04 -8.29e+04
 -5.314e+05 -6.561e+05 -1.481e+06 -1.351e+06 -2.516e+05 -3.523e+05 -3.999e+05 -1.056e+06 -6.729e+05 -4.98e+05
 -9.19e+05 -1.559e+06 -2.404e+06 -2.013e+06 -1.013e+06 -1.133e+06 -1.541e+06 -1.953e+06 -1.755e+06 -2.033e+05
 -9.575e+05 -1.606e+06 -2.484e+06 -1.761e+06 -5.034e+05 -7.581e+05 -1.282e+06 -2.113e+06 -3.075e+05 -9.939e+05
 -1.149e+06 -1.342e+06 -1.915e+06 -1.767e+06 -7.118e+05 -6.435e+05 -1.078e+06 -1.995e+06 -5.344e+05 -1.267e+06
 -1.036e+06 -1.348e+06 -2.05e+06 -1.24e+06 -1.124e+06 -1.022e+06 -1.163e+06 -1.902e+06 -1.299e+06 -5.835e+05
 -1.79e+06 -1.358e+06 -1.81e+06 -1.574e+06 -1.901e+06 -2.199e+06 -2.687e+06 -2.446e+06 -2.3e+06 -9.593e+05
 -2.457e+06 -1.554e+06 -2.149e+06 -1.536e+06 -1.567e+06 -2.116e+06 -2.716e+06 -1.741e+06 -1.95e+06 -1.611e+06
 -1.904e+06 -1.668e+06 -1.578e+06 -1.244e+06 -1.226e+06 -1.498e+06 -2.001e+06 -1.566e+06 -1.805e+06 -4.542e+05
 -7.741e+05 -1.179e+06 -1.212e+06 -9.858e+05 -1.074e+06 -1.055e+06 -1.606e+06 -9.873e+05 -1.003e+06 -4.703e+05
 1.667e+05 -5e+05 -2.494e+05 -8.178e+05 8338 -8.795e+05 -9.651e+05 -4.682e+05 -9.769e+05 -5.194e+05
 2.994e+05 -3.006e+05 -1.001e+05 -3.048e+05 -1.036e+05 -3.986e+05 -3.006e+05 -3.006e+05 -1.979e+05 -2.006e+05
 2.017e+05 0 0 0 0 -2.017e+05 0 0 0 0
 3.1e+04 -1e+05 -1.69e+05 0 4.6e+04 -1e+05 -3.1e+04 -1e+05 -4.6e+04 0
 -3.55e+04 -1.021e+05 -7.361e+05 -1.697e+05 1.79e+04 1.65e+04 1.533e+05 -5.021e+05 -5.537e+05 3.39e+04
 -3.155e+05 -6.34e+05 -1.688e+06 -1.173e+06 -3.784e+05 2.398e+05 -6.402e+05 -1.101e+06 -1.376e+06 -5.896e+05
 -7.394e+05 -1.167e+06 -1.765e+06 -1.004e+06 -5.08e+05 -5.411e+05 -7.402e+05 -1.622e+06 -1.366e+06 -1.127e+06
 -8.925e+05 -1.172e+06 -2.262e+06 -1.614e+06 -8.701e+05 -9.907e+04 -1.334e+06 -1.902e+06 -1.432e+06 -1.34e+06
 -1.551e+06 -1.86e+06 -2.523e+06 -1.619e+06 -1.427e+06 -8.652e+05 -1.528e+06 -2.717e+06 -1.463e+06 -1.515e+06
 -2.404e+06 -1.861e+06 -2.232e+06 -1.649e+06 -1.941e+06 -1.452e+06 -2.55e+06 -2.204e+06 -1.765e+06 -1.454e+06
 -2.824e+06 -1.813e+06 -2.195e+06 -1.408e+06 -2.084e+06 -2.077e+06 -2.682e+06 -2.172e+06 -1.315e+06 -2.153e+06
 -2.276e+06 -9.139e+05 -1.878e+06 -7.88e+05 -1.132e+06 -1.74e+06 -1.923e+06 -1.543e+06 -8.37e+05 -1.276e+06
 -1.662e+06 -9.417e+05 -1.19e+06 -6.782e+05 -1.327e+06 -1.073e+06 -1.53e+06 -8.833e+05 -1.563e+06 -8.454e+05
 -6.92e+05 -8.236e+05 -2.942e+05 -8.952e+05 -2.685e+05 -6.489e+05 -1.237e+06 -5.292e+05 -1.751e+06 -8.362e+05
 -4.725e+04 -6.132e+05 -3.554e+05 -8.167e+04 -2.689e+04 -9.266e+05 -5.787e+05 -5.142e+05 -1.061e+06 -6.812e+05
 3.717e+05 -2.99e+05 -3.12e+05 1.355e+04 -1.992e+05 -6.186e+05 -3.38e+05 -3.13e+05 -2e+05 -2.006e+05
 2.3e+04 0 0 0 0 -2.3e+04 0 0 0 0
 0 -1e+05 -3e+05 0 2.76e+05 -2e+05 1e+05 -1e+05 -2e+05 -7.6e+04
 3.153e+05 -3.27e+05 -9.45e+05 -3.605e+05 2.129e+05 -8.077e+05 -2260 -7.48e+05 -7.92e+05 -2.53e+05
 -1.051e+04 -6.28e+05 -2.5e+05 -6.649e+05 -2.052e+05 -1.134e+06 -7.079e+05 -7.002e+05 -1.243e+06 -9.361e+05
 -1.264e+05 -7.287e+05 -5.476e+05 -6.748e+05 -5.613e+05 -5.964e+05 -5.296e+05 -7.905e+05 -1.675e+06 -8.319e+05
 -1.142e+06 -1.916e+06 -1.195e+06 -1.654e+06 -1.102e+06 -1.21e+06 -1.24e+06 -1.785e+06 -8.718e+05 -1.757e+06
 -1.813e+06 -1.53e+06 -1.316e+06 -1.559e+06 -1.403e+06 -1.303e+06 -1.919e+06 -1.915e+06 -1.228e+06 -1.773e+06
 -2.159e+06 -1.722e+06 -1.637e+06 -1.707e+06 -1.541e+06 -2.025e+06 -2.281e+06 -1.943e+06 -8.445e+05 -2.008e+06
 -1.824e+06 -1.358e+06 -1.902e+06 -1.317e+06 -1.368e+06 -1.621e+06 -1.879e+06 -1.196e+06 -1.52e+06 -1.756e+06
 -1.907e+06 -5.801e+05 -1.407e+06 -1.029e+06 -1.22e+06 -1.402e+06 -1.25e+06 -1.194e+06 -1.15e+06 -1.452e+06
 -1.23e+06 -5.709e+05 -1.284e+06 -7.588e+05 -7.146e+05 -9.14e+05 -6.795e+05 -1.171e+06 -1.607e+06 -9.667e+05
 -1.042e+06 -9.36e+05 -1.266e+06 -7.125e+05 -4.077e+05 -8.42e+05 -9.754e+05 -6.458e+05 -1.534e+06 -1.428e+06
 -1.354e+05 -7.79e+05 -1.396e+06 -2.452e+05 -2.502e+05 -9.701e+05 -1.78e+05 -5.843e+05 -1.156e+06 -7.843e+05
 5.132e+05 -2.978e+05 -7.929e+05 1.402e+05 -1.977e+05 -6.581e+05 -5.305e+04 -3.978e+05 -1.978e+05 -2.358e+05
 0 0 0 0 0 0 0 0 0 0
 0 -1.69e+05 -4.767e+05 -3.1e+04 -6.9e+04 -1.923e+05 1e+05 -1.69e+05 -6.9e+04 -7.67e+04
 4.538e+05 -5.02e+05 -1.246e+05 -4.543e+05 -2.149e+05 -1.273e+06 -5.271e+05 -5.83e+05 -8.179e+05 -5.037e+05
 3.474e+05 -5.935e+05 -3.242e+05 -8.113e+05 -3.106e+05 -1.164e+06 -2.79e+05 -8.691e+05 -3.495e+05 -4.786e+05
 -4.795e+05 -1.277e+06 -4.681e+05 -1.62e+06 -7.569e+05 -1.623e+06 -9.342e+04 -1.103e+06 -4.934e+05 -1.246e+06
 -9.739e+05 -1.452e+06 -7.136e+05 -2.131e+06 -9.549e+05 -2.315e+06 -9.873e+05 -1.533e+06 -7.197e+05 -1.576e+06
 -1.376e+06 -9.702e+05 -1.424e+06 -1.884e+06 -1.115e+06 -2.446e+06 -1.15e+06 -1.355e+06 -6.731e+05 -1.235e+06
 -1.673e+06 -8.765e+05 -1.223e+06 -2.108e+06 -1.031e+06 -2.189e+06 -1.261e+06 -1.623e+06 -6.691e+05 -1.416e+06
 -2.173e+06 -9.67e+05 -5.62e+05 -2.012e+06 -9.382e+05 -1.495e+06 -1.431e+06 -1.375e+06 -1.081e+06 -1.442e+06
 -2.06e+06 -1.358e+06 -6.999e+05 -1.743e+06 -1.492e+06 -1.844e+06 -9.234e+05 -1.633e+06 -1.04e+06 -1.094e+06
 -1.507e+06 -9.647e+05 -9.526e+05 -9.475e+05 -9.234e+05 -9.933e+05 -1.189e+06 -7.465e+05 -9.723e+05 -1.796e+06
 -8.58e+05 -1.195e+06 -1.753e+06 -6.172e+05 -7.856e+05 -8.571e+05 -5.68e+05 -9.802e+05 -1.511e+06 -1.303e+06
 -4.071e+05 -9.05e+05 -1.419e+06 -1.615e+05 -1.074e+06 -9.742e+05 -4.549e+05 -7.583e+05 -1.477e+06 -1.088e+06
 -8.5e+04 -3.23e+05 -3.62e+05 1.342e+05 -4e+05 -5.882e+05 4.525e+04 -2.37e+05 -3.02e+05 -2.98e+05
 -2.72e+05 -2.22e+05 2.91e+05 -1.99e+05 -2.97e+05 -9.8e+04 -1.97e+05 -1.27e+05 -2.98e+05 -1.99e+05
 -1.76e+05 -1.52e+05 -1.63e+05 -1.67e+05 -4.5e+05 -9.7e+04 -1000 -1e+05 -2.77e+05 -2.52e+05
 -1.522e+05 -7.576e+05 -6.2e+05 -4.447e+05 -8.053e+05 -2.492e+05 -7.497e+05 -7.053e+05 -1.127e+06 -8.813e+05
 -4.236e+05 -1.077e+06 -2.952e+05 -1.476e+06 -9.07e+05 -1.021e+06 -9.434e+05 -9.312e+05 -5.678e+05 -1.411e+06
 -9.375e+05 -1.378e+06 -6.424e+05 -1.962e+06 -1.463e+06 -1.982e+06 -6.363e+05 -1.259e+06 -2.508e+05 -1.862e+06
 -1.305e+06 -1.234e+06 -1.129e+06 -2.104e+06 -1.545e+06 -2.251e+06 -8.973e+05 -1.381e+06 -4.885e+05 -1.776e+06
 -1.797e+06 -1.222e+06 -1.186e+06 -2.281e+06 -1.086e+06 -2.107e+06 -1.158e+06 -1.059e+06 -1.371e+06 -2.06e+06
 -2.065e+06 -1.21e+06 -8.717e+05 -1.799e+06 -1.204e+06 -1.509e+06 -7.532e+05 -7.479e+05 -1.674e+06 -1.429e+06
 -1.819e+06 -1.098e+06 -9.717e+05 -1.827e+06 -9.156e+05 -1.094e+06 -6.2e+05 -9.588e+05 -1.564e+06 -1.462e+06
 -9.335e+05 -1.337e+06 -6.565e+05 -1.469e+06 -1.081e+06 -1.4e+06 -9.242e+05 -1.514e+06 -1.479e+06 -7.901e+05
 -9.033e+05 -1.366e+06 -8.507e+05 -6.558e+05 -9.073e+05 -1.274e+06 -1.323e+06 -8.485e+05 -1.247e+06 -1.938e+06
 -8.91e+05 -1.321e+06 -4.301e+05 -4.182e+05 -1.479e+06 -1.364e+06 -8.233e+05 -9.818e+05 -1.312e+06 -1.276e+06
 -5.992e+05 -6.475e+05 -5.239e+05 -6.628e+05 -9.332e+05 -5.092e+05 -5.114e+05 -5.892e+05 -1.043e+06 -8.145e+05
 -2.188e+05 -2.867e+05 -6.569e+05 1.394e+05 -3.017e+05 -1.443e+05 3.32e+05 -4.017e+05 -5.88e+05 -3.017e+05
 -2e+05 -1e+05 -1.693e+05 -1e+05 -7700 2.23e+05 1.693e+05 -2e+05 -1.077e+05 -1e+05
 -2.66e+05 -1e+05 8400 6.2e+04 -1.38e+05 1.26e+05 -1.82e+05 -2.244e+05 -3.33e+05 -1.15e+05
 -8.318e+05 -9.89e+05 -9.179e+05 -2.564e+05 -1.176e+06 1.11e+05 -1.072e+06 -8.764e+05 -4.988e+05 -1.141e+06
 -1.692e+06 -1.545e+06 -9.512e+05 -1.437e+06 -1.938e+06 -4.984e+05 -1.326e+06 -1.625e+06 -7.474e+05 -1.737e+06
 -1.631e+06 -1.494e+06 -1.621e+06 -1.685e+06 -2.063e+06 -8.556e+05 -1.342e+06 -1.521e+06 -1.226e+06 -1.806e+06
 -1.256e+06 -1.459e+06 -1.312e+06 -2.118e+06 -1.808e+06 -1.251e+06 -1.034e+06 -1.452e+06 -1.76e+06 -1.187e+06
 -1.7e+06 -1.445e+06 -1.187e+06 -1.566e+06 -1.309e+06 -1.539e+06 -4.186e+05 -1.275e+06 -1.633e+06 -8.669e+05
 -1.797e+06 -1.065e+06 -8.447e+05 -9.089e+05 -1.324e+06 -1.359e+06 -1.766e+05 -1.303e+06 -8.127e+05 -1.314e+06
 -8.653e+05 -1.216e+06 -4.69e+05 -8.381e+05 -9.352e+05 -1.686e+06 -9.462e+05 -1.323e+06 -9.09e+05 -8.124e+05
 -8.849e+05 -9.512e+05 -8.748e+05 -4.189e+05 -1.162e+06 -8.86e+05 -1.319e+06 -1.068e+06 -1.041e+06 -1.325e+06
 -1.299e+06 -1.924e+06 -1.141e+06 -6.291e+05 -1.146e+06 -1.513e+06 -1.13e+06 -1.268e+06 -1.047e+06 -1.891e+06
 -1.253e+06 -1.144e+06 -9.627e+05 -5.93e+05 -1.113e+06 -8.902e+05 -3.873e+05 -8.746e+05 -7.249e+05 -1.151e+06
 -8.091e+05 -3.02e+05 -2.229e+05 -5.667e+05 -9.27e+05 -1.81e+05 -3.502e+05 -6.69e+05 -9.19e+05 -7.02e+05
 -3.84e+05 -9.923e+04 4.543e+05 -2.981e+05 -3.01e+05 -9.69e+04 -1.129e+05 -4.953e+05 -8.959e+05 -2.99e+05
 -1e+05 0 8e+05 -1e+05 -2e+05 -2e+05 -1e+05 -1e+05 -5e+05 0
 -1.69e+05 -9.4e+04 -9e+04 0 -1.46e+05 -6.9e+04 5.4e+04 -1.15e+05 -5.1e+04 -1e+05
 -1.04e+06 -5.729e+05 -5.24e+05 -5.653e+05 -1.385e+06 1.556e+05 -8.785e+05 -8.003e+05 -1.63e+05 -9.977e+05
 -1.327e+06 -1.279e+06 -7.129e+05 -1.416e+06 -1.964e+06 -1.173e+06 -1.512e+06 -1.928e+06 -1.713e+06 -2.097e+06
 -1.875e+06 -1.705e+06 -1.78e+06 -1.536e+06 -2.342e+06 -1.631e+06 -1.182e+06 -2.025e+06 -2.083e+06 -2.231e+06
 -1.731e+06 -1.413e+06 -1.563e+06 -1.071e+06 -1.872e+06 -1.601e+06 -1.196e+06 -1.546e+06 -2.165e+06 -1.81e+06
 -1.879e+06 -1.227e+06 -1.372e+06 -1.154e+06 -1.508e+06 -9.995e+05 -1.074e+06 -1.384e+06 -2.268e+06 -1.717e+06
 -1.406e+06 -1.262e+06 -1.507e+06 -1.773e+06 -1.784e+06 -1.442e+06 -9.874e+05 -1.96e+06 -1.118e+06 -1.928e+06
 -1.339e+06 -1.465e+06 -8.521e+05 -1.14e+06 -1.304e+06 -1.81e+06 -1.236e+06 -1.708e+06 -1.624e+06 -1.893e+06
 -1.646e+06 -1.386e+06 -7.698e+05 -1.472e+06 -1.422e+06 -1.143e+06 -1.229e+06 -1.762e+06 -1.236e+06 -2.583e+06
 -1.321e+06 -1.522e+06 -4.432e+05 -1.185e+06 -9.963e+05 -9.979e+05 -8.07e+05 -1.619e+06 -1.077e+06 -2.28e+06
 -9.453e+05 -8.402e+05 -2.503e+04 -6.449e+05 -8.19e+05 -9.612e+05 -4.598e+05 -1.109e+06 -1.159e+06 -1.085e+06
 -7.426e+05 -4.56e+05 5.289e+05 -6.246e+05 -4.397e+05 -2.51e+05 -3.982e+05 -7.04e+05 -8.504e+05 -5.54e+05
 -5.266e+05 -1.63e+05 3.864e+05 -7.4e+04 -1e+05 2.09e+05 -2.024e+05 -2.17e+05 -4.61e+05 -2.63e+05
 -1e+05 0 1.46e+05 0 -4.6e+04 0 -4.6e+04 0 -4.6e+04 0
 -1e+05 0 6.2e+04 2.3e+04 -4.6e+04 -6.9e+04 0 0 -1.6e+04 -2e+05
 -7.671e+05 2570 -3.072e+05 -2.426e+05 -8.53e+05 -3.624e+05 -7.754e+05 -5.439e+05 -2.338e+05 -8.554e+05
 -1.592e+06 -1.146e+06 -1.114e+06 -1.332e+06 -1.482e+06 -1.604e+06 -1.473e+06 -1.521e+06 -1.996e+06 -1.766e+06
 -1.477e+06 -1.779e+06 -1.907e+06 -1.936e+06 -1.742e+06 -1.989e+06 -1.578e+06 -2.195e+06 -1.402e+06 -2.327e+06
 -1.64e+06 -1.848e+06 -2.366e+06 -1.8e+06 -2.127e+06 -2.513e+06 -1.399e+06 -1.621e+06 -1.506e+06 -3.178e+06
 -1.969e+06 -1.716e+06 -2.539e+06 -1.711e+06 -2.121e+06 -2.157e+06 -1.275e+06 -2.285e+06 -1.28e+06 -2.701e+06
 -1.659e+06 -1.505e+06 -2.607e+06 -1.612e+06 -1.754e+06 -1.547e+06 -7.819e+05 -2.138e+06 -1.684e+06 -2.113e+06
 -1.027e+06 -1.598e+06 -1.847e+06 -1.53e+06 -1.325e+06 -1.196e+06 -5.72e+05 -1.841e+06 -1.509e+06 -2e+06
 -9.961e+05 -1.3e+06 -7.8e+05 -1.231e+06 -7.033e+05 -1.255e+06 -7.937e+05 -1.646e+06 -8.383e+05 -2.022e+06
 -9.15e+05 -8.87e+05 -4.145e+05 -9.817e+05 -3.695e+05 -7.475e+05 -7.38e+05 -1.168e+06 -9.235e+05 -1.067e+06
 -7.754e+05 -6.01e+05 5.971e+05 -5.522e+05 -5.413e+05 -2.195e+05 -6.815e+05 -6.534e+05 -1.034e+06 -6.09e+05
 -6e+05 -4e+05 1.195e+06 -5e+05 -4e+05 -3.575e+05 -7.974e+05 -4e+05 -5.411e+05 -4e+05
 -1.982e+05 -5.597e+04 5.594e+04 8.557e+04 -1e+05 1.985e+05 -1.572e+05 -1.01e+05 -2.01e+05 -1.86e+05
 0 0 0 0 0 0 0 0 0 0
 0 0 0 0 0 0 0 0 0 0
 -2e+05 3.23e+05 -6.2e+04 -2e+05 -5.54e+05 5.4e+04 -1e+05 -1.38e+05 -6.08e+05 -1.54e+05
 -9.623e+05 -4.07e+05 -3.77e+05 -2.457e+05 -3.76e+05 -4.62e+05 -6.7e+05 -5.63e+05 -1.008e+06 -4.23e+05
 -7.99e+05 -8.38e+05 -8.321e+05 -5.244e+05 -1.116e+06 -1.309e+06 -6.149e+05 -1.07e+06 -7.74e+05 -7.84e+05
 -8.48e+05 -8.137e+05 -1.361e+06 -1.087e+06 -1.221e+06 -9.91e+05 -7.684e+05 -1.916e+06 -7.747e+05 -7.217e+05
 -6.304e+05 -5.744e+05 -1.144e+06 -8.076e+05 -1.26e+06 -7.244e+05 -1.09e+06 -7.144e+05 -1.497e+06 -1.552e+06
 -6e+05 -8.93e+05 -1.246e+06 -5.743e+05 -1.048e+06 -1.07e+06 -8.624e+05 -1.039e+06 -5.47e+05 -7.073e+05
 -2.164e+05 -4.23e+05 -8.718e+05 -8.99e+04 -2.275e+05 -3.258e+05 -1.724e+05 -7.157e+05 3000 -5.591e+05
 -2.53e+05 -1.787e+05 -2.533e+05 8000 6.2e+04 -1.39e+05 -4.717e+05 -5.15e+05 9.4e+04 -5.24e+05
 -3.46e+05 -2.46e+05 -2.303e+05 -3.46e+05 1.92e+05 -1.84e+05 -3.7e+05 -5.4e+04 -4.297e+05 -3.46e+05
 -4e+05 -1e+05 2e+05 -1e+05 -2e+05 -2e+05 -2e+05 1e+05 -5e+05 -3e+05
 -2e+05 -2e+05 2e+05 -1e+05 -3e+05 -1e+05 -3e+05 -1e+05 -4e+05 -3e+05
 0 0 0 0 0 0 0 0 0 0
 0 0 0 0 0 0 0 0 0 0


