# Created by Octave 5.2.0, Thu Sep 24 23:53:09 2020 CEST <jiwidi@land>
# name: w
# type: matrix
# rows: 197
# columns: 10
 -1.969e+05 -1.756e+05 -1.816e+05 -1.93e+05 -1.884e+05 -1.698e+05 -1.827e+05 -1.806e+05 -2.327e+05 -1.854e+05
 0 0 0 0 0 0 0 0 0 0
 0 0 0 0 0 0 0 0 0 0
 -1000 -1516 -5300 -1316 -3800 4600 -600 -2284 -4608 -916.4
 -2205 -9014 -8850 -5789 -4707 789 -1345 1.071e+04 -5864 -6098
 -3601 -1.177e+04 -1216 -9501 -2661 -5838 -7216 1.509e+04 -7392 -1.092e+04
 -1.361e+04 -1.901e+04 -1.072e+04 -1.106e+04 -3474 -1.736e+04 -1.226e+04 8914 -8147 -3.124e+04
 -2.37e+04 -2.912e+04 -2.213e+04 -2.584e+04 -2.589e+04 -3.665e+04 -2.955e+04 -2.406e+04 -1.485e+04 -2.132e+04
 -4.587e+04 -4.573e+04 -4.91e+04 -4.407e+04 -5.158e+04 -5.145e+04 -4.523e+04 -5.993e+04 -3.736e+04 -1.792e+04
 -5.726e+04 -3.727e+04 -5.377e+04 -4.608e+04 -6.527e+04 -5.443e+04 -5.658e+04 -6.865e+04 -4.547e+04 -3.188e+04
 -6.411e+04 -5.584e+04 -5.05e+04 -5.403e+04 -6.995e+04 -6.052e+04 -5.337e+04 -5.182e+04 -5.339e+04 -4.792e+04
 -4.767e+04 -4.124e+04 -4.575e+04 -4.952e+04 -4.156e+04 -4.839e+04 -4.882e+04 -5.249e+04 -4.275e+04 -4.999e+04
 -2.897e+04 -1.342e+04 -2.97e+04 -2.231e+04 -1.804e+04 -1.461e+04 -2.471e+04 -1.269e+04 -3.214e+04 -3.298e+04
 -1.212e+04 -1198 -1.692e+04 -1.899e+04 -5689 9134 -1.728e+04 -1.221e+04 -1.467e+04 -9464
 -500 -200 -300 -900 -300 1000 -500 -300 -400 -800
 -124 -186 -806 -2418 -186 -248 -62 2480 -248 -2294
 -419 -1812 -772 -2534 -1002 -155.3 -456.7 3749 -573.2 -1014
 -6419 -9717 -5388 -7349 -8298 -196.8 -8096 5290 -1.23e+04 -8825
 -1.873e+04 -2.388e+04 -1.669e+04 -1.091e+04 -1.908e+04 -1.03e+04 -1.935e+04 688.7 -2.176e+04 -2.793e+04
 -4.667e+04 -6.317e+04 -4.445e+04 -3.518e+04 -3.595e+04 -4.031e+04 -6.068e+04 -3.078e+04 -4.305e+04 -6.775e+04
 -7.851e+04 -9.954e+04 -7.761e+04 -7.401e+04 -7.557e+04 -7.858e+04 -8.337e+04 -4.678e+04 -8.014e+04 -8.691e+04
 -9.422e+04 -1.209e+05 -9.737e+04 -8.972e+04 -1.038e+05 -1.018e+05 -1.041e+05 -7.14e+04 -1.048e+05 -8.099e+04
 -1.148e+05 -1.354e+05 -1.106e+05 -1.105e+05 -1.426e+05 -1.194e+05 -1.219e+05 -9.8e+04 -1.11e+05 -8.247e+04
 -1.148e+05 -1.312e+05 -1.277e+05 -1.214e+05 -1.544e+05 -1.231e+05 -1.219e+05 -1.047e+05 -1.099e+05 -8.612e+04
 -1.26e+05 -1.277e+05 -1.266e+05 -1.26e+05 -1.444e+05 -1.258e+05 -1.302e+05 -1.044e+05 -1.246e+05 -1.074e+05
 -1.056e+05 -1.067e+05 -1.04e+05 -1.108e+05 -9.669e+04 -9.825e+04 -1.046e+05 -8.093e+04 -1.004e+05 -1.118e+05
 -6.706e+04 -6.013e+04 -7.902e+04 -7.404e+04 -5.398e+04 -4.763e+04 -7.234e+04 -5.794e+04 -7.737e+04 -7.459e+04
 -3.311e+04 -1.829e+04 -3.05e+04 -2.007e+04 -2.062e+04 4829 -3.257e+04 -2.132e+04 -3.589e+04 -2.726e+04
 -4697 -3989 -4909 -9402 -4790 7715 -4733 423 -4626 -7581
 -1300 -500 -600 1800 -400 -1200 -200 -400 -400 -1700
 -4499 -2540 3552 -2150 -3207 -3934 -7213 -641.1 -6180 -5233
 -1.042e+04 -1.189e+04 -6565 -1.275e+04 -1.521e+04 -1.264e+04 -1.428e+04 -8149 -8099 -1.653e+04
 -3.782e+04 -3.837e+04 -3.12e+04 -2.606e+04 -3.915e+04 -3.26e+04 -3.992e+04 -1.969e+04 -2.731e+04 -4.847e+04
 -7.287e+04 -8.956e+04 -6.691e+04 -7.598e+04 -7.23e+04 -7.747e+04 -8.529e+04 -6.685e+04 -7.694e+04 -7.538e+04
 -8.315e+04 -1.024e+05 -9.17e+04 -8.832e+04 -9.373e+04 -8.936e+04 -8.883e+04 -7.943e+04 -7.847e+04 -7.813e+04
 -7.531e+04 -9.16e+04 -8.073e+04 -7.07e+04 -8.145e+04 -7.652e+04 -7.975e+04 -5.393e+04 -6.91e+04 -8.561e+04
 -6.268e+04 -6.46e+04 -6.331e+04 -6.68e+04 -7.848e+04 -5.821e+04 -6.795e+04 -5.492e+04 -5.637e+04 -7.609e+04
 -5.802e+04 -5.766e+04 -6.953e+04 -6.945e+04 -8.826e+04 -6.512e+04 -7.462e+04 -5.604e+04 -8.051e+04 -9.158e+04
 -9.064e+04 -9.89e+04 -1.119e+05 -1.173e+05 -1.057e+05 -1.094e+05 -1.119e+05 -1.06e+05 -9.791e+04 -1.106e+05
 -1.001e+05 -1.131e+05 -1.046e+05 -1.109e+05 -9.414e+04 -1.185e+05 -1.171e+05 -9.211e+04 -1.038e+05 -1.149e+05
 -5.731e+04 -6.77e+04 -7.597e+04 -4.798e+04 -5.834e+04 -5.594e+04 -6.83e+04 -4.598e+04 -4.831e+04 -6.245e+04
 -2.583e+04 -2.403e+04 -3.062e+04 -6676 -3.29e+04 -1.387e+04 -2.829e+04 -1.896e+04 -1.498e+04 -2.479e+04
 -9632 -6075 -7032 -5558 -6307 4013 -6455 -2901 -1931 -8390
 -200 -500 3700 -100 -2300 -800 -2800 -300 -3700 -600
 -1663 -1445 3335 -1578 -3850 -1709 -4410 -936.1 -5386 -329.3
 -1.688e+04 -1.7e+04 -1.76e+04 -2.833e+04 -2.108e+04 -1.097e+04 -1.909e+04 -1.133e+04 -1.049e+04 -2.18e+04
 -5.265e+04 -6.085e+04 -4.079e+04 -7.038e+04 -5.631e+04 -4.921e+04 -6.422e+04 -4.257e+04 -5.112e+04 -5.639e+04
 -8.619e+04 -1.016e+05 -7.184e+04 -9.384e+04 -6.879e+04 -7.132e+04 -8.467e+04 -7.363e+04 -7.993e+04 -7.352e+04
 -6.646e+04 -8.696e+04 -6.062e+04 -7.784e+04 -5.89e+04 -6.463e+04 -7.148e+04 -5.902e+04 -6.261e+04 -6.42e+04
 -4.64e+04 -6.06e+04 -4.73e+04 -6.375e+04 -5.086e+04 -3.613e+04 -4.301e+04 -4.597e+04 -5.242e+04 -4.768e+04
 -2.58e+04 -4.042e+04 -4.336e+04 -5.418e+04 -5.83e+04 -2.123e+04 -5.288e+04 -5.308e+04 -6.033e+04 -3.447e+04
 -5.417e+04 -5.707e+04 -7.409e+04 -5.92e+04 -7.616e+04 -6.097e+04 -7.385e+04 -5.024e+04 -7.327e+04 -7.807e+04
 -9.874e+04 -9.765e+04 -1.16e+05 -1.126e+05 -1.016e+05 -1.101e+05 -1.2e+05 -9.584e+04 -1.164e+05 -1.045e+05
 -7.891e+04 -9.94e+04 -9.106e+04 -8.832e+04 -9.443e+04 -9.637e+04 -1.132e+05 -7.988e+04 -9.109e+04 -9.063e+04
 -5.237e+04 -5.571e+04 -4.814e+04 -3.926e+04 -5.053e+04 -5.884e+04 -6.198e+04 -5.694e+04 -3.447e+04 -4.475e+04
 -1.693e+04 -2.371e+04 -2.737e+04 5235 -2.511e+04 -2.466e+04 -2.553e+04 -1.656e+04 -1.999e+04 -2.294e+04
 -7053 -1.037e+04 -8077 2089 -9589 -7001 -1.094e+04 -6279 -5076 -8274
 -2900 -2700 3200 -500 -2200 -3200 -1900 -2100 -2400 -1200
 -1297 -4947 2803 -2590 -5876 -7764 -5804 -7092 -5512 -1165
 -2.007e+04 -2.123e+04 -2.778e+04 -3.641e+04 -2.507e+04 -6644 -2.143e+04 -2.368e+04 -1.217e+04 -1.742e+04
 -6.357e+04 -7.533e+04 -6.564e+04 -9.062e+04 -6.65e+04 -4.878e+04 -6.948e+04 -6.763e+04 -6.201e+04 -3.767e+04
 -7.725e+04 -9.505e+04 -6.815e+04 -9.456e+04 -6.186e+04 -6.019e+04 -8.403e+04 -7.162e+04 -7.378e+04 -8.073e+04
 -7.257e+04 -7.149e+04 -5.36e+04 -8.604e+04 -6.296e+04 -4.805e+04 -7.233e+04 -8.88e+04 -5.942e+04 -4.362e+04
 -5.313e+04 -6.123e+04 -5.35e+04 -5.911e+04 -6.461e+04 -3.444e+04 -5.608e+04 -7.773e+04 -4.531e+04 -3.004e+04
 -6.47e+04 -5.135e+04 -5.682e+04 -5.416e+04 -6.805e+04 -4.966e+04 -5.579e+04 -7.834e+04 -5.349e+04 -2.656e+04
 -9.885e+04 -7.101e+04 -9.743e+04 -8.374e+04 -9.162e+04 -1.124e+05 -1e+05 -9.115e+04 -1.084e+05 -8.392e+04
 -9.723e+04 -1.039e+05 -1.09e+05 -9.402e+04 -9.973e+04 -1.3e+05 -1.229e+05 -1.101e+05 -1.066e+05 -9.863e+04
 -5.335e+04 -7.047e+04 -6.681e+04 -6.917e+04 -7.622e+04 -7.497e+04 -8.499e+04 -6.67e+04 -6.226e+04 -5.946e+04
 -1.582e+04 -3.17e+04 -3.379e+04 -2.021e+04 -2.914e+04 -4.134e+04 -4.487e+04 -2.998e+04 -3.135e+04 -2.277e+04
 2988 -1.055e+04 -5025 1857 -7945 -2.175e+04 -1.081e+04 -7441 -1.04e+04 -6677
 7912 -1058 -662 -942 -1141 -9222 -1541 -977 -1042 -842
 -667 -621 736 -115 -506 -736 -437 -483 -552 -276
 -1016 -9103 -4198 -1.045e+04 306.1 -5437 -3948 -6469 -6498 -9824
 -2.425e+04 -3.504e+04 -3.797e+04 -4.039e+04 -1.14e+04 -2.147e+04 -2.217e+04 -2.874e+04 -2.158e+04 -2.526e+04
 -5.031e+04 -6.846e+04 -7.381e+04 -6.586e+04 -4.083e+04 -4.719e+04 -5.858e+04 -8.006e+04 -5.82e+04 -3.482e+04
 -7.644e+04 -8.491e+04 -1e+05 -8.438e+04 -5.514e+04 -6.06e+04 -7.345e+04 -9.178e+04 -5.782e+04 -6.739e+04
 -6.68e+04 -7.387e+04 -7.884e+04 -7.594e+04 -4.218e+04 -6.085e+04 -6.119e+04 -9.057e+04 -5.383e+04 -5.778e+04
 -5.4e+04 -6.196e+04 -7.586e+04 -5.747e+04 -5.258e+04 -5.572e+04 -6.932e+04 -8.381e+04 -5.493e+04 -4.758e+04
 -1.029e+05 -8.149e+04 -9.918e+04 -8.444e+04 -9.433e+04 -1.048e+05 -1.059e+05 -1.097e+05 -9.532e+04 -7.451e+04
 -1.156e+05 -1.033e+05 -1.133e+05 -1.01e+05 -1.041e+05 -1.146e+05 -1.214e+05 -1.137e+05 -1.196e+05 -9.572e+04
 -8.332e+04 -8.559e+04 -7.657e+04 -6.81e+04 -7.344e+04 -8.687e+04 -8.937e+04 -8.032e+04 -8.817e+04 -5.595e+04
 -3.43e+04 -3.905e+04 -4.431e+04 -3.679e+04 -3.831e+04 -4.589e+04 -5.783e+04 -4.142e+04 -4.065e+04 -2.097e+04
 -1010 -1.805e+04 -1.324e+04 -1.787e+04 -8225 -2.642e+04 -3.265e+04 -1.766e+04 -2.725e+04 -1.266e+04
 9960 -3679 -3482 -8601 -3223 -1.115e+04 -6340 -3974 -3943 -2773
 6786 -425.4 -350.1 -1130 -689.1 -7195 -1204 -525.4 -650.1 -525.4
 1364 -1366 -4679 -924 1019 -1341 587.6 -1076 -1159 -984.6
 -5690 -1.18e+04 -1.647e+04 -1.838e+04 362 -4709 -6107 -1.731e+04 -1.61e+04 -4084
 -1.233e+04 -2.291e+04 -3.815e+04 -3.255e+04 -1.325e+04 -5998 -2.164e+04 -3.011e+04 -3.88e+04 -2.054e+04
 -5.133e+04 -6.375e+04 -6.906e+04 -4.79e+04 -3.245e+04 -4.375e+04 -4.282e+04 -7.054e+04 -5.965e+04 -5.054e+04
 -6.218e+04 -7.755e+04 -9.398e+04 -8.145e+04 -5.435e+04 -5.05e+04 -7.783e+04 -8.866e+04 -8.07e+04 -7.767e+04
 -8.717e+04 -9.584e+04 -1.087e+05 -8.889e+04 -8.842e+04 -7.178e+04 -9.227e+04 -1.14e+05 -8.596e+04 -7.957e+04
 -1.2e+05 -1.066e+05 -1.075e+05 -9.609e+04 -1.064e+05 -9.41e+04 -1.219e+05 -1.199e+05 -1.076e+05 -1.021e+05
 -1.319e+05 -1.07e+05 -1.277e+05 -1.108e+05 -1.167e+05 -1.263e+05 -1.268e+05 -1.3e+05 -1.135e+05 -1.179e+05
 -1.048e+05 -8.36e+04 -1.083e+05 -8.853e+04 -9.107e+04 -1.01e+05 -1.054e+05 -1.08e+05 -8.41e+04 -9.159e+04
 -6.445e+04 -5.366e+04 -5.25e+04 -4.632e+04 -4.824e+04 -5.493e+04 -5.737e+04 -5.492e+04 -6.688e+04 -4.587e+04
 -3.309e+04 -3e+04 -2.159e+04 -3.087e+04 -1.562e+04 -2.754e+04 -3.882e+04 -2.432e+04 -4.423e+04 -3.241e+04
 -5583 -1.661e+04 -1.78e+04 -1.534e+04 -9606 -3.123e+04 -1.798e+04 -1.763e+04 -2.786e+04 -2.018e+04
 6363 -4086 -8777 -4556 -5266 -1.554e+04 -4903 -5510 -5277 -4350
 1408 -261.7 -501.7 -1162 -284.7 -793.7 -801.7 -278.7 -301.7 -278.7
 -3170 -4876 -7582 -2282 8076 -4882 1518 -1982 -3882 -4982
 2294 -1.078e+04 -2.175e+04 -1.184e+04 6166 -1.774e+04 -3147 -1.605e+04 -1.699e+04 -6938
 -1.447e+04 -2.397e+04 -1.801e+04 -2.4e+04 -5942 -3.634e+04 -2.474e+04 -2.49e+04 -3.941e+04 -2.451e+04
 -3.773e+04 -4.304e+04 -4.166e+04 -3.886e+04 -3.134e+04 -4.223e+04 -3.864e+04 -4.633e+04 -5.541e+04 -4.485e+04
 -6.793e+04 -8.303e+04 -6.313e+04 -6.774e+04 -4.912e+04 -6.414e+04 -5.675e+04 -7.681e+04 -5.518e+04 -6.627e+04
 -8.535e+04 -8.09e+04 -7.654e+04 -6.921e+04 -7.645e+04 -7.862e+04 -8.56e+04 -8.898e+04 -7.57e+04 -8.101e+04
 -1.128e+05 -9.689e+04 -1.038e+05 -1.004e+05 -1.064e+05 -1.082e+05 -1.13e+05 -1.142e+05 -8.643e+04 -1.117e+05
 -1.083e+05 -9.449e+04 -1.146e+05 -9.579e+04 -1.046e+05 -1.008e+05 -1.063e+05 -1.031e+05 -1.037e+05 -1.041e+05
 -8.476e+04 -5.717e+04 -8.419e+04 -7.045e+04 -7.285e+04 -7.845e+04 -7.504e+04 -7.57e+04 -7.287e+04 -7.43e+04
 -5.001e+04 -4.445e+04 -5.464e+04 -4.054e+04 -3.941e+04 -4.265e+04 -4.147e+04 -5.337e+04 -5.887e+04 -4.39e+04
 -3.229e+04 -3.618e+04 -3.7e+04 -2.756e+04 -2.778e+04 -3.523e+04 -3.285e+04 -3.486e+04 -4.936e+04 -4.648e+04
 -4129 -1.762e+04 -3.058e+04 -1.56e+04 -1.479e+04 -2.224e+04 -1.104e+04 -1.913e+04 -2.723e+04 -2.494e+04
 6161 -5587 -1.868e+04 -715.7 -5994 -1.53e+04 -148.2 -7012 -5284 -5514
 1761 -15 -1461 -457 -15 -653 -609 -301 -109 -157
 4912 -3824 -1.039e+04 -2784 -2493 -5310 295.6 -4828 -2811 -2515
 4902 -1.344e+04 -7944 -1.536e+04 -1.341e+04 -2.989e+04 -9898 -1.254e+04 -1.779e+04 -1.413e+04
 -1529 -1.509e+04 -1.673e+04 -2.598e+04 -6704 -3.844e+04 -1.213e+04 -1.943e+04 -1.184e+04 -1.793e+04
 -2.729e+04 -4.619e+04 -3.37e+04 -6.314e+04 -2.932e+04 -6.152e+04 -2.744e+04 -4.28e+04 -2.55e+04 -4.66e+04
 -5.67e+04 -5.457e+04 -5.239e+04 -7.983e+04 -4.844e+04 -8.119e+04 -4.834e+04 -6.025e+04 -4.508e+04 -6.265e+04
 -7.292e+04 -5.936e+04 -7.314e+04 -7.692e+04 -6.519e+04 -9.175e+04 -6.815e+04 -6.821e+04 -5.201e+04 -7.738e+04
 -9.334e+04 -8.128e+04 -8.341e+04 -1.004e+05 -7.704e+04 -1.01e+05 -9.314e+04 -9.735e+04 -7.341e+04 -9.488e+04
 -9.578e+04 -7.754e+04 -6.648e+04 -8.914e+04 -7.106e+04 -8.071e+04 -7.556e+04 -7.926e+04 -8.06e+04 -9.418e+04
 -7.371e+04 -6.185e+04 -5.703e+04 -6.12e+04 -7.043e+04 -7.233e+04 -4.77e+04 -6.503e+04 -5.48e+04 -5.979e+04
 -5.758e+04 -5.634e+04 -4.808e+04 -4.883e+04 -5.336e+04 -5.455e+04 -5.299e+04 -5.181e+04 -4.376e+04 -7.182e+04
 -3.167e+04 -4.116e+04 -4.961e+04 -3.66e+04 -3.799e+04 -3.336e+04 -2.499e+04 -3.964e+04 -4.48e+04 -4.663e+04
 -1.359e+04 -2.121e+04 -2.921e+04 -1.424e+04 -3.052e+04 -2.238e+04 -1.566e+04 -2.435e+04 -3.557e+04 -3.111e+04
 -1.216e+04 -1.3e+04 -1.468e+04 -4180 -1.501e+04 -1.6e+04 -3326 -1.001e+04 -1.499e+04 -1.384e+04
 -7343 -7261 4367 -6541 -1.141e+04 -4248 -1.103e+04 -3823 -1.167e+04 -8064
 -2309 -1.004e+04 -4061 -1.199e+04 -1.689e+04 -4036 -7498 -6076 -1.215e+04 -1.107e+04
 -2.015e+04 -3.071e+04 -2.414e+04 -1.846e+04 -3.673e+04 -1.412e+04 -3.197e+04 -2.586e+04 -3.405e+04 -3.699e+04
 -3.127e+04 -3.991e+04 -2.225e+04 -4.482e+04 -4.421e+04 -4.678e+04 -3.918e+04 -3.743e+04 -2.92e+04 -5.481e+04
 -5.117e+04 -5.501e+04 -4.017e+04 -7.721e+04 -5.726e+04 -7.24e+04 -4.352e+04 -5.734e+04 -3.42e+04 -6.534e+04
 -6.851e+04 -6.447e+04 -6.375e+04 -8.942e+04 -6.73e+04 -8.454e+04 -5.365e+04 -6.343e+04 -4.842e+04 -8.197e+04
 -8.296e+04 -7.098e+04 -6.654e+04 -9.484e+04 -7.523e+04 -9.101e+04 -7.518e+04 -7.053e+04 -7.663e+04 -9.603e+04
 -9.38e+04 -8.067e+04 -7.397e+04 -1.014e+05 -8.231e+04 -8.369e+04 -7.259e+04 -7.927e+04 -8.602e+04 -9.319e+04
 -7.355e+04 -6.379e+04 -5.606e+04 -6.65e+04 -6.234e+04 -5.371e+04 -4.557e+04 -4.979e+04 -7.385e+04 -5.842e+04
 -4.69e+04 -6.007e+04 -3.82e+04 -5.107e+04 -4.668e+04 -5.472e+04 -4.288e+04 -5.427e+04 -5.39e+04 -4.505e+04
 -4.511e+04 -6.042e+04 -4.649e+04 -4.643e+04 -5.492e+04 -5.7e+04 -5.122e+04 -5.226e+04 -5.421e+04 -7.819e+04
 -4.14e+04 -4.729e+04 -2.925e+04 -2.804e+04 -5.255e+04 -4.99e+04 -4.153e+04 -4.202e+04 -4.968e+04 -5.237e+04
 -1.744e+04 -2.073e+04 -1.283e+04 -1.443e+04 -3.171e+04 -1.925e+04 -2.076e+04 -2.579e+04 -3.016e+04 -2.303e+04
 -1.153e+04 -1.126e+04 -1.134e+04 -1580 -1.758e+04 -8746 -3091 -1.677e+04 -2.157e+04 -9597
 -5540 -3055 -3861 -2192 -2056 1268 367.9 -3815 -2735 -1346
 -9477 -1.158e+04 -7035 -5118 -1.26e+04 4133 -1.5e+04 -8988 -1.252e+04 -8940
 -3.563e+04 -3.883e+04 -3.692e+04 -1.907e+04 -4.605e+04 -1.44e+04 -3.571e+04 -3.495e+04 -2.443e+04 -4.124e+04
 -6.487e+04 -6.264e+04 -5.264e+04 -6.081e+04 -6.861e+04 -4.429e+04 -5.877e+04 -5.952e+04 -4.4e+04 -7.744e+04
 -6.695e+04 -7.935e+04 -7.68e+04 -7.787e+04 -8.807e+04 -5.386e+04 -6.671e+04 -6.728e+04 -7.235e+04 -9.264e+04
 -7.462e+04 -8.073e+04 -7.064e+04 -8.488e+04 -8.9e+04 -6.293e+04 -6.155e+04 -8.228e+04 -8.247e+04 -7.254e+04
 -8.538e+04 -7.539e+04 -7.708e+04 -8.546e+04 -8.397e+04 -8.166e+04 -5.857e+04 -7.707e+04 -9.64e+04 -7.704e+04
 -7.931e+04 -7.26e+04 -6.537e+04 -7.165e+04 -7.364e+04 -7.81e+04 -4.798e+04 -8.016e+04 -5.615e+04 -7.117e+04
 -5.365e+04 -6.245e+04 -4.325e+04 -4.878e+04 -5.462e+04 -7.122e+04 -5.166e+04 -5.905e+04 -5.62e+04 -5.617e+04
 -4.445e+04 -4.97e+04 -4.176e+04 -3.689e+04 -5.186e+04 -4.875e+04 -5.453e+04 -5.649e+04 -5.02e+04 -5.948e+04
 -4.954e+04 -5.977e+04 -4.509e+04 -3.198e+04 -5.151e+04 -5.391e+04 -3.677e+04 -5.124e+04 -4.48e+04 -6.903e+04
 -4.103e+04 -3.77e+04 -2.918e+04 -2.818e+04 -4.139e+04 -3.136e+04 -2.974e+04 -3.495e+04 -2.581e+04 -4.501e+04
 -2.546e+04 -1.786e+04 -1.31e+04 -1.611e+04 -2.807e+04 -1.033e+04 -1.77e+04 -2.802e+04 -2.618e+04 -1.991e+04
 -1.258e+04 -8963 3185 -1.332e+04 -1.559e+04 -7588 -1.063e+04 -1.531e+04 -2.138e+04 -1.012e+04
 -3470 -3140 1.256e+04 -5856 -3255 -6539 -2063 -3647 -1.098e+04 -1885
 -3421 -6011 -2555 -8575 -9921 -4950 -4962 -7160 -3631 -5661
 -3.81e+04 -3.36e+04 -2.909e+04 -3.021e+04 -4.615e+04 -1.871e+04 -4.015e+04 -4.114e+04 -2.119e+04 -4.682e+04
 -6.725e+04 -6.663e+04 -4.998e+04 -6.43e+04 -7.362e+04 -6.669e+04 -6.743e+04 -7.344e+04 -7.755e+04 -8.111e+04
 -9.159e+04 -9.407e+04 -8.383e+04 -8.423e+04 -1.019e+05 -8.342e+04 -7.847e+04 -9.796e+04 -9.197e+04 -9.696e+04
 -9.934e+04 -9.357e+04 -8.851e+04 -8.788e+04 -9.973e+04 -9.388e+04 -8.544e+04 -9.259e+04 -1.07e+05 -1.058e+05
 -8.444e+04 -7.558e+04 -7.924e+04 -8.225e+04 -8.291e+04 -7.758e+04 -7.752e+04 -8.588e+04 -1.035e+05 -9.611e+04
 -6.993e+04 -6.921e+04 -7.148e+04 -8.3e+04 -8.649e+04 -7.125e+04 -7.254e+04 -8.502e+04 -6.389e+04 -8.672e+04
 -6.43e+04 -6.789e+04 -4.861e+04 -6.756e+04 -6.508e+04 -7.014e+04 -5.919e+04 -7.316e+04 -6.609e+04 -8.501e+04
 -6.373e+04 -6.061e+04 -3.538e+04 -5.959e+04 -5.969e+04 -4.45e+04 -5.539e+04 -7.379e+04 -5.81e+04 -7.768e+04
 -4.915e+04 -5.173e+04 -3.401e+04 -4.423e+04 -4.862e+04 -4.142e+04 -3.267e+04 -5.248e+04 -4.155e+04 -6.979e+04
 -3.319e+04 -2.801e+04 -1.205e+04 -2.695e+04 -3.031e+04 -2.994e+04 -2.492e+04 -3.568e+04 -3.094e+04 -3.694e+04
 -2.055e+04 -1.512e+04 8406 -2.093e+04 -1.849e+04 -1.343e+04 -2.15e+04 -2.865e+04 -2.542e+04 -1.77e+04
 -1.327e+04 -5083 2620 -6582 -7972 -2511 -7554 -1.066e+04 -1.338e+04 -7249
 -515 -469 2141 -369 -653 -1435 -1221 -469 -1573 -515
 -2569 -2538 1236 -1877 -2329 -3391 -1876 -2631 -1246 -4168
 -3.63e+04 -1.375e+04 -2.074e+04 -2.749e+04 -3.441e+04 -2.484e+04 -3.175e+04 -3.709e+04 -2.406e+04 -4.058e+04
 -7.091e+04 -6.088e+04 -4.828e+04 -6.18e+04 -7.053e+04 -6.682e+04 -5.798e+04 -7.366e+04 -7.758e+04 -7.558e+04
 -8.996e+04 -9.631e+04 -8.888e+04 -9.442e+04 -1.019e+05 -1.03e+05 -8.406e+04 -1.088e+05 -8.874e+04 -1.056e+05
 -1.007e+05 -9.907e+04 -1.09e+05 -1e+05 -1.127e+05 -1.175e+05 -9.591e+04 -1.036e+05 -9.525e+04 -1.401e+05
 -9.165e+04 -9.098e+04 -1.072e+05 -9.13e+04 -9.613e+04 -1.061e+05 -8.255e+04 -1.085e+05 -7.394e+04 -1.141e+05
 -7.291e+04 -7.423e+04 -9.188e+04 -6.864e+04 -7.132e+04 -7.696e+04 -5.571e+04 -7.931e+04 -7.41e+04 -9.077e+04
 -5.645e+04 -6.454e+04 -6.889e+04 -6.47e+04 -5.9e+04 -6.433e+04 -4.403e+04 -6.91e+04 -5.952e+04 -7.631e+04
 -4.473e+04 -4.505e+04 -3.799e+04 -4.582e+04 -4.373e+04 -4.768e+04 -3.529e+04 -5.945e+04 -3.384e+04 -6.405e+04
 -3.009e+04 -2.477e+04 -1.748e+04 -3.109e+04 -2.808e+04 -2.924e+04 -2.962e+04 -3.737e+04 -2.397e+04 -3.786e+04
 -2.759e+04 -1.855e+04 1322 -2.351e+04 -2.014e+04 -1.454e+04 -2.511e+04 -2.97e+04 -2.165e+04 -2.145e+04
 -2.083e+04 -1.09e+04 2.148e+04 -1.785e+04 -1.196e+04 -1.185e+04 -1.928e+04 -2.198e+04 -1.814e+04 -1.403e+04
 -3912 -2618 836.2 -1323 -5556 693.5 -4758 -7074 -8053 -4098
 -196 -241 533 -213 -196 -247 -420 -365 -241 -241
 0 0 0 0 0 0 0 0 0 0
 -1.017e+04 5424 -80.4 -7119 -1.381e+04 -1.016e+04 -7191 -1.215e+04 -1.812e+04 -1.019e+04
 -3.319e+04 -1.321e+04 -2.457e+04 -2.153e+04 -3.483e+04 -2.672e+04 -2.328e+04 -3.742e+04 -3.591e+04 -2.957e+04
 -4.549e+04 -4.067e+04 -5.138e+04 -3.649e+04 -5.412e+04 -5.408e+04 -3.136e+04 -5.892e+04 -3.99e+04 -3.526e+04
 -4.404e+04 -4.454e+04 -5.732e+04 -4.805e+04 -5.335e+04 -4.571e+04 -4.804e+04 -6.948e+04 -3.978e+04 -3.649e+04
 -4.446e+04 -4.12e+04 -4.767e+04 -4.329e+04 -4.877e+04 -4.588e+04 -5.181e+04 -4.534e+04 -6.285e+04 -6.173e+04
 -3.579e+04 -3.011e+04 -4.524e+04 -2.9e+04 -3.8e+04 -3.664e+04 -4.179e+04 -3.694e+04 -3.983e+04 -4.394e+04
 -2.113e+04 -2.363e+04 -4.161e+04 -1.958e+04 -2.698e+04 -2.374e+04 -1.091e+04 -3.708e+04 -1.617e+04 -2.655e+04
 -1.723e+04 -9802 -1.613e+04 -1.247e+04 -1.642e+04 -1.2e+04 -1.4e+04 -2.232e+04 -1308 -1.996e+04
 -1.357e+04 -4422 -5265 -9888 -5095 -8668 -1.079e+04 -6785 -6904 -9591
 -1.325e+04 -4100 2754 -7123 -7300 -8523 -7323 -5546 -8123 -6223
 -5384 -3107 554 -1869 -5046 -431 -3169 -6215 -7884 -4284
 -812 -773 1701 -777 -712 -1008 -839 -1170 -708 -581
 0 0 0 0 0 0 0 0 0 0


