# Created by Octave 5.2.0, Thu Sep 24 23:53:21 2020 CEST <jiwidi@land>
# name: w
# type: matrix
# rows: 197
# columns: 10
 -3.5e+06 -3e+06 -3.2e+06 -3.4e+06 -3.1e+06 -2.6e+06 -3e+06 -3.1e+06 -4.6e+06 -3e+06
 0 0 0 0 0 0 0 0 0 0
 0 0 0 0 0 0 0 0 0 0
 -1e+05 0 -2e+05 0 -1e+05 1e+05 0 0 -1e+05 0
 -1.38e+05 -1.69e+05 -3.53e+05 -8.4e+04 -1.53e+05 0 -6.9e+04 3.69e+05 -1.38e+05 -1.23e+05
 -1e+05 -2.77e+05 -4.6e+04 -2.46e+05 -4.6e+04 -2e+05 -2e+05 4.85e+05 -2e+05 -2.62e+05
 -5.54e+05 -7e+05 -3.306e+05 -3.54e+05 -1.75e+05 -7.404e+05 -5.617e+05 -4.6e+04 -7.16e+05 -1.041e+06
 -7.92e+05 -7.23e+05 -3.781e+05 -8.84e+05 -8e+05 -9.54e+05 -9.77e+05 -6.979e+05 -2.16e+05 -6.39e+05
 -8.613e+05 -1.3e+06 -1.122e+06 -1.085e+06 -1.209e+06 -1.004e+06 -1.039e+06 -1.27e+06 -4.11e+05 -2.99e+05
 -1.076e+06 -9.61e+05 -1.022e+06 -9.11e+05 -1.869e+06 -1.352e+06 -1.085e+06 -1.577e+06 -5.9e+05 -6.776e+05
 -9.68e+05 -6.22e+05 -7.53e+05 -1.045e+06 -1.36e+06 -8.22e+05 -7.82e+05 -7.7e+05 -7.85e+05 -6.45e+05
 -8.7e+05 -5.03e+05 -1.007e+06 -8.39e+05 -4e+05 -6.7e+05 -7.09e+05 -1.087e+06 -4.59e+05 -1.193e+06
 -5.087e+05 9.2e+04 -6.62e+05 -6.7e+05 -2.62e+05 3.157e+05 -7.15e+05 -6.1e+04 -6.777e+05 -6.93e+05
 -3e+05 0 -3e+05 -6e+05 -6.2e+04 4.46e+05 -3.46e+05 -3.38e+05 -6e+05 -2e+05
 -1e+05 0 0 0 0 1e+05 0 0 -1e+05 0
 0 0 0 0 0 0 0 6.2e+04 0 -6.2e+04
 -1.2e+04 0 -5.8e+04 -1.2e+04 -1.2e+04 1.2e+04 -1.2e+04 1.34e+05 -1e+05 -1.2e+04
 -2.82e+05 -1.35e+05 -2.839e+05 -8.2e+04 -2.825e+05 -1.594e+04 -2.79e+05 5.339e+04 -4.301e+05 -2.829e+05
 -4.808e+05 -5.041e+05 -6.983e+05 -3.892e+05 -6.114e+05 -2.564e+05 -6.12e+05 2.599e+05 -6.619e+05 -7.418e+05
 -1.049e+06 -1.3e+06 -1.32e+06 -6.112e+05 -6.987e+05 -6.033e+05 -1.513e+06 -2.272e+05 -9.35e+05 -1.97e+06
 -1.477e+06 -1.894e+06 -1.469e+06 -1.204e+06 -1.528e+06 -1.4e+06 -1.998e+06 -6.967e+05 -1.407e+06 -1.673e+06
 -1.814e+06 -2.696e+06 -1.884e+06 -2.004e+06 -2.262e+06 -2.192e+06 -2.506e+06 -1.268e+06 -2.318e+06 -1.618e+06
 -2.163e+06 -2.715e+06 -2.034e+06 -2.198e+06 -3.335e+06 -2.694e+06 -2.29e+06 -1.703e+06 -1.983e+06 -1.356e+06
 -2.038e+06 -2.534e+06 -2.471e+06 -2.256e+06 -3.761e+06 -2.163e+06 -2.291e+06 -1.718e+06 -1.793e+06 -1.249e+06
 -2.211e+06 -2.229e+06 -2.299e+06 -2.243e+06 -2.982e+06 -1.964e+06 -2.375e+06 -1.846e+06 -1.853e+06 -1.571e+06
 -1.855e+06 -1.999e+06 -1.987e+06 -2.336e+06 -1.331e+06 -1.665e+06 -1.894e+06 -7.289e+05 -1.763e+06 -2.128e+06
 -1.362e+06 -1.176e+06 -1.635e+06 -1.33e+06 -8.698e+05 -4.971e+05 -1.635e+06 -9.955e+05 -2.023e+06 -1.818e+06
 -5.415e+05 -2.33e+05 -6.046e+05 -8.53e+04 -2.38e+05 3.963e+05 -3.873e+05 -2.871e+05 -1.058e+06 -5.388e+05
 -2.13e+05 -1.7e+04 0 -1.31e+05 -1e+05 3.61e+05 -1e+05 0 -1.67e+05 -1e+05
 0 0 0 0 0 0 0 0 0 0
 -8.6e+04 0 -2.887e+04 -8.6e+04 -8.647e+04 -1.522e+04 -1.86e+05 -4.047e+04 -2.022e+05 -8.619e+04
 -2.44e+05 -1.409e+05 -3.121e+05 -1.527e+05 -5.144e+05 -2.413e+05 -3.554e+05 -1.02e+04 -6.671e+04 -5.53e+05
 -7.953e+05 -7.757e+05 -1.05e+06 -5.071e+05 -1.164e+06 -6.1e+05 -1.193e+06 -2.953e+05 -7.507e+05 -1.313e+06
 -1.43e+06 -1.789e+06 -7.512e+05 -1.174e+06 -1.09e+06 -1.345e+06 -1.766e+06 -7.998e+05 -1.235e+06 -1.421e+06
 -1.445e+06 -2.27e+06 -1.819e+06 -1.797e+06 -1.87e+06 -1.718e+06 -2.083e+06 -1.24e+06 -1.424e+06 -1.086e+06
 -1.152e+06 -1.784e+06 -1.571e+06 -1.218e+06 -1.542e+06 -1.44e+06 -1.305e+06 -8.148e+05 -1.292e+06 -1.599e+06
 -9.673e+05 -1.061e+06 -9.988e+05 -1.038e+06 -1.745e+06 -9.869e+05 -1.224e+06 -5.963e+05 -8.739e+05 -1.497e+06
 -1.026e+06 -8.933e+05 -1.226e+06 -1.34e+06 -2.017e+06 -1.185e+06 -1.44e+06 -9.237e+05 -1.952e+06 -2.061e+06
 -1.452e+06 -1.626e+06 -1.852e+06 -1.87e+06 -1.693e+06 -1.897e+06 -2.102e+06 -1.764e+06 -1.68e+06 -2.33e+06
 -1.566e+06 -1.702e+06 -1.762e+06 -2.003e+06 -1.054e+06 -2.533e+06 -2.276e+06 -8.937e+05 -1.752e+06 -1.883e+06
 -1.317e+06 -1.641e+06 -1.625e+06 -8.318e+05 -9.633e+05 -1.093e+06 -1.609e+06 -5.929e+05 -1.21e+06 -1.729e+06
 -4.585e+05 -5.825e+05 -5.105e+05 1.198e+05 -9.44e+05 -1.193e+05 -5.304e+05 -3.825e+05 -4.16e+05 -4.29e+05
 -3.84e+05 -9.9e+04 -9.9e+04 -5.3e+04 -2.3e+05 2.92e+05 -1.53e+05 -7.6e+04 -6.1e+04 -1.22e+05
 0 0 2e+05 0 0 0 0 0 -2e+05 0
 -2.91e+04 0 1.231e+05 -3.002e+04 -3.002e+04 -1.602e+04 -3.002e+04 1.598e+04 -2e+05 1.598e+04
 -5.389e+05 -4.491e+05 -4.156e+05 -8.053e+05 -7.136e+05 -1.953e+05 -6.972e+05 4980 -2.767e+05 -6.605e+05
 -1.138e+06 -1.683e+06 -7.219e+05 -1.532e+06 -1.197e+06 -8.294e+05 -1.5e+06 -4.538e+05 -1.011e+06 -1.48e+06
 -1.353e+06 -2.056e+06 -6.004e+05 -1.833e+06 -9.279e+05 -1.36e+06 -1.586e+06 -1.313e+06 -1.519e+06 -1.032e+06
 -1.214e+06 -1.78e+06 -7.512e+05 -1.675e+06 -5.688e+05 -1.088e+06 -1.341e+06 -9.166e+05 -1.225e+06 -9.677e+05
 -7.419e+05 -1.276e+06 -8.829e+05 -1.631e+06 -1.028e+06 -1.412e+05 -5.85e+05 -5.722e+05 -6.354e+05 -6.666e+05
 -2.584e+05 -8.082e+05 -8.617e+05 -1.283e+06 -1.206e+06 7.594e+04 -9.553e+05 -1.076e+06 -1.492e+06 -7.467e+05
 -6.958e+05 -5.944e+05 -1.301e+06 -9.872e+05 -1.283e+06 -9.393e+05 -1.157e+06 -4.802e+05 -1.191e+06 -1.282e+06
 -1.271e+06 -1.12e+06 -1.915e+06 -1.774e+06 -1.246e+06 -1.907e+06 -2.185e+06 -1.265e+06 -1.69e+06 -1.8e+06
 -1.188e+06 -1.944e+06 -2.011e+06 -1.458e+06 -1.719e+06 -2.016e+06 -2.702e+06 -1.173e+06 -1.669e+06 -1.388e+06
 -1.377e+06 -1.532e+06 -1.446e+06 -7.362e+05 -1.274e+06 -1.631e+06 -1.778e+06 -1.267e+06 -4.13e+05 -7.014e+05
 -1.421e+05 -4.646e+05 -4.735e+05 5.649e+05 -8.127e+05 -5.263e+05 -4.717e+05 -2.91e+05 -3.008e+05 -3.704e+05
 -4.1e+04 -2.58e+05 -1.58e+05 2e+05 -2.44e+05 -1.43e+05 -1.16e+05 -2e+05 -1.14e+05 -1.58e+05
 -1e+05 -1e+05 1e+05 0 0 0 0 0 0 0
 0 -1e+05 3.29e+05 -1.022e+05 -6.616e+04 -1.46e+05 -9.808e+04 2.29e+04 -1.839e+05 4.199e+04
 -7.151e+05 -7.861e+05 -1.033e+06 -1.329e+06 -7.181e+05 -6.594e+04 -7.789e+05 -5.99e+05 -2.961e+05 -3.774e+05
 -1.236e+06 -1.864e+06 -1.524e+06 -2.644e+06 -1.71e+06 -8.813e+05 -1.883e+06 -1.605e+06 -9.428e+05 -5.787e+05
 -1.521e+06 -1.877e+06 -9.483e+05 -2.557e+06 -7.664e+05 -1.062e+06 -1.706e+06 -1.428e+06 -1.215e+06 -1.237e+06
 -1.57e+06 -1.426e+06 -9.24e+05 -1.875e+06 -1.295e+06 -4.679e+05 -1.233e+06 -1.711e+06 -8.646e+05 -6.961e+05
 -1.098e+06 -1.145e+06 -1.009e+06 -1.233e+06 -1.391e+06 -8.928e+04 -7.508e+05 -1.657e+06 -7.078e+05 -3.4e+05
 -9.078e+05 -8.481e+05 -1.033e+06 -5.299e+05 -1.502e+06 -8.119e+05 -6.427e+05 -1.594e+06 -5.794e+05 1211
 -1.354e+06 -6.081e+05 -1.349e+06 -1.23e+06 -1.244e+06 -2.14e+06 -1.83e+06 -1.138e+06 -1.984e+06 -8.796e+05
 -1.328e+06 -1.53e+06 -1.866e+06 -1.458e+06 -1.305e+06 -2.853e+06 -2.315e+06 -1.449e+06 -1.933e+06 -1.436e+06
 -1.123e+06 -1.551e+06 -1.058e+06 -1.326e+06 -1.276e+06 -1.982e+06 -1.861e+06 -1.145e+06 -1.044e+06 -1.025e+06
 -3.82e+05 -8.646e+05 -7.425e+05 -2.721e+05 -7.805e+05 -1.33e+06 -1.429e+06 -8.165e+05 -6.619e+05 -4.094e+05
 2.501e+05 -4.009e+05 -2.03e+05 -5.534e+04 -3.933e+05 -6.549e+05 -3.199e+05 -4.009e+05 -3.572e+05 -2.009e+05
 2.84e+05 -1.29e+05 -2.9e+04 -7e+04 -1.5e+04 -3.99e+05 -9.9e+04 -1.29e+05 -3e+04 -1.5e+04
 -2.3e+04 -2.3e+04 2.3e+04 0 0 0 0 0 0 0
 9.98e+04 -2.008e+05 2.12e+04 -1.982e+05 1.231e+05 -7.685e+04 -1.237e+05 -1.428e+05 -2.475e+04 -2.578e+05
 -6.39e+05 -8.01e+05 -1.186e+06 -1.477e+06 -2.284e+05 -3.226e+05 -6.8e+05 -1.138e+06 -4.924e+05 -1.973e+05
 -1.152e+06 -1.665e+06 -2.125e+06 -1.873e+06 -7.941e+05 -1.059e+06 -1.42e+06 -2.266e+06 -1.61e+06 -4.138e+05
 -1.095e+06 -1.406e+06 -2.142e+06 -1.722e+06 -6.415e+05 -5.942e+05 -1.133e+06 -1.916e+06 -3.506e+05 -1.059e+06
 -1.028e+06 -1.258e+06 -1.46e+06 -1.46e+06 -5.649e+05 -8.007e+05 -1.065e+06 -1.681e+06 -7.208e+05 -7.222e+05
 -5.788e+05 -1.074e+06 -1.392e+06 -9.666e+05 -1.079e+06 -9.613e+05 -1.266e+06 -1.766e+06 -1.214e+06 -2.073e+05
 -1.462e+06 -1.116e+06 -1.426e+06 -9.888e+05 -1.698e+06 -2.054e+06 -2.021e+06 -1.826e+06 -1.485e+06 -6.096e+05
 -2.187e+06 -1.102e+06 -1.727e+06 -1.31e+06 -1.572e+06 -2.078e+06 -2.314e+06 -1.646e+06 -1.888e+06 -7.859e+05
 -1.99e+06 -1.456e+06 -1.585e+06 -1.152e+06 -1.113e+06 -1.981e+06 -1.735e+06 -1.552e+06 -1.868e+06 -5.378e+05
 -9.308e+05 -1.182e+06 -8.385e+05 -6.967e+05 -8.275e+05 -9.927e+05 -1.862e+06 -7.863e+05 -1.179e+06 -6.577e+05
 -1.82e+04 -7.67e+05 -1.332e+05 -6.099e+05 -2.589e+05 -5.889e+05 -1.02e+06 -5.394e+05 -8.36e+05 -5.193e+05
 3.834e+05 -3.006e+05 -1.855e+05 -3.022e+05 -1.036e+05 -4.986e+05 -2.006e+05 -3.006e+05 -9.849e+04 -2.006e+05
 1.787e+05 0 0 -7.7e+04 0 -1.787e+05 0 0 0 0
 2e+05 -1e+05 -2e+05 0 2.3e+04 -1e+05 -1e+05 -1e+05 -2.3e+04 0
 1.645e+05 -1.871e+05 -4.691e+05 -2.697e+05 1.809e+05 6.65e+04 2.03e+04 -4.021e+05 -3.097e+05 9.99e+04
 -2.641e+05 -7.12e+05 -1.168e+06 -1.284e+06 -3.213e+05 5.683e+04 -4.272e+05 -1.027e+06 -1.149e+06 -2.672e+05
 -8.854e+05 -1.257e+06 -1.728e+06 -1.07e+06 -6.091e+05 -7.981e+05 -6.699e+05 -1.834e+06 -1.022e+06 -6.76e+05
 -7.471e+05 -1.332e+06 -2.029e+06 -1.273e+06 -7.61e+05 -3.187e+05 -1.296e+06 -1.774e+06 -1.404e+06 -1.25e+06
 -1.361e+06 -1.402e+06 -2.25e+06 -1.416e+06 -1.341e+06 -7.27e+05 -1.227e+06 -2.548e+06 -1.549e+06 -1.242e+06
 -1.974e+06 -1.465e+06 -1.845e+06 -1.325e+06 -1.849e+06 -1.219e+06 -1.837e+06 -2.112e+06 -1.525e+06 -9.756e+05
 -2.721e+06 -1.383e+06 -2.257e+06 -1.293e+06 -1.646e+06 -1.666e+06 -2.127e+06 -2.128e+06 -1.472e+06 -1.933e+06
 -2.202e+06 -8.327e+05 -1.745e+06 -1.082e+06 -1.18e+06 -1.693e+06 -1.756e+06 -1.434e+06 -9.665e+05 -1.342e+06
 -1.615e+06 -1.083e+06 -1.169e+06 -4.752e+05 -1.137e+06 -1.112e+06 -1.244e+06 -7.411e+05 -1.542e+06 -4.657e+05
 -7.952e+05 -9.31e+05 -3.356e+05 -4.937e+05 -3.505e+05 -4.664e+05 -1.329e+06 -3.387e+05 -1.557e+06 -7.009e+05
 -7.325e+04 -6.362e+05 -2.028e+05 -1.414e+05 -8.492e+04 -6.484e+05 -5.792e+05 -4.132e+05 -8.946e+05 -7.012e+05
 5.259e+05 -2.99e+05 -3.23e+05 -1e+05 -1e+05 -7.079e+05 -2.04e+05 -2.99e+05 -1e+05 -2e+05
 2.3e+04 0 0 0 0 -2.3e+04 0 0 0 0
 2e+05 -1e+05 -3e+05 0 2e+05 -2e+05 0 -1e+05 -1e+05 -1e+05
 4.173e+05 -4.04e+05 -5.609e+05 -5.605e+05 2.565e+05 -8.186e+05 -1.344e+05 -4.898e+05 -5.93e+05 -3.27e+05
 -8.409e+04 -5.61e+05 -4.377e+05 -8.654e+05 -1.281e+05 -1.138e+06 -3.24e+05 -5.944e+05 -8.231e+05 -6.152e+05
 -4.369e+05 -7.189e+05 -7.743e+05 -8.499e+05 -5.39e+05 -7.801e+05 -4.925e+05 -8.279e+05 -1.096e+06 -7.159e+05
 -1.07e+06 -1.73e+06 -1.07e+06 -1.211e+06 -1.033e+06 -1.221e+06 -1.026e+06 -1.711e+06 -1e+06 -1.461e+06
 -1.526e+06 -1.416e+06 -1.122e+06 -1.361e+06 -1.023e+06 -1.134e+06 -1.676e+06 -1.515e+06 -8.781e+05 -1.593e+06
 -2.28e+06 -1.63e+06 -1.833e+06 -1.593e+06 -1.122e+06 -1.508e+06 -1.772e+06 -1.805e+06 -7.494e+05 -1.972e+06
 -1.872e+06 -1.029e+06 -1.852e+06 -1.29e+06 -1.376e+06 -1.406e+06 -1.754e+06 -1.243e+06 -1.066e+06 -1.942e+06
 -2.044e+06 -6.42e+05 -1.458e+06 -1.111e+06 -1.233e+06 -1.043e+06 -9.783e+05 -1.277e+06 -9.546e+05 -1.306e+06
 -1.167e+06 -6.943e+05 -1.292e+06 -8.028e+05 -4.13e+05 -8.823e+05 -5.605e+05 -1.011e+06 -1.57e+06 -8.097e+05
 -8.67e+05 -9e+05 -9.546e+05 -3.61e+05 -5.821e+05 -7.88e+05 -8.999e+05 -6.418e+05 -1.537e+06 -1.088e+06
 -8.24e+04 -7.56e+05 -9.805e+05 -2.162e+05 -3.902e+05 -6.686e+05 -3.632e+05 -5.453e+05 -1.068e+06 -7.4e+05
 4.252e+05 -2.998e+05 -4.929e+05 1.72e+04 -9.58e+04 -7.436e+05 -7.941e+04 -2.978e+05 -9.78e+04 -1.978e+05
 4.8e+04 0 -4.8e+04 0 0 0 0 0 0 0
 1.31e+05 -2.38e+05 -4.457e+05 1.38e+05 3.1e+04 -1.923e+05 0 -2.38e+05 -1.38e+05 -1.767e+05
 1.327e+05 -5.27e+05 -1.43e+05 -6.321e+05 -3.607e+05 -9.539e+05 -5.33e+05 -4.08e+05 -5.254e+05 -5.033e+05
 2.229e+05 -4.924e+05 -5.788e+05 -8.257e+05 -1.272e+05 -1.376e+06 -8.197e+04 -6.861e+05 -2.959e+05 -5.699e+05
 -4.278e+05 -9.228e+05 -4.309e+05 -1.671e+06 -4.392e+05 -1.62e+06 -1.701e+05 -9.715e+05 -2.62e+05 -1.124e+06
 -1.108e+06 -1.263e+06 -4.428e+05 -1.987e+06 -7.718e+05 -1.891e+06 -4.248e+05 -1.27e+06 -5.299e+05 -1.512e+06
 -1.431e+06 -9.655e+05 -1.203e+06 -1.563e+06 -8.147e+05 -1.958e+06 -1.009e+06 -1.252e+06 -6.786e+05 -1.13e+06
 -1.601e+06 -8.902e+05 -9.782e+05 -1.672e+06 -7.034e+05 -2.056e+06 -1.171e+06 -1.298e+06 -7.197e+05 -1.519e+06
 -2.172e+06 -1.115e+06 -9.147e+05 -1.726e+06 -8.872e+05 -1.544e+06 -9.431e+05 -1.021e+06 -1.332e+06 -1.524e+06
 -2.048e+06 -1.269e+06 -6.697e+05 -1.55e+06 -1.673e+06 -1.674e+06 -4.824e+05 -1.369e+06 -1.045e+06 -1.209e+06
 -8.783e+05 -1.039e+06 -7.378e+05 -9.095e+05 -9.492e+05 -6.584e+05 -9.125e+05 -8.437e+05 -1.057e+06 -1.797e+06
 -7.902e+05 -1.087e+06 -1.456e+06 -6.747e+05 -8.72e+05 -8.06e+05 -8.197e+05 -1.197e+06 -1.183e+06 -1.271e+06
 -4.504e+05 -8.14e+05 -9.924e+05 -1.01e+05 -1.03e+06 -9.912e+05 -6.104e+05 -7.916e+05 -1.367e+06 -9.9e+05
 -1.958e+05 -3.23e+05 -1.018e+05 3.625e+04 -2.008e+05 -6.362e+05 -7.475e+04 -1.378e+05 -1.93e+05 -2.008e+05
 -1.22e+05 -2.22e+05 2.2e+05 -1.99e+05 -2.97e+05 -1.98e+05 -9.8e+04 -1e+05 -2.99e+05 -1.99e+05
 9e+04 -1.52e+05 -1.12e+05 -3.05e+05 -4.17e+05 -1.1e+05 -2.34e+05 -8.5e+04 -2.1e+05 -2.52e+05
 -1.485e+05 -7.573e+05 -6.721e+05 -5.76e+05 -7.713e+05 -4.112e+05 -8.264e+05 -6.053e+05 -9.461e+05 -6.443e+05
 -5.098e+05 -9.092e+05 -1.94e+05 -1.393e+06 -9.94e+05 -1.111e+06 -8.071e+05 -9.372e+05 -7.045e+05 -1.121e+06
 -1.128e+06 -1.128e+06 -4.591e+05 -1.707e+06 -1.259e+06 -1.48e+06 -5.665e+05 -1.256e+06 -1.614e+05 -1.682e+06
 -1.455e+06 -9.909e+05 -1.045e+06 -2.278e+06 -1.515e+06 -1.879e+06 -8.335e+05 -1.414e+06 -8.281e+05 -1.812e+06
 -1.898e+06 -1.223e+06 -6.753e+05 -2.029e+06 -9.27e+05 -2.034e+06 -1.425e+06 -1.091e+06 -1.155e+06 -2.031e+06
 -1.869e+06 -8.411e+05 -6.487e+05 -1.596e+06 -1.225e+06 -1.219e+06 -7.72e+05 -7.368e+05 -1.556e+06 -1.278e+06
 -1.836e+06 -1.182e+06 -1.012e+06 -1.786e+06 -9.726e+05 -8.993e+05 -5.652e+05 -7.856e+05 -1.456e+06 -1.042e+06
 -7.828e+05 -1.448e+06 -7.665e+05 -1.279e+06 -9.509e+05 -8.892e+05 -5.832e+05 -1.186e+06 -1.361e+06 -7.309e+05
 -6.643e+05 -1.406e+06 -8.907e+05 -8.148e+05 -1.196e+06 -8.201e+05 -1.304e+06 -8.673e+05 -1.166e+06 -1.84e+06
 -8.04e+05 -1.121e+06 -6.982e+05 -5.609e+05 -1.502e+06 -1.055e+06 -8.762e+05 -1.09e+06 -1.243e+06 -1.302e+06
 -6.491e+05 -6.475e+05 -2.812e+05 -2.855e+05 -8.522e+05 -4.003e+05 -5.638e+05 -7.903e+05 -1.033e+06 -6.145e+05
 -1.169e+05 -2.867e+05 -5.78e+04 -5.97e+04 -2.017e+05 -1.694e+05 -4.3e+04 -3.017e+05 -4.893e+05 -1.017e+05
 -1e+05 -1e+05 -6.93e+04 -1e+05 -7700 2.3e+04 6.93e+04 -2e+05 -7700 -1e+05
 6.7e+04 -1.85e+05 -1.296e+05 -1.84e+05 -3.23e+05 1.62e+05 -8.2e+04 -1.864e+05 -1.33e+05 -1.15e+05
 -5.951e+05 -1.043e+06 -7.499e+05 -5.696e+05 -1.276e+06 7000 -9.343e+05 -7.764e+05 -4.559e+05 -1.019e+06
 -1.448e+06 -1.405e+06 -9.324e+05 -1.377e+06 -1.874e+06 -8.514e+05 -1.266e+06 -1.626e+06 -7.382e+05 -1.77e+06
 -1.471e+06 -1.544e+06 -1.463e+06 -1.897e+06 -1.647e+06 -9.626e+05 -1.078e+06 -1.55e+06 -1.205e+06 -1.831e+06
 -1.412e+06 -1.531e+06 -1.67e+06 -1.951e+06 -1.68e+06 -1.015e+06 -8.446e+05 -1.593e+06 -1.996e+06 -1.354e+06
 -1.688e+06 -1.247e+06 -1.302e+06 -1.17e+06 -1.155e+06 -1.504e+06 -5.154e+05 -1.177e+06 -1.808e+06 -9.892e+05
 -1.547e+06 -1.12e+06 -9.429e+05 -1.042e+06 -9.626e+05 -1.55e+06 -9.06e+04 -9.28e+05 -7.613e+05 -1.116e+06
 -6.697e+05 -1.067e+06 -5.657e+05 -1.09e+06 -8.444e+05 -1.5e+06 -7.544e+05 -9.944e+05 -1.083e+06 -6.872e+05
 -7.126e+05 -1.113e+06 -8.816e+05 -2.461e+05 -9.762e+05 -6.545e+05 -1.173e+06 -1.038e+06 -1.015e+06 -1.364e+06
 -1.171e+06 -1.708e+06 -9.14e+05 -6.809e+05 -1.371e+06 -1.298e+06 -7.617e+05 -1.108e+06 -1.025e+06 -1.865e+06
 -9.399e+05 -1.02e+06 -9.229e+05 -3.349e+05 -1.108e+06 -7.439e+05 -3.491e+05 -8.097e+05 -5.482e+05 -1.102e+06
 -6.753e+05 -3.02e+05 -3.33e+05 -4.206e+05 -8.29e+05 -2.726e+05 -4.394e+05 -7.69e+05 -5.41e+05 -5.02e+05
 -3.392e+05 -9.923e+04 4.002e+05 -2.981e+05 -4.01e+05 -9.85e+04 -3.554e+05 -3.963e+05 -5.978e+05 -1.99e+05
 -1e+05 0 7e+05 -1e+05 -2e+05 -1e+05 -2e+05 0 -4e+05 0
 -2.37e+05 0 1.06e+05 7.6e+04 -3.32e+05 2.84e+05 5.4e+04 -1.15e+05 -1.28e+05 0
 -8.299e+05 -6.634e+05 -6.216e+05 -3.019e+05 -1.316e+06 -1.127e+05 -8.055e+05 -9.176e+05 -2.7e+05 -9.797e+05
 -1.458e+06 -1.352e+06 -7.645e+05 -1.443e+06 -1.756e+06 -1.133e+06 -1.348e+06 -1.643e+06 -1.685e+06 -1.863e+06
 -1.686e+06 -1.594e+06 -1.291e+06 -1.536e+06 -1.916e+06 -1.579e+06 -1.056e+06 -2.054e+06 -1.683e+06 -1.965e+06
 -1.318e+06 -1.624e+06 -1.449e+06 -8.286e+05 -1.599e+06 -1.386e+06 -8.513e+05 -1.729e+06 -2.089e+06 -1.886e+06
 -1.538e+06 -1.37e+06 -1.503e+06 -1.156e+06 -1.437e+06 -1.09e+06 -1.017e+06 -1.68e+06 -2.509e+06 -1.551e+06
 -1.234e+06 -1.426e+06 -1.539e+06 -1.705e+06 -1.98e+06 -1.274e+06 -1.249e+06 -1.98e+06 -8.644e+05 -1.883e+06
 -1.172e+06 -1.406e+06 -6.331e+05 -1.278e+06 -1.289e+06 -1.839e+06 -1.136e+06 -1.846e+06 -1.362e+06 -1.827e+06
 -1.541e+06 -1.547e+06 -7.283e+05 -1.162e+06 -1.413e+06 -8.3e+05 -1.06e+06 -1.822e+06 -1.348e+06 -2.293e+06
 -1.113e+06 -1.422e+06 -3.57e+05 -1.322e+06 -1.289e+06 -8.875e+05 -6.939e+05 -1.468e+06 -1.268e+06 -2.128e+06
 -9.63e+05 -8.701e+05 -4e+04 -8.609e+05 -8.96e+05 -8.581e+05 -7.636e+05 -1.076e+06 -9.955e+05 -1.084e+06
 -6.757e+05 -4e+05 3.159e+05 -7.866e+05 -5.237e+05 -3.084e+05 -7.226e+05 -7.74e+05 -6.028e+05 -5.56e+05
 -3.74e+05 -6.3e+04 4.4e+05 -7.4e+04 -1.11e+05 -1.03e+05 -1.42e+05 -2.28e+05 -3.37e+05 -1.74e+05
 -1e+05 0 1.46e+05 0 -4.6e+04 0 -4.6e+04 0 -4.6e+04 0
 0 0 2.08e+05 -7.7e+04 -4.6e+04 -6.9e+04 0 0 -6.2e+04 0
 -7.74e+05 1.437e+05 -4.263e+05 -5.281e+05 -6.381e+05 -2.394e+05 -4.75e+05 -7.128e+05 -4.148e+05 -7.954e+05
 -1.28e+06 -1.22e+06 -8.324e+05 -1.363e+06 -1.333e+06 -1.239e+06 -1.552e+06 -1.551e+06 -1.79e+06 -1.539e+06
 -1.136e+06 -1.563e+06 -1.569e+06 -1.469e+06 -1.645e+06 -1.635e+06 -1.477e+06 -1.91e+06 -1.142e+06 -2.086e+06
 -1.585e+06 -1.748e+06 -2.005e+06 -1.49e+06 -1.819e+06 -2.061e+06 -1.33e+06 -1.793e+06 -1.378e+06 -2.651e+06
 -1.957e+06 -1.743e+06 -2.083e+06 -1.711e+06 -1.832e+06 -2.001e+06 -1.373e+06 -2.217e+06 -8.4e+05 -2.603e+06
 -1.549e+06 -1.549e+06 -2.294e+06 -1.601e+06 -1.517e+06 -1.602e+06 -6.849e+05 -1.853e+06 -1.381e+06 -2.001e+06
 -1.102e+06 -1.399e+06 -1.601e+06 -1.289e+06 -1.171e+06 -1.074e+06 -4.42e+05 -1.759e+06 -1.156e+06 -1.809e+06
 -1.116e+06 -1.088e+06 -7.92e+05 -1.074e+06 -9.673e+05 -1.182e+06 -8.179e+05 -1.771e+06 -9.076e+05 -2.097e+06
 -8.18e+05 -6.87e+05 -4.978e+05 -9.81e+05 -6.693e+05 -6.515e+05 -8.477e+05 -1.094e+06 -7.505e+05 -1.172e+06
 -7.899e+05 -5.12e+05 4.295e+05 -9.072e+05 -6.538e+05 -5.531e+05 -8.625e+05 -7.49e+05 -5.767e+05 -6.261e+05
 -7e+05 -3e+05 1.128e+06 -6e+05 -5e+05 -5.555e+05 -7.327e+05 -4.59e+05 -4.41e+05 -4e+05
 -1.986e+05 -970 1.125e+05 -1400 -1.004e+05 -1.151e+04 -5.82e+04 -1.014e+05 -1.01e+05 -5.543e+04
 0 0 0 0 0 0 0 0 0 0
 0 0 0 0 0 0 0 0 0 0
 -2e+05 4.69e+05 -3.1e+04 -3e+05 -1.54e+05 5.4e+04 0 -1.07e+05 -6.62e+05 -2e+05
 -7.463e+05 -1.84e+05 -5.307e+05 -3.687e+05 -6.38e+05 -4.387e+05 -5.467e+05 -6.54e+05 -1.062e+06 -4.61e+05
 -1.076e+06 -5.683e+05 -1.093e+06 -1.774e+05 -1.093e+06 -1.132e+06 -5.679e+05 -1.032e+06 -5.88e+05 -3.61e+05
 -8.06e+05 -9.067e+05 -1.238e+06 -8.406e+05 -8.674e+05 -1.269e+06 -7.534e+05 -1.485e+06 -2.927e+05 -2.91e+05
 -3.914e+05 -5.674e+05 -7.444e+05 -1.108e+06 -8.674e+05 -7.604e+05 -8.444e+05 -6.444e+05 -7.371e+05 -9.374e+05
 -3.77e+05 -7.62e+05 -7.997e+05 -5.363e+05 -5.484e+05 -7.5e+05 -7.747e+05 -6.93e+05 -4.62e+05 -5.603e+05
 -2.23e+05 -3.23e+05 -7.77e+05 -2.481e+05 -3.724e+05 -1.352e+05 2.86e+04 -7.08e+05 -5000 -6.783e+05
 -4.69e+05 -1.62e+05 -3.976e+05 -2.23e+05 -2.92e+05 -2.344e+05 -1.937e+05 -8e+05 2.78e+05 -4.337e+05
 -4.46e+05 -1.46e+05 -9.23e+04 -3.46e+05 -4.6e+04 -3.46e+05 -4.08e+05 -1.54e+05 -2.917e+05 -3.46e+05
 -3e+05 -1e+05 1e+05 -1e+05 -2e+05 -2e+05 -2e+05 2e+05 -4e+05 -1e+05
 -2e+05 -2e+05 3e+05 -3e+05 -3e+05 -2e+05 -2e+05 -1e+05 -3e+05 -1e+05
 0 0 0 0 0 0 0 0 0 0
 0 0 0 0 0 0 0 0 0 0


