# Created by Octave 5.2.0, Thu Sep 24 23:53:10 2020 CEST <jiwidi@land>
# name: w
# type: matrix
# rows: 197
# columns: 10
 -3.5e+04 -3e+04 -3.2e+04 -3.4e+04 -3.1e+04 -2.6e+04 -3e+04 -3.1e+04 -4.6e+04 -3e+04
 0 0 0 0 0 0 0 0 0 0
 0 0 0 0 0 0 0 0 0 0
 -1000 0 -2000 0 -1000 1000 0 0 -1000 0
 -1380 -1690 -3530 -840 -1530 0 -690 3690 -1380 -1230
 -1000 -2770 -460 -2460 -460 -2000 -2000 4850 -2000 -2620
 -5540 -7000 -3306 -3540 -1750 -7404 -5617 -460 -7160 -1.041e+04
 -7920 -7230 -3781 -8840 -8000 -9540 -9770 -6979 -2160 -6390
 -8613 -1.3e+04 -1.122e+04 -1.085e+04 -1.209e+04 -1.004e+04 -1.039e+04 -1.27e+04 -4110 -2990
 -1.076e+04 -9610 -1.022e+04 -9110 -1.869e+04 -1.352e+04 -1.085e+04 -1.577e+04 -5900 -6776
 -9680 -6220 -7530 -1.045e+04 -1.36e+04 -8220 -7820 -7700 -7850 -6450
 -8700 -5030 -1.007e+04 -8390 -4000 -6700 -7090 -1.087e+04 -4590 -1.193e+04
 -5087 920 -6620 -6700 -2620 3157 -7150 -610 -6777 -6930
 -3000 0 -3000 -6000 -620 4460 -3460 -3380 -6000 -2000
 -1000 0 0 0 0 1000 0 0 -1000 0
 0 0 0 0 0 0 0 620 0 -620
 -120 0 -580 -120 -120 120 -120 1340 -1000 -120
 -2820 -1350 -2839 -820 -2825 -159.4 -2790 533.9 -4301 -2829
 -4808 -5041 -6983 -3892 -6114 -2564 -6120 2599 -6619 -7418
 -1.049e+04 -1.3e+04 -1.32e+04 -6112 -6987 -6033 -1.513e+04 -2272 -9351 -1.97e+04
 -1.477e+04 -1.894e+04 -1.469e+04 -1.204e+04 -1.528e+04 -1.4e+04 -1.998e+04 -6967 -1.407e+04 -1.673e+04
 -1.814e+04 -2.696e+04 -1.884e+04 -2.004e+04 -2.262e+04 -2.192e+04 -2.506e+04 -1.268e+04 -2.318e+04 -1.618e+04
 -2.163e+04 -2.715e+04 -2.034e+04 -2.198e+04 -3.335e+04 -2.694e+04 -2.29e+04 -1.703e+04 -1.983e+04 -1.356e+04
 -2.038e+04 -2.534e+04 -2.471e+04 -2.256e+04 -3.761e+04 -2.163e+04 -2.291e+04 -1.718e+04 -1.793e+04 -1.249e+04
 -2.211e+04 -2.229e+04 -2.299e+04 -2.243e+04 -2.982e+04 -1.964e+04 -2.375e+04 -1.846e+04 -1.853e+04 -1.571e+04
 -1.855e+04 -1.999e+04 -1.987e+04 -2.336e+04 -1.331e+04 -1.665e+04 -1.894e+04 -7289 -1.763e+04 -2.128e+04
 -1.362e+04 -1.176e+04 -1.635e+04 -1.33e+04 -8698 -4971 -1.635e+04 -9955 -2.023e+04 -1.818e+04
 -5415 -2330 -6046 -853 -2380 3963 -3873 -2871 -1.058e+04 -5388
 -2130 -170 0 -1310 -1000 3610 -1000 0 -1670 -1000
 0 0 0 0 0 0 0 0 0 0
 -860 0 -288.7 -860 -864.7 -152.2 -1860 -404.7 -2022 -861.9
 -2440 -1409 -3121 -1527 -5144 -2413 -3554 -102 -667.1 -5530
 -7953 -7757 -1.05e+04 -5071 -1.164e+04 -6100 -1.193e+04 -2953 -7507 -1.313e+04
 -1.43e+04 -1.789e+04 -7512 -1.174e+04 -1.09e+04 -1.345e+04 -1.766e+04 -7998 -1.235e+04 -1.421e+04
 -1.445e+04 -2.27e+04 -1.819e+04 -1.797e+04 -1.87e+04 -1.718e+04 -2.083e+04 -1.24e+04 -1.424e+04 -1.086e+04
 -1.152e+04 -1.784e+04 -1.571e+04 -1.218e+04 -1.542e+04 -1.44e+04 -1.305e+04 -8148 -1.292e+04 -1.599e+04
 -9673 -1.061e+04 -9988 -1.038e+04 -1.745e+04 -9869 -1.224e+04 -5963 -8739 -1.497e+04
 -1.026e+04 -8933 -1.226e+04 -1.34e+04 -2.017e+04 -1.185e+04 -1.44e+04 -9237 -1.952e+04 -2.061e+04
 -1.452e+04 -1.626e+04 -1.852e+04 -1.87e+04 -1.693e+04 -1.897e+04 -2.102e+04 -1.764e+04 -1.68e+04 -2.33e+04
 -1.566e+04 -1.702e+04 -1.762e+04 -2.003e+04 -1.054e+04 -2.533e+04 -2.276e+04 -8937 -1.752e+04 -1.883e+04
 -1.317e+04 -1.641e+04 -1.625e+04 -8318 -9633 -1.093e+04 -1.609e+04 -5929 -1.21e+04 -1.729e+04
 -4585 -5825 -5105 1198 -9440 -1193 -5304 -3825 -4160 -4290
 -3840 -990 -990 -530 -2300 2920 -1530 -760 -610 -1220
 0 0 2000 0 0 0 0 0 -2000 0
 -291 0 1231 -300.2 -300.2 -160.2 -300.2 159.8 -2000 159.8
 -5389 -4491 -4156 -8053 -7136 -1953 -6972 49.8 -2767 -6605
 -1.138e+04 -1.683e+04 -7219 -1.532e+04 -1.197e+04 -8294 -1.5e+04 -4538 -1.011e+04 -1.48e+04
 -1.353e+04 -2.056e+04 -6004 -1.833e+04 -9279 -1.36e+04 -1.586e+04 -1.313e+04 -1.519e+04 -1.032e+04
 -1.214e+04 -1.78e+04 -7512 -1.675e+04 -5688 -1.088e+04 -1.341e+04 -9166 -1.225e+04 -9677
 -7419 -1.276e+04 -8829 -1.631e+04 -1.028e+04 -1412 -5850 -5722 -6354 -6666
 -2584 -8082 -8617 -1.283e+04 -1.206e+04 759.4 -9553 -1.076e+04 -1.492e+04 -7467
 -6958 -5944 -1.301e+04 -9872 -1.283e+04 -9393 -1.157e+04 -4802 -1.191e+04 -1.282e+04
 -1.271e+04 -1.12e+04 -1.915e+04 -1.774e+04 -1.246e+04 -1.907e+04 -2.185e+04 -1.265e+04 -1.69e+04 -1.8e+04
 -1.188e+04 -1.944e+04 -2.011e+04 -1.458e+04 -1.719e+04 -2.016e+04 -2.702e+04 -1.173e+04 -1.669e+04 -1.388e+04
 -1.377e+04 -1.532e+04 -1.446e+04 -7362 -1.274e+04 -1.631e+04 -1.778e+04 -1.267e+04 -4130 -7014
 -1421 -4646 -4735 5649 -8127 -5263 -4717 -2910 -3008 -3704
 -410 -2580 -1580 2000 -2440 -1430 -1160 -2000 -1140 -1580
 -1000 -1000 1000 0 0 0 0 0 0 0
 0 -1000 3290 -1022 -661.6 -1460 -980.8 229 -1839 419.9
 -7151 -7861 -1.033e+04 -1.329e+04 -7181 -659.4 -7789 -5990 -2961 -3774
 -1.236e+04 -1.864e+04 -1.524e+04 -2.644e+04 -1.71e+04 -8813 -1.883e+04 -1.605e+04 -9428 -5787
 -1.521e+04 -1.877e+04 -9483 -2.557e+04 -7664 -1.062e+04 -1.706e+04 -1.428e+04 -1.215e+04 -1.237e+04
 -1.57e+04 -1.426e+04 -9240 -1.875e+04 -1.295e+04 -4679 -1.233e+04 -1.711e+04 -8646 -6961
 -1.098e+04 -1.145e+04 -1.009e+04 -1.233e+04 -1.391e+04 -892.8 -7508 -1.657e+04 -7078 -3400
 -9078 -8481 -1.033e+04 -5299 -1.502e+04 -8119 -6427 -1.594e+04 -5794 12.11
 -1.354e+04 -6081 -1.349e+04 -1.23e+04 -1.244e+04 -2.14e+04 -1.83e+04 -1.138e+04 -1.984e+04 -8796
 -1.328e+04 -1.53e+04 -1.866e+04 -1.458e+04 -1.305e+04 -2.853e+04 -2.315e+04 -1.449e+04 -1.933e+04 -1.436e+04
 -1.123e+04 -1.551e+04 -1.058e+04 -1.326e+04 -1.276e+04 -1.982e+04 -1.861e+04 -1.145e+04 -1.044e+04 -1.025e+04
 -3820 -8646 -7425 -2721 -7805 -1.33e+04 -1.429e+04 -8165 -6619 -4094
 2501 -4009 -2030 -553.3 -3933 -6549 -3199 -4009 -3572 -2009
 2840 -1290 -290 -700 -150 -3990 -990 -1290 -300 -150
 -230 -230 230 0 0 0 0 0 0 0
 998 -2008 212 -1982 1231 -768.5 -1237 -1428 -247.5 -2578
 -6390 -8010 -1.186e+04 -1.477e+04 -2284 -3226 -6800 -1.138e+04 -4924 -1973
 -1.152e+04 -1.665e+04 -2.125e+04 -1.873e+04 -7941 -1.059e+04 -1.42e+04 -2.266e+04 -1.61e+04 -4138
 -1.095e+04 -1.406e+04 -2.142e+04 -1.722e+04 -6415 -5942 -1.133e+04 -1.916e+04 -3506 -1.059e+04
 -1.028e+04 -1.258e+04 -1.46e+04 -1.46e+04 -5649 -8007 -1.065e+04 -1.681e+04 -7208 -7222
 -5788 -1.074e+04 -1.392e+04 -9666 -1.079e+04 -9613 -1.266e+04 -1.766e+04 -1.214e+04 -2073
 -1.462e+04 -1.116e+04 -1.426e+04 -9888 -1.698e+04 -2.054e+04 -2.021e+04 -1.826e+04 -1.485e+04 -6096
 -2.187e+04 -1.102e+04 -1.727e+04 -1.31e+04 -1.572e+04 -2.078e+04 -2.314e+04 -1.646e+04 -1.888e+04 -7859
 -1.99e+04 -1.456e+04 -1.585e+04 -1.152e+04 -1.113e+04 -1.981e+04 -1.735e+04 -1.552e+04 -1.868e+04 -5377
 -9308 -1.182e+04 -8385 -6967 -8275 -9927 -1.862e+04 -7863 -1.179e+04 -6577
 -182 -7670 -1332 -6099 -2589 -5889 -1.02e+04 -5394 -8360 -5193
 3834 -3006 -1855 -3022 -1036 -4986 -2006 -3006 -984.9 -2006
 1787 0 0 -770 0 -1787 0 0 0 0
 2000 -1000 -2000 0 230 -1000 -1000 -1000 -230 0
 1645 -1871 -4691 -2697 1809 665 203 -4021 -3097 999
 -2641 -7120 -1.168e+04 -1.284e+04 -3213 568.3 -4272 -1.027e+04 -1.149e+04 -2672
 -8854 -1.257e+04 -1.728e+04 -1.07e+04 -6091 -7981 -6699 -1.834e+04 -1.022e+04 -6760
 -7471 -1.332e+04 -2.029e+04 -1.273e+04 -7610 -3187 -1.296e+04 -1.774e+04 -1.404e+04 -1.25e+04
 -1.361e+04 -1.402e+04 -2.25e+04 -1.416e+04 -1.341e+04 -7270 -1.227e+04 -2.548e+04 -1.549e+04 -1.242e+04
 -1.974e+04 -1.465e+04 -1.845e+04 -1.325e+04 -1.849e+04 -1.219e+04 -1.837e+04 -2.112e+04 -1.525e+04 -9756
 -2.721e+04 -1.383e+04 -2.257e+04 -1.293e+04 -1.646e+04 -1.666e+04 -2.127e+04 -2.128e+04 -1.472e+04 -1.933e+04
 -2.202e+04 -8327 -1.745e+04 -1.082e+04 -1.18e+04 -1.693e+04 -1.756e+04 -1.434e+04 -9665 -1.342e+04
 -1.615e+04 -1.083e+04 -1.169e+04 -4752 -1.137e+04 -1.112e+04 -1.244e+04 -7411 -1.542e+04 -4657
 -7952 -9310 -3356 -4937 -3505 -4664 -1.329e+04 -3387 -1.557e+04 -7009
 -732.5 -6362 -2028 -1414 -849.2 -6484 -5792 -4132 -8946 -7012
 5259 -2990 -3230 -1000 -1000 -7079 -2040 -2990 -1000 -2000
 230 0 0 0 0 -230 0 0 0 0
 2000 -1000 -3000 0 2000 -2000 0 -1000 -1000 -1000
 4173 -4040 -5609 -5605 2565 -8186 -1344 -4898 -5930 -3270
 -840.9 -5610 -4377 -8654 -1281 -1.138e+04 -3240 -5944 -8231 -6152
 -4369 -7189 -7743 -8499 -5390 -7801 -4925 -8279 -1.096e+04 -7159
 -1.07e+04 -1.73e+04 -1.07e+04 -1.211e+04 -1.033e+04 -1.221e+04 -1.026e+04 -1.711e+04 -1e+04 -1.461e+04
 -1.526e+04 -1.416e+04 -1.122e+04 -1.361e+04 -1.023e+04 -1.134e+04 -1.676e+04 -1.515e+04 -8781 -1.593e+04
 -2.28e+04 -1.63e+04 -1.833e+04 -1.593e+04 -1.122e+04 -1.508e+04 -1.772e+04 -1.805e+04 -7494 -1.972e+04
 -1.872e+04 -1.029e+04 -1.852e+04 -1.29e+04 -1.376e+04 -1.406e+04 -1.754e+04 -1.243e+04 -1.066e+04 -1.942e+04
 -2.044e+04 -6420 -1.458e+04 -1.111e+04 -1.233e+04 -1.043e+04 -9783 -1.277e+04 -9546 -1.306e+04
 -1.167e+04 -6943 -1.292e+04 -8028 -4130 -8823 -5605 -1.011e+04 -1.57e+04 -8097
 -8670 -9000 -9546 -3610 -5821 -7880 -8999 -6418 -1.537e+04 -1.088e+04
 -824 -7560 -9805 -2162 -3902 -6686 -3632 -5453 -1.068e+04 -7400
 4252 -2998 -4929 172 -958 -7436 -794.1 -2978 -978 -1978
 480 0 -480 0 0 0 0 0 0 0
 1310 -2380 -4457 1380 310 -1923 0 -2380 -1380 -1767
 1327 -5270 -1430 -6321 -3607 -9539 -5330 -4080 -5254 -5033
 2229 -4924 -5788 -8257 -1272 -1.376e+04 -819.7 -6861 -2959 -5699
 -4278 -9228 -4309 -1.671e+04 -4392 -1.62e+04 -1701 -9715 -2620 -1.124e+04
 -1.108e+04 -1.263e+04 -4428 -1.987e+04 -7718 -1.891e+04 -4248 -1.27e+04 -5299 -1.512e+04
 -1.431e+04 -9655 -1.203e+04 -1.563e+04 -8147 -1.958e+04 -1.009e+04 -1.252e+04 -6786 -1.13e+04
 -1.601e+04 -8902 -9782 -1.672e+04 -7034 -2.056e+04 -1.171e+04 -1.298e+04 -7197 -1.519e+04
 -2.172e+04 -1.115e+04 -9147 -1.726e+04 -8872 -1.544e+04 -9431 -1.021e+04 -1.332e+04 -1.524e+04
 -2.048e+04 -1.269e+04 -6697 -1.55e+04 -1.673e+04 -1.674e+04 -4824 -1.369e+04 -1.045e+04 -1.209e+04
 -8783 -1.039e+04 -7378 -9095 -9492 -6584 -9125 -8437 -1.057e+04 -1.797e+04
 -7902 -1.087e+04 -1.456e+04 -6747 -8720 -8060 -8197 -1.197e+04 -1.183e+04 -1.271e+04
 -4504 -8140 -9924 -1010 -1.03e+04 -9912 -6104 -7916 -1.367e+04 -9900
 -1958 -3230 -1018 362.5 -2008 -6362 -747.5 -1378 -1930 -2008
 -1220 -2220 2200 -1990 -2970 -1980 -980 -1000 -2990 -1990
 900 -1520 -1120 -3050 -4170 -1100 -2340 -850 -2100 -2520
 -1485 -7573 -6721 -5760 -7713 -4112 -8264 -6053 -9461 -6443
 -5098 -9092 -1940 -1.393e+04 -9940 -1.111e+04 -8071 -9372 -7045 -1.121e+04
 -1.128e+04 -1.128e+04 -4591 -1.707e+04 -1.259e+04 -1.48e+04 -5665 -1.256e+04 -1614 -1.682e+04
 -1.455e+04 -9909 -1.045e+04 -2.278e+04 -1.515e+04 -1.879e+04 -8335 -1.414e+04 -8281 -1.812e+04
 -1.898e+04 -1.223e+04 -6753 -2.029e+04 -9270 -2.034e+04 -1.425e+04 -1.091e+04 -1.155e+04 -2.031e+04
 -1.869e+04 -8411 -6487 -1.596e+04 -1.225e+04 -1.219e+04 -7720 -7368 -1.556e+04 -1.278e+04
 -1.836e+04 -1.182e+04 -1.012e+04 -1.786e+04 -9726 -8993 -5652 -7856 -1.456e+04 -1.042e+04
 -7828 -1.448e+04 -7665 -1.279e+04 -9509 -8892 -5832 -1.186e+04 -1.361e+04 -7309
 -6643 -1.406e+04 -8907 -8148 -1.196e+04 -8201 -1.304e+04 -8673 -1.166e+04 -1.84e+04
 -8040 -1.121e+04 -6982 -5609 -1.502e+04 -1.055e+04 -8762 -1.09e+04 -1.243e+04 -1.302e+04
 -6491 -6475 -2812 -2855 -8522 -4003 -5638 -7903 -1.033e+04 -6145
 -1169 -2867 -578 -597 -2017 -1694 -430 -3017 -4893 -1017
 -1000 -1000 -693 -1000 -77 230 693 -2000 -77 -1000
 670 -1850 -1296 -1840 -3230 1620 -820 -1864 -1330 -1150
 -5951 -1.043e+04 -7499 -5696 -1.276e+04 70 -9343 -7764 -4559 -1.019e+04
 -1.448e+04 -1.405e+04 -9324 -1.377e+04 -1.874e+04 -8514 -1.266e+04 -1.626e+04 -7382 -1.77e+04
 -1.471e+04 -1.544e+04 -1.463e+04 -1.897e+04 -1.647e+04 -9626 -1.078e+04 -1.55e+04 -1.205e+04 -1.831e+04
 -1.412e+04 -1.531e+04 -1.67e+04 -1.951e+04 -1.68e+04 -1.015e+04 -8446 -1.593e+04 -1.996e+04 -1.354e+04
 -1.688e+04 -1.247e+04 -1.302e+04 -1.17e+04 -1.155e+04 -1.504e+04 -5154 -1.177e+04 -1.808e+04 -9892
 -1.547e+04 -1.12e+04 -9429 -1.042e+04 -9626 -1.55e+04 -906 -9280 -7613 -1.116e+04
 -6697 -1.067e+04 -5657 -1.09e+04 -8444 -1.5e+04 -7544 -9944 -1.083e+04 -6872
 -7126 -1.113e+04 -8817 -2461 -9762 -6545 -1.173e+04 -1.038e+04 -1.015e+04 -1.364e+04
 -1.171e+04 -1.708e+04 -9140 -6809 -1.371e+04 -1.298e+04 -7617 -1.108e+04 -1.025e+04 -1.865e+04
 -9399 -1.02e+04 -9229 -3349 -1.108e+04 -7439 -3491 -8097 -5482 -1.102e+04
 -6753 -3020 -3330 -4206 -8290 -2726 -4394 -7690 -5410 -5020
 -3392 -992.3 4002 -2981 -4010 -985 -3554 -3963 -5978 -1990
 -1000 0 7000 -1000 -2000 -1000 -2000 0 -4000 0
 -2370 0 1060 760 -3320 2840 540 -1150 -1280 0
 -8299 -6634 -6216 -3019 -1.316e+04 -1127 -8055 -9176 -2700 -9797
 -1.458e+04 -1.352e+04 -7645 -1.443e+04 -1.756e+04 -1.133e+04 -1.348e+04 -1.643e+04 -1.685e+04 -1.863e+04
 -1.686e+04 -1.594e+04 -1.291e+04 -1.536e+04 -1.916e+04 -1.579e+04 -1.056e+04 -2.054e+04 -1.683e+04 -1.965e+04
 -1.318e+04 -1.624e+04 -1.449e+04 -8286 -1.599e+04 -1.386e+04 -8513 -1.729e+04 -2.089e+04 -1.886e+04
 -1.538e+04 -1.37e+04 -1.503e+04 -1.156e+04 -1.437e+04 -1.09e+04 -1.017e+04 -1.68e+04 -2.509e+04 -1.551e+04
 -1.234e+04 -1.426e+04 -1.539e+04 -1.705e+04 -1.98e+04 -1.274e+04 -1.249e+04 -1.98e+04 -8644 -1.883e+04
 -1.172e+04 -1.406e+04 -6331 -1.278e+04 -1.289e+04 -1.839e+04 -1.136e+04 -1.846e+04 -1.362e+04 -1.827e+04
 -1.541e+04 -1.547e+04 -7283 -1.162e+04 -1.413e+04 -8300 -1.06e+04 -1.822e+04 -1.348e+04 -2.293e+04
 -1.113e+04 -1.422e+04 -3570 -1.322e+04 -1.289e+04 -8875 -6939 -1.468e+04 -1.268e+04 -2.128e+04
 -9630 -8701 -400 -8609 -8960 -8581 -7636 -1.076e+04 -9955 -1.084e+04
 -6757 -4000 3159 -7866 -5237 -3084 -7226 -7740 -6028 -5560
 -3740 -630 4400 -740 -1110 -1030 -1420 -2280 -3370 -1740
 -1000 0 1460 0 -460 0 -460 0 -460 0
 0 0 2080 -770 -460 -690 0 0 -620 0
 -7740 1437 -4263 -5281 -6381 -2394 -4750 -7128 -4148 -7954
 -1.28e+04 -1.22e+04 -8324 -1.363e+04 -1.333e+04 -1.239e+04 -1.552e+04 -1.551e+04 -1.79e+04 -1.539e+04
 -1.136e+04 -1.563e+04 -1.569e+04 -1.469e+04 -1.645e+04 -1.635e+04 -1.477e+04 -1.91e+04 -1.142e+04 -2.086e+04
 -1.585e+04 -1.748e+04 -2.005e+04 -1.49e+04 -1.819e+04 -2.061e+04 -1.33e+04 -1.793e+04 -1.378e+04 -2.651e+04
 -1.957e+04 -1.743e+04 -2.083e+04 -1.711e+04 -1.832e+04 -2.001e+04 -1.373e+04 -2.217e+04 -8400 -2.603e+04
 -1.549e+04 -1.549e+04 -2.294e+04 -1.601e+04 -1.517e+04 -1.602e+04 -6849 -1.853e+04 -1.381e+04 -2.001e+04
 -1.102e+04 -1.399e+04 -1.601e+04 -1.289e+04 -1.171e+04 -1.074e+04 -4420 -1.759e+04 -1.156e+04 -1.809e+04
 -1.116e+04 -1.088e+04 -7920 -1.074e+04 -9673 -1.182e+04 -8179 -1.771e+04 -9076 -2.097e+04
 -8180 -6870 -4978 -9810 -6693 -6515 -8477 -1.094e+04 -7505 -1.172e+04
 -7899 -5120 4295 -9072 -6538 -5531 -8625 -7490 -5767 -6261
 -7000 -3000 1.128e+04 -6000 -5000 -5555 -7327 -4590 -4410 -4000
 -1986 -9.7 1125 -14 -1004 -115.1 -582 -1014 -1010 -554.3
 0 0 0 0 0 0 0 0 0 0
 0 0 0 0 0 0 0 0 0 0
 -2000 4690 -310 -3000 -1540 540 0 -1070 -6620 -2000
 -7463 -1840 -5307 -3687 -6380 -4387 -5467 -6540 -1.062e+04 -4610
 -1.076e+04 -5683 -1.093e+04 -1774 -1.093e+04 -1.132e+04 -5679 -1.032e+04 -5880 -3610
 -8060 -9067 -1.238e+04 -8406 -8674 -1.269e+04 -7534 -1.485e+04 -2927 -2910
 -3914 -5674 -7444 -1.108e+04 -8674 -7604 -8444 -6444 -7371 -9374
 -3770 -7620 -7997 -5363 -5484 -7500 -7747 -6930 -4620 -5603
 -2230 -3230 -7770 -2481 -3724 -1352 286 -7080 -50 -6783
 -4690 -1620 -3976 -2230 -2920 -2344 -1937 -8000 2780 -4337
 -4460 -1460 -923 -3460 -460 -3460 -4080 -1540 -2917 -3460
 -3000 -1000 1000 -1000 -2000 -2000 -2000 2000 -4000 -1000
 -2000 -2000 3000 -3000 -3000 -2000 -2000 -1000 -3000 -1000
 0 0 0 0 0 0 0 0 0 0
 0 0 0 0 0 0 0 0 0 0


