# Created by Octave 5.2.0, Thu Sep 24 23:53:15 2020 CEST <jiwidi@land>
# name: w
# type: matrix
# rows: 197
# columns: 10
 -3.8e+05 -3.3e+05 -3.5e+05 -3.7e+05 -3.4e+05 -2.8e+05 -3.3e+05 -3.3e+05 -5.1e+05 -3.3e+05
 0 0 0 0 0 0 0 0 0 0
 0 0 0 0 0 0 0 0 0 0
 -1e+04 -1e+04 -3e+04 0 -1e+04 2e+04 0 1e+04 -2e+04 -1e+04
 -1.38e+04 -2.46e+04 -3.22e+04 -8400 -1.53e+04 6900 -6900 3.46e+04 -2.07e+04 -1.92e+04
 -1e+04 -2e+04 2.54e+04 -2.46e+04 -4600 -2e+04 -3e+04 3.08e+04 -3e+04 -2.62e+04
 -6.54e+04 -6.077e+04 -1.843e+04 -3e+04 -5200 -9.94e+04 -5.617e+04 -5000 -3.85e+04 -9.21e+04
 -5.77e+04 -7.69e+04 -4e+04 -7.851e+04 -8.84e+04 -1.044e+05 -8.54e+04 -7.511e+04 -4000 -5.009e+04
 -8.463e+04 -1.115e+05 -1.337e+05 -8.391e+04 -1.261e+05 -1.024e+05 -6.86e+04 -1.586e+05 -3.14e+04 -1.463e+04
 -1.1e+05 -7.61e+04 -9.46e+04 -7.57e+04 -1.862e+05 -1.538e+05 -1.176e+05 -1.862e+05 -5.29e+04 -4.45e+04
 -1.022e+05 -8e+04 -5.98e+04 -1.222e+05 -1.499e+05 -1.144e+05 -1.051e+05 -8.15e+04 -8.517e+04 -7.733e+04
 -1.207e+05 -6.99e+04 -6.06e+04 -1.288e+05 -8.01e+04 -7.33e+04 -1.047e+05 -1.045e+05 -2.43e+04 -1.222e+05
 -9.087e+04 -2.69e+04 -8.39e+04 -6.47e+04 -2.62e+04 7770 -7e+04 -3800 -9.317e+04 -7.24e+04
 -4e+04 1e+04 -4e+04 -6.08e+04 -8500 6.39e+04 -4.46e+04 -2e+04 -6e+04 -2e+04
 -1e+04 0 0 0 0 1e+04 0 0 -1e+04 0
 0 0 0 0 0 0 0 1.24e+04 0 -1.24e+04
 0 -4800 -4600 -1200 0 1200 -1200 1.94e+04 -1e+04 0
 -2e+04 -3.35e+04 -2.044e+04 -2847 -2.021e+04 8406 -2.79e+04 3.354e+04 -5.9e+04 -3.549e+04
 -4.557e+04 -6.082e+04 -3.578e+04 -2.925e+04 -5.133e+04 -1.545e+04 -6.139e+04 4.915e+04 -5.949e+04 -7.882e+04
 -9.6e+04 -1.489e+05 -9.889e+04 -5.566e+04 -6.649e+04 -5.313e+04 -1.476e+05 -2207 -9.747e+04 -1.882e+05
 -1.528e+05 -2.172e+05 -1.825e+05 -1.432e+05 -1.788e+05 -1.559e+05 -1.717e+05 -7.57e+04 -1.73e+05 -1.562e+05
 -1.797e+05 -2.886e+05 -2.047e+05 -2.013e+05 -2.529e+05 -2.267e+05 -2.372e+05 -1.605e+05 -2.338e+05 -1.518e+05
 -2.523e+05 -3.092e+05 -1.948e+05 -2.147e+05 -3.506e+05 -2.621e+05 -2.693e+05 -2.157e+05 -2.432e+05 -1.309e+05
 -2.307e+05 -2.903e+05 -2.836e+05 -2.353e+05 -3.825e+05 -2.634e+05 -2.6e+05 -1.938e+05 -2.084e+05 -1.36e+05
 -2.607e+05 -2.502e+05 -2.601e+05 -2.699e+05 -3.162e+05 -2.321e+05 -2.665e+05 -2.046e+05 -2.519e+05 -1.837e+05
 -2.174e+05 -2.201e+05 -2.308e+05 -2.73e+05 -1.931e+05 -1.772e+05 -2.361e+05 -1.218e+05 -2.239e+05 -2.425e+05
 -1.668e+05 -1.492e+05 -2.078e+05 -1.524e+05 -8.378e+04 -6.948e+04 -1.98e+05 -1.175e+05 -2.349e+05 -1.946e+05
 -8.136e+04 -1.288e+04 -5.943e+04 -4790 8724 4.61e+04 -6.795e+04 -1.576e+04 -1.155e+05 -7.418e+04
 -2.82e+04 0 -1500 -1.46e+04 -1e+04 4.13e+04 -1e+04 1e+04 -1.67e+04 -2e+04
 0 0 0 1e+04 0 0 0 0 0 -1e+04
 0 0 1.558e+04 1353 -47 -1702 -1.86e+04 4431 -2.999e+04 -9944
 -1.37e+04 -2.349e+04 -7470 -1.687e+04 -4.144e+04 -2.45e+04 -3.864e+04 1.36e+04 -4072 -6.506e+04
 -8.013e+04 -9.368e+04 -5.361e+04 -4.464e+04 -1.229e+05 -8.89e+04 -9.926e+04 -2.681e+04 -4.682e+04 -1.203e+05
 -1.412e+05 -2.1e+05 -6.836e+04 -1.261e+05 -1.567e+05 -1.398e+05 -1.994e+05 -1.246e+05 -1.706e+05 -1.426e+05
 -1.971e+05 -2.534e+05 -2.198e+05 -1.926e+05 -2.007e+05 -1.957e+05 -2.031e+05 -1.928e+05 -1.575e+05 -1.439e+05
 -1.462e+05 -2.018e+05 -1.968e+05 -1.45e+05 -1.732e+05 -1.745e+05 -1.632e+05 -1.024e+05 -1.734e+05 -1.694e+05
 -1.019e+05 -1.114e+05 -1.43e+05 -1.35e+05 -1.786e+05 -9.451e+04 -1.576e+05 -8.459e+04 -1.255e+05 -1.83e+05
 -4.33e+04 -1.07e+05 -1.448e+05 -1.423e+05 -2.03e+05 -1.331e+05 -1.348e+05 -7.699e+04 -1.894e+05 -1.964e+05
 -1.33e+05 -1.398e+05 -1.888e+05 -2.296e+05 -1.54e+05 -2.323e+05 -2.237e+05 -1.881e+05 -1.399e+05 -2.639e+05
 -1.621e+05 -1.946e+05 -1.767e+05 -1.986e+05 -1.373e+05 -2.721e+05 -2.853e+05 -9.972e+04 -1.832e+05 -2.158e+05
 -1.269e+05 -1.58e+05 -1.89e+05 -6.962e+04 -1.127e+05 -1.499e+05 -2.082e+05 -8.71e+04 -1.327e+05 -1.684e+05
 -6.334e+04 -5.385e+04 -6.065e+04 9870 -7.659e+04 -2.942e+04 -8.315e+04 -2.935e+04 -2.02e+04 -7.82e+04
 -6.14e+04 -9900 -2.83e+04 -5300 -1.47e+04 2.47e+04 -2.7e+04 -5300 -6900 -3.37e+04
 0 0 1e+04 0 0 -1e+04 0 0 -1e+04 0
 -160 0 5240 595.4 -2.3 -1.16e+04 -2842 -2.3 -9995 5598
 -3.969e+04 -3.491e+04 -4.941e+04 -9.053e+04 -5.96e+04 -3.913e+04 -4.286e+04 -6902 1343 -4.808e+04
 -1.142e+05 -1.544e+05 -7.414e+04 -1.803e+05 -1.325e+05 -1.068e+05 -1.6e+05 -8.363e+04 -1.186e+05 -1.265e+05
 -1.726e+05 -2.242e+05 -1.031e+05 -1.815e+05 -1.166e+05 -1.217e+05 -1.88e+05 -1.464e+05 -1.812e+05 -1.314e+05
 -1.237e+05 -1.918e+05 -1.058e+05 -2.013e+05 -7.699e+04 -1.476e+05 -1.613e+05 -7.546e+04 -1.148e+05 -1.425e+05
 -9.136e+04 -1.396e+05 -7.885e+04 -1.841e+05 -1.01e+05 -1.081e+04 -9.242e+04 -6.914e+04 -1.049e+05 -9.23e+04
 -3.672e+04 -9.394e+04 -8.43e+04 -1.341e+05 -1.281e+05 -1.508e+04 -9.301e+04 -1.28e+05 -1.377e+05 -8.227e+04
 -6.188e+04 -7.189e+04 -1.36e+05 -9.283e+04 -1.445e+05 -1.161e+05 -1.287e+05 -9.74e+04 -1.415e+05 -1.165e+05
 -1.378e+05 -1.312e+05 -1.843e+05 -1.875e+05 -1.537e+05 -1.911e+05 -2.208e+05 -1.197e+05 -2.131e+05 -1.861e+05
 -1.407e+05 -2.193e+05 -1.821e+05 -1.36e+05 -1.781e+05 -2.293e+05 -2.812e+05 -1.394e+05 -1.812e+05 -1.43e+05
 -1.612e+05 -1.658e+05 -1.412e+05 -6.279e+04 -1.269e+05 -1.756e+05 -1.839e+05 -1.401e+05 -5.77e+04 -9.981e+04
 -6077 -6.266e+04 -6.145e+04 5.627e+04 -7.037e+04 -6.661e+04 -5.147e+04 -1.922e+04 -2.331e+04 -8.922e+04
 -4100 -3.44e+04 -2.26e+04 2.92e+04 -1.58e+04 -2.25e+04 -1.58e+04 -1e+04 1400 -2.58e+04
 0 -1e+04 1e+04 0 0 0 0 0 0 0
 -4779 -1e+04 3.405e+04 -1.023e+04 -1.001e+04 -3.857e+04 -2608 -9258 -4382 8992
 -4.611e+04 -6.281e+04 -1.178e+05 -1.429e+05 -7.61e+04 -1.677e+04 -5.875e+04 -7.97e+04 -1.939e+04 -2.261e+04
 -1.349e+05 -1.642e+05 -1.576e+05 -2.903e+05 -1.728e+05 -8.084e+04 -1.824e+05 -1.979e+05 -1.603e+05 -4.828e+04
 -1.642e+05 -1.885e+05 -1.302e+05 -2.618e+05 -8.751e+04 -8.844e+04 -2.024e+05 -1.747e+05 -1.264e+05 -1.23e+05
 -1.603e+05 -1.256e+05 -7.17e+04 -2.008e+05 -1.216e+05 -5.699e+04 -1.502e+05 -1.792e+05 -7.516e+04 -7.815e+04
 -1.268e+05 -1.033e+05 -1.014e+05 -1.287e+05 -1.66e+05 -2.591e+04 -9.852e+04 -1.679e+05 -1.067e+05 -6.271e+04
 -1.532e+05 -6.427e+04 -9.815e+04 -7.547e+04 -1.722e+05 -7.192e+04 -8.145e+04 -1.658e+05 -1.199e+05 -3.421e+04
 -1.921e+05 -1.143e+05 -1.885e+05 -1.353e+05 -1.468e+05 -2.352e+05 -2.19e+05 -1.559e+05 -2.075e+05 -1.147e+05
 -1.69e+05 -1.708e+05 -2.076e+05 -1.292e+05 -1.304e+05 -3.022e+05 -2.334e+05 -1.757e+05 -1.84e+05 -1.812e+05
 -1.201e+05 -1.604e+05 -1.256e+05 -1.289e+05 -1.378e+05 -1.875e+05 -1.864e+05 -1.301e+05 -1.001e+05 -8.566e+04
 -2.27e+04 -8.836e+04 -7.285e+04 -5.146e+04 -6.851e+04 -1.59e+05 -1.383e+05 -6.944e+04 -5.254e+04 -6.632e+04
 4.551e+04 -3.013e+04 -2876 2976 -3.059e+04 -9.073e+04 -3.009e+04 -3.009e+04 -4.089e+04 -1.949e+04
 2.99e+04 -1.14e+04 -1400 1500 -1500 -3.99e+04 -9900 -1.14e+04 -1500 -1500
 0 -2300 2300 0 0 0 0 0 0 0
 2.011e+04 -2.008e+04 -7980 -1.978e+04 1.361e+04 -3.61e+04 -2365 -3.208e+04 -5045 -8290
 -5.314e+04 -6.561e+04 -1.481e+05 -1.351e+05 -2.516e+04 -3.523e+04 -3.999e+04 -1.056e+05 -6.729e+04 -4.98e+04
 -9.19e+04 -1.559e+05 -2.404e+05 -2.013e+05 -1.013e+05 -1.133e+05 -1.541e+05 -1.953e+05 -1.755e+05 -2.033e+04
 -9.575e+04 -1.606e+05 -2.484e+05 -1.761e+05 -5.034e+04 -7.581e+04 -1.282e+05 -2.113e+05 -3.075e+04 -9.939e+04
 -1.149e+05 -1.342e+05 -1.915e+05 -1.767e+05 -7.118e+04 -6.435e+04 -1.078e+05 -1.995e+05 -5.344e+04 -1.267e+05
 -1.036e+05 -1.348e+05 -2.05e+05 -1.24e+05 -1.124e+05 -1.022e+05 -1.163e+05 -1.902e+05 -1.299e+05 -5.835e+04
 -1.79e+05 -1.358e+05 -1.81e+05 -1.574e+05 -1.901e+05 -2.199e+05 -2.687e+05 -2.446e+05 -2.3e+05 -9.593e+04
 -2.457e+05 -1.554e+05 -2.149e+05 -1.536e+05 -1.567e+05 -2.116e+05 -2.716e+05 -1.741e+05 -1.95e+05 -1.611e+05
 -1.904e+05 -1.668e+05 -1.578e+05 -1.244e+05 -1.226e+05 -1.498e+05 -2.001e+05 -1.566e+05 -1.805e+05 -4.542e+04
 -7.741e+04 -1.179e+05 -1.212e+05 -9.858e+04 -1.074e+05 -1.055e+05 -1.606e+05 -9.873e+04 -1.003e+05 -4.703e+04
 1.667e+04 -5e+04 -2.494e+04 -8.178e+04 833.8 -8.795e+04 -9.651e+04 -4.682e+04 -9.769e+04 -5.194e+04
 2.994e+04 -3.006e+04 -1.001e+04 -3.048e+04 -1.036e+04 -3.986e+04 -3.006e+04 -3.006e+04 -1.979e+04 -2.006e+04
 2.017e+04 0 0 0 0 -2.017e+04 0 0 0 0
 3100 -1e+04 -1.69e+04 0 4600 -1e+04 -3100 -1e+04 -4600 0
 -3550 -1.021e+04 -7.361e+04 -1.697e+04 1790 1650 1.533e+04 -5.021e+04 -5.537e+04 3390
 -3.155e+04 -6.34e+04 -1.688e+05 -1.173e+05 -3.784e+04 2.398e+04 -6.402e+04 -1.101e+05 -1.376e+05 -5.896e+04
 -7.394e+04 -1.167e+05 -1.765e+05 -1.004e+05 -5.08e+04 -5.411e+04 -7.402e+04 -1.622e+05 -1.366e+05 -1.127e+05
 -8.925e+04 -1.172e+05 -2.262e+05 -1.614e+05 -8.701e+04 -9907 -1.334e+05 -1.902e+05 -1.432e+05 -1.34e+05
 -1.551e+05 -1.86e+05 -2.523e+05 -1.619e+05 -1.427e+05 -8.652e+04 -1.528e+05 -2.717e+05 -1.463e+05 -1.515e+05
 -2.404e+05 -1.861e+05 -2.232e+05 -1.649e+05 -1.941e+05 -1.452e+05 -2.55e+05 -2.204e+05 -1.765e+05 -1.454e+05
 -2.824e+05 -1.813e+05 -2.195e+05 -1.408e+05 -2.084e+05 -2.077e+05 -2.682e+05 -2.172e+05 -1.315e+05 -2.153e+05
 -2.276e+05 -9.139e+04 -1.878e+05 -7.88e+04 -1.132e+05 -1.74e+05 -1.923e+05 -1.543e+05 -8.37e+04 -1.276e+05
 -1.662e+05 -9.417e+04 -1.19e+05 -6.782e+04 -1.327e+05 -1.073e+05 -1.53e+05 -8.833e+04 -1.563e+05 -8.454e+04
 -6.92e+04 -8.236e+04 -2.942e+04 -8.952e+04 -2.685e+04 -6.489e+04 -1.237e+05 -5.292e+04 -1.751e+05 -8.362e+04
 -4725 -6.132e+04 -3.554e+04 -8167 -2689 -9.266e+04 -5.787e+04 -5.142e+04 -1.061e+05 -6.812e+04
 3.717e+04 -2.99e+04 -3.12e+04 1355 -1.992e+04 -6.186e+04 -3.38e+04 -3.13e+04 -2e+04 -2.006e+04
 2300 0 0 0 0 -2300 0 0 0 0
 0 -1e+04 -3e+04 0 2.76e+04 -2e+04 1e+04 -1e+04 -2e+04 -7600
 3.153e+04 -3.27e+04 -9.45e+04 -3.605e+04 2.129e+04 -8.077e+04 -226 -7.48e+04 -7.92e+04 -2.53e+04
 -1051 -6.28e+04 -2.5e+04 -6.649e+04 -2.052e+04 -1.134e+05 -7.079e+04 -7.002e+04 -1.243e+05 -9.361e+04
 -1.264e+04 -7.287e+04 -5.476e+04 -6.748e+04 -5.613e+04 -5.964e+04 -5.296e+04 -7.905e+04 -1.675e+05 -8.319e+04
 -1.142e+05 -1.916e+05 -1.195e+05 -1.654e+05 -1.102e+05 -1.21e+05 -1.24e+05 -1.785e+05 -8.718e+04 -1.757e+05
 -1.813e+05 -1.53e+05 -1.316e+05 -1.559e+05 -1.403e+05 -1.303e+05 -1.919e+05 -1.915e+05 -1.228e+05 -1.773e+05
 -2.159e+05 -1.722e+05 -1.637e+05 -1.707e+05 -1.541e+05 -2.025e+05 -2.281e+05 -1.943e+05 -8.445e+04 -2.008e+05
 -1.824e+05 -1.358e+05 -1.902e+05 -1.317e+05 -1.368e+05 -1.621e+05 -1.879e+05 -1.196e+05 -1.52e+05 -1.756e+05
 -1.907e+05 -5.801e+04 -1.407e+05 -1.029e+05 -1.22e+05 -1.402e+05 -1.25e+05 -1.194e+05 -1.15e+05 -1.452e+05
 -1.23e+05 -5.709e+04 -1.284e+05 -7.588e+04 -7.146e+04 -9.14e+04 -6.795e+04 -1.171e+05 -1.607e+05 -9.667e+04
 -1.042e+05 -9.36e+04 -1.266e+05 -7.125e+04 -4.077e+04 -8.42e+04 -9.754e+04 -6.458e+04 -1.534e+05 -1.428e+05
 -1.354e+04 -7.79e+04 -1.396e+05 -2.452e+04 -2.502e+04 -9.701e+04 -1.78e+04 -5.843e+04 -1.156e+05 -7.843e+04
 5.132e+04 -2.978e+04 -7.929e+04 1.402e+04 -1.977e+04 -6.581e+04 -5305 -3.978e+04 -1.978e+04 -2.358e+04
 0 0 0 0 0 0 0 0 0 0
 0 -1.69e+04 -4.767e+04 -3100 -6900 -1.923e+04 1e+04 -1.69e+04 -6900 -7670
 4.538e+04 -5.02e+04 -1.246e+04 -4.543e+04 -2.149e+04 -1.273e+05 -5.271e+04 -5.83e+04 -8.179e+04 -5.037e+04
 3.474e+04 -5.935e+04 -3.242e+04 -8.113e+04 -3.106e+04 -1.164e+05 -2.79e+04 -8.691e+04 -3.495e+04 -4.786e+04
 -4.795e+04 -1.277e+05 -4.681e+04 -1.62e+05 -7.569e+04 -1.623e+05 -9342 -1.103e+05 -4.934e+04 -1.246e+05
 -9.739e+04 -1.452e+05 -7.136e+04 -2.131e+05 -9.549e+04 -2.315e+05 -9.873e+04 -1.533e+05 -7.197e+04 -1.576e+05
 -1.376e+05 -9.702e+04 -1.424e+05 -1.884e+05 -1.115e+05 -2.446e+05 -1.15e+05 -1.355e+05 -6.731e+04 -1.235e+05
 -1.673e+05 -8.765e+04 -1.223e+05 -2.108e+05 -1.031e+05 -2.189e+05 -1.261e+05 -1.623e+05 -6.691e+04 -1.416e+05
 -2.173e+05 -9.67e+04 -5.62e+04 -2.012e+05 -9.382e+04 -1.495e+05 -1.431e+05 -1.375e+05 -1.081e+05 -1.442e+05
 -2.06e+05 -1.358e+05 -6.999e+04 -1.743e+05 -1.492e+05 -1.844e+05 -9.234e+04 -1.633e+05 -1.04e+05 -1.094e+05
 -1.507e+05 -9.647e+04 -9.526e+04 -9.475e+04 -9.234e+04 -9.933e+04 -1.189e+05 -7.465e+04 -9.723e+04 -1.796e+05
 -8.58e+04 -1.195e+05 -1.753e+05 -6.172e+04 -7.856e+04 -8.571e+04 -5.68e+04 -9.802e+04 -1.511e+05 -1.303e+05
 -4.071e+04 -9.05e+04 -1.419e+05 -1.615e+04 -1.074e+05 -9.742e+04 -4.549e+04 -7.583e+04 -1.477e+05 -1.088e+05
 -8500 -3.23e+04 -3.62e+04 1.342e+04 -4e+04 -5.882e+04 4525 -2.37e+04 -3.02e+04 -2.98e+04
 -2.72e+04 -2.22e+04 2.91e+04 -1.99e+04 -2.97e+04 -9800 -1.97e+04 -1.27e+04 -2.98e+04 -1.99e+04
 -1.76e+04 -1.52e+04 -1.63e+04 -1.67e+04 -4.5e+04 -9700 -100 -1e+04 -2.77e+04 -2.52e+04
 -1.522e+04 -7.576e+04 -6.2e+04 -4.447e+04 -8.053e+04 -2.492e+04 -7.497e+04 -7.053e+04 -1.127e+05 -8.813e+04
 -4.236e+04 -1.077e+05 -2.952e+04 -1.476e+05 -9.07e+04 -1.021e+05 -9.434e+04 -9.312e+04 -5.678e+04 -1.411e+05
 -9.375e+04 -1.378e+05 -6.424e+04 -1.962e+05 -1.463e+05 -1.982e+05 -6.363e+04 -1.259e+05 -2.508e+04 -1.862e+05
 -1.305e+05 -1.234e+05 -1.129e+05 -2.104e+05 -1.545e+05 -2.251e+05 -8.973e+04 -1.381e+05 -4.885e+04 -1.776e+05
 -1.797e+05 -1.222e+05 -1.186e+05 -2.281e+05 -1.086e+05 -2.107e+05 -1.158e+05 -1.059e+05 -1.371e+05 -2.06e+05
 -2.065e+05 -1.21e+05 -8.717e+04 -1.799e+05 -1.204e+05 -1.509e+05 -7.532e+04 -7.479e+04 -1.674e+05 -1.429e+05
 -1.819e+05 -1.098e+05 -9.717e+04 -1.827e+05 -9.156e+04 -1.094e+05 -6.2e+04 -9.588e+04 -1.564e+05 -1.462e+05
 -9.335e+04 -1.337e+05 -6.565e+04 -1.469e+05 -1.081e+05 -1.4e+05 -9.242e+04 -1.514e+05 -1.479e+05 -7.901e+04
 -9.033e+04 -1.366e+05 -8.507e+04 -6.558e+04 -9.073e+04 -1.274e+05 -1.323e+05 -8.485e+04 -1.247e+05 -1.938e+05
 -8.91e+04 -1.321e+05 -4.301e+04 -4.182e+04 -1.479e+05 -1.364e+05 -8.233e+04 -9.818e+04 -1.312e+05 -1.276e+05
 -5.992e+04 -6.475e+04 -5.239e+04 -6.628e+04 -9.332e+04 -5.092e+04 -5.114e+04 -5.892e+04 -1.043e+05 -8.145e+04
 -2.188e+04 -2.867e+04 -6.569e+04 1.394e+04 -3.017e+04 -1.443e+04 3.32e+04 -4.017e+04 -5.88e+04 -3.017e+04
 -2e+04 -1e+04 -1.693e+04 -1e+04 -770 2.23e+04 1.693e+04 -2e+04 -1.077e+04 -1e+04
 -2.66e+04 -1e+04 840 6200 -1.38e+04 1.26e+04 -1.82e+04 -2.244e+04 -3.33e+04 -1.15e+04
 -8.318e+04 -9.89e+04 -9.179e+04 -2.564e+04 -1.176e+05 1.11e+04 -1.072e+05 -8.764e+04 -4.988e+04 -1.141e+05
 -1.692e+05 -1.545e+05 -9.512e+04 -1.437e+05 -1.938e+05 -4.984e+04 -1.326e+05 -1.625e+05 -7.474e+04 -1.737e+05
 -1.631e+05 -1.494e+05 -1.621e+05 -1.685e+05 -2.063e+05 -8.556e+04 -1.342e+05 -1.521e+05 -1.226e+05 -1.806e+05
 -1.256e+05 -1.459e+05 -1.312e+05 -2.118e+05 -1.808e+05 -1.251e+05 -1.034e+05 -1.452e+05 -1.76e+05 -1.187e+05
 -1.7e+05 -1.445e+05 -1.187e+05 -1.566e+05 -1.309e+05 -1.539e+05 -4.186e+04 -1.275e+05 -1.633e+05 -8.669e+04
 -1.797e+05 -1.065e+05 -8.447e+04 -9.089e+04 -1.324e+05 -1.359e+05 -1.766e+04 -1.303e+05 -8.127e+04 -1.314e+05
 -8.653e+04 -1.216e+05 -4.69e+04 -8.381e+04 -9.352e+04 -1.686e+05 -9.462e+04 -1.323e+05 -9.09e+04 -8.124e+04
 -8.849e+04 -9.512e+04 -8.748e+04 -4.189e+04 -1.162e+05 -8.86e+04 -1.319e+05 -1.068e+05 -1.041e+05 -1.325e+05
 -1.299e+05 -1.924e+05 -1.141e+05 -6.291e+04 -1.146e+05 -1.513e+05 -1.13e+05 -1.268e+05 -1.047e+05 -1.891e+05
 -1.253e+05 -1.144e+05 -9.627e+04 -5.93e+04 -1.113e+05 -8.902e+04 -3.873e+04 -8.746e+04 -7.249e+04 -1.151e+05
 -8.091e+04 -3.02e+04 -2.229e+04 -5.667e+04 -9.27e+04 -1.81e+04 -3.502e+04 -6.69e+04 -9.19e+04 -7.02e+04
 -3.84e+04 -9923 4.543e+04 -2.981e+04 -3.01e+04 -9690 -1.129e+04 -4.953e+04 -8.959e+04 -2.99e+04
 -1e+04 0 8e+04 -1e+04 -2e+04 -2e+04 -1e+04 -1e+04 -5e+04 0
 -1.69e+04 -9400 -9000 0 -1.46e+04 -6900 5400 -1.15e+04 -5100 -1e+04
 -1.04e+05 -5.729e+04 -5.24e+04 -5.653e+04 -1.385e+05 1.556e+04 -8.785e+04 -8.003e+04 -1.63e+04 -9.977e+04
 -1.327e+05 -1.279e+05 -7.129e+04 -1.416e+05 -1.964e+05 -1.173e+05 -1.512e+05 -1.928e+05 -1.713e+05 -2.097e+05
 -1.875e+05 -1.705e+05 -1.78e+05 -1.536e+05 -2.342e+05 -1.631e+05 -1.182e+05 -2.025e+05 -2.083e+05 -2.231e+05
 -1.731e+05 -1.413e+05 -1.563e+05 -1.071e+05 -1.872e+05 -1.601e+05 -1.196e+05 -1.546e+05 -2.165e+05 -1.81e+05
 -1.879e+05 -1.227e+05 -1.372e+05 -1.154e+05 -1.508e+05 -9.995e+04 -1.074e+05 -1.384e+05 -2.268e+05 -1.717e+05
 -1.406e+05 -1.262e+05 -1.507e+05 -1.773e+05 -1.784e+05 -1.442e+05 -9.874e+04 -1.96e+05 -1.118e+05 -1.928e+05
 -1.339e+05 -1.465e+05 -8.521e+04 -1.14e+05 -1.304e+05 -1.81e+05 -1.236e+05 -1.708e+05 -1.624e+05 -1.893e+05
 -1.646e+05 -1.386e+05 -7.698e+04 -1.472e+05 -1.422e+05 -1.143e+05 -1.229e+05 -1.762e+05 -1.236e+05 -2.583e+05
 -1.321e+05 -1.522e+05 -4.432e+04 -1.185e+05 -9.963e+04 -9.979e+04 -8.07e+04 -1.619e+05 -1.077e+05 -2.28e+05
 -9.453e+04 -8.402e+04 -2503 -6.449e+04 -8.19e+04 -9.612e+04 -4.598e+04 -1.109e+05 -1.159e+05 -1.085e+05
 -7.426e+04 -4.56e+04 5.289e+04 -6.246e+04 -4.397e+04 -2.51e+04 -3.982e+04 -7.04e+04 -8.504e+04 -5.54e+04
 -5.266e+04 -1.63e+04 3.864e+04 -7400 -1e+04 2.09e+04 -2.024e+04 -2.17e+04 -4.61e+04 -2.63e+04
 -1e+04 0 1.46e+04 0 -4600 0 -4600 0 -4600 0
 -1e+04 0 6200 2300 -4600 -6900 0 0 -1600 -2e+04
 -7.671e+04 257 -3.072e+04 -2.426e+04 -8.53e+04 -3.624e+04 -7.754e+04 -5.439e+04 -2.338e+04 -8.554e+04
 -1.592e+05 -1.146e+05 -1.114e+05 -1.332e+05 -1.482e+05 -1.604e+05 -1.473e+05 -1.521e+05 -1.996e+05 -1.766e+05
 -1.477e+05 -1.779e+05 -1.907e+05 -1.936e+05 -1.742e+05 -1.989e+05 -1.578e+05 -2.195e+05 -1.402e+05 -2.327e+05
 -1.64e+05 -1.848e+05 -2.366e+05 -1.8e+05 -2.127e+05 -2.513e+05 -1.399e+05 -1.621e+05 -1.506e+05 -3.178e+05
 -1.969e+05 -1.716e+05 -2.539e+05 -1.711e+05 -2.121e+05 -2.157e+05 -1.275e+05 -2.285e+05 -1.28e+05 -2.701e+05
 -1.659e+05 -1.505e+05 -2.607e+05 -1.612e+05 -1.754e+05 -1.547e+05 -7.819e+04 -2.138e+05 -1.684e+05 -2.113e+05
 -1.027e+05 -1.598e+05 -1.847e+05 -1.53e+05 -1.325e+05 -1.196e+05 -5.72e+04 -1.841e+05 -1.509e+05 -2e+05
 -9.961e+04 -1.3e+05 -7.8e+04 -1.231e+05 -7.033e+04 -1.255e+05 -7.937e+04 -1.646e+05 -8.383e+04 -2.022e+05
 -9.15e+04 -8.87e+04 -4.145e+04 -9.817e+04 -3.695e+04 -7.475e+04 -7.38e+04 -1.168e+05 -9.235e+04 -1.067e+05
 -7.754e+04 -6.01e+04 5.971e+04 -5.522e+04 -5.413e+04 -2.195e+04 -6.815e+04 -6.534e+04 -1.034e+05 -6.09e+04
 -6e+04 -4e+04 1.195e+05 -5e+04 -4e+04 -3.575e+04 -7.974e+04 -4e+04 -5.411e+04 -4e+04
 -1.982e+04 -5597 5594 8557 -1e+04 1.985e+04 -1.572e+04 -1.01e+04 -2.01e+04 -1.86e+04
 0 0 0 0 0 0 0 0 0 0
 0 0 0 0 0 0 0 0 0 0
 -2e+04 3.23e+04 -6200 -2e+04 -5.54e+04 5400 -1e+04 -1.38e+04 -6.08e+04 -1.54e+04
 -9.623e+04 -4.07e+04 -3.77e+04 -2.457e+04 -3.76e+04 -4.62e+04 -6.7e+04 -5.63e+04 -1.008e+05 -4.23e+04
 -7.99e+04 -8.38e+04 -8.321e+04 -5.244e+04 -1.116e+05 -1.309e+05 -6.149e+04 -1.07e+05 -7.74e+04 -7.84e+04
 -8.48e+04 -8.137e+04 -1.361e+05 -1.087e+05 -1.221e+05 -9.91e+04 -7.684e+04 -1.916e+05 -7.747e+04 -7.217e+04
 -6.304e+04 -5.744e+04 -1.144e+05 -8.076e+04 -1.26e+05 -7.244e+04 -1.09e+05 -7.144e+04 -1.497e+05 -1.552e+05
 -6e+04 -8.93e+04 -1.246e+05 -5.743e+04 -1.048e+05 -1.07e+05 -8.624e+04 -1.039e+05 -5.47e+04 -7.073e+04
 -2.164e+04 -4.23e+04 -8.718e+04 -8990 -2.275e+04 -3.258e+04 -1.724e+04 -7.157e+04 300 -5.591e+04
 -2.53e+04 -1.787e+04 -2.533e+04 800 6200 -1.39e+04 -4.717e+04 -5.15e+04 9400 -5.24e+04
 -3.46e+04 -2.46e+04 -2.303e+04 -3.46e+04 1.92e+04 -1.84e+04 -3.7e+04 -5400 -4.297e+04 -3.46e+04
 -4e+04 -1e+04 2e+04 -1e+04 -2e+04 -2e+04 -2e+04 1e+04 -5e+04 -3e+04
 -2e+04 -2e+04 2e+04 -1e+04 -3e+04 -1e+04 -3e+04 -1e+04 -4e+04 -3e+04
 0 0 0 0 0 0 0 0 0 0
 0 0 0 0 0 0 0 0 0 0


