# Created by Octave 5.2.0, Thu Sep 24 23:53:02 2020 CEST <jiwidi@land>
# name: w
# type: matrix
# rows: 197
# columns: 10
 -2.28e+04 -2.02e+04 -2.11e+04 -2.25e+04 -2.19e+04 -1.91e+04 -2.1e+04 -2.04e+04 -2.8e+04 -2.16e+04
 0 0 0 0 0 0 0 0 0 0
 0 0 0 0 0 0 0 0 0 0
 -200 -208.2 -600 -300 -500 800 -200 -391.8 -700 -200
 -522 -1015 -1129 -722 -660 268 -322 1170 -782 -707
 -523 -1523 -154 -1415 -492 -923 -846 1800 -976.7 -1562
 -1779 -2402 -1262 -1372 -575 -2509 -1595 804.3 -1370 -3456
 -3090 -3811 -2756 -3755 -3379 -4704 -3708 -3201 -1921 -2580
 -5676 -5937 -5936 -5051 -6231 -6068 -5232 -6950 -4389 -1544
 -6743 -4094 -6624 -5002 -7930 -6714 -6630 -8755 -5022 -3090
 -7136 -6042 -5847 -6420 -7881 -7315 -5937 -5894 -5858 -5281
 -5701 -4923 -5540 -5645 -4769 -5573 -5666 -6387 -4635 -6069
 -3317 -1204 -3779 -2660 -2042 -1206 -2951 -1589 -4375 -4145
 -1985 -368.3 -2477 -2393 -816.7 1262 -2438 -1807 -2261 -1253
 -100 0 -100 -100 -100 100 -100 -100 -100 -100
 0 0 -124 -248 -62 -62 0 310 0 -310
 -24 -107.2 -155.5 -471.2 -159.2 34.8 -26.5 484.8 -101.2 -198
 -1165 -1211 -935.3 -1161 -1285 144.9 -1253 495.3 -1811 -1190
 -2598 -3055 -2402 -1746 -2360 -1138 -2532 345.9 -3032 -3328
 -6046 -7416 -5607 -4264 -4384 -4721 -7662 -3558 -5207 -8437
 -9504 -1.182e+04 -9721 -8688 -9044 -9687 -9946 -5220 -9491 -1.03e+04
 -1.125e+04 -1.451e+04 -1.15e+04 -1.043e+04 -1.248e+04 -1.252e+04 -1.221e+04 -8392 -1.232e+04 -9770
 -1.382e+04 -1.615e+04 -1.326e+04 -1.267e+04 -1.771e+04 -1.422e+04 -1.468e+04 -1.177e+04 -1.328e+04 -9324
 -1.309e+04 -1.525e+04 -1.556e+04 -1.364e+04 -1.899e+04 -1.45e+04 -1.437e+04 -1.202e+04 -1.231e+04 -9347
 -1.462e+04 -1.449e+04 -1.497e+04 -1.47e+04 -1.715e+04 -1.398e+04 -1.569e+04 -1.167e+04 -1.438e+04 -1.224e+04
 -1.219e+04 -1.204e+04 -1.193e+04 -1.341e+04 -1.119e+04 -1.151e+04 -1.29e+04 -9165 -1.19e+04 -1.297e+04
 -8439 -7763 -9376 -8620 -5816 -5433 -9172 -6641 -1.011e+04 -9565
 -4180 -2409 -4113 -2588 -2561 1183 -3865 -2659 -4748 -3712
 -625 -400 -917 -1083 -762 1131 -466 25 -611 -843
 -200 -100 -200 200 0 -200 0 0 0 -200
 -674.5 -435.2 274.9 -618.5 -436.5 -447.4 -878.3 68.12 -707.7 -803.2
 -1607 -1758 -1375 -2014 -2091 -1568 -2197 -601.8 -1267 -2299
 -4855 -4854 -4252 -3170 -5261 -3965 -5430 -2244 -3181 -6020
 -9090 -1.091e+04 -7508 -8833 -8282 -9816 -1.079e+04 -8207 -9188 -8797
 -1.014e+04 -1.267e+04 -1.134e+04 -1.064e+04 -1.154e+04 -1.11e+04 -1.131e+04 -9764 -9336 -9423
 -8733 -1.062e+04 -9402 -8053 -9813 -8882 -9186 -6230 -8053 -1.038e+04
 -7192 -7488 -7422 -7900 -9751 -6980 -8666 -6341 -6570 -9267
 -5982 -7195 -8180 -8234 -1.076e+04 -7930 -9424 -6786 -9951 -1.091e+04
 -1.01e+04 -1.149e+04 -1.303e+04 -1.377e+04 -1.183e+04 -1.285e+04 -1.318e+04 -1.186e+04 -1.088e+04 -1.344e+04
 -1.127e+04 -1.306e+04 -1.204e+04 -1.28e+04 -1.029e+04 -1.376e+04 -1.417e+04 -1.039e+04 -1.175e+04 -1.345e+04
 -7068 -7880 -9051 -5333 -6572 -6485 -8644 -5428 -5578 -7280
 -3079 -2717 -3648 -759.3 -3931 -1625 -3157 -2278 -1880 -2999
 -1587 -784 -585 -710 -868 341 -715 -386 -88 -1152
 -100 -100 500 0 -200 -100 -300 0 -500 -100
 -232.5 -212 444.4 -113.1 -276 -127.1 -454.5 -65.02 -591.9 -132
 -2549 -2592 -2851 -3837 -2887 -1330 -2614 -1096 -1259 -2518
 -6502 -7248 -4396 -8441 -7614 -5468 -8257 -4835 -5890 -7060
 -1.009e+04 -1.174e+04 -7540 -1.055e+04 -7640 -8290 -1.016e+04 -8512 -9035 -7957
 -7654 -9887 -6429 -9148 -6469 -6993 -7660 -6312 -7248 -7332
 -5417 -6942 -5591 -8176 -6205 -3770 -5036 -5528 -6022 -5517
 -3048 -4828 -4682 -6694 -7163 -2296 -6154 -6520 -7332 -3988
 -5756 -6889 -9101 -6874 -8883 -7349 -8731 -5601 -8464 -9455
 -1.097e+04 -1.108e+04 -1.34e+04 -1.289e+04 -1.107e+04 -1.287e+04 -1.408e+04 -1.066e+04 -1.353e+04 -1.202e+04
 -9106 -1.178e+04 -1.105e+04 -1.025e+04 -1.107e+04 -1.182e+04 -1.439e+04 -9609 -1.087e+04 -1.013e+04
 -6252 -7143 -6348 -4782 -6596 -7555 -7995 -7096 -3789 -5527
 -1782 -2808 -3358 946.2 -2623 -3290 -3211 -1999 -2213 -2875
 -942 -1291 -803 346 -1051 -769 -1565 -716 -659 -1174
 -400 -300 500 -100 -400 -400 -200 -200 -400 -200
 -289.2 -635.1 526.2 -415.4 -801.3 -1010 -561.9 -673.2 -861.6 -306
 -2761 -3337 -4104 -4948 -3375 -858.4 -2965 -3040 -1590 -2107
 -7717 -9268 -7930 -1.129e+04 -8335 -5618 -8552 -8167 -7204 -4094
 -8795 -1.082e+04 -7482 -1.223e+04 -7024 -6581 -9577 -8319 -8492 -9016
 -8389 -8287 -5813 -1.052e+04 -7082 -5206 -7900 -1.026e+04 -6706 -4967
 -6014 -7164 -5872 -6893 -7526 -3649 -6684 -8987 -5283 -3591
 -7136 -6054 -6282 -5815 -8018 -5214 -6122 -9006 -5803 -2613
 -1.135e+04 -8291 -1.14e+04 -9509 -1.096e+04 -1.338e+04 -1.215e+04 -1.083e+04 -1.314e+04 -9396
 -1.138e+04 -1.221e+04 -1.318e+04 -1.072e+04 -1.167e+04 -1.588e+04 -1.47e+04 -1.253e+04 -1.19e+04 -1.176e+04
 -5695 -8577 -7666 -8163 -8615 -8982 -1.036e+04 -7782 -6669 -6484
 -1595 -4249 -4082 -2239 -3765 -5618 -5561 -3699 -3436 -3007
 579 -1319 -574.2 429.4 -905.6 -3139 -1496 -1038 -1533 -764.8
 800 -290 87 -324 -314 -1244 -491 -329 -214 -314
 -92 -69 115 -23 -92 -92 -46 -46 -92 -46
 -18.84 -1182 -572.1 -1413 9.73 -782.1 -273.8 -880.5 -903.4 -1478
 -2703 -4864 -5341 -5610 -1201 -2843 -2990 -4071 -2653 -3101
 -5385 -7901 -8845 -7987 -4665 -4817 -7052 -9946 -7409 -3217
 -8900 -9780 -1.165e+04 -1.032e+04 -6669 -6903 -7947 -1.066e+04 -6552 -7560
 -7845 -8405 -9784 -9190 -4761 -7172 -7376 -1.097e+04 -5367 -6963
 -6015 -7321 -9407 -6588 -6080 -6586 -7826 -9743 -6625 -5065
 -1.223e+04 -9550 -1.162e+04 -9600 -1.137e+04 -1.208e+04 -1.301e+04 -1.344e+04 -1.124e+04 -8360
 -1.383e+04 -1.203e+04 -1.322e+04 -1.122e+04 -1.183e+04 -1.337e+04 -1.427e+04 -1.29e+04 -1.392e+04 -1.069e+04
 -9677 -1.002e+04 -8934 -7532 -7914 -1.033e+04 -1.054e+04 -9776 -9973 -5780
 -4069 -5112 -5847 -4429 -4835 -5653 -7808 -5248 -5188 -2481
 123.1 -2653 -1354 -2425 -1010 -3609 -4052 -2317 -3738 -1301
 1296 -902.7 -545.7 -1207 -689.7 -1538 -1145 -893.8 -761 -600.2
 790.1 -1.7 75.3 -180.4 -78.7 -842.4 -278.7 -77 -1.7 -77
 93 -315 -753 -223 161 -246 -16 -323 -269 -246
 -451.6 -1733 -2251 -2244 221.6 -806.5 -609.7 -2476 -1949 -602.8
 -1223 -2814 -5138 -4562 -1699 -349.9 -2775 -3968 -5135 -2830
 -5499 -7970 -8919 -6074 -3680 -5152 -5020 -8392 -7618 -5663
 -7081 -9503 -1.153e+04 -9983 -6213 -5472 -9004 -1.107e+04 -9556 -9446
 -1.037e+04 -1.165e+04 -1.331e+04 -1.065e+04 -1.077e+04 -8235 -1.062e+04 -1.406e+04 -1.013e+04 -9534
 -1.384e+04 -1.219e+04 -1.254e+04 -1.067e+04 -1.221e+04 -1.036e+04 -1.46e+04 -1.429e+04 -1.208e+04 -1.139e+04
 -1.576e+04 -1.211e+04 -1.467e+04 -1.217e+04 -1.306e+04 -1.453e+04 -1.504e+04 -1.501e+04 -1.25e+04 -1.36e+04
 -1.234e+04 -8780 -1.263e+04 -9501 -9848 -1.148e+04 -1.23e+04 -1.216e+04 -9250 -1.027e+04
 -7707 -6177 -6156 -5244 -5441 -6692 -7179 -6240 -8415 -5070
 -4141 -3606 -2289 -3580 -1949 -3381 -4919 -2912 -5545 -4079
 -516.6 -2516 -1892 -1682 -1173 -3933 -2384 -2252 -3510 -2672
 898.9 -890.5 -1143 -324.8 -763.2 -2040 -852 -1011 -744.8 -784.4
 269 -23 -123 -46 -23 -46 -123 -100 -23 0
 -500 -700 -1100 -300 900 -600 200 -400 -500 -600
 545.6 -1564 -2847 -1752 457.4 -2406 -386.2 -2357 -2231 -812.5
 -1598 -2852 -2450 -2924 -553.7 -4580 -2870 -3033 -4909 -3010
 -4658 -5273 -5730 -5080 -3797 -4924 -4395 -5937 -7281 -5354
 -8279 -9968 -7367 -8563 -5809 -7897 -7010 -9509 -6368 -8611
 -1.004e+04 -9446 -8836 -8351 -8781 -9233 -1.018e+04 -1.084e+04 -8305 -9968
 -1.337e+04 -1.089e+04 -1.207e+04 -1.118e+04 -1.202e+04 -1.224e+04 -1.294e+04 -1.319e+04 -9548 -1.242e+04
 -1.282e+04 -1.039e+04 -1.307e+04 -1.058e+04 -1.176e+04 -1.195e+04 -1.238e+04 -1.135e+04 -1.15e+04 -1.212e+04
 -1.019e+04 -6388 -1.029e+04 -8927 -8418 -9147 -8648 -9307 -8441 -8999
 -6178 -5272 -6370 -4759 -4245 -5289 -4730 -5953 -7326 -5422
 -4253 -4657 -4631 -3444 -3148 -4142 -4418 -4280 -6091 -5887
 -387.9 -2302 -4213 -1510 -1780 -2879 -886.5 -2357 -3306 -3274
 1008 -1032 -2481 52.71 -689.5 -2094 -192.7 -998.7 -628.7 -736.1
 111 0 -96 0 0 0 -15 0 0 0
 362 -507 -1272 -259 -69 -699.3 131 -534 -372.7 -476.7
 966.7 -1748 -900.6 -1804 -1677 -4009 -1124 -1611 -2465 -1953
 -115.6 -2132 -1985 -3147 -636.4 -5305 -1357 -2915 -1276 -2122
 -3332 -5640 -3768 -8093 -3285 -7482 -2956 -5791 -3092 -5744
 -6917 -6409 -6080 -1.011e+04 -5479 -9897 -5460 -7434 -4824 -7885
 -8757 -6953 -8855 -9257 -7073 -1.111e+04 -7630 -7691 -5125 -9270
 -1.11e+04 -8473 -8931 -1.149e+04 -8519 -1.148e+04 -1.02e+04 -1.074e+04 -7887 -1.059e+04
 -1.159e+04 -9060 -7098 -1.078e+04 -7833 -9640 -8180 -9469 -9664 -1.054e+04
 -9588 -7930 -6851 -8079 -8362 -9376 -5873 -8320 -6808 -7663
 -7224 -7212 -6212 -6221 -6499 -6850 -6757 -6365 -5608 -9557
 -4180 -5213 -6404 -4480 -4165 -4287 -3146 -4681 -5498 -5467
 -1580 -2961 -4111 -1318 -4206 -2781 -2147 -3014 -4343 -4021
 -770.2 -1646 -1817 -477 -2032 -2190 -157.3 -946 -1922 -1461
 -1033 -1063 776 -944 -1481 -380 -1366 -299 -1682 -939
 -19.7 -901 -2.7 -1222 -1733 -414.3 -567 -326.7 -1403 -1142
 -2113 -3566 -3066 -2262 -4546 -1497 -4193 -2999 -4303 -4587
 -3137 -4760 -2440 -5367 -5402 -5454 -4739 -4576 -3109 -6673
 -6032 -6461 -4469 -9999 -6935 -9010 -5179 -7036 -3496 -8283
 -7971 -6778 -6913 -1.044e+04 -7842 -1.04e+04 -5969 -7556 -5163 -9743
 -9478 -7415 -6850 -1.092e+04 -8275 -1.06e+04 -8195 -7629 -8332 -1.153e+04
 -1.08e+04 -8357 -7732 -1.149e+04 -9020 -9237 -7075 -8099 -9677 -1.06e+04
 -9353 -7246 -6697 -8251 -7399 -6584 -4891 -5941 -8765 -7048
 -6127 -8233 -5248 -6584 -5888 -6981 -5501 -6901 -7358 -6047
 -5554 -7425 -6375 -5441 -6721 -7544 -6380 -6816 -6990 -1.017e+04
 -5116 -5671 -4185 -3123 -6827 -6394 -5158 -4945 -6670 -6525
 -2313 -2508 -1571 -1484 -3975 -2214 -2869 -2749 -3686 -2864
 -1106 -1300 -1432 -228.3 -2398 -830.3 -191.4 -1828 -2761 -1137
 -677 -400 -529.2 -300 -307.7 253.3 -85.7 -400 -423.1 -100
 -1074 -1160 -606.4 -381 -1278 1119 -1368 -806.2 -1402 -593
 -3947 -4374 -4127 -2017 -5664 -1211 -4165 -4053 -3004 -4992
 -8002 -7624 -5909 -6921 -8629 -4658 -7065 -7534 -5205 -9346
 -7760 -8669 -8673 -8727 -9942 -5718 -7878 -7516 -8007 -1.023e+04
 -8232 -9135 -7776 -1.002e+04 -1.02e+04 -6941 -6896 -9542 -1.002e+04 -8159
 -9470 -7675 -8659 -9745 -8864 -9451 -6110 -8591 -1.078e+04 -8684
 -9022 -7886 -7441 -7855 -8390 -9302 -5078 -9486 -7044 -8012
 -6197 -7347 -5075 -5496 -6548 -8493 -6306 -6829 -6767 -6277
 -5684 -6178 -4965 -4471 -6718 -6088 -7131 -6816 -6658 -7546
 -6274 -7782 -5699 -4133 -6683 -7095 -4573 -6768 -5715 -9149
 -5336 -4451 -3646 -3002 -5098 -4099 -2768 -4024 -3250 -5376
 -3081 -2007 -1662 -1690 -3563 -830.1 -1874 -3172 -3117 -2540
 -1702 -1049 847.4 -1517 -1869 -465.8 -1125 -1846 -2761 -1180
 -300 -377 2031 -454 -400 -577 -200 -400 -1800 -200
 -637 -630 182 -1281 -1133 -428 -707 -838 -727 -586
 -4644 -3854 -3473 -3610 -5566 -1977 -4503 -4881 -2516 -5502
 -7557 -7463 -5895 -7287 -8108 -7504 -7608 -8460 -9395 -9530
 -9449 -1.024e+04 -9600 -9699 -1.097e+04 -9116 -8900 -1.1e+04 -1.052e+04 -1.11e+04
 -1.124e+04 -1.04e+04 -1.028e+04 -9469 -1.114e+04 -1.047e+04 -9062 -1.016e+04 -1.213e+04 -1.184e+04
 -9797 -8970 -8911 -9423 -9491 -8362 -9144 -9919 -1.232e+04 -1.12e+04
 -8369 -8525 -8876 -1.004e+04 -1.1e+04 -8844 -8965 -1.057e+04 -7620 -1.062e+04
 -8081 -8597 -5778 -7970 -8053 -8898 -7207 -8958 -8255 -1.037e+04
 -7934 -7787 -4462 -7495 -7476 -5461 -7040 -9022 -7413 -1.015e+04
 -6066 -6402 -3698 -5485 -6083 -4927 -3895 -6740 -5183 -9096
 -4264 -3335 -938.3 -3640 -3998 -3939 -2612 -4871 -3995 -4714
 -2556 -2069 1515 -2712 -2128 -1458 -2384 -3654 -3368 -2124
 -1742 -761.9 742.4 -694 -964 -14 -1166 -1399 -1855 -873
 -100 -123 407 -100 -169 -146 -169 -223 -261 -100
 -453 -400 548 -241 -415 -653 -300 -400 -348 -700
 -4483 -1547 -2147 -3087 -4102 -2581 -4188 -4529 -3236 -4806
 -8169 -6985 -5547 -6626 -8181 -7874 -6516 -8462 -8968 -8890
 -9941 -1.087e+04 -9597 -1.034e+04 -1.132e+04 -1.173e+04 -9297 -1.243e+04 -9655 -1.197e+04
 -1.148e+04 -1.09e+04 -1.269e+04 -1.128e+04 -1.278e+04 -1.329e+04 -1.058e+04 -1.16e+04 -1.047e+04 -1.697e+04
 -1.116e+04 -1.087e+04 -1.296e+04 -1.084e+04 -1.139e+04 -1.244e+04 -9554 -1.265e+04 -8580 -1.396e+04
 -8973 -9073 -1.155e+04 -8541 -8670 -9162 -5953 -9711 -8672 -1.092e+04
 -6605 -7787 -8676 -8035 -7292 -7605 -5172 -8271 -7469 -9525
 -5475 -5271 -4398 -5482 -5271 -5450 -4347 -7592 -3874 -8713
 -4099 -2968 -2283 -4269 -3563 -3534 -3474 -5065 -3059 -4967
 -3986 -2506 693.4 -3338 -2419 -1543 -2870 -3803 -3080 -2572
 -3085 -1753 3256 -2491 -1445 -1339 -2812 -2984 -2525 -1859
 -565.6 -488.4 109.8 -331.8 -706.8 58.29 -830.4 -1059 -1113 -585.7
 -17 -62 179 -17 -17 -79 -79 -179 -62 -17
 0 0 0 0 0 0 0 0 0 0
 -1169 577.3 -156 -1069 -1785 -1283 -876 -1521 -2447 -962
 -3924 -1160 -2785 -2204 -3236 -3237 -2585 -4087 -4260 -3001
 -5085 -5112 -5969 -4582 -6260 -6301 -3611 -6873 -4307 -2984
 -5249 -5490 -6675 -5895 -6019 -5219 -5698 -8309 -4703 -4216
 -5134 -5279 -5619 -5063 -5904 -5527 -6101 -5238 -7782 -7411
 -4080 -3841 -5595 -3636 -4757 -4733 -4921 -4095 -4682 -5222
 -2461 -3063 -5366 -2569 -3165 -2692 -1681 -4594 -1938 -3662
 -2491 -1339 -1874 -1836 -1660 -1205 -2216 -3063 206.6 -2489
 -2146 -746 -675.9 -1384 -539 -784 -1540 -931.1 -975.4 -1354
 -2000 -600 400 -1100 -1000 -1000 -1200 -600 -1200 -800
 -777 -569 -54 -500 -700 -200 -600 -700 -1169 -631
 -100 -96 196 -196 -196 -196 -196 -196 -96 -100
 0 0 0 0 0 0 0 0 0 0


