# Created by Octave 5.2.0, Thu Sep 24 23:53:22 2020 CEST <jiwidi@land>
# name: w
# type: matrix
# rows: 197
# columns: 10
 -3.9e+06 -3e+06 -3.1e+06 -3.5e+06 -3.4e+06 -2.7e+06 -3.3e+06 -3e+06 -4.6e+06 -3.1e+06
 0 0 0 0 0 0 0 0 0 0
 0 0 0 0 0 0 0 0 0 0
 -1e+05 0 -2e+05 0 -1e+05 2e+05 0 0 -2e+05 0
 -1.38e+05 -1.69e+05 -2.53e+05 -1.84e+05 -1.53e+05 6.9e+04 -6.9e+04 4.15e+05 -3.22e+05 -1.69e+05
 -1.693e+05 -1.77e+05 5.4e+04 -3.46e+05 -1.46e+05 -3e+05 -2e+05 5.153e+05 -3.46e+05 -3e+05
 -3.54e+05 -7.48e+05 -1.153e+05 -3e+05 2.5e+04 -6.71e+05 -5.077e+05 1.773e+05 -1.85e+05 -8.407e+05
 -3.39e+05 -6.46e+05 -4.734e+05 -5.16e+05 -2.84e+05 -6.85e+05 -7.77e+05 -5.117e+05 1.09e+05 -6.369e+05
 -9.593e+05 -1.009e+06 -1.084e+06 -9.464e+05 -8.23e+05 -1.158e+06 -5.857e+05 -1.071e+06 -6.023e+05 4.57e+04
 -9.54e+05 -8.3e+05 -9.92e+05 -4.28e+05 -1.685e+06 -1.201e+06 -8.92e+05 -1.469e+06 -2.869e+05 -5.397e+05
 -1.208e+06 -5.38e+05 -5.91e+05 -7.36e+05 -1.422e+06 -1.253e+06 -7.28e+05 -1.114e+06 -6.29e+05 -8.4e+05
 -7.31e+05 -6.383e+05 -1.183e+06 -8.46e+05 -3.617e+05 -5.87e+05 -7.38e+05 -8.22e+05 -4.81e+05 -1.155e+06
 -6.77e+05 -2.14e+05 -5.24e+05 -3.93e+05 7000 2.53e+05 -8e+05 -1.84e+05 -6.63e+05 -7.86e+05
 -5.54e+05 4.6e+04 -2e+05 -6.08e+05 1.5e+04 5e+05 -4.46e+05 -2.923e+05 -6.61e+05 -2.227e+05
 0 0 0 0 0 0 0 0 0 0
 0 0 0 -6.2e+04 -6.2e+04 0 0 1.24e+05 0 -1.24e+05
 -1.2e+04 0 -5.8e+04 -1.2e+04 0 1.2e+04 0 2.46e+05 -1e+05 -1.12e+05
 -2.97e+05 -1.639e+05 -1.233e+05 -2.282e+05 -2.97e+05 8.406e+04 -1.97e+05 3.853e+05 -5.621e+05 -4.364e+05
 -6.086e+05 -6.074e+05 -2.291e+05 -5.193e+05 -5.1e+05 -2e+05 -4.67e+05 1.541e+05 -6.895e+05 -7.46e+05
 -8.89e+05 -1.297e+06 -8.599e+05 -3.934e+05 -6.778e+05 -5.013e+05 -1.185e+06 2.284e+04 -8.723e+05 -1.472e+06
 -1.464e+06 -1.998e+06 -1.086e+06 -1.037e+06 -1.449e+06 -1.264e+06 -1.722e+06 -3.617e+05 -1.491e+06 -1.319e+06
 -1.759e+06 -2.552e+06 -1.381e+06 -1.632e+06 -2.206e+06 -2.405e+06 -2.165e+06 -1.208e+06 -2.335e+06 -1.054e+06
 -2.151e+06 -2.718e+06 -1.708e+06 -1.777e+06 -3.254e+06 -2.652e+06 -2.64e+06 -1.689e+06 -1.76e+06 -8.854e+05
 -1.841e+06 -2.563e+06 -2.761e+06 -2.364e+06 -3.225e+06 -2.574e+06 -2.566e+06 -1.699e+06 -1.759e+06 -8.14e+05
 -2.087e+06 -2.41e+06 -2.439e+06 -2.462e+06 -2.836e+06 -2.424e+06 -2.569e+06 -1.789e+06 -1.964e+06 -1.624e+06
 -2.351e+06 -1.969e+06 -2.05e+06 -2.488e+06 -1.417e+06 -1.825e+06 -2.08e+06 -1.028e+06 -1.819e+06 -1.931e+06
 -1.611e+06 -1.325e+06 -1.564e+06 -1.773e+06 -7.278e+05 -7.761e+05 -1.746e+06 -9.225e+05 -1.979e+06 -1.788e+06
 -8.039e+05 -2.085e+05 -5.769e+05 -5.083e+05 -2.993e+05 7.071e+05 -8.17e+05 -2.554e+05 -1.17e+06 -7.216e+05
 -1.15e+05 0 -7.6e+04 -3.07e+05 -2.17e+05 3.39e+05 -1e+05 2e+05 -1e+05 -2e+05
 0 0 0 1e+05 0 0 0 0 0 -1e+05
 -1.86e+05 -470 6.933e+04 -8.6e+04 -1e+05 -1.4e+04 -1e+05 2.445e+05 -3.009e+05 -2.85e+05
 -2.142e+05 -2.767e+05 -3.356e+04 -1.843e+05 -2.534e+05 -1.973e+05 -4.484e+05 -1070 5.929e+04 -5.68e+05
 -6.613e+05 -7.5e+05 -5.761e+05 -1.222e+05 -7.487e+05 -5.284e+05 -1.065e+06 -1.405e+05 -2.732e+05 -9.984e+05
 -1.36e+06 -1.687e+06 -9.937e+05 -8.429e+05 -1.183e+06 -1.35e+06 -1.881e+06 -8.379e+05 -1.24e+06 -1.18e+06
 -1.52e+06 -2.105e+06 -2.081e+06 -1.768e+06 -2.005e+06 -1.698e+06 -1.905e+06 -1.53e+06 -1.653e+06 -9.1e+05
 -1.198e+06 -1.68e+06 -1.373e+06 -1.308e+06 -1.836e+06 -1.511e+06 -1.616e+06 -8.393e+05 -1.535e+06 -1.452e+06
 -1.011e+06 -9.909e+05 -1.166e+06 -1.128e+06 -1.976e+06 -9.442e+05 -1.394e+06 -6.34e+05 -1.325e+06 -1.542e+06
 -4.493e+05 -9.484e+05 -1.318e+06 -1.455e+06 -1.836e+06 -1.144e+06 -1.602e+06 -7.875e+05 -2.148e+06 -1.807e+06
 -1.168e+06 -1.459e+06 -1.61e+06 -2.39e+06 -1.512e+06 -1.864e+06 -2.136e+06 -1.526e+06 -1.714e+06 -2.019e+06
 -1.657e+06 -1.664e+06 -1.788e+06 -1.62e+06 -1.35e+06 -2.153e+06 -2.004e+06 -1.098e+06 -1.503e+06 -1.968e+06
 -1.355e+06 -1.311e+06 -1.798e+06 -8.244e+05 -1.29e+06 -1.15e+06 -1.788e+06 -8.813e+05 -1.104e+06 -1.587e+06
 -7.245e+05 -5.815e+05 -7.288e+05 -2.52e+04 -6.935e+05 8.52e+04 -9.2e+05 -3.9e+05 -6.097e+05 -7.4e+05
 -3.91e+05 -9.9e+04 -1.14e+05 -4.5e+04 -1.22e+05 1.99e+05 -3.53e+05 -1.22e+05 -6.9e+04 -1.45e+05
 0 0 1e+05 0 0 0 0 0 -1e+05 0
 -3e+04 0 2.4e+04 6000 -23 3e+04 -23 3.325e+04 -1.002e+05 -5.3e+04
 -3.389e+05 -3.499e+05 -2.188e+05 -5.286e+05 -3.349e+05 -1.578e+05 -4.969e+05 4650 1.864e+05 -5.273e+05
 -1.003e+06 -1.339e+06 -3.464e+05 -1.33e+06 -1.169e+06 -5.838e+05 -1.449e+06 -3.239e+05 -8.125e+05 -9.094e+05
 -1.691e+06 -1.734e+06 -8.547e+05 -1.78e+06 -9.423e+05 -8.895e+05 -1.582e+06 -1.093e+06 -1.795e+06 -1.151e+06
 -7.462e+05 -1.425e+06 -8.666e+05 -1.989e+06 -1.071e+06 -6.844e+05 -1.435e+06 -7.232e+05 -1.112e+06 -1.048e+06
 -8.156e+05 -1.27e+06 -8.366e+05 -1.485e+06 -1.058e+06 -5.587e+05 -7.131e+05 -6.206e+05 -7.534e+05 -7.912e+05
 -2.328e+05 -7.594e+05 -8.563e+05 -1.184e+06 -1.396e+06 -2.046e+05 -1.101e+06 -7.515e+05 -1.712e+06 -8.334e+05
 -3.245e+05 -8.329e+05 -1.175e+06 -7.602e+05 -1.446e+06 -9.527e+05 -1.083e+06 -8.996e+05 -1.445e+06 -1.071e+06
 -1.156e+06 -1.231e+06 -1.593e+06 -1.336e+06 -1.27e+06 -1.578e+06 -1.967e+06 -1.058e+06 -1.49e+06 -1.692e+06
 -1.094e+06 -1.973e+06 -1.904e+06 -1.361e+06 -1.834e+06 -1.975e+06 -2.536e+06 -1.408e+06 -1.667e+06 -1.645e+06
 -1.01e+06 -1.454e+06 -1.514e+06 -8.102e+05 -1.035e+06 -1.82e+06 -1.781e+06 -1.197e+06 -3.266e+05 -9.438e+05
 -1.408e+05 -6.234e+05 -8.269e+05 4.451e+05 -6.111e+05 -7.15e+05 -7.626e+05 -3.496e+05 -5.885e+05 -6.602e+05
 -2.58e+05 -1.58e+05 -5.8e+04 2.23e+05 -2.58e+05 -7000 -3.16e+05 -2.58e+05 -2.58e+05 -2.58e+05
 -1e+05 -1e+05 3e+05 0 0 -1e+05 0 0 -1e+05 -1e+05
 -7.7e+04 -1e+05 4.14e+05 -2100 -1.002e+05 -2.479e+05 -1.461e+05 -3.71e+04 -1.439e+05 -9925
 -5.251e+05 -8.281e+05 -7.324e+05 -9.303e+05 -9.716e+05 -1.975e+05 -5.789e+05 -6.611e+05 -1.83e+05 -1.051e+05
 -1.527e+06 -1.694e+06 -1.591e+06 -2.498e+06 -1.335e+06 -3.973e+05 -1.614e+06 -1.535e+06 -1.331e+06 -5.37e+05
 -1.406e+06 -1.546e+06 -6.086e+05 -2.48e+06 -7.28e+05 -6.338e+05 -1.694e+06 -1.477e+06 -1.455e+06 -9.97e+05
 -1.279e+06 -1.452e+06 -4.74e+05 -1.874e+06 -1.189e+06 -3.379e+05 -1.199e+06 -1.749e+06 -7.902e+05 -2.18e+05
 -1.223e+06 -1.294e+06 -9.934e+05 -1.264e+06 -1.504e+06 -4.067e+05 -9.87e+05 -1.75e+06 -6.551e+05 -4.872e+05
 -1.622e+06 -1.018e+06 -9.214e+05 -1.143e+06 -1.532e+06 -7.211e+05 -9.368e+05 -1.474e+06 -1.073e+06 -2.753e+05
 -1.489e+06 -8.58e+05 -1.672e+06 -1.017e+06 -1.317e+06 -1.868e+06 -1.797e+06 -1.185e+06 -2.023e+06 -7.093e+05
 -1.399e+06 -1.783e+06 -1.819e+06 -1.204e+06 -1.378e+06 -2.696e+06 -2.234e+06 -1.821e+06 -1.352e+06 -1.457e+06
 -7.659e+05 -1.464e+06 -1.431e+06 -1.352e+06 -1.224e+06 -1.867e+06 -1.848e+06 -1.441e+06 -8.573e+05 -9.383e+05
 -3.1e+04 -8.77e+05 -8.981e+05 -4.523e+05 -8.711e+05 -1.29e+06 -1.432e+06 -4.758e+05 -4.157e+05 -1.069e+06
 4.501e+05 -3.659e+05 -2.801e+05 2.178e+05 -3.829e+05 -6.269e+05 -2.659e+05 -3.009e+05 -4.386e+05 -2.469e+05
 1.84e+05 -1.14e+05 7.1e+04 -7e+04 -1.14e+05 -2e+05 0 -1.15e+05 -1.5e+04 -1.5e+04
 -2.3e+04 -2.3e+04 6.9e+04 0 0 -2.3e+04 0 0 -2.3e+04 -2.3e+04
 1.77e+05 -2.008e+05 9.825e+04 -9.883e+04 -1.872e+05 -7.614e+04 -2.378e+04 -2.175e+04 -2.114e+05 -2.684e+05
 -5.337e+05 -9.56e+05 -1.448e+06 -1.233e+06 -4.073e+05 -3.016e+05 -6.96e+05 -7.543e+05 -7.16e+05 -4.373e+05
 -5.548e+05 -1.586e+06 -2.063e+06 -1.947e+06 -7.14e+05 -6.052e+05 -1.477e+06 -2.129e+06 -1.452e+06 -5.466e+05
 -1.382e+06 -1.548e+06 -1.814e+06 -1.653e+06 -7.406e+05 -8.516e+05 -1.131e+06 -2.057e+06 -3.5e+05 -8.918e+05
 -1.583e+06 -1.052e+06 -1.706e+06 -1.373e+06 -6.367e+05 -7.62e+05 -1.162e+06 -1.963e+06 -5.424e+05 -8.623e+05
 -1.028e+06 -9.906e+05 -1.73e+06 -1.095e+06 -1.052e+06 -1.072e+06 -1.352e+06 -1.692e+06 -9.639e+05 -4.858e+05
 -1.883e+06 -1.112e+06 -1.463e+06 -1.175e+06 -1.706e+06 -1.657e+06 -2.152e+06 -2.018e+06 -1.916e+06 -8.111e+05
 -2.108e+06 -1.503e+06 -2.106e+06 -1.468e+06 -1.386e+06 -1.843e+06 -2.136e+06 -1.432e+06 -1.573e+06 -1.084e+06
 -1.581e+06 -1.499e+06 -1.387e+06 -9.589e+05 -1.095e+06 -1.77e+06 -1.802e+06 -1.476e+06 -1.713e+06 -1.017e+06
 -5.998e+05 -1.044e+06 -1.134e+06 -9.921e+05 -9.103e+05 -1.322e+06 -1.634e+06 -8.501e+05 -1.315e+06 -5.603e+05
 1.499e+05 -5.67e+05 -2.717e+05 -6.36e+05 -7.338e+04 -8.342e+05 -1.001e+06 -5.37e+05 -7.248e+05 -3.369e+05
 4.096e+05 -3e+05 -1.971e+05 -3.142e+05 -2.006e+05 -3.93e+05 -3.006e+05 -3.014e+05 -2.988e+05 -1.006e+05
 2.23e+05 0 7.7e+04 -7.7e+04 0 -2.23e+05 0 -7.7e+04 0 0
 7.7e+04 -1e+05 -1.23e+05 0 -7.7e+04 0 0 0 -2.3e+04 0
 2.15e+05 -1.021e+05 -5.161e+05 -3.027e+05 -1.08e+05 2.19e+04 -4.67e+04 -2.831e+05 -4.767e+05 1.598e+05
 -1.218e+05 -7.96e+05 -1.436e+06 -1.347e+06 -5.078e+05 -8.14e+04 -8.583e+05 -9.043e+05 -1.442e+06 -6.77e+05
 -7.656e+05 -1.381e+06 -1.851e+06 -9.828e+05 -3.09e+05 -6.403e+05 -6.94e+05 -1.515e+06 -1.139e+06 -1.3e+06
 -8.258e+05 -1.751e+06 -2.385e+06 -1.567e+06 -7.23e+05 -2.073e+05 -1.397e+06 -1.674e+06 -1.354e+06 -1.36e+06
 -1.525e+06 -2.29e+06 -2.294e+06 -1.587e+06 -1.574e+06 -1.082e+06 -1.661e+06 -2.407e+06 -1.409e+06 -1.337e+06
 -2.399e+06 -1.548e+06 -1.818e+06 -1.543e+06 -1.725e+06 -1.109e+06 -2.38e+06 -2.243e+06 -1.422e+06 -1.417e+06
 -2.885e+06 -1.603e+06 -2.363e+06 -1.159e+06 -1.905e+06 -1.967e+06 -2.496e+06 -1.955e+06 -1.405e+06 -1.901e+06
 -2.184e+06 -8.703e+05 -1.736e+06 -9.382e+05 -1.17e+06 -1.5e+06 -1.736e+06 -1.78e+06 -1.147e+06 -1.216e+06
 -1.395e+06 -1.307e+06 -8.11e+05 -7.215e+05 -9.645e+05 -8.97e+05 -1.388e+06 -1.137e+06 -1.854e+06 -7.307e+05
 -5.374e+05 -7.262e+05 -4.47e+05 -6.804e+05 -1.005e+05 -5.956e+05 -1.14e+06 -3.728e+05 -1.355e+06 -9.171e+05
 6.518e+04 -4.039e+05 -2.618e+05 -3.478e+05 -5.719e+04 -8.76e+05 -7.01e+05 -6.009e+05 -7.914e+05 -7.582e+05
 6.027e+05 -2.99e+05 -4.01e+05 -8.555e+04 -2.619e+05 -5.615e+05 -2.941e+05 -3.26e+05 -3.001e+05 -1.007e+05
 1e+05 0 0 0 0 -1e+05 0 0 0 0
 0 -1e+05 -3e+05 0 7.6e+04 -1e+05 1e+05 0 -1e+05 -7.6e+04
 3.145e+05 -3.27e+05 -8.527e+05 -3.535e+05 -1.781e+05 -8.288e+05 -1.008e+05 -4.94e+05 -6.931e+05 -2.271e+05
 -7.263e+04 -5.856e+05 -6.16e+05 -7.159e+05 -1.99e+05 -1.253e+06 -6.246e+05 -7.01e+05 -1.116e+06 -7.644e+05
 -5.423e+05 -8.914e+05 -8.903e+05 -6.723e+05 -5.32e+05 -6.371e+05 -7.627e+05 -1.058e+06 -1.737e+06 -9.158e+05
 -1.241e+06 -1.939e+06 -1.339e+06 -1.323e+06 -1.019e+06 -1.102e+06 -1.017e+06 -1.787e+06 -7.62e+05 -1.631e+06
 -1.846e+06 -1.277e+06 -1.152e+06 -1.374e+06 -1.425e+06 -1.056e+06 -1.802e+06 -1.894e+06 -1.082e+06 -1.537e+06
 -2.192e+06 -1.407e+06 -1.296e+06 -1.271e+06 -1.559e+06 -1.56e+06 -2.084e+06 -1.825e+06 -1.041e+06 -1.794e+06
 -1.77e+06 -1.186e+06 -1.844e+06 -9.442e+05 -1.712e+06 -1.388e+06 -1.74e+06 -1.312e+06 -1.245e+06 -1.462e+06
 -1.892e+06 -9.988e+05 -1.597e+06 -1.2e+06 -1.193e+06 -1.339e+06 -1.142e+06 -1.757e+06 -1.037e+06 -1.434e+06
 -1.266e+06 -1.233e+06 -1.116e+06 -8.463e+05 -7.875e+05 -1.136e+06 -7.445e+05 -1.21e+06 -1.483e+06 -6.859e+05
 -7.673e+05 -8.91e+05 -7.863e+05 -6.645e+05 -5.018e+05 -9.44e+05 -8.654e+05 -8.257e+05 -1.712e+06 -1.284e+06
 2.816e+05 -4.956e+05 -1.206e+06 -4.636e+05 -3.592e+05 -6.98e+05 -2.166e+05 -5.563e+05 -1.02e+06 -1.04e+06
 3.891e+05 -2.978e+05 -6.937e+05 1.395e+05 -2.517e+05 -6.488e+05 2.059e+04 -2.748e+05 -2.986e+05 -1.359e+05
 1e+05 0 0 0 0 -1e+05 0 0 0 0
 3.1e+04 -1.69e+05 -3.38e+05 1.38e+05 -1.69e+05 -9.23e+04 1e+05 -6.9e+04 -7.67e+04 -7.67e+04
 4.458e+05 -5.023e+05 -3.225e+05 -4.186e+05 -5.145e+05 -1.185e+06 -2.492e+05 -5.666e+05 -7.179e+05 -5.029e+05
 2.937e+05 -5.999e+05 -4.921e+05 -9.746e+05 -2.757e+05 -1.519e+06 -2.816e+05 -7.089e+05 -2.805e+05 -3.123e+05
 -3.262e+05 -9.284e+05 -4.809e+05 -1.692e+06 -5.084e+05 -1.951e+06 -3.247e+05 -9.563e+05 -3.755e+05 -9.973e+05
 -1.287e+06 -9.987e+05 -6.673e+05 -2.031e+06 -5.585e+05 -2.108e+06 -8.793e+05 -1.321e+06 -3.338e+05 -1.635e+06
 -1.416e+06 -7.325e+05 -1.012e+06 -1.359e+06 -7.994e+05 -1.849e+06 -9.728e+05 -1.248e+06 -2.383e+05 -1.4e+06
 -1.808e+06 -7.942e+05 -9.657e+05 -1.503e+06 -1.062e+06 -1.921e+06 -1.123e+06 -1.385e+06 -6.038e+05 -1.458e+06
 -2.018e+06 -1.076e+06 -8.848e+05 -2.025e+06 -9.867e+05 -1.646e+06 -1.211e+06 -1.187e+06 -1.54e+06 -1.502e+06
 -1.903e+06 -1.066e+06 -9.595e+05 -1.609e+06 -1.445e+06 -1.906e+06 -7.369e+05 -1.529e+06 -1.316e+06 -1.309e+06
 -1.275e+06 -1.284e+06 -9.683e+05 -9.865e+05 -1.312e+06 -1.477e+06 -8.218e+05 -9.953e+05 -9.679e+05 -1.928e+06
 -5.942e+05 -1.247e+06 -1.525e+06 -8.7e+05 -8.846e+05 -1.118e+06 -5.037e+05 -1.15e+06 -1.367e+06 -1.362e+06
 -5.523e+05 -6.153e+05 -1.096e+06 -2.77e+05 -1.112e+06 -6.678e+05 -2.944e+05 -8.913e+05 -1.274e+06 -1.107e+06
 -3.408e+05 -2.6e+05 -3.152e+05 1.068e+05 -2.91e+05 -6.222e+05 1.98e+05 -2.785e+05 -4.51e+05 -2.218e+05
 -3.22e+05 -2.22e+05 1.66e+05 -1.99e+05 -1.98e+05 -2.2e+04 -1.98e+05 -1.99e+05 -4.21e+05 -1.22e+05
 -1.43e+05 -2.1e+05 7.3e+04 -2.52e+05 -5.08e+05 -9e+04 -9.2e+04 -2.52e+05 -3.77e+05 -3.1e+05
 -1.144e+05 -7.056e+05 -7.6e+05 -1.78e+05 -1.032e+06 -4.793e+05 -8.285e+05 -7.65e+05 -1.073e+06 -7.673e+05
 -1.875e+05 -9.703e+05 -4.153e+05 -1.14e+06 -9.38e+05 -9.638e+05 -9.467e+05 -9.361e+05 -4.191e+05 -1.362e+06
 -1.087e+06 -1.462e+06 -3.881e+05 -2.022e+06 -1.315e+06 -1.809e+06 -5.53e+05 -1.23e+06 -2.631e+05 -2.019e+06
 -1.128e+06 -1.144e+06 -1.119e+06 -2.001e+06 -1.471e+06 -1.926e+06 -7.268e+05 -1.251e+06 -5.888e+05 -1.879e+06
 -1.65e+06 -9.66e+05 -9.314e+05 -2.191e+06 -1.22e+06 -1.846e+06 -1.266e+06 -1.13e+06 -9.236e+05 -1.899e+06
 -2.147e+06 -1.184e+06 -8.447e+05 -2.279e+06 -1.419e+06 -1.507e+06 -8.47e+05 -8.726e+05 -1.301e+06 -1.377e+06
 -1.76e+06 -1.107e+06 -1.329e+06 -1.892e+06 -1.041e+06 -1.306e+06 -9.855e+05 -1.057e+06 -1.427e+06 -1.426e+06
 -1.195e+06 -1.208e+06 -6.676e+05 -1.184e+06 -1.069e+06 -1.257e+06 -9.557e+05 -1.48e+06 -1.533e+06 -9.486e+05
 -5.167e+05 -1.313e+06 -7.58e+05 -9.089e+05 -1.007e+06 -9.649e+05 -1.172e+06 -8.547e+05 -9.754e+05 -2.165e+06
 -7.148e+05 -1.083e+06 -6.847e+05 -3.396e+05 -1.108e+06 -1.062e+06 -1.086e+06 -1.176e+06 -1.426e+06 -1.617e+06
 -4.055e+05 -7.105e+05 -2.909e+05 -3.464e+05 -8.783e+05 -4.724e+05 -6.804e+05 -7.145e+05 -7.779e+05 -7.234e+05
 -2.079e+05 -2.017e+05 -3.68e+04 5.13e+04 -2.557e+05 -1.897e+05 1.141e+05 -3.327e+05 -6.02e+05 -2.017e+05
 -3e+05 -1e+05 -2.693e+05 -1e+05 -1e+05 2.3e+04 -3.07e+04 -1e+05 -1e+05 0
 -1.44e+05 -1e+05 -9.66e+04 -1e+05 -2.44e+05 3.6e+05 -3.914e+05 -2.44e+05 -2.92e+05 -1.5e+04
 -7.148e+05 -8.101e+05 -1.133e+06 -2.619e+05 -1.322e+06 3.63e+04 -1.033e+06 -1.075e+06 -5.766e+05 -1.056e+06
 -1.584e+06 -1.435e+06 -1.186e+06 -1.441e+06 -1.967e+06 -9.516e+05 -1.082e+06 -1.662e+06 -9.593e+05 -1.735e+06
 -1.253e+06 -1.409e+06 -1.913e+06 -1.62e+06 -2.046e+06 -9.912e+05 -1.046e+06 -1.421e+06 -1.313e+06 -1.887e+06
 -1.352e+06 -1.236e+06 -1.239e+06 -1.954e+06 -1.917e+06 -7.878e+05 -1.003e+06 -1.422e+06 -1.747e+06 -1.263e+06
 -1.892e+06 -1.218e+06 -1.242e+06 -2.075e+06 -1.612e+06 -1.554e+06 -3.576e+05 -1.387e+06 -1.82e+06 -1.055e+06
 -1.716e+06 -1.102e+06 -1.032e+06 -1.212e+06 -1.602e+06 -1.674e+06 -3.685e+05 -1.083e+06 -9.892e+05 -1.129e+06
 -7.12e+05 -1.172e+06 -5.675e+05 -6.691e+05 -6.701e+05 -1.714e+06 -9.542e+05 -1.369e+06 -9.834e+05 -7.529e+05
 -5.514e+05 -1.026e+06 -5.682e+05 -5.854e+05 -8.419e+05 -6.616e+05 -1.18e+06 -9.082e+05 -1.093e+06 -1.629e+06
 -1.029e+06 -1.6e+06 -8.527e+05 -4.742e+05 -1.309e+06 -1.499e+06 -8.403e+05 -1.236e+06 -1.222e+06 -1.898e+06
 -9.735e+05 -8.83e+05 -8.435e+05 -4.268e+05 -1.057e+06 -9.754e+05 -2.376e+05 -9.48e+05 -6.382e+05 -1.193e+06
 -5.718e+05 -3.02e+05 -2.325e+05 -3.783e+05 -7.95e+05 -1.223e+05 -4.149e+05 -7.029e+05 -5e+05 -5.02e+05
 -5.743e+05 -9.923e+04 4.282e+05 -3.796e+05 -4.57e+05 -9.531e+04 -3.529e+05 -3.325e+05 -6.951e+05 -2.002e+05
 -2e+05 0 5.77e+05 -7.7e+04 -2e+05 -2e+05 -1e+05 0 -3e+05 0
 5.5e+04 0 1.75e+05 -3.9e+04 -1e+05 -1.39e+05 3.9e+04 -1.69e+05 -2.22e+05 0
 -8.826e+05 -6.557e+05 -6.616e+05 -6.643e+05 -1.151e+06 1.33e+05 -7.892e+05 -8.725e+05 -3.225e+05 -1.12e+06
 -1.256e+06 -1.318e+06 -8.553e+05 -1.309e+06 -1.75e+06 -1.383e+06 -1.306e+06 -1.801e+06 -1.926e+06 -1.48e+06
 -1.697e+06 -1.648e+06 -1.518e+06 -1.267e+06 -1.879e+06 -1.695e+06 -1.352e+06 -1.908e+06 -1.879e+06 -1.769e+06
 -1.639e+06 -1.444e+06 -1.522e+06 -1.301e+06 -1.7e+06 -1.379e+06 -1.224e+06 -1.606e+06 -2.047e+06 -1.979e+06
 -1.889e+06 -1.352e+06 -1.367e+06 -1.466e+06 -1.443e+06 -1.076e+06 -1.175e+06 -1.744e+06 -2.3e+06 -1.808e+06
 -1.322e+06 -1.554e+06 -1.444e+06 -1.484e+06 -1.843e+06 -1.448e+06 -1.208e+06 -1.67e+06 -1.21e+06 -1.665e+06
 -1.024e+06 -1.542e+06 -7.821e+05 -1.196e+06 -1.192e+06 -1.577e+06 -1.112e+06 -1.54e+06 -1.49e+06 -2.013e+06
 -1.384e+06 -1.317e+06 -6.681e+05 -1.337e+06 -1.237e+06 -8.814e+05 -1.124e+06 -1.164e+06 -1.865e+06 -1.997e+06
 -1.323e+06 -1.245e+06 -6.909e+05 -9.918e+05 -1.267e+06 -1.05e+06 -6.425e+05 -1.322e+06 -1.482e+06 -1.85e+06
 -8.08e+05 -9.04e+05 1.15e+04 -1.037e+06 -9.62e+05 -1.088e+06 -4.931e+05 -1.2e+06 -8.326e+05 -1.039e+06
 -5.346e+05 -3e+05 6.81e+05 -6.504e+05 -5.54e+05 -4.536e+05 -4.812e+05 -8.15e+05 -5.396e+05 -5.24e+05
 -5.91e+05 -6.3e+04 4.54e+05 -1.28e+05 -2.54e+05 6.9e+04 -2.85e+05 -4.63e+05 -4.63e+05 -2.11e+05
 -1e+05 0 2.46e+05 0 0 0 -4.6e+04 -1e+05 0 0
 0 0 6.2e+04 -1.31e+05 0 -6.9e+04 0 -1e+05 3.8e+04 0
 -5.228e+05 -2.998e+05 -4.392e+04 -3.365e+05 -7.185e+05 -2.821e+05 -7.841e+05 -8.34e+05 -3.205e+05 -7.605e+05
 -1.396e+06 -1.116e+06 -4.784e+05 -1.113e+06 -1.62e+06 -1.688e+06 -1.103e+06 -1.659e+06 -1.582e+06 -1.305e+06
 -1.381e+06 -1.328e+06 -1.557e+06 -1.441e+06 -1.755e+06 -1.952e+06 -1.218e+06 -2.156e+06 -1.459e+06 -2.062e+06
 -1.52e+06 -1.675e+06 -1.85e+06 -1.63e+06 -2.05e+06 -2.569e+06 -1.243e+06 -1.875e+06 -1.256e+06 -3.21e+06
 -1.791e+06 -1.786e+06 -2.314e+06 -1.777e+06 -1.913e+06 -2.364e+06 -1.282e+06 -2.017e+06 -1.304e+06 -2.689e+06
 -1.673e+06 -1.621e+06 -2.431e+06 -1.685e+06 -1.546e+06 -1.754e+06 -7.741e+05 -1.787e+06 -1.782e+06 -1.837e+06
 -1.132e+06 -1.421e+06 -1.744e+06 -1.189e+06 -1.265e+06 -1.23e+06 -7.06e+05 -1.339e+06 -1.581e+06 -2.181e+06
 -1.154e+06 -1.11e+06 -5.98e+05 -9.024e+05 -1.066e+06 -7.778e+05 -7.738e+05 -1.212e+06 -1.069e+06 -1.947e+06
 -9.912e+05 -7.85e+05 -3.73e+05 -1.164e+06 -7.598e+05 -6.51e+05 -6.123e+05 -9.78e+05 -7.44e+05 -1.174e+06
 -6.959e+05 -5.58e+05 3.566e+05 -4.958e+05 -4.899e+05 -4.031e+05 -6.835e+05 -9.01e+05 -4.484e+05 -6.631e+05
 -7e+05 -3.55e+05 1.194e+06 -5.96e+05 -3e+05 -4.146e+05 -6.953e+05 -8.57e+05 -2.82e+05 -5e+05
 -1.968e+05 -1940 2.565e+05 -1.54e+04 -1.018e+05 1.985e+05 -5.874e+04 -3.56e+05 -2.01e+05 -1.414e+05
 0 0 1.17e+05 -1.7e+04 0 0 0 -1.17e+05 0 0
 0 0 0 0 0 0 0 0 0 0
 -1e+05 1e+05 2.07e+05 -1e+05 -2.54e+05 -1.917e+05 -2e+05 -6.9e+04 -2.383e+05 -2.54e+05
 -8.003e+05 -2.68e+05 -2.627e+05 -2.07e+05 -4.15e+05 -3.85e+05 -4.16e+05 -8.4e+05 -4.23e+05 -3.93e+05
 -9.55e+05 -8.923e+05 -1.245e+06 -2.383e+05 -7.387e+05 -1.077e+06 -3.989e+05 -1.193e+06 -5.7e+05 -6.53e+05
 -1.061e+06 -1.007e+06 -1.529e+06 -9.936e+05 -7.984e+05 -9.92e+05 -9.904e+05 -1.631e+06 -8.32e+05 -7.287e+05
 -6.604e+05 -2.974e+05 -8.444e+05 -9.999e+05 -8.984e+05 -5.684e+05 -9.914e+05 -5.364e+05 -1.183e+06 -9.834e+05
 -7.15e+05 -8.54e+05 -1.109e+06 -7.976e+05 -7.481e+05 -7.39e+05 -1.04e+06 -9.31e+05 -8.077e+05 -6.683e+05
 -3.704e+05 -4.69e+05 -8.69e+05 -7.98e+04 -4.951e+05 -1.502e+05 -2.714e+05 -9.39e+05 -3.057e+05 -4.717e+05
 -5.22e+05 -4.24e+05 -4.923e+05 -3.08e+05 -1e+05 -3.54e+05 -2.707e+05 -5.167e+05 4.62e+05 -8.257e+05
 -5e+05 -2e+05 7700 -3.46e+05 5.4e+04 -3.46e+05 -4.08e+05 -2.54e+05 -4.57e+04 -5.46e+05
 -4e+05 -1e+05 4e+05 -1e+05 -2e+05 -2e+05 -4e+05 0 -2e+05 -2e+05
 -1e+05 -2e+05 1.31e+05 -1.31e+05 -2e+05 -1e+05 -3e+05 -1.31e+05 -3e+05 -2e+05
 0 0 1e+05 -1e+05 0 0 0 -1e+05 0 0
 0 0 0 0 0 0 0 0 0 0


