# Created by Octave 5.2.0, Thu Sep 24 23:53:14 2020 CEST <jiwidi@land>
# name: w
# type: matrix
# rows: 197
# columns: 10
 -2.28e+05 -2.02e+05 -2.11e+05 -2.25e+05 -2.19e+05 -1.91e+05 -2.1e+05 -2.04e+05 -2.8e+05 -2.16e+05
 0 0 0 0 0 0 0 0 0 0
 0 0 0 0 0 0 0 0 0 0
 -2000 -2082 -6000 -3000 -5000 8000 -2000 -3918 -7000 -2000
 -5220 -1.015e+04 -1.129e+04 -7220 -6600 2680 -3220 1.17e+04 -7820 -7070
 -5230 -1.523e+04 -1540 -1.415e+04 -4920 -9230 -8460 1.8e+04 -9767 -1.562e+04
 -1.779e+04 -2.402e+04 -1.262e+04 -1.372e+04 -5750 -2.509e+04 -1.595e+04 8043 -1.37e+04 -3.456e+04
 -3.09e+04 -3.811e+04 -2.756e+04 -3.755e+04 -3.379e+04 -4.704e+04 -3.708e+04 -3.201e+04 -1.921e+04 -2.58e+04
 -5.676e+04 -5.937e+04 -5.936e+04 -5.051e+04 -6.231e+04 -6.068e+04 -5.232e+04 -6.95e+04 -4.389e+04 -1.544e+04
 -6.743e+04 -4.094e+04 -6.624e+04 -5.002e+04 -7.93e+04 -6.714e+04 -6.63e+04 -8.755e+04 -5.022e+04 -3.09e+04
 -7.136e+04 -6.042e+04 -5.847e+04 -6.42e+04 -7.881e+04 -7.315e+04 -5.937e+04 -5.894e+04 -5.858e+04 -5.281e+04
 -5.701e+04 -4.923e+04 -5.54e+04 -5.645e+04 -4.769e+04 -5.573e+04 -5.666e+04 -6.387e+04 -4.635e+04 -6.069e+04
 -3.317e+04 -1.204e+04 -3.779e+04 -2.66e+04 -2.042e+04 -1.206e+04 -2.951e+04 -1.589e+04 -4.375e+04 -4.145e+04
 -1.985e+04 -3683 -2.477e+04 -2.393e+04 -8167 1.262e+04 -2.438e+04 -1.807e+04 -2.261e+04 -1.253e+04
 -1000 0 -1000 -1000 -1000 1000 -1000 -1000 -1000 -1000
 0 0 -1240 -2480 -620 -620 0 3100 0 -3100
 -240 -1072 -1555 -4712 -1592 348 -265 4848 -1012 -1980
 -1.165e+04 -1.211e+04 -9353 -1.161e+04 -1.285e+04 1449 -1.253e+04 4953 -1.811e+04 -1.19e+04
 -2.598e+04 -3.055e+04 -2.402e+04 -1.746e+04 -2.36e+04 -1.138e+04 -2.532e+04 3459 -3.032e+04 -3.328e+04
 -6.046e+04 -7.416e+04 -5.607e+04 -4.264e+04 -4.384e+04 -4.721e+04 -7.662e+04 -3.558e+04 -5.207e+04 -8.437e+04
 -9.504e+04 -1.182e+05 -9.721e+04 -8.688e+04 -9.044e+04 -9.687e+04 -9.946e+04 -5.22e+04 -9.491e+04 -1.03e+05
 -1.125e+05 -1.451e+05 -1.15e+05 -1.043e+05 -1.248e+05 -1.252e+05 -1.221e+05 -8.392e+04 -1.232e+05 -9.77e+04
 -1.382e+05 -1.615e+05 -1.326e+05 -1.267e+05 -1.771e+05 -1.422e+05 -1.468e+05 -1.177e+05 -1.328e+05 -9.324e+04
 -1.309e+05 -1.525e+05 -1.556e+05 -1.364e+05 -1.899e+05 -1.45e+05 -1.437e+05 -1.202e+05 -1.231e+05 -9.347e+04
 -1.462e+05 -1.449e+05 -1.497e+05 -1.47e+05 -1.715e+05 -1.398e+05 -1.569e+05 -1.167e+05 -1.438e+05 -1.224e+05
 -1.219e+05 -1.204e+05 -1.193e+05 -1.341e+05 -1.119e+05 -1.151e+05 -1.29e+05 -9.165e+04 -1.19e+05 -1.297e+05
 -8.439e+04 -7.763e+04 -9.376e+04 -8.62e+04 -5.816e+04 -5.433e+04 -9.172e+04 -6.641e+04 -1.011e+05 -9.565e+04
 -4.18e+04 -2.409e+04 -4.113e+04 -2.588e+04 -2.561e+04 1.183e+04 -3.865e+04 -2.659e+04 -4.748e+04 -3.712e+04
 -6250 -4000 -9170 -1.083e+04 -7620 1.131e+04 -4660 250 -6110 -8430
 -2000 -1000 -2000 2000 0 -2000 0 0 0 -2000
 -6745 -4352 2749 -6185 -4365 -4474 -8783 681.2 -7077 -8032
 -1.607e+04 -1.758e+04 -1.375e+04 -2.014e+04 -2.091e+04 -1.568e+04 -2.197e+04 -6018 -1.267e+04 -2.299e+04
 -4.855e+04 -4.854e+04 -4.252e+04 -3.17e+04 -5.261e+04 -3.965e+04 -5.43e+04 -2.244e+04 -3.181e+04 -6.02e+04
 -9.09e+04 -1.091e+05 -7.508e+04 -8.833e+04 -8.282e+04 -9.816e+04 -1.079e+05 -8.207e+04 -9.188e+04 -8.797e+04
 -1.014e+05 -1.267e+05 -1.134e+05 -1.064e+05 -1.154e+05 -1.11e+05 -1.131e+05 -9.765e+04 -9.336e+04 -9.423e+04
 -8.733e+04 -1.062e+05 -9.402e+04 -8.053e+04 -9.813e+04 -8.882e+04 -9.186e+04 -6.23e+04 -8.053e+04 -1.038e+05
 -7.192e+04 -7.488e+04 -7.422e+04 -7.9e+04 -9.751e+04 -6.98e+04 -8.666e+04 -6.341e+04 -6.57e+04 -9.267e+04
 -5.982e+04 -7.195e+04 -8.18e+04 -8.234e+04 -1.076e+05 -7.93e+04 -9.424e+04 -6.786e+04 -9.951e+04 -1.091e+05
 -1.01e+05 -1.149e+05 -1.303e+05 -1.377e+05 -1.183e+05 -1.285e+05 -1.318e+05 -1.186e+05 -1.088e+05 -1.344e+05
 -1.127e+05 -1.306e+05 -1.204e+05 -1.28e+05 -1.029e+05 -1.376e+05 -1.417e+05 -1.039e+05 -1.175e+05 -1.345e+05
 -7.068e+04 -7.88e+04 -9.051e+04 -5.333e+04 -6.572e+04 -6.485e+04 -8.644e+04 -5.428e+04 -5.578e+04 -7.28e+04
 -3.079e+04 -2.717e+04 -3.648e+04 -7593 -3.931e+04 -1.625e+04 -3.157e+04 -2.278e+04 -1.88e+04 -2.999e+04
 -1.587e+04 -7840 -5850 -7100 -8680 3410 -7150 -3860 -880 -1.152e+04
 -1000 -1000 5000 0 -2000 -1000 -3000 0 -5000 -1000
 -2325 -2120 4444 -1131 -2760 -1271 -4545 -650.2 -5919 -1320
 -2.549e+04 -2.592e+04 -2.851e+04 -3.837e+04 -2.887e+04 -1.33e+04 -2.614e+04 -1.096e+04 -1.259e+04 -2.518e+04
 -6.502e+04 -7.248e+04 -4.396e+04 -8.441e+04 -7.614e+04 -5.468e+04 -8.257e+04 -4.835e+04 -5.89e+04 -7.06e+04
 -1.009e+05 -1.174e+05 -7.54e+04 -1.055e+05 -7.64e+04 -8.29e+04 -1.016e+05 -8.512e+04 -9.035e+04 -7.957e+04
 -7.654e+04 -9.887e+04 -6.429e+04 -9.148e+04 -6.469e+04 -6.993e+04 -7.66e+04 -6.312e+04 -7.248e+04 -7.332e+04
 -5.417e+04 -6.942e+04 -5.591e+04 -8.176e+04 -6.205e+04 -3.77e+04 -5.036e+04 -5.528e+04 -6.022e+04 -5.517e+04
 -3.048e+04 -4.828e+04 -4.682e+04 -6.694e+04 -7.163e+04 -2.296e+04 -6.155e+04 -6.52e+04 -7.332e+04 -3.988e+04
 -5.756e+04 -6.889e+04 -9.101e+04 -6.874e+04 -8.883e+04 -7.349e+04 -8.731e+04 -5.601e+04 -8.464e+04 -9.455e+04
 -1.097e+05 -1.108e+05 -1.34e+05 -1.289e+05 -1.107e+05 -1.287e+05 -1.408e+05 -1.066e+05 -1.353e+05 -1.202e+05
 -9.106e+04 -1.178e+05 -1.105e+05 -1.025e+05 -1.107e+05 -1.182e+05 -1.439e+05 -9.609e+04 -1.087e+05 -1.013e+05
 -6.252e+04 -7.143e+04 -6.348e+04 -4.782e+04 -6.596e+04 -7.555e+04 -7.995e+04 -7.096e+04 -3.789e+04 -5.527e+04
 -1.782e+04 -2.808e+04 -3.358e+04 9463 -2.623e+04 -3.29e+04 -3.211e+04 -1.999e+04 -2.213e+04 -2.875e+04
 -9420 -1.291e+04 -8030 3460 -1.051e+04 -7690 -1.565e+04 -7160 -6590 -1.174e+04
 -4000 -3000 5000 -1000 -4000 -4000 -2000 -2000 -4000 -2000
 -2892 -6351 5262 -4154 -8013 -1.01e+04 -5619 -6732 -8616 -3060
 -2.761e+04 -3.337e+04 -4.104e+04 -4.948e+04 -3.375e+04 -8584 -2.965e+04 -3.04e+04 -1.59e+04 -2.107e+04
 -7.717e+04 -9.268e+04 -7.93e+04 -1.129e+05 -8.335e+04 -5.618e+04 -8.552e+04 -8.167e+04 -7.204e+04 -4.094e+04
 -8.795e+04 -1.082e+05 -7.482e+04 -1.223e+05 -7.024e+04 -6.581e+04 -9.577e+04 -8.319e+04 -8.492e+04 -9.016e+04
 -8.389e+04 -8.287e+04 -5.813e+04 -1.052e+05 -7.082e+04 -5.206e+04 -7.9e+04 -1.026e+05 -6.706e+04 -4.967e+04
 -6.014e+04 -7.164e+04 -5.872e+04 -6.893e+04 -7.526e+04 -3.649e+04 -6.684e+04 -8.987e+04 -5.283e+04 -3.591e+04
 -7.136e+04 -6.054e+04 -6.282e+04 -5.815e+04 -8.018e+04 -5.214e+04 -6.122e+04 -9.006e+04 -5.803e+04 -2.613e+04
 -1.135e+05 -8.291e+04 -1.14e+05 -9.509e+04 -1.096e+05 -1.338e+05 -1.215e+05 -1.083e+05 -1.314e+05 -9.396e+04
 -1.138e+05 -1.221e+05 -1.318e+05 -1.072e+05 -1.167e+05 -1.588e+05 -1.47e+05 -1.253e+05 -1.19e+05 -1.176e+05
 -5.695e+04 -8.577e+04 -7.666e+04 -8.163e+04 -8.615e+04 -8.982e+04 -1.036e+05 -7.782e+04 -6.669e+04 -6.484e+04
 -1.595e+04 -4.249e+04 -4.082e+04 -2.239e+04 -3.765e+04 -5.618e+04 -5.561e+04 -3.699e+04 -3.436e+04 -3.007e+04
 5790 -1.319e+04 -5742 4294 -9056 -3.139e+04 -1.496e+04 -1.038e+04 -1.533e+04 -7648
 8000 -2900 870 -3240 -3140 -1.244e+04 -4910 -3290 -2140 -3140
 -920 -690 1150 -230 -920 -920 -460 -460 -920 -460
 -188.4 -1.182e+04 -5721 -1.413e+04 97.3 -7821 -2738 -8805 -9034 -1.478e+04
 -2.703e+04 -4.864e+04 -5.341e+04 -5.61e+04 -1.201e+04 -2.843e+04 -2.99e+04 -4.071e+04 -2.653e+04 -3.102e+04
 -5.385e+04 -7.901e+04 -8.845e+04 -7.987e+04 -4.665e+04 -4.817e+04 -7.052e+04 -9.946e+04 -7.409e+04 -3.217e+04
 -8.9e+04 -9.78e+04 -1.165e+05 -1.032e+05 -6.669e+04 -6.903e+04 -7.947e+04 -1.066e+05 -6.552e+04 -7.56e+04
 -7.845e+04 -8.405e+04 -9.784e+04 -9.19e+04 -4.761e+04 -7.172e+04 -7.376e+04 -1.097e+05 -5.367e+04 -6.963e+04
 -6.015e+04 -7.321e+04 -9.407e+04 -6.588e+04 -6.08e+04 -6.586e+04 -7.826e+04 -9.743e+04 -6.625e+04 -5.065e+04
 -1.223e+05 -9.55e+04 -1.162e+05 -9.6e+04 -1.137e+05 -1.208e+05 -1.301e+05 -1.344e+05 -1.124e+05 -8.36e+04
 -1.383e+05 -1.203e+05 -1.322e+05 -1.122e+05 -1.183e+05 -1.337e+05 -1.427e+05 -1.29e+05 -1.392e+05 -1.069e+05
 -9.677e+04 -1.002e+05 -8.934e+04 -7.532e+04 -7.914e+04 -1.033e+05 -1.054e+05 -9.776e+04 -9.973e+04 -5.78e+04
 -4.069e+04 -5.112e+04 -5.847e+04 -4.429e+04 -4.835e+04 -5.653e+04 -7.808e+04 -5.248e+04 -5.188e+04 -2.481e+04
 1231 -2.653e+04 -1.354e+04 -2.425e+04 -1.01e+04 -3.609e+04 -4.052e+04 -2.317e+04 -3.738e+04 -1.301e+04
 1.296e+04 -9026 -5457 -1.207e+04 -6897 -1.538e+04 -1.145e+04 -8938 -7610 -6002
 7901 -17 753 -1804 -787 -8424 -2787 -770 -17 -770
 930 -3150 -7530 -2230 1610 -2460 -160 -3230 -2690 -2460
 -4516 -1.733e+04 -2.251e+04 -2.244e+04 2216 -8065 -6097 -2.476e+04 -1.949e+04 -6028
 -1.223e+04 -2.814e+04 -5.138e+04 -4.562e+04 -1.699e+04 -3499 -2.775e+04 -3.968e+04 -5.135e+04 -2.83e+04
 -5.499e+04 -7.97e+04 -8.919e+04 -6.074e+04 -3.68e+04 -5.152e+04 -5.02e+04 -8.392e+04 -7.618e+04 -5.663e+04
 -7.081e+04 -9.503e+04 -1.153e+05 -9.983e+04 -6.213e+04 -5.472e+04 -9.004e+04 -1.107e+05 -9.556e+04 -9.446e+04
 -1.037e+05 -1.165e+05 -1.331e+05 -1.065e+05 -1.077e+05 -8.235e+04 -1.062e+05 -1.406e+05 -1.013e+05 -9.534e+04
 -1.384e+05 -1.219e+05 -1.254e+05 -1.067e+05 -1.221e+05 -1.036e+05 -1.46e+05 -1.429e+05 -1.208e+05 -1.139e+05
 -1.576e+05 -1.211e+05 -1.467e+05 -1.217e+05 -1.306e+05 -1.453e+05 -1.504e+05 -1.501e+05 -1.25e+05 -1.36e+05
 -1.234e+05 -8.78e+04 -1.263e+05 -9.501e+04 -9.848e+04 -1.148e+05 -1.23e+05 -1.216e+05 -9.25e+04 -1.027e+05
 -7.707e+04 -6.177e+04 -6.156e+04 -5.244e+04 -5.441e+04 -6.692e+04 -7.179e+04 -6.24e+04 -8.415e+04 -5.07e+04
 -4.141e+04 -3.606e+04 -2.289e+04 -3.58e+04 -1.949e+04 -3.381e+04 -4.919e+04 -2.912e+04 -5.545e+04 -4.079e+04
 -5166 -2.516e+04 -1.892e+04 -1.682e+04 -1.173e+04 -3.933e+04 -2.384e+04 -2.252e+04 -3.51e+04 -2.672e+04
 8989 -8906 -1.143e+04 -3248 -7632 -2.04e+04 -8520 -1.011e+04 -7448 -7844
 2690 -230 -1230 -460 -230 -460 -1230 -1000 -230 0
 -5000 -7000 -1.1e+04 -3000 9000 -6000 2000 -4000 -5000 -6000
 5456 -1.564e+04 -2.847e+04 -1.752e+04 4574 -2.406e+04 -3862 -2.357e+04 -2.231e+04 -8125
 -1.598e+04 -2.852e+04 -2.45e+04 -2.924e+04 -5537 -4.58e+04 -2.87e+04 -3.033e+04 -4.909e+04 -3.01e+04
 -4.658e+04 -5.273e+04 -5.729e+04 -5.08e+04 -3.797e+04 -4.924e+04 -4.395e+04 -5.937e+04 -7.281e+04 -5.354e+04
 -8.279e+04 -9.968e+04 -7.367e+04 -8.563e+04 -5.809e+04 -7.897e+04 -7.01e+04 -9.509e+04 -6.368e+04 -8.611e+04
 -1.004e+05 -9.446e+04 -8.836e+04 -8.351e+04 -8.781e+04 -9.233e+04 -1.018e+05 -1.084e+05 -8.305e+04 -9.968e+04
 -1.337e+05 -1.089e+05 -1.207e+05 -1.118e+05 -1.202e+05 -1.224e+05 -1.294e+05 -1.319e+05 -9.548e+04 -1.242e+05
 -1.282e+05 -1.039e+05 -1.307e+05 -1.058e+05 -1.176e+05 -1.195e+05 -1.238e+05 -1.135e+05 -1.15e+05 -1.212e+05
 -1.019e+05 -6.388e+04 -1.029e+05 -8.927e+04 -8.418e+04 -9.147e+04 -8.648e+04 -9.307e+04 -8.441e+04 -8.999e+04
 -6.178e+04 -5.272e+04 -6.37e+04 -4.759e+04 -4.245e+04 -5.289e+04 -4.73e+04 -5.953e+04 -7.326e+04 -5.422e+04
 -4.253e+04 -4.657e+04 -4.631e+04 -3.444e+04 -3.148e+04 -4.142e+04 -4.418e+04 -4.28e+04 -6.091e+04 -5.887e+04
 -3879 -2.302e+04 -4.213e+04 -1.51e+04 -1.78e+04 -2.879e+04 -8865 -2.357e+04 -3.306e+04 -3.274e+04
 1.008e+04 -1.032e+04 -2.481e+04 527.1 -6895 -2.094e+04 -1927 -9987 -6287 -7361
 1110 0 -960 0 0 0 -150 0 0 0
 3620 -5070 -1.272e+04 -2590 -690 -6993 1310 -5340 -3727 -4767
 9667 -1.748e+04 -9006 -1.804e+04 -1.677e+04 -4.009e+04 -1.124e+04 -1.611e+04 -2.465e+04 -1.953e+04
 -1156 -2.132e+04 -1.985e+04 -3.147e+04 -6364 -5.305e+04 -1.357e+04 -2.915e+04 -1.276e+04 -2.122e+04
 -3.332e+04 -5.64e+04 -3.768e+04 -8.093e+04 -3.285e+04 -7.482e+04 -2.956e+04 -5.791e+04 -3.092e+04 -5.744e+04
 -6.917e+04 -6.409e+04 -6.08e+04 -1.011e+05 -5.479e+04 -9.897e+04 -5.46e+04 -7.434e+04 -4.824e+04 -7.885e+04
 -8.757e+04 -6.953e+04 -8.855e+04 -9.257e+04 -7.073e+04 -1.111e+05 -7.63e+04 -7.691e+04 -5.125e+04 -9.27e+04
 -1.11e+05 -8.473e+04 -8.931e+04 -1.149e+05 -8.519e+04 -1.148e+05 -1.02e+05 -1.074e+05 -7.887e+04 -1.059e+05
 -1.159e+05 -9.06e+04 -7.098e+04 -1.078e+05 -7.833e+04 -9.64e+04 -8.18e+04 -9.469e+04 -9.664e+04 -1.054e+05
 -9.588e+04 -7.93e+04 -6.851e+04 -8.079e+04 -8.362e+04 -9.376e+04 -5.873e+04 -8.32e+04 -6.808e+04 -7.663e+04
 -7.224e+04 -7.212e+04 -6.212e+04 -6.221e+04 -6.499e+04 -6.85e+04 -6.757e+04 -6.365e+04 -5.608e+04 -9.557e+04
 -4.18e+04 -5.213e+04 -6.404e+04 -4.48e+04 -4.165e+04 -4.287e+04 -3.146e+04 -4.681e+04 -5.498e+04 -5.467e+04
 -1.58e+04 -2.961e+04 -4.111e+04 -1.318e+04 -4.206e+04 -2.781e+04 -2.147e+04 -3.014e+04 -4.343e+04 -4.021e+04
 -7702 -1.646e+04 -1.817e+04 -4770 -2.032e+04 -2.19e+04 -1573 -9460 -1.922e+04 -1.461e+04
 -1.033e+04 -1.063e+04 7760 -9440 -1.481e+04 -3800 -1.366e+04 -2990 -1.682e+04 -9390
 -197 -9010 -27 -1.222e+04 -1.733e+04 -4143 -5670 -3267 -1.403e+04 -1.142e+04
 -2.113e+04 -3.566e+04 -3.066e+04 -2.262e+04 -4.546e+04 -1.497e+04 -4.193e+04 -2.999e+04 -4.303e+04 -4.587e+04
 -3.137e+04 -4.76e+04 -2.44e+04 -5.367e+04 -5.402e+04 -5.454e+04 -4.739e+04 -4.576e+04 -3.109e+04 -6.673e+04
 -6.032e+04 -6.461e+04 -4.469e+04 -9.999e+04 -6.935e+04 -9.01e+04 -5.179e+04 -7.036e+04 -3.496e+04 -8.283e+04
 -7.971e+04 -6.778e+04 -6.913e+04 -1.044e+05 -7.842e+04 -1.04e+05 -5.969e+04 -7.556e+04 -5.163e+04 -9.743e+04
 -9.478e+04 -7.415e+04 -6.85e+04 -1.092e+05 -8.275e+04 -1.06e+05 -8.195e+04 -7.629e+04 -8.332e+04 -1.153e+05
 -1.08e+05 -8.357e+04 -7.732e+04 -1.149e+05 -9.02e+04 -9.237e+04 -7.075e+04 -8.099e+04 -9.677e+04 -1.06e+05
 -9.353e+04 -7.246e+04 -6.697e+04 -8.251e+04 -7.399e+04 -6.584e+04 -4.891e+04 -5.941e+04 -8.765e+04 -7.048e+04
 -6.127e+04 -8.233e+04 -5.248e+04 -6.584e+04 -5.888e+04 -6.981e+04 -5.501e+04 -6.901e+04 -7.358e+04 -6.047e+04
 -5.554e+04 -7.425e+04 -6.375e+04 -5.441e+04 -6.721e+04 -7.544e+04 -6.38e+04 -6.816e+04 -6.99e+04 -1.017e+05
 -5.116e+04 -5.671e+04 -4.185e+04 -3.123e+04 -6.827e+04 -6.394e+04 -5.158e+04 -4.945e+04 -6.67e+04 -6.525e+04
 -2.313e+04 -2.508e+04 -1.571e+04 -1.484e+04 -3.975e+04 -2.214e+04 -2.869e+04 -2.749e+04 -3.686e+04 -2.864e+04
 -1.106e+04 -1.3e+04 -1.432e+04 -2283 -2.398e+04 -8303 -1914 -1.828e+04 -2.761e+04 -1.137e+04
 -6770 -4000 -5292 -3000 -3077 2533 -857 -4000 -4231 -1000
 -1.074e+04 -1.16e+04 -6064 -3810 -1.278e+04 1.119e+04 -1.368e+04 -8062 -1.402e+04 -5930
 -3.947e+04 -4.374e+04 -4.127e+04 -2.017e+04 -5.664e+04 -1.211e+04 -4.165e+04 -4.053e+04 -3.004e+04 -4.992e+04
 -8.002e+04 -7.624e+04 -5.909e+04 -6.921e+04 -8.629e+04 -4.658e+04 -7.065e+04 -7.534e+04 -5.205e+04 -9.346e+04
 -7.76e+04 -8.669e+04 -8.673e+04 -8.727e+04 -9.942e+04 -5.718e+04 -7.878e+04 -7.516e+04 -8.007e+04 -1.023e+05
 -8.232e+04 -9.135e+04 -7.776e+04 -1.002e+05 -1.02e+05 -6.941e+04 -6.896e+04 -9.542e+04 -1.002e+05 -8.159e+04
 -9.47e+04 -7.675e+04 -8.659e+04 -9.745e+04 -8.864e+04 -9.451e+04 -6.11e+04 -8.591e+04 -1.078e+05 -8.684e+04
 -9.022e+04 -7.886e+04 -7.441e+04 -7.855e+04 -8.39e+04 -9.302e+04 -5.078e+04 -9.486e+04 -7.044e+04 -8.012e+04
 -6.197e+04 -7.347e+04 -5.075e+04 -5.496e+04 -6.548e+04 -8.493e+04 -6.306e+04 -6.829e+04 -6.767e+04 -6.277e+04
 -5.684e+04 -6.178e+04 -4.965e+04 -4.471e+04 -6.718e+04 -6.088e+04 -7.131e+04 -6.816e+04 -6.658e+04 -7.546e+04
 -6.274e+04 -7.782e+04 -5.699e+04 -4.133e+04 -6.683e+04 -7.095e+04 -4.573e+04 -6.768e+04 -5.715e+04 -9.149e+04
 -5.336e+04 -4.451e+04 -3.646e+04 -3.002e+04 -5.098e+04 -4.099e+04 -2.768e+04 -4.024e+04 -3.25e+04 -5.376e+04
 -3.081e+04 -2.007e+04 -1.662e+04 -1.69e+04 -3.563e+04 -8301 -1.874e+04 -3.172e+04 -3.117e+04 -2.54e+04
 -1.702e+04 -1.049e+04 8474 -1.517e+04 -1.869e+04 -4658 -1.125e+04 -1.846e+04 -2.761e+04 -1.18e+04
 -3000 -3770 2.031e+04 -4540 -4000 -5770 -2000 -4000 -1.8e+04 -2000
 -6370 -6300 1820 -1.281e+04 -1.133e+04 -4280 -7070 -8380 -7270 -5860
 -4.644e+04 -3.854e+04 -3.473e+04 -3.61e+04 -5.566e+04 -1.977e+04 -4.503e+04 -4.881e+04 -2.516e+04 -5.502e+04
 -7.557e+04 -7.463e+04 -5.895e+04 -7.287e+04 -8.108e+04 -7.504e+04 -7.608e+04 -8.46e+04 -9.395e+04 -9.53e+04
 -9.449e+04 -1.024e+05 -9.6e+04 -9.699e+04 -1.097e+05 -9.116e+04 -8.9e+04 -1.1e+05 -1.052e+05 -1.11e+05
 -1.124e+05 -1.04e+05 -1.028e+05 -9.469e+04 -1.114e+05 -1.047e+05 -9.062e+04 -1.016e+05 -1.213e+05 -1.184e+05
 -9.797e+04 -8.97e+04 -8.911e+04 -9.423e+04 -9.491e+04 -8.362e+04 -9.144e+04 -9.919e+04 -1.232e+05 -1.12e+05
 -8.369e+04 -8.525e+04 -8.876e+04 -1.004e+05 -1.1e+05 -8.844e+04 -8.965e+04 -1.057e+05 -7.62e+04 -1.062e+05
 -8.081e+04 -8.597e+04 -5.778e+04 -7.97e+04 -8.053e+04 -8.898e+04 -7.207e+04 -8.958e+04 -8.255e+04 -1.037e+05
 -7.934e+04 -7.787e+04 -4.462e+04 -7.495e+04 -7.476e+04 -5.461e+04 -7.04e+04 -9.022e+04 -7.413e+04 -1.015e+05
 -6.066e+04 -6.402e+04 -3.698e+04 -5.485e+04 -6.083e+04 -4.927e+04 -3.895e+04 -6.74e+04 -5.183e+04 -9.096e+04
 -4.264e+04 -3.335e+04 -9383 -3.64e+04 -3.998e+04 -3.939e+04 -2.612e+04 -4.871e+04 -3.995e+04 -4.714e+04
 -2.556e+04 -2.069e+04 1.515e+04 -2.712e+04 -2.128e+04 -1.458e+04 -2.384e+04 -3.654e+04 -3.368e+04 -2.124e+04
 -1.742e+04 -7619 7424 -6940 -9640 -140 -1.166e+04 -1.399e+04 -1.855e+04 -8730
 -1000 -1230 4070 -1000 -1690 -1460 -1690 -2230 -2610 -1000
 -4530 -4000 5480 -2410 -4150 -6530 -3000 -4000 -3480 -7000
 -4.483e+04 -1.547e+04 -2.147e+04 -3.087e+04 -4.102e+04 -2.581e+04 -4.188e+04 -4.529e+04 -3.236e+04 -4.806e+04
 -8.169e+04 -6.985e+04 -5.547e+04 -6.626e+04 -8.181e+04 -7.874e+04 -6.516e+04 -8.462e+04 -8.968e+04 -8.89e+04
 -9.941e+04 -1.087e+05 -9.597e+04 -1.034e+05 -1.132e+05 -1.173e+05 -9.297e+04 -1.243e+05 -9.655e+04 -1.197e+05
 -1.148e+05 -1.09e+05 -1.269e+05 -1.128e+05 -1.278e+05 -1.329e+05 -1.058e+05 -1.16e+05 -1.047e+05 -1.697e+05
 -1.116e+05 -1.087e+05 -1.296e+05 -1.084e+05 -1.139e+05 -1.244e+05 -9.554e+04 -1.265e+05 -8.58e+04 -1.396e+05
 -8.973e+04 -9.073e+04 -1.155e+05 -8.541e+04 -8.67e+04 -9.162e+04 -5.953e+04 -9.711e+04 -8.672e+04 -1.092e+05
 -6.605e+04 -7.787e+04 -8.676e+04 -8.035e+04 -7.292e+04 -7.605e+04 -5.172e+04 -8.271e+04 -7.469e+04 -9.525e+04
 -5.475e+04 -5.271e+04 -4.398e+04 -5.482e+04 -5.271e+04 -5.45e+04 -4.347e+04 -7.592e+04 -3.874e+04 -8.713e+04
 -4.099e+04 -2.968e+04 -2.283e+04 -4.269e+04 -3.563e+04 -3.534e+04 -3.474e+04 -5.065e+04 -3.059e+04 -4.967e+04
 -3.986e+04 -2.506e+04 6934 -3.338e+04 -2.419e+04 -1.543e+04 -2.87e+04 -3.803e+04 -3.08e+04 -2.572e+04
 -3.085e+04 -1.753e+04 3.256e+04 -2.491e+04 -1.445e+04 -1.339e+04 -2.812e+04 -2.984e+04 -2.525e+04 -1.859e+04
 -5656 -4884 1098 -3318 -7068 582.9 -8304 -1.059e+04 -1.113e+04 -5857
 -170 -620 1790 -170 -170 -790 -790 -1790 -620 -170
 0 0 0 0 0 0 0 0 0 0
 -1.169e+04 5773 -1560 -1.069e+04 -1.785e+04 -1.283e+04 -8760 -1.521e+04 -2.447e+04 -9620
 -3.924e+04 -1.16e+04 -2.785e+04 -2.204e+04 -3.236e+04 -3.237e+04 -2.585e+04 -4.087e+04 -4.26e+04 -3.001e+04
 -5.085e+04 -5.112e+04 -5.969e+04 -4.582e+04 -6.26e+04 -6.301e+04 -3.611e+04 -6.873e+04 -4.307e+04 -2.984e+04
 -5.249e+04 -5.49e+04 -6.675e+04 -5.895e+04 -6.019e+04 -5.219e+04 -5.698e+04 -8.309e+04 -4.703e+04 -4.216e+04
 -5.134e+04 -5.279e+04 -5.619e+04 -5.063e+04 -5.904e+04 -5.527e+04 -6.101e+04 -5.238e+04 -7.782e+04 -7.411e+04
 -4.08e+04 -3.841e+04 -5.595e+04 -3.636e+04 -4.757e+04 -4.733e+04 -4.921e+04 -4.095e+04 -4.682e+04 -5.222e+04
 -2.461e+04 -3.063e+04 -5.366e+04 -2.569e+04 -3.165e+04 -2.692e+04 -1.681e+04 -4.594e+04 -1.938e+04 -3.662e+04
 -2.491e+04 -1.339e+04 -1.874e+04 -1.836e+04 -1.66e+04 -1.205e+04 -2.216e+04 -3.063e+04 2066 -2.489e+04
 -2.146e+04 -7460 -6759 -1.384e+04 -5390 -7840 -1.54e+04 -9311 -9754 -1.354e+04
 -2e+04 -6000 4000 -1.1e+04 -1e+04 -1e+04 -1.2e+04 -6000 -1.2e+04 -8000
 -7770 -5690 -540 -5000 -7000 -2000 -6000 -7000 -1.169e+04 -6310
 -1000 -960 1960 -1960 -1960 -1960 -1960 -1960 -960 -1000
 0 0 0 0 0 0 0 0 0 0


