# Created by Octave 5.2.0, Thu Sep 24 23:53:16 2020 CEST <jiwidi@land>
# name: w
# type: matrix
# rows: 197
# columns: 10
 -3.5e+05 -3e+05 -3.2e+05 -3.4e+05 -3.1e+05 -2.6e+05 -3e+05 -3.1e+05 -4.6e+05 -3e+05
 0 0 0 0 0 0 0 0 0 0
 0 0 0 0 0 0 0 0 0 0
 -1e+04 0 -2e+04 0 -1e+04 1e+04 0 0 -1e+04 0
 -1.38e+04 -1.69e+04 -3.53e+04 -8400 -1.53e+04 0 -6900 3.69e+04 -1.38e+04 -1.23e+04
 -1e+04 -2.77e+04 -4600 -2.46e+04 -4600 -2e+04 -2e+04 4.85e+04 -2e+04 -2.62e+04
 -5.54e+04 -7e+04 -3.306e+04 -3.54e+04 -1.75e+04 -7.404e+04 -5.617e+04 -4600 -7.16e+04 -1.041e+05
 -7.92e+04 -7.23e+04 -3.781e+04 -8.84e+04 -8e+04 -9.54e+04 -9.77e+04 -6.979e+04 -2.16e+04 -6.39e+04
 -8.613e+04 -1.3e+05 -1.122e+05 -1.085e+05 -1.209e+05 -1.004e+05 -1.039e+05 -1.27e+05 -4.11e+04 -2.99e+04
 -1.076e+05 -9.61e+04 -1.022e+05 -9.11e+04 -1.869e+05 -1.352e+05 -1.085e+05 -1.577e+05 -5.9e+04 -6.776e+04
 -9.68e+04 -6.22e+04 -7.53e+04 -1.045e+05 -1.36e+05 -8.22e+04 -7.82e+04 -7.7e+04 -7.85e+04 -6.45e+04
 -8.7e+04 -5.03e+04 -1.007e+05 -8.39e+04 -4e+04 -6.7e+04 -7.09e+04 -1.087e+05 -4.59e+04 -1.193e+05
 -5.087e+04 9200 -6.62e+04 -6.7e+04 -2.62e+04 3.157e+04 -7.15e+04 -6100 -6.777e+04 -6.93e+04
 -3e+04 0 -3e+04 -6e+04 -6200 4.46e+04 -3.46e+04 -3.38e+04 -6e+04 -2e+04
 -1e+04 0 0 0 0 1e+04 0 0 -1e+04 0
 0 0 0 0 0 0 0 6200 0 -6200
 -1200 0 -5800 -1200 -1200 1200 -1200 1.34e+04 -1e+04 -1200
 -2.82e+04 -1.35e+04 -2.839e+04 -8200 -2.825e+04 -1594 -2.79e+04 5339 -4.301e+04 -2.829e+04
 -4.808e+04 -5.041e+04 -6.983e+04 -3.892e+04 -6.114e+04 -2.564e+04 -6.12e+04 2.599e+04 -6.619e+04 -7.418e+04
 -1.049e+05 -1.3e+05 -1.32e+05 -6.112e+04 -6.987e+04 -6.033e+04 -1.513e+05 -2.272e+04 -9.35e+04 -1.97e+05
 -1.477e+05 -1.894e+05 -1.469e+05 -1.204e+05 -1.528e+05 -1.4e+05 -1.998e+05 -6.967e+04 -1.407e+05 -1.673e+05
 -1.814e+05 -2.696e+05 -1.884e+05 -2.004e+05 -2.262e+05 -2.192e+05 -2.506e+05 -1.268e+05 -2.318e+05 -1.618e+05
 -2.163e+05 -2.715e+05 -2.034e+05 -2.198e+05 -3.335e+05 -2.694e+05 -2.29e+05 -1.703e+05 -1.983e+05 -1.356e+05
 -2.038e+05 -2.534e+05 -2.471e+05 -2.256e+05 -3.761e+05 -2.163e+05 -2.291e+05 -1.718e+05 -1.793e+05 -1.249e+05
 -2.211e+05 -2.229e+05 -2.299e+05 -2.243e+05 -2.982e+05 -1.964e+05 -2.375e+05 -1.846e+05 -1.853e+05 -1.571e+05
 -1.855e+05 -1.999e+05 -1.987e+05 -2.336e+05 -1.331e+05 -1.665e+05 -1.894e+05 -7.289e+04 -1.763e+05 -2.128e+05
 -1.362e+05 -1.176e+05 -1.635e+05 -1.33e+05 -8.698e+04 -4.971e+04 -1.635e+05 -9.955e+04 -2.023e+05 -1.818e+05
 -5.415e+04 -2.33e+04 -6.046e+04 -8530 -2.38e+04 3.963e+04 -3.873e+04 -2.871e+04 -1.058e+05 -5.388e+04
 -2.13e+04 -1700 0 -1.31e+04 -1e+04 3.61e+04 -1e+04 0 -1.67e+04 -1e+04
 0 0 0 0 0 0 0 0 0 0
 -8600 0 -2887 -8600 -8647 -1522 -1.86e+04 -4047 -2.022e+04 -8619
 -2.44e+04 -1.409e+04 -3.121e+04 -1.527e+04 -5.144e+04 -2.413e+04 -3.554e+04 -1020 -6671 -5.53e+04
 -7.953e+04 -7.757e+04 -1.05e+05 -5.071e+04 -1.164e+05 -6.1e+04 -1.193e+05 -2.953e+04 -7.507e+04 -1.313e+05
 -1.43e+05 -1.789e+05 -7.512e+04 -1.174e+05 -1.09e+05 -1.345e+05 -1.766e+05 -7.998e+04 -1.235e+05 -1.421e+05
 -1.445e+05 -2.27e+05 -1.819e+05 -1.797e+05 -1.87e+05 -1.718e+05 -2.083e+05 -1.24e+05 -1.424e+05 -1.086e+05
 -1.152e+05 -1.784e+05 -1.571e+05 -1.218e+05 -1.542e+05 -1.44e+05 -1.305e+05 -8.148e+04 -1.292e+05 -1.599e+05
 -9.673e+04 -1.061e+05 -9.988e+04 -1.038e+05 -1.745e+05 -9.869e+04 -1.224e+05 -5.963e+04 -8.739e+04 -1.497e+05
 -1.026e+05 -8.933e+04 -1.226e+05 -1.34e+05 -2.017e+05 -1.185e+05 -1.44e+05 -9.237e+04 -1.952e+05 -2.061e+05
 -1.452e+05 -1.626e+05 -1.852e+05 -1.87e+05 -1.693e+05 -1.897e+05 -2.102e+05 -1.764e+05 -1.68e+05 -2.33e+05
 -1.566e+05 -1.702e+05 -1.762e+05 -2.003e+05 -1.054e+05 -2.533e+05 -2.276e+05 -8.937e+04 -1.752e+05 -1.883e+05
 -1.317e+05 -1.641e+05 -1.625e+05 -8.318e+04 -9.633e+04 -1.093e+05 -1.609e+05 -5.929e+04 -1.21e+05 -1.729e+05
 -4.585e+04 -5.825e+04 -5.105e+04 1.198e+04 -9.44e+04 -1.193e+04 -5.304e+04 -3.825e+04 -4.16e+04 -4.29e+04
 -3.84e+04 -9900 -9900 -5300 -2.3e+04 2.92e+04 -1.53e+04 -7600 -6100 -1.22e+04
 0 0 2e+04 0 0 0 0 0 -2e+04 0
 -2910 0 1.231e+04 -3002 -3002 -1602 -3002 1598 -2e+04 1598
 -5.389e+04 -4.491e+04 -4.156e+04 -8.053e+04 -7.136e+04 -1.953e+04 -6.972e+04 498 -2.767e+04 -6.605e+04
 -1.138e+05 -1.683e+05 -7.219e+04 -1.532e+05 -1.197e+05 -8.294e+04 -1.5e+05 -4.538e+04 -1.011e+05 -1.48e+05
 -1.353e+05 -2.056e+05 -6.004e+04 -1.833e+05 -9.279e+04 -1.36e+05 -1.586e+05 -1.313e+05 -1.519e+05 -1.032e+05
 -1.214e+05 -1.78e+05 -7.512e+04 -1.675e+05 -5.688e+04 -1.088e+05 -1.341e+05 -9.166e+04 -1.225e+05 -9.677e+04
 -7.419e+04 -1.276e+05 -8.829e+04 -1.631e+05 -1.028e+05 -1.412e+04 -5.85e+04 -5.722e+04 -6.354e+04 -6.666e+04
 -2.584e+04 -8.082e+04 -8.617e+04 -1.283e+05 -1.206e+05 7594 -9.553e+04 -1.076e+05 -1.492e+05 -7.467e+04
 -6.958e+04 -5.944e+04 -1.301e+05 -9.872e+04 -1.283e+05 -9.393e+04 -1.157e+05 -4.802e+04 -1.191e+05 -1.282e+05
 -1.271e+05 -1.12e+05 -1.915e+05 -1.774e+05 -1.246e+05 -1.907e+05 -2.185e+05 -1.265e+05 -1.69e+05 -1.8e+05
 -1.188e+05 -1.944e+05 -2.011e+05 -1.458e+05 -1.719e+05 -2.016e+05 -2.702e+05 -1.173e+05 -1.669e+05 -1.388e+05
 -1.377e+05 -1.532e+05 -1.446e+05 -7.362e+04 -1.274e+05 -1.631e+05 -1.778e+05 -1.267e+05 -4.13e+04 -7.014e+04
 -1.421e+04 -4.646e+04 -4.735e+04 5.649e+04 -8.127e+04 -5.263e+04 -4.717e+04 -2.91e+04 -3.008e+04 -3.704e+04
 -4100 -2.58e+04 -1.58e+04 2e+04 -2.44e+04 -1.43e+04 -1.16e+04 -2e+04 -1.14e+04 -1.58e+04
 -1e+04 -1e+04 1e+04 0 0 0 0 0 0 0
 0 -1e+04 3.29e+04 -1.022e+04 -6616 -1.46e+04 -9808 2290 -1.839e+04 4199
 -7.151e+04 -7.861e+04 -1.033e+05 -1.329e+05 -7.181e+04 -6594 -7.789e+04 -5.99e+04 -2.961e+04 -3.774e+04
 -1.236e+05 -1.864e+05 -1.524e+05 -2.644e+05 -1.71e+05 -8.813e+04 -1.883e+05 -1.605e+05 -9.428e+04 -5.787e+04
 -1.521e+05 -1.877e+05 -9.483e+04 -2.557e+05 -7.664e+04 -1.062e+05 -1.706e+05 -1.428e+05 -1.215e+05 -1.237e+05
 -1.57e+05 -1.426e+05 -9.24e+04 -1.875e+05 -1.295e+05 -4.679e+04 -1.233e+05 -1.711e+05 -8.646e+04 -6.961e+04
 -1.098e+05 -1.145e+05 -1.009e+05 -1.233e+05 -1.391e+05 -8928 -7.508e+04 -1.657e+05 -7.078e+04 -3.4e+04
 -9.078e+04 -8.481e+04 -1.033e+05 -5.299e+04 -1.502e+05 -8.119e+04 -6.427e+04 -1.594e+05 -5.794e+04 121.1
 -1.354e+05 -6.081e+04 -1.349e+05 -1.23e+05 -1.244e+05 -2.14e+05 -1.83e+05 -1.138e+05 -1.984e+05 -8.796e+04
 -1.328e+05 -1.53e+05 -1.866e+05 -1.458e+05 -1.305e+05 -2.853e+05 -2.315e+05 -1.449e+05 -1.933e+05 -1.436e+05
 -1.123e+05 -1.551e+05 -1.058e+05 -1.326e+05 -1.276e+05 -1.982e+05 -1.861e+05 -1.145e+05 -1.044e+05 -1.025e+05
 -3.82e+04 -8.646e+04 -7.425e+04 -2.721e+04 -7.805e+04 -1.33e+05 -1.429e+05 -8.165e+04 -6.619e+04 -4.094e+04
 2.501e+04 -4.009e+04 -2.03e+04 -5534 -3.933e+04 -6.549e+04 -3.199e+04 -4.009e+04 -3.572e+04 -2.009e+04
 2.84e+04 -1.29e+04 -2900 -7000 -1500 -3.99e+04 -9900 -1.29e+04 -3000 -1500
 -2300 -2300 2300 0 0 0 0 0 0 0
 9980 -2.008e+04 2120 -1.982e+04 1.231e+04 -7685 -1.237e+04 -1.428e+04 -2475 -2.578e+04
 -6.39e+04 -8.01e+04 -1.186e+05 -1.477e+05 -2.284e+04 -3.226e+04 -6.8e+04 -1.138e+05 -4.924e+04 -1.973e+04
 -1.152e+05 -1.665e+05 -2.125e+05 -1.873e+05 -7.941e+04 -1.059e+05 -1.42e+05 -2.266e+05 -1.61e+05 -4.138e+04
 -1.095e+05 -1.406e+05 -2.142e+05 -1.722e+05 -6.415e+04 -5.942e+04 -1.133e+05 -1.916e+05 -3.506e+04 -1.059e+05
 -1.028e+05 -1.258e+05 -1.46e+05 -1.46e+05 -5.649e+04 -8.007e+04 -1.065e+05 -1.681e+05 -7.208e+04 -7.222e+04
 -5.788e+04 -1.074e+05 -1.392e+05 -9.666e+04 -1.079e+05 -9.613e+04 -1.266e+05 -1.766e+05 -1.214e+05 -2.073e+04
 -1.462e+05 -1.116e+05 -1.426e+05 -9.888e+04 -1.698e+05 -2.054e+05 -2.021e+05 -1.826e+05 -1.485e+05 -6.096e+04
 -2.187e+05 -1.102e+05 -1.727e+05 -1.31e+05 -1.572e+05 -2.078e+05 -2.314e+05 -1.646e+05 -1.888e+05 -7.859e+04
 -1.99e+05 -1.456e+05 -1.585e+05 -1.152e+05 -1.113e+05 -1.981e+05 -1.735e+05 -1.552e+05 -1.868e+05 -5.378e+04
 -9.308e+04 -1.182e+05 -8.385e+04 -6.967e+04 -8.275e+04 -9.927e+04 -1.862e+05 -7.863e+04 -1.179e+05 -6.577e+04
 -1820 -7.67e+04 -1.332e+04 -6.099e+04 -2.589e+04 -5.889e+04 -1.02e+05 -5.394e+04 -8.36e+04 -5.193e+04
 3.834e+04 -3.006e+04 -1.855e+04 -3.022e+04 -1.036e+04 -4.986e+04 -2.006e+04 -3.006e+04 -9849 -2.006e+04
 1.787e+04 0 0 -7700 0 -1.787e+04 0 0 0 0
 2e+04 -1e+04 -2e+04 0 2300 -1e+04 -1e+04 -1e+04 -2300 0
 1.645e+04 -1.871e+04 -4.691e+04 -2.697e+04 1.809e+04 6650 2030 -4.021e+04 -3.097e+04 9990
 -2.641e+04 -7.12e+04 -1.168e+05 -1.284e+05 -3.213e+04 5683 -4.272e+04 -1.027e+05 -1.149e+05 -2.672e+04
 -8.854e+04 -1.257e+05 -1.728e+05 -1.07e+05 -6.091e+04 -7.981e+04 -6.699e+04 -1.834e+05 -1.022e+05 -6.76e+04
 -7.471e+04 -1.332e+05 -2.029e+05 -1.273e+05 -7.61e+04 -3.187e+04 -1.296e+05 -1.774e+05 -1.404e+05 -1.25e+05
 -1.361e+05 -1.402e+05 -2.25e+05 -1.416e+05 -1.341e+05 -7.27e+04 -1.227e+05 -2.548e+05 -1.549e+05 -1.242e+05
 -1.974e+05 -1.465e+05 -1.845e+05 -1.325e+05 -1.849e+05 -1.219e+05 -1.837e+05 -2.112e+05 -1.525e+05 -9.756e+04
 -2.721e+05 -1.383e+05 -2.257e+05 -1.293e+05 -1.646e+05 -1.666e+05 -2.127e+05 -2.128e+05 -1.472e+05 -1.933e+05
 -2.202e+05 -8.327e+04 -1.745e+05 -1.082e+05 -1.18e+05 -1.693e+05 -1.756e+05 -1.434e+05 -9.665e+04 -1.342e+05
 -1.615e+05 -1.083e+05 -1.169e+05 -4.752e+04 -1.137e+05 -1.112e+05 -1.244e+05 -7.411e+04 -1.542e+05 -4.657e+04
 -7.952e+04 -9.31e+04 -3.356e+04 -4.937e+04 -3.505e+04 -4.664e+04 -1.329e+05 -3.387e+04 -1.557e+05 -7.009e+04
 -7325 -6.362e+04 -2.028e+04 -1.414e+04 -8492 -6.484e+04 -5.792e+04 -4.132e+04 -8.946e+04 -7.012e+04
 5.259e+04 -2.99e+04 -3.23e+04 -1e+04 -1e+04 -7.079e+04 -2.04e+04 -2.99e+04 -1e+04 -2e+04
 2300 0 0 0 0 -2300 0 0 0 0
 2e+04 -1e+04 -3e+04 0 2e+04 -2e+04 0 -1e+04 -1e+04 -1e+04
 4.173e+04 -4.04e+04 -5.609e+04 -5.605e+04 2.565e+04 -8.186e+04 -1.344e+04 -4.898e+04 -5.93e+04 -3.27e+04
 -8409 -5.61e+04 -4.377e+04 -8.654e+04 -1.281e+04 -1.138e+05 -3.24e+04 -5.944e+04 -8.231e+04 -6.152e+04
 -4.369e+04 -7.189e+04 -7.743e+04 -8.499e+04 -5.39e+04 -7.801e+04 -4.925e+04 -8.279e+04 -1.096e+05 -7.159e+04
 -1.07e+05 -1.73e+05 -1.07e+05 -1.211e+05 -1.033e+05 -1.221e+05 -1.026e+05 -1.711e+05 -1e+05 -1.461e+05
 -1.526e+05 -1.416e+05 -1.122e+05 -1.361e+05 -1.023e+05 -1.134e+05 -1.676e+05 -1.515e+05 -8.781e+04 -1.593e+05
 -2.28e+05 -1.63e+05 -1.833e+05 -1.593e+05 -1.122e+05 -1.508e+05 -1.772e+05 -1.805e+05 -7.494e+04 -1.972e+05
 -1.872e+05 -1.029e+05 -1.852e+05 -1.29e+05 -1.376e+05 -1.406e+05 -1.754e+05 -1.243e+05 -1.066e+05 -1.942e+05
 -2.044e+05 -6.42e+04 -1.458e+05 -1.111e+05 -1.233e+05 -1.043e+05 -9.783e+04 -1.277e+05 -9.546e+04 -1.306e+05
 -1.167e+05 -6.943e+04 -1.292e+05 -8.028e+04 -4.13e+04 -8.823e+04 -5.605e+04 -1.011e+05 -1.57e+05 -8.097e+04
 -8.67e+04 -9e+04 -9.546e+04 -3.61e+04 -5.821e+04 -7.88e+04 -8.999e+04 -6.418e+04 -1.537e+05 -1.088e+05
 -8240 -7.56e+04 -9.805e+04 -2.162e+04 -3.902e+04 -6.686e+04 -3.632e+04 -5.453e+04 -1.068e+05 -7.4e+04
 4.252e+04 -2.998e+04 -4.929e+04 1720 -9580 -7.436e+04 -7941 -2.978e+04 -9780 -1.978e+04
 4800 0 -4800 0 0 0 0 0 0 0
 1.31e+04 -2.38e+04 -4.457e+04 1.38e+04 3100 -1.923e+04 0 -2.38e+04 -1.38e+04 -1.767e+04
 1.327e+04 -5.27e+04 -1.43e+04 -6.321e+04 -3.607e+04 -9.539e+04 -5.33e+04 -4.08e+04 -5.254e+04 -5.033e+04
 2.229e+04 -4.924e+04 -5.788e+04 -8.257e+04 -1.272e+04 -1.376e+05 -8197 -6.861e+04 -2.959e+04 -5.699e+04
 -4.278e+04 -9.228e+04 -4.309e+04 -1.671e+05 -4.392e+04 -1.62e+05 -1.701e+04 -9.715e+04 -2.62e+04 -1.124e+05
 -1.108e+05 -1.263e+05 -4.428e+04 -1.987e+05 -7.718e+04 -1.891e+05 -4.248e+04 -1.27e+05 -5.299e+04 -1.512e+05
 -1.431e+05 -9.655e+04 -1.203e+05 -1.563e+05 -8.147e+04 -1.958e+05 -1.009e+05 -1.252e+05 -6.786e+04 -1.13e+05
 -1.601e+05 -8.902e+04 -9.782e+04 -1.672e+05 -7.034e+04 -2.056e+05 -1.171e+05 -1.298e+05 -7.197e+04 -1.519e+05
 -2.172e+05 -1.115e+05 -9.147e+04 -1.726e+05 -8.872e+04 -1.544e+05 -9.431e+04 -1.021e+05 -1.332e+05 -1.524e+05
 -2.048e+05 -1.269e+05 -6.697e+04 -1.55e+05 -1.673e+05 -1.674e+05 -4.824e+04 -1.369e+05 -1.045e+05 -1.209e+05
 -8.783e+04 -1.039e+05 -7.378e+04 -9.095e+04 -9.492e+04 -6.584e+04 -9.125e+04 -8.437e+04 -1.057e+05 -1.797e+05
 -7.902e+04 -1.087e+05 -1.456e+05 -6.747e+04 -8.72e+04 -8.06e+04 -8.197e+04 -1.197e+05 -1.183e+05 -1.271e+05
 -4.504e+04 -8.14e+04 -9.924e+04 -1.01e+04 -1.03e+05 -9.912e+04 -6.104e+04 -7.916e+04 -1.367e+05 -9.9e+04
 -1.958e+04 -3.23e+04 -1.018e+04 3625 -2.008e+04 -6.362e+04 -7475 -1.378e+04 -1.93e+04 -2.008e+04
 -1.22e+04 -2.22e+04 2.2e+04 -1.99e+04 -2.97e+04 -1.98e+04 -9800 -1e+04 -2.99e+04 -1.99e+04
 9000 -1.52e+04 -1.12e+04 -3.05e+04 -4.17e+04 -1.1e+04 -2.34e+04 -8500 -2.1e+04 -2.52e+04
 -1.485e+04 -7.573e+04 -6.721e+04 -5.76e+04 -7.713e+04 -4.112e+04 -8.264e+04 -6.053e+04 -9.461e+04 -6.443e+04
 -5.098e+04 -9.092e+04 -1.94e+04 -1.393e+05 -9.94e+04 -1.111e+05 -8.071e+04 -9.372e+04 -7.045e+04 -1.121e+05
 -1.128e+05 -1.128e+05 -4.591e+04 -1.707e+05 -1.259e+05 -1.48e+05 -5.665e+04 -1.256e+05 -1.614e+04 -1.682e+05
 -1.455e+05 -9.909e+04 -1.045e+05 -2.278e+05 -1.515e+05 -1.879e+05 -8.335e+04 -1.414e+05 -8.281e+04 -1.812e+05
 -1.898e+05 -1.223e+05 -6.753e+04 -2.029e+05 -9.27e+04 -2.034e+05 -1.425e+05 -1.091e+05 -1.155e+05 -2.031e+05
 -1.869e+05 -8.411e+04 -6.487e+04 -1.596e+05 -1.225e+05 -1.219e+05 -7.72e+04 -7.368e+04 -1.556e+05 -1.278e+05
 -1.836e+05 -1.182e+05 -1.012e+05 -1.786e+05 -9.726e+04 -8.993e+04 -5.652e+04 -7.856e+04 -1.456e+05 -1.042e+05
 -7.828e+04 -1.448e+05 -7.665e+04 -1.279e+05 -9.509e+04 -8.892e+04 -5.832e+04 -1.186e+05 -1.361e+05 -7.309e+04
 -6.643e+04 -1.406e+05 -8.907e+04 -8.148e+04 -1.196e+05 -8.201e+04 -1.304e+05 -8.673e+04 -1.166e+05 -1.84e+05
 -8.04e+04 -1.121e+05 -6.982e+04 -5.609e+04 -1.502e+05 -1.055e+05 -8.762e+04 -1.09e+05 -1.243e+05 -1.302e+05
 -6.491e+04 -6.475e+04 -2.812e+04 -2.855e+04 -8.522e+04 -4.003e+04 -5.638e+04 -7.903e+04 -1.033e+05 -6.145e+04
 -1.169e+04 -2.867e+04 -5780 -5970 -2.017e+04 -1.694e+04 -4300 -3.017e+04 -4.893e+04 -1.017e+04
 -1e+04 -1e+04 -6930 -1e+04 -770 2300 6930 -2e+04 -770 -1e+04
 6700 -1.85e+04 -1.296e+04 -1.84e+04 -3.23e+04 1.62e+04 -8200 -1.864e+04 -1.33e+04 -1.15e+04
 -5.951e+04 -1.043e+05 -7.499e+04 -5.696e+04 -1.276e+05 700 -9.343e+04 -7.764e+04 -4.559e+04 -1.019e+05
 -1.448e+05 -1.405e+05 -9.324e+04 -1.377e+05 -1.874e+05 -8.514e+04 -1.266e+05 -1.626e+05 -7.382e+04 -1.77e+05
 -1.471e+05 -1.544e+05 -1.463e+05 -1.897e+05 -1.647e+05 -9.626e+04 -1.078e+05 -1.55e+05 -1.205e+05 -1.831e+05
 -1.412e+05 -1.531e+05 -1.67e+05 -1.951e+05 -1.68e+05 -1.015e+05 -8.446e+04 -1.593e+05 -1.996e+05 -1.354e+05
 -1.688e+05 -1.247e+05 -1.302e+05 -1.17e+05 -1.155e+05 -1.504e+05 -5.154e+04 -1.177e+05 -1.808e+05 -9.892e+04
 -1.547e+05 -1.12e+05 -9.429e+04 -1.042e+05 -9.626e+04 -1.55e+05 -9060 -9.28e+04 -7.613e+04 -1.116e+05
 -6.697e+04 -1.067e+05 -5.657e+04 -1.09e+05 -8.444e+04 -1.5e+05 -7.544e+04 -9.944e+04 -1.083e+05 -6.872e+04
 -7.126e+04 -1.113e+05 -8.816e+04 -2.461e+04 -9.762e+04 -6.545e+04 -1.173e+05 -1.038e+05 -1.015e+05 -1.364e+05
 -1.171e+05 -1.708e+05 -9.14e+04 -6.809e+04 -1.371e+05 -1.298e+05 -7.617e+04 -1.108e+05 -1.025e+05 -1.865e+05
 -9.399e+04 -1.02e+05 -9.229e+04 -3.349e+04 -1.108e+05 -7.439e+04 -3.491e+04 -8.097e+04 -5.482e+04 -1.102e+05
 -6.753e+04 -3.02e+04 -3.33e+04 -4.206e+04 -8.29e+04 -2.726e+04 -4.394e+04 -7.69e+04 -5.41e+04 -5.02e+04
 -3.392e+04 -9923 4.002e+04 -2.981e+04 -4.01e+04 -9850 -3.554e+04 -3.963e+04 -5.978e+04 -1.99e+04
 -1e+04 0 7e+04 -1e+04 -2e+04 -1e+04 -2e+04 0 -4e+04 0
 -2.37e+04 0 1.06e+04 7600 -3.32e+04 2.84e+04 5400 -1.15e+04 -1.28e+04 0
 -8.299e+04 -6.634e+04 -6.216e+04 -3.019e+04 -1.316e+05 -1.127e+04 -8.055e+04 -9.176e+04 -2.7e+04 -9.797e+04
 -1.458e+05 -1.352e+05 -7.645e+04 -1.443e+05 -1.756e+05 -1.133e+05 -1.348e+05 -1.643e+05 -1.685e+05 -1.863e+05
 -1.686e+05 -1.594e+05 -1.291e+05 -1.536e+05 -1.916e+05 -1.579e+05 -1.056e+05 -2.054e+05 -1.683e+05 -1.965e+05
 -1.318e+05 -1.624e+05 -1.449e+05 -8.286e+04 -1.599e+05 -1.386e+05 -8.513e+04 -1.729e+05 -2.089e+05 -1.886e+05
 -1.538e+05 -1.37e+05 -1.503e+05 -1.156e+05 -1.437e+05 -1.09e+05 -1.017e+05 -1.68e+05 -2.509e+05 -1.551e+05
 -1.234e+05 -1.426e+05 -1.539e+05 -1.705e+05 -1.98e+05 -1.274e+05 -1.249e+05 -1.98e+05 -8.644e+04 -1.883e+05
 -1.172e+05 -1.406e+05 -6.331e+04 -1.278e+05 -1.289e+05 -1.839e+05 -1.136e+05 -1.846e+05 -1.362e+05 -1.827e+05
 -1.541e+05 -1.547e+05 -7.283e+04 -1.162e+05 -1.413e+05 -8.3e+04 -1.06e+05 -1.822e+05 -1.348e+05 -2.293e+05
 -1.113e+05 -1.422e+05 -3.57e+04 -1.322e+05 -1.289e+05 -8.875e+04 -6.939e+04 -1.468e+05 -1.268e+05 -2.128e+05
 -9.63e+04 -8.701e+04 -4000 -8.609e+04 -8.96e+04 -8.581e+04 -7.636e+04 -1.076e+05 -9.955e+04 -1.084e+05
 -6.757e+04 -4e+04 3.159e+04 -7.866e+04 -5.237e+04 -3.084e+04 -7.226e+04 -7.74e+04 -6.028e+04 -5.56e+04
 -3.74e+04 -6300 4.4e+04 -7400 -1.11e+04 -1.03e+04 -1.42e+04 -2.28e+04 -3.37e+04 -1.74e+04
 -1e+04 0 1.46e+04 0 -4600 0 -4600 0 -4600 0
 0 0 2.08e+04 -7700 -4600 -6900 0 0 -6200 0
 -7.74e+04 1.437e+04 -4.263e+04 -5.281e+04 -6.381e+04 -2.394e+04 -4.75e+04 -7.128e+04 -4.148e+04 -7.954e+04
 -1.28e+05 -1.22e+05 -8.324e+04 -1.363e+05 -1.333e+05 -1.239e+05 -1.552e+05 -1.551e+05 -1.79e+05 -1.539e+05
 -1.136e+05 -1.563e+05 -1.569e+05 -1.469e+05 -1.645e+05 -1.635e+05 -1.477e+05 -1.91e+05 -1.142e+05 -2.086e+05
 -1.585e+05 -1.748e+05 -2.005e+05 -1.49e+05 -1.819e+05 -2.061e+05 -1.33e+05 -1.793e+05 -1.378e+05 -2.651e+05
 -1.957e+05 -1.743e+05 -2.083e+05 -1.711e+05 -1.832e+05 -2.001e+05 -1.373e+05 -2.217e+05 -8.4e+04 -2.603e+05
 -1.549e+05 -1.549e+05 -2.294e+05 -1.601e+05 -1.517e+05 -1.602e+05 -6.849e+04 -1.853e+05 -1.381e+05 -2.001e+05
 -1.102e+05 -1.399e+05 -1.601e+05 -1.289e+05 -1.171e+05 -1.074e+05 -4.42e+04 -1.759e+05 -1.156e+05 -1.809e+05
 -1.116e+05 -1.088e+05 -7.92e+04 -1.074e+05 -9.673e+04 -1.182e+05 -8.179e+04 -1.771e+05 -9.076e+04 -2.097e+05
 -8.18e+04 -6.87e+04 -4.978e+04 -9.81e+04 -6.693e+04 -6.515e+04 -8.477e+04 -1.094e+05 -7.505e+04 -1.172e+05
 -7.899e+04 -5.12e+04 4.295e+04 -9.072e+04 -6.538e+04 -5.531e+04 -8.625e+04 -7.49e+04 -5.767e+04 -6.261e+04
 -7e+04 -3e+04 1.128e+05 -6e+04 -5e+04 -5.555e+04 -7.327e+04 -4.59e+04 -4.41e+04 -4e+04
 -1.986e+04 -97 1.125e+04 -140 -1.004e+04 -1151 -5820 -1.014e+04 -1.01e+04 -5543
 0 0 0 0 0 0 0 0 0 0
 0 0 0 0 0 0 0 0 0 0
 -2e+04 4.69e+04 -3100 -3e+04 -1.54e+04 5400 0 -1.07e+04 -6.62e+04 -2e+04
 -7.463e+04 -1.84e+04 -5.307e+04 -3.687e+04 -6.38e+04 -4.387e+04 -5.467e+04 -6.54e+04 -1.062e+05 -4.61e+04
 -1.076e+05 -5.683e+04 -1.093e+05 -1.774e+04 -1.093e+05 -1.132e+05 -5.679e+04 -1.032e+05 -5.88e+04 -3.61e+04
 -8.06e+04 -9.067e+04 -1.238e+05 -8.406e+04 -8.674e+04 -1.269e+05 -7.534e+04 -1.485e+05 -2.927e+04 -2.91e+04
 -3.914e+04 -5.674e+04 -7.444e+04 -1.108e+05 -8.674e+04 -7.604e+04 -8.444e+04 -6.444e+04 -7.371e+04 -9.374e+04
 -3.77e+04 -7.62e+04 -7.997e+04 -5.363e+04 -5.484e+04 -7.5e+04 -7.747e+04 -6.93e+04 -4.62e+04 -5.603e+04
 -2.23e+04 -3.23e+04 -7.77e+04 -2.481e+04 -3.724e+04 -1.352e+04 2860 -7.08e+04 -500 -6.783e+04
 -4.69e+04 -1.62e+04 -3.976e+04 -2.23e+04 -2.92e+04 -2.344e+04 -1.937e+04 -8e+04 2.78e+04 -4.337e+04
 -4.46e+04 -1.46e+04 -9230 -3.46e+04 -4600 -3.46e+04 -4.08e+04 -1.54e+04 -2.917e+04 -3.46e+04
 -3e+04 -1e+04 1e+04 -1e+04 -2e+04 -2e+04 -2e+04 2e+04 -4e+04 -1e+04
 -2e+04 -2e+04 3e+04 -3e+04 -3e+04 -2e+04 -2e+04 -1e+04 -3e+04 -1e+04
 0 0 0 0 0 0 0 0 0 0
 0 0 0 0 0 0 0 0 0 0


