# Created by Octave 5.2.0, Thu Sep 24 23:53:11 2020 CEST <jiwidi@land>
# name: w
# type: matrix
# rows: 197
# columns: 10
 -3.9e+04 -3e+04 -3.1e+04 -3.5e+04 -3.4e+04 -2.7e+04 -3.3e+04 -3e+04 -4.6e+04 -3.1e+04
 0 0 0 0 0 0 0 0 0 0
 0 0 0 0 0 0 0 0 0 0
 -1000 0 -2000 0 -1000 2000 0 0 -2000 0
 -1380 -1690 -2530 -1840 -1530 690 -690 4150 -3220 -1690
 -1693 -1770 540 -3460 -1460 -3000 -2000 5153 -3460 -3000
 -3540 -7480 -1153 -3000 250 -6710 -5077 1773 -1850 -8407
 -3390 -6460 -4734 -5160 -2840 -6850 -7770 -5117 1090 -6369
 -9593 -1.009e+04 -1.084e+04 -9464 -8230 -1.158e+04 -5857 -1.071e+04 -6023 457
 -9540 -8300 -9920 -4280 -1.685e+04 -1.201e+04 -8920 -1.469e+04 -2869 -5397
 -1.208e+04 -5380 -5910 -7360 -1.422e+04 -1.253e+04 -7280 -1.114e+04 -6290 -8400
 -7310 -6383 -1.183e+04 -8460 -3617 -5870 -7380 -8220 -4810 -1.155e+04
 -6770 -2140 -5240 -3930 70 2530 -8000 -1840 -6630 -7860
 -5540 460 -2000 -6080 150 5000 -4460 -2923 -6610 -2227
 0 0 0 0 0 0 0 0 0 0
 0 0 0 -620 -620 0 0 1240 0 -1240
 -120 0 -580 -120 0 120 0 2460 -1000 -1120
 -2970 -1639 -1233 -2282 -2970 840.6 -1970 3853 -5621 -4364
 -6086 -6074 -2291 -5193 -5100 -2000 -4670 1541 -6895 -7460
 -8890 -1.297e+04 -8599 -3934 -6778 -5013 -1.185e+04 228.4 -8723 -1.472e+04
 -1.464e+04 -1.998e+04 -1.086e+04 -1.037e+04 -1.449e+04 -1.264e+04 -1.722e+04 -3617 -1.491e+04 -1.319e+04
 -1.759e+04 -2.552e+04 -1.381e+04 -1.632e+04 -2.206e+04 -2.405e+04 -2.165e+04 -1.208e+04 -2.335e+04 -1.054e+04
 -2.151e+04 -2.718e+04 -1.708e+04 -1.777e+04 -3.254e+04 -2.652e+04 -2.64e+04 -1.689e+04 -1.76e+04 -8854
 -1.841e+04 -2.563e+04 -2.761e+04 -2.364e+04 -3.225e+04 -2.574e+04 -2.566e+04 -1.699e+04 -1.759e+04 -8140
 -2.087e+04 -2.41e+04 -2.439e+04 -2.462e+04 -2.836e+04 -2.424e+04 -2.569e+04 -1.789e+04 -1.964e+04 -1.624e+04
 -2.351e+04 -1.969e+04 -2.05e+04 -2.488e+04 -1.417e+04 -1.825e+04 -2.08e+04 -1.028e+04 -1.819e+04 -1.931e+04
 -1.611e+04 -1.325e+04 -1.564e+04 -1.773e+04 -7278 -7761 -1.746e+04 -9225 -1.979e+04 -1.788e+04
 -8039 -2085 -5769 -5083 -2993 7071 -8170 -2554 -1.17e+04 -7216
 -1150 0 -760 -3070 -2170 3390 -1000 2000 -1000 -2000
 0 0 0 1000 0 0 0 0 0 -1000
 -1860 -4.7 693.3 -860 -1000 -140 -1000 2445 -3009 -2850
 -2142 -2767 -335.6 -1843 -2534 -1973 -4484 -10.7 592.9 -5680
 -6613 -7500 -5761 -1222 -7487 -5284 -1.065e+04 -1405 -2732 -9984
 -1.36e+04 -1.687e+04 -9937 -8429 -1.183e+04 -1.35e+04 -1.881e+04 -8379 -1.24e+04 -1.18e+04
 -1.52e+04 -2.105e+04 -2.081e+04 -1.768e+04 -2.005e+04 -1.698e+04 -1.905e+04 -1.53e+04 -1.653e+04 -9100
 -1.198e+04 -1.68e+04 -1.373e+04 -1.308e+04 -1.836e+04 -1.511e+04 -1.616e+04 -8393 -1.535e+04 -1.452e+04
 -1.011e+04 -9909 -1.166e+04 -1.128e+04 -1.976e+04 -9442 -1.394e+04 -6340 -1.325e+04 -1.542e+04
 -4493 -9484 -1.318e+04 -1.455e+04 -1.836e+04 -1.144e+04 -1.602e+04 -7875 -2.148e+04 -1.807e+04
 -1.168e+04 -1.459e+04 -1.61e+04 -2.39e+04 -1.512e+04 -1.864e+04 -2.136e+04 -1.526e+04 -1.714e+04 -2.019e+04
 -1.657e+04 -1.664e+04 -1.788e+04 -1.62e+04 -1.35e+04 -2.153e+04 -2.004e+04 -1.098e+04 -1.503e+04 -1.968e+04
 -1.355e+04 -1.311e+04 -1.798e+04 -8244 -1.29e+04 -1.15e+04 -1.788e+04 -8813 -1.104e+04 -1.587e+04
 -7245 -5815 -7288 -252 -6935 852 -9200 -3900 -6097 -7400
 -3910 -990 -1140 -450 -1220 1990 -3530 -1220 -690 -1450
 0 0 1000 0 0 0 0 0 -1000 0
 -300 0 240 60 -0.23 300 -0.23 332.5 -1002 -530
 -3389 -3499 -2188 -5286 -3349 -1578 -4969 46.5 1864 -5273
 -1.003e+04 -1.339e+04 -3464 -1.33e+04 -1.169e+04 -5838 -1.449e+04 -3239 -8125 -9094
 -1.691e+04 -1.734e+04 -8547 -1.78e+04 -9423 -8895 -1.582e+04 -1.093e+04 -1.795e+04 -1.151e+04
 -7462 -1.425e+04 -8666 -1.989e+04 -1.071e+04 -6844 -1.435e+04 -7232 -1.112e+04 -1.048e+04
 -8156 -1.27e+04 -8366 -1.485e+04 -1.058e+04 -5587 -7131 -6206 -7534 -7912
 -2328 -7594 -8563 -1.184e+04 -1.396e+04 -2046 -1.101e+04 -7515 -1.712e+04 -8334
 -3245 -8329 -1.175e+04 -7602 -1.446e+04 -9527 -1.083e+04 -8996 -1.445e+04 -1.071e+04
 -1.156e+04 -1.231e+04 -1.593e+04 -1.336e+04 -1.27e+04 -1.578e+04 -1.967e+04 -1.058e+04 -1.49e+04 -1.692e+04
 -1.094e+04 -1.973e+04 -1.904e+04 -1.361e+04 -1.834e+04 -1.975e+04 -2.536e+04 -1.408e+04 -1.667e+04 -1.645e+04
 -1.01e+04 -1.454e+04 -1.514e+04 -8102 -1.035e+04 -1.82e+04 -1.781e+04 -1.197e+04 -3266 -9438
 -1408 -6234 -8269 4451 -6111 -7151 -7626 -3496 -5885 -6602
 -2580 -1580 -580 2230 -2580 -70 -3160 -2580 -2580 -2580
 -1000 -1000 3000 0 0 -1000 0 0 -1000 -1000
 -770 -1000 4140 -21 -1002 -2479 -1461 -371 -1439 -99.25
 -5251 -8281 -7324 -9303 -9716 -1975 -5789 -6611 -1830 -1051
 -1.527e+04 -1.694e+04 -1.591e+04 -2.498e+04 -1.335e+04 -3973 -1.614e+04 -1.535e+04 -1.331e+04 -5370
 -1.406e+04 -1.546e+04 -6086 -2.48e+04 -7280 -6338 -1.694e+04 -1.477e+04 -1.455e+04 -9970
 -1.279e+04 -1.452e+04 -4740 -1.874e+04 -1.189e+04 -3379 -1.199e+04 -1.749e+04 -7902 -2180
 -1.223e+04 -1.294e+04 -9934 -1.264e+04 -1.504e+04 -4067 -9870 -1.75e+04 -6551 -4872
 -1.622e+04 -1.018e+04 -9214 -1.143e+04 -1.532e+04 -7211 -9368 -1.474e+04 -1.073e+04 -2753
 -1.489e+04 -8580 -1.672e+04 -1.017e+04 -1.317e+04 -1.868e+04 -1.797e+04 -1.185e+04 -2.023e+04 -7093
 -1.399e+04 -1.783e+04 -1.819e+04 -1.204e+04 -1.378e+04 -2.696e+04 -2.234e+04 -1.821e+04 -1.352e+04 -1.457e+04
 -7659 -1.464e+04 -1.431e+04 -1.352e+04 -1.224e+04 -1.867e+04 -1.848e+04 -1.441e+04 -8573 -9383
 -310 -8770 -8981 -4523 -8711 -1.29e+04 -1.432e+04 -4758 -4157 -1.069e+04
 4501 -3659 -2801 2178 -3829 -6269 -2659 -3009 -4386 -2469
 1840 -1140 710 -700 -1140 -2000 0 -1150 -150 -150
 -230 -230 690 0 0 -230 0 0 -230 -230
 1770 -2008 982.5 -988.3 -1872 -761.4 -237.8 -217.5 -2114 -2684
 -5337 -9560 -1.448e+04 -1.233e+04 -4073 -3016 -6960 -7543 -7160 -4373
 -5548 -1.586e+04 -2.063e+04 -1.947e+04 -7140 -6052 -1.477e+04 -2.129e+04 -1.452e+04 -5466
 -1.382e+04 -1.548e+04 -1.814e+04 -1.653e+04 -7406 -8516 -1.131e+04 -2.057e+04 -3500 -8918
 -1.583e+04 -1.052e+04 -1.706e+04 -1.373e+04 -6367 -7620 -1.162e+04 -1.963e+04 -5424 -8623
 -1.028e+04 -9906 -1.73e+04 -1.095e+04 -1.052e+04 -1.072e+04 -1.352e+04 -1.692e+04 -9639 -4858
 -1.883e+04 -1.112e+04 -1.463e+04 -1.175e+04 -1.706e+04 -1.657e+04 -2.152e+04 -2.018e+04 -1.916e+04 -8111
 -2.108e+04 -1.503e+04 -2.106e+04 -1.468e+04 -1.386e+04 -1.843e+04 -2.136e+04 -1.432e+04 -1.573e+04 -1.084e+04
 -1.581e+04 -1.499e+04 -1.387e+04 -9589 -1.095e+04 -1.77e+04 -1.802e+04 -1.476e+04 -1.713e+04 -1.017e+04
 -5998 -1.044e+04 -1.134e+04 -9921 -9103 -1.322e+04 -1.634e+04 -8501 -1.315e+04 -5603
 1499 -5670 -2717 -6360 -733.8 -8342 -1.001e+04 -5370 -7248 -3369
 4096 -3000 -1971 -3142 -2006 -3930 -3006 -3014 -2988 -1006
 2230 0 770 -770 0 -2230 0 -770 0 0
 770 -1000 -1230 0 -770 0 0 0 -230 0
 2150 -1021 -5161 -3027 -1080 219 -467 -2831 -4767 1598
 -1218 -7960 -1.436e+04 -1.347e+04 -5078 -814 -8583 -9043 -1.442e+04 -6770
 -7656 -1.381e+04 -1.851e+04 -9828 -3090 -6403 -6940 -1.515e+04 -1.139e+04 -1.3e+04
 -8258 -1.751e+04 -2.385e+04 -1.567e+04 -7230 -2073 -1.397e+04 -1.674e+04 -1.354e+04 -1.36e+04
 -1.525e+04 -2.29e+04 -2.294e+04 -1.587e+04 -1.574e+04 -1.082e+04 -1.661e+04 -2.407e+04 -1.409e+04 -1.337e+04
 -2.399e+04 -1.548e+04 -1.818e+04 -1.543e+04 -1.725e+04 -1.109e+04 -2.38e+04 -2.243e+04 -1.422e+04 -1.417e+04
 -2.885e+04 -1.603e+04 -2.363e+04 -1.159e+04 -1.905e+04 -1.967e+04 -2.496e+04 -1.955e+04 -1.405e+04 -1.901e+04
 -2.184e+04 -8703 -1.736e+04 -9382 -1.17e+04 -1.5e+04 -1.736e+04 -1.78e+04 -1.147e+04 -1.216e+04
 -1.395e+04 -1.307e+04 -8110 -7215 -9645 -8970 -1.388e+04 -1.137e+04 -1.854e+04 -7307
 -5374 -7262 -4470 -6804 -1005 -5956 -1.14e+04 -3728 -1.355e+04 -9171
 651.8 -4039 -2618 -3478 -571.9 -8760 -7010 -6009 -7914 -7582
 6027 -2990 -4010 -855.5 -2619 -5615 -2941 -3260 -3001 -1007
 1000 0 0 0 0 -1000 0 0 0 0
 0 -1000 -3000 0 760 -1000 1000 0 -1000 -760
 3145 -3270 -8527 -3535 -1781 -8288 -1008 -4940 -6931 -2271
 -726.3 -5856 -6160 -7159 -1990 -1.253e+04 -6246 -7010 -1.116e+04 -7644
 -5423 -8914 -8903 -6723 -5320 -6371 -7627 -1.058e+04 -1.737e+04 -9158
 -1.241e+04 -1.939e+04 -1.339e+04 -1.323e+04 -1.019e+04 -1.102e+04 -1.017e+04 -1.787e+04 -7620 -1.631e+04
 -1.846e+04 -1.277e+04 -1.152e+04 -1.374e+04 -1.425e+04 -1.056e+04 -1.802e+04 -1.894e+04 -1.082e+04 -1.537e+04
 -2.192e+04 -1.407e+04 -1.296e+04 -1.271e+04 -1.559e+04 -1.56e+04 -2.084e+04 -1.825e+04 -1.041e+04 -1.794e+04
 -1.77e+04 -1.186e+04 -1.844e+04 -9442 -1.712e+04 -1.388e+04 -1.74e+04 -1.312e+04 -1.245e+04 -1.462e+04
 -1.892e+04 -9988 -1.597e+04 -1.2e+04 -1.193e+04 -1.339e+04 -1.142e+04 -1.757e+04 -1.037e+04 -1.434e+04
 -1.266e+04 -1.233e+04 -1.116e+04 -8463 -7875 -1.136e+04 -7445 -1.21e+04 -1.483e+04 -6859
 -7673 -8910 -7863 -6645 -5018 -9440 -8654 -8257 -1.712e+04 -1.284e+04
 2816 -4956 -1.206e+04 -4636 -3592 -6980 -2166 -5563 -1.02e+04 -1.04e+04
 3891 -2978 -6937 1395 -2517 -6488 205.9 -2748 -2986 -1359
 1000 0 0 0 0 -1000 0 0 0 0
 310 -1690 -3380 1380 -1690 -923 1000 -690 -767 -767
 4458 -5023 -3225 -4186 -5145 -1.185e+04 -2492 -5666 -7179 -5029
 2937 -5999 -4921 -9746 -2757 -1.519e+04 -2816 -7089 -2805 -3123
 -3262 -9284 -4809 -1.692e+04 -5084 -1.951e+04 -3247 -9563 -3755 -9973
 -1.287e+04 -9987 -6673 -2.031e+04 -5585 -2.108e+04 -8793 -1.321e+04 -3338 -1.635e+04
 -1.416e+04 -7325 -1.012e+04 -1.359e+04 -7994 -1.849e+04 -9728 -1.248e+04 -2383 -1.4e+04
 -1.808e+04 -7942 -9657 -1.503e+04 -1.062e+04 -1.921e+04 -1.123e+04 -1.385e+04 -6038 -1.458e+04
 -2.018e+04 -1.076e+04 -8848 -2.025e+04 -9867 -1.646e+04 -1.211e+04 -1.187e+04 -1.54e+04 -1.502e+04
 -1.903e+04 -1.066e+04 -9595 -1.609e+04 -1.445e+04 -1.906e+04 -7369 -1.529e+04 -1.316e+04 -1.309e+04
 -1.275e+04 -1.284e+04 -9683 -9865 -1.312e+04 -1.477e+04 -8218 -9953 -9679 -1.928e+04
 -5942 -1.247e+04 -1.525e+04 -8700 -8846 -1.118e+04 -5037 -1.15e+04 -1.367e+04 -1.362e+04
 -5523 -6153 -1.096e+04 -2770 -1.112e+04 -6678 -2944 -8913 -1.274e+04 -1.107e+04
 -3408 -2600 -3152 1068 -2910 -6222 1980 -2785 -4510 -2218
 -3220 -2220 1660 -1990 -1980 -220 -1980 -1990 -4210 -1220
 -1430 -2100 730 -2520 -5080 -900 -920 -2520 -3770 -3100
 -1144 -7056 -7600 -1780 -1.032e+04 -4793 -8285 -7650 -1.073e+04 -7673
 -1875 -9703 -4153 -1.14e+04 -9380 -9638 -9467 -9361 -4191 -1.362e+04
 -1.087e+04 -1.462e+04 -3881 -2.022e+04 -1.315e+04 -1.809e+04 -5530 -1.23e+04 -2631 -2.019e+04
 -1.128e+04 -1.144e+04 -1.119e+04 -2.001e+04 -1.471e+04 -1.926e+04 -7268 -1.251e+04 -5888 -1.879e+04
 -1.65e+04 -9660 -9314 -2.191e+04 -1.22e+04 -1.846e+04 -1.266e+04 -1.13e+04 -9236 -1.899e+04
 -2.147e+04 -1.184e+04 -8447 -2.279e+04 -1.419e+04 -1.507e+04 -8470 -8727 -1.301e+04 -1.377e+04
 -1.76e+04 -1.107e+04 -1.329e+04 -1.892e+04 -1.041e+04 -1.306e+04 -9855 -1.057e+04 -1.427e+04 -1.426e+04
 -1.195e+04 -1.208e+04 -6676 -1.184e+04 -1.069e+04 -1.257e+04 -9557 -1.48e+04 -1.533e+04 -9486
 -5167 -1.313e+04 -7580 -9089 -1.007e+04 -9649 -1.172e+04 -8547 -9754 -2.165e+04
 -7148 -1.083e+04 -6847 -3396 -1.108e+04 -1.062e+04 -1.086e+04 -1.176e+04 -1.426e+04 -1.617e+04
 -4055 -7105 -2909 -3464 -8783 -4724 -6804 -7145 -7779 -7234
 -2079 -2017 -368 513 -2557 -1897 1141 -3327 -6020 -2017
 -3000 -1000 -2693 -1000 -1000 230 -307 -1000 -1000 0
 -1440 -1000 -966 -1000 -2440 3600 -3914 -2440 -2920 -150
 -7148 -8101 -1.133e+04 -2619 -1.322e+04 363 -1.033e+04 -1.075e+04 -5766 -1.056e+04
 -1.584e+04 -1.435e+04 -1.186e+04 -1.441e+04 -1.967e+04 -9516 -1.082e+04 -1.662e+04 -9593 -1.735e+04
 -1.253e+04 -1.409e+04 -1.913e+04 -1.62e+04 -2.046e+04 -9912 -1.046e+04 -1.421e+04 -1.313e+04 -1.887e+04
 -1.352e+04 -1.236e+04 -1.239e+04 -1.954e+04 -1.917e+04 -7878 -1.003e+04 -1.422e+04 -1.747e+04 -1.263e+04
 -1.892e+04 -1.218e+04 -1.242e+04 -2.075e+04 -1.612e+04 -1.554e+04 -3576 -1.387e+04 -1.82e+04 -1.055e+04
 -1.716e+04 -1.102e+04 -1.032e+04 -1.212e+04 -1.602e+04 -1.674e+04 -3685 -1.083e+04 -9892 -1.129e+04
 -7120 -1.172e+04 -5675 -6691 -6701 -1.714e+04 -9542 -1.369e+04 -9834 -7529
 -5514 -1.026e+04 -5682 -5854 -8419 -6616 -1.18e+04 -9082 -1.093e+04 -1.629e+04
 -1.029e+04 -1.6e+04 -8527 -4742 -1.309e+04 -1.499e+04 -8403 -1.236e+04 -1.222e+04 -1.898e+04
 -9735 -8830 -8435 -4268 -1.057e+04 -9754 -2376 -9480 -6382 -1.193e+04
 -5718 -3020 -2325 -3783 -7950 -1223 -4149 -7029 -5000 -5020
 -5743 -992.3 4282 -3796 -4570 -953.1 -3529 -3325 -6951 -2002
 -2000 0 5770 -770 -2000 -2000 -1000 0 -3000 0
 550 0 1750 -390 -1000 -1390 390 -1690 -2220 0
 -8826 -6557 -6616 -6643 -1.151e+04 1330 -7892 -8725 -3225 -1.12e+04
 -1.256e+04 -1.318e+04 -8553 -1.309e+04 -1.75e+04 -1.383e+04 -1.306e+04 -1.801e+04 -1.926e+04 -1.48e+04
 -1.697e+04 -1.648e+04 -1.518e+04 -1.267e+04 -1.879e+04 -1.695e+04 -1.352e+04 -1.908e+04 -1.879e+04 -1.769e+04
 -1.639e+04 -1.444e+04 -1.522e+04 -1.301e+04 -1.7e+04 -1.379e+04 -1.224e+04 -1.606e+04 -2.047e+04 -1.979e+04
 -1.889e+04 -1.352e+04 -1.367e+04 -1.466e+04 -1.443e+04 -1.076e+04 -1.175e+04 -1.744e+04 -2.3e+04 -1.808e+04
 -1.322e+04 -1.554e+04 -1.444e+04 -1.484e+04 -1.843e+04 -1.448e+04 -1.208e+04 -1.67e+04 -1.21e+04 -1.665e+04
 -1.024e+04 -1.542e+04 -7821 -1.196e+04 -1.192e+04 -1.577e+04 -1.112e+04 -1.54e+04 -1.49e+04 -2.013e+04
 -1.384e+04 -1.317e+04 -6681 -1.337e+04 -1.237e+04 -8814 -1.124e+04 -1.164e+04 -1.865e+04 -1.997e+04
 -1.323e+04 -1.245e+04 -6909 -9918 -1.267e+04 -1.05e+04 -6425 -1.322e+04 -1.482e+04 -1.85e+04
 -8080 -9040 115 -1.037e+04 -9620 -1.088e+04 -4931 -1.2e+04 -8326 -1.039e+04
 -5346 -3000 6810 -6504 -5540 -4536 -4812 -8150 -5396 -5240
 -5910 -630 4540 -1280 -2540 690 -2850 -4630 -4630 -2110
 -1000 0 2460 0 0 0 -460 -1000 0 0
 0 0 620 -1310 0 -690 0 -1000 380 0
 -5228 -2998 -439.2 -3365 -7185 -2821 -7841 -8340 -3205 -7605
 -1.396e+04 -1.116e+04 -4784 -1.113e+04 -1.62e+04 -1.688e+04 -1.103e+04 -1.659e+04 -1.582e+04 -1.305e+04
 -1.381e+04 -1.328e+04 -1.557e+04 -1.441e+04 -1.755e+04 -1.952e+04 -1.218e+04 -2.156e+04 -1.459e+04 -2.062e+04
 -1.52e+04 -1.675e+04 -1.85e+04 -1.63e+04 -2.05e+04 -2.569e+04 -1.243e+04 -1.875e+04 -1.256e+04 -3.21e+04
 -1.791e+04 -1.786e+04 -2.314e+04 -1.777e+04 -1.913e+04 -2.364e+04 -1.282e+04 -2.017e+04 -1.304e+04 -2.689e+04
 -1.673e+04 -1.621e+04 -2.431e+04 -1.685e+04 -1.546e+04 -1.754e+04 -7741 -1.787e+04 -1.782e+04 -1.837e+04
 -1.132e+04 -1.421e+04 -1.744e+04 -1.189e+04 -1.265e+04 -1.23e+04 -7060 -1.339e+04 -1.581e+04 -2.181e+04
 -1.154e+04 -1.11e+04 -5980 -9024 -1.066e+04 -7778 -7738 -1.212e+04 -1.069e+04 -1.947e+04
 -9912 -7850 -3730 -1.164e+04 -7598 -6510 -6123 -9780 -7440 -1.174e+04
 -6959 -5580 3566 -4958 -4899 -4031 -6835 -9010 -4484 -6631
 -7000 -3550 1.194e+04 -5960 -3000 -4146 -6953 -8570 -2820 -5000
 -1968 -19.4 2565 -154 -1018 1985 -587.4 -3560 -2010 -1414
 0 0 1170 -170 0 0 0 -1170 0 0
 0 0 0 0 0 0 0 0 0 0
 -1000 1000 2070 -1000 -2540 -1917 -2000 -690 -2383 -2540
 -8003 -2680 -2627 -2070 -4150 -3850 -4160 -8400 -4230 -3930
 -9550 -8923 -1.245e+04 -2383 -7387 -1.077e+04 -3989 -1.193e+04 -5700 -6530
 -1.061e+04 -1.007e+04 -1.529e+04 -9936 -7984 -9920 -9904 -1.631e+04 -8320 -7287
 -6604 -2974 -8444 -9999 -8984 -5684 -9914 -5364 -1.183e+04 -9834
 -7150 -8540 -1.109e+04 -7976 -7481 -7390 -1.04e+04 -9310 -8077 -6683
 -3704 -4690 -8690 -798 -4951 -1502 -2714 -9390 -3057 -4717
 -5220 -4240 -4923 -3080 -1000 -3540 -2707 -5167 4620 -8257
 -5000 -2000 77 -3460 540 -3460 -4080 -2540 -457 -5460
 -4000 -1000 4000 -1000 -2000 -2000 -4000 0 -2000 -2000
 -1000 -2000 1310 -1310 -2000 -1000 -3000 -1310 -3000 -2000
 0 0 1000 -1000 0 0 0 -1000 0 0
 0 0 0 0 0 0 0 0 0 0


