# Created by Octave 5.2.0, Thu Sep 24 23:53:17 2020 CEST <jiwidi@land>
# name: w
# type: matrix
# rows: 197
# columns: 10
 -3.9e+05 -3e+05 -3.1e+05 -3.5e+05 -3.4e+05 -2.7e+05 -3.3e+05 -3e+05 -4.6e+05 -3.1e+05
 0 0 0 0 0 0 0 0 0 0
 0 0 0 0 0 0 0 0 0 0
 -1e+04 0 -2e+04 0 -1e+04 2e+04 0 0 -2e+04 0
 -1.38e+04 -1.69e+04 -2.53e+04 -1.84e+04 -1.53e+04 6900 -6900 4.15e+04 -3.22e+04 -1.69e+04
 -1.693e+04 -1.77e+04 5400 -3.46e+04 -1.46e+04 -3e+04 -2e+04 5.153e+04 -3.46e+04 -3e+04
 -3.54e+04 -7.48e+04 -1.153e+04 -3e+04 2500 -6.71e+04 -5.077e+04 1.773e+04 -1.85e+04 -8.407e+04
 -3.39e+04 -6.46e+04 -4.734e+04 -5.16e+04 -2.84e+04 -6.85e+04 -7.77e+04 -5.117e+04 1.09e+04 -6.369e+04
 -9.593e+04 -1.009e+05 -1.084e+05 -9.464e+04 -8.23e+04 -1.158e+05 -5.857e+04 -1.071e+05 -6.023e+04 4570
 -9.54e+04 -8.3e+04 -9.92e+04 -4.28e+04 -1.685e+05 -1.201e+05 -8.92e+04 -1.469e+05 -2.869e+04 -5.397e+04
 -1.208e+05 -5.38e+04 -5.91e+04 -7.36e+04 -1.422e+05 -1.253e+05 -7.28e+04 -1.114e+05 -6.29e+04 -8.4e+04
 -7.31e+04 -6.383e+04 -1.183e+05 -8.46e+04 -3.617e+04 -5.87e+04 -7.38e+04 -8.22e+04 -4.81e+04 -1.155e+05
 -6.77e+04 -2.14e+04 -5.24e+04 -3.93e+04 700 2.53e+04 -8e+04 -1.84e+04 -6.63e+04 -7.86e+04
 -5.54e+04 4600 -2e+04 -6.08e+04 1500 5e+04 -4.46e+04 -2.923e+04 -6.61e+04 -2.227e+04
 0 0 0 0 0 0 0 0 0 0
 0 0 0 -6200 -6200 0 0 1.24e+04 0 -1.24e+04
 -1200 0 -5800 -1200 0 1200 0 2.46e+04 -1e+04 -1.12e+04
 -2.97e+04 -1.639e+04 -1.233e+04 -2.282e+04 -2.97e+04 8406 -1.97e+04 3.853e+04 -5.621e+04 -4.364e+04
 -6.086e+04 -6.074e+04 -2.291e+04 -5.193e+04 -5.1e+04 -2e+04 -4.67e+04 1.541e+04 -6.895e+04 -7.46e+04
 -8.89e+04 -1.297e+05 -8.599e+04 -3.934e+04 -6.778e+04 -5.013e+04 -1.185e+05 2284 -8.723e+04 -1.472e+05
 -1.464e+05 -1.998e+05 -1.086e+05 -1.037e+05 -1.449e+05 -1.264e+05 -1.722e+05 -3.617e+04 -1.491e+05 -1.319e+05
 -1.759e+05 -2.552e+05 -1.381e+05 -1.632e+05 -2.206e+05 -2.405e+05 -2.165e+05 -1.208e+05 -2.335e+05 -1.054e+05
 -2.151e+05 -2.718e+05 -1.708e+05 -1.777e+05 -3.254e+05 -2.652e+05 -2.64e+05 -1.689e+05 -1.76e+05 -8.854e+04
 -1.841e+05 -2.563e+05 -2.761e+05 -2.364e+05 -3.225e+05 -2.574e+05 -2.566e+05 -1.699e+05 -1.759e+05 -8.14e+04
 -2.087e+05 -2.41e+05 -2.439e+05 -2.462e+05 -2.836e+05 -2.424e+05 -2.569e+05 -1.789e+05 -1.964e+05 -1.624e+05
 -2.351e+05 -1.969e+05 -2.05e+05 -2.488e+05 -1.417e+05 -1.825e+05 -2.08e+05 -1.028e+05 -1.819e+05 -1.931e+05
 -1.611e+05 -1.325e+05 -1.564e+05 -1.773e+05 -7.278e+04 -7.761e+04 -1.746e+05 -9.225e+04 -1.979e+05 -1.788e+05
 -8.039e+04 -2.085e+04 -5.769e+04 -5.083e+04 -2.993e+04 7.071e+04 -8.17e+04 -2.554e+04 -1.17e+05 -7.216e+04
 -1.15e+04 0 -7600 -3.07e+04 -2.17e+04 3.39e+04 -1e+04 2e+04 -1e+04 -2e+04
 0 0 0 1e+04 0 0 0 0 0 -1e+04
 -1.86e+04 -47 6933 -8600 -1e+04 -1400 -1e+04 2.445e+04 -3.009e+04 -2.85e+04
 -2.142e+04 -2.767e+04 -3356 -1.843e+04 -2.534e+04 -1.973e+04 -4.484e+04 -107 5929 -5.68e+04
 -6.613e+04 -7.5e+04 -5.761e+04 -1.222e+04 -7.487e+04 -5.284e+04 -1.065e+05 -1.405e+04 -2.732e+04 -9.984e+04
 -1.36e+05 -1.687e+05 -9.937e+04 -8.429e+04 -1.183e+05 -1.35e+05 -1.881e+05 -8.379e+04 -1.24e+05 -1.18e+05
 -1.52e+05 -2.105e+05 -2.081e+05 -1.768e+05 -2.005e+05 -1.698e+05 -1.905e+05 -1.53e+05 -1.653e+05 -9.1e+04
 -1.198e+05 -1.68e+05 -1.373e+05 -1.308e+05 -1.836e+05 -1.511e+05 -1.616e+05 -8.393e+04 -1.535e+05 -1.452e+05
 -1.011e+05 -9.909e+04 -1.166e+05 -1.128e+05 -1.976e+05 -9.442e+04 -1.394e+05 -6.34e+04 -1.325e+05 -1.542e+05
 -4.493e+04 -9.484e+04 -1.318e+05 -1.455e+05 -1.836e+05 -1.144e+05 -1.602e+05 -7.875e+04 -2.148e+05 -1.807e+05
 -1.168e+05 -1.459e+05 -1.61e+05 -2.39e+05 -1.512e+05 -1.864e+05 -2.136e+05 -1.526e+05 -1.714e+05 -2.019e+05
 -1.657e+05 -1.664e+05 -1.788e+05 -1.62e+05 -1.35e+05 -2.153e+05 -2.004e+05 -1.098e+05 -1.503e+05 -1.968e+05
 -1.355e+05 -1.311e+05 -1.798e+05 -8.244e+04 -1.29e+05 -1.15e+05 -1.788e+05 -8.813e+04 -1.104e+05 -1.587e+05
 -7.245e+04 -5.815e+04 -7.288e+04 -2520 -6.935e+04 8520 -9.2e+04 -3.9e+04 -6.097e+04 -7.4e+04
 -3.91e+04 -9900 -1.14e+04 -4500 -1.22e+04 1.99e+04 -3.53e+04 -1.22e+04 -6900 -1.45e+04
 0 0 1e+04 0 0 0 0 0 -1e+04 0
 -3000 0 2400 600 -2.3 3000 -2.3 3325 -1.002e+04 -5300
 -3.389e+04 -3.499e+04 -2.188e+04 -5.286e+04 -3.349e+04 -1.578e+04 -4.969e+04 465 1.864e+04 -5.273e+04
 -1.003e+05 -1.339e+05 -3.464e+04 -1.33e+05 -1.169e+05 -5.838e+04 -1.449e+05 -3.239e+04 -8.125e+04 -9.094e+04
 -1.691e+05 -1.734e+05 -8.547e+04 -1.78e+05 -9.423e+04 -8.895e+04 -1.582e+05 -1.093e+05 -1.795e+05 -1.151e+05
 -7.462e+04 -1.425e+05 -8.666e+04 -1.989e+05 -1.071e+05 -6.844e+04 -1.435e+05 -7.232e+04 -1.112e+05 -1.048e+05
 -8.156e+04 -1.27e+05 -8.366e+04 -1.485e+05 -1.058e+05 -5.587e+04 -7.131e+04 -6.206e+04 -7.534e+04 -7.912e+04
 -2.328e+04 -7.594e+04 -8.563e+04 -1.184e+05 -1.396e+05 -2.046e+04 -1.101e+05 -7.515e+04 -1.712e+05 -8.334e+04
 -3.245e+04 -8.329e+04 -1.175e+05 -7.602e+04 -1.446e+05 -9.527e+04 -1.083e+05 -8.996e+04 -1.445e+05 -1.071e+05
 -1.156e+05 -1.231e+05 -1.593e+05 -1.336e+05 -1.27e+05 -1.578e+05 -1.967e+05 -1.058e+05 -1.49e+05 -1.692e+05
 -1.094e+05 -1.973e+05 -1.904e+05 -1.361e+05 -1.834e+05 -1.975e+05 -2.536e+05 -1.408e+05 -1.667e+05 -1.645e+05
 -1.01e+05 -1.454e+05 -1.514e+05 -8.102e+04 -1.035e+05 -1.82e+05 -1.781e+05 -1.197e+05 -3.266e+04 -9.438e+04
 -1.408e+04 -6.234e+04 -8.269e+04 4.451e+04 -6.111e+04 -7.15e+04 -7.626e+04 -3.496e+04 -5.885e+04 -6.602e+04
 -2.58e+04 -1.58e+04 -5800 2.23e+04 -2.58e+04 -700 -3.16e+04 -2.58e+04 -2.58e+04 -2.58e+04
 -1e+04 -1e+04 3e+04 0 0 -1e+04 0 0 -1e+04 -1e+04
 -7700 -1e+04 4.14e+04 -210 -1.002e+04 -2.479e+04 -1.461e+04 -3710 -1.439e+04 -992.5
 -5.251e+04 -8.281e+04 -7.324e+04 -9.303e+04 -9.716e+04 -1.975e+04 -5.789e+04 -6.611e+04 -1.83e+04 -1.051e+04
 -1.527e+05 -1.694e+05 -1.591e+05 -2.498e+05 -1.335e+05 -3.973e+04 -1.614e+05 -1.535e+05 -1.331e+05 -5.37e+04
 -1.406e+05 -1.546e+05 -6.086e+04 -2.48e+05 -7.28e+04 -6.338e+04 -1.694e+05 -1.477e+05 -1.455e+05 -9.97e+04
 -1.279e+05 -1.452e+05 -4.74e+04 -1.874e+05 -1.189e+05 -3.379e+04 -1.199e+05 -1.749e+05 -7.902e+04 -2.18e+04
 -1.223e+05 -1.294e+05 -9.934e+04 -1.264e+05 -1.504e+05 -4.067e+04 -9.87e+04 -1.75e+05 -6.551e+04 -4.872e+04
 -1.622e+05 -1.018e+05 -9.214e+04 -1.143e+05 -1.532e+05 -7.211e+04 -9.368e+04 -1.474e+05 -1.073e+05 -2.753e+04
 -1.489e+05 -8.58e+04 -1.672e+05 -1.017e+05 -1.317e+05 -1.868e+05 -1.797e+05 -1.185e+05 -2.023e+05 -7.093e+04
 -1.399e+05 -1.783e+05 -1.819e+05 -1.204e+05 -1.378e+05 -2.696e+05 -2.234e+05 -1.821e+05 -1.352e+05 -1.457e+05
 -7.659e+04 -1.464e+05 -1.431e+05 -1.352e+05 -1.224e+05 -1.867e+05 -1.848e+05 -1.441e+05 -8.573e+04 -9.383e+04
 -3100 -8.77e+04 -8.981e+04 -4.523e+04 -8.711e+04 -1.29e+05 -1.432e+05 -4.758e+04 -4.157e+04 -1.069e+05
 4.501e+04 -3.659e+04 -2.801e+04 2.178e+04 -3.829e+04 -6.269e+04 -2.659e+04 -3.009e+04 -4.386e+04 -2.469e+04
 1.84e+04 -1.14e+04 7100 -7000 -1.14e+04 -2e+04 0 -1.15e+04 -1500 -1500
 -2300 -2300 6900 0 0 -2300 0 0 -2300 -2300
 1.77e+04 -2.008e+04 9825 -9883 -1.872e+04 -7614 -2378 -2175 -2.114e+04 -2.684e+04
 -5.337e+04 -9.56e+04 -1.448e+05 -1.233e+05 -4.073e+04 -3.016e+04 -6.96e+04 -7.543e+04 -7.16e+04 -4.373e+04
 -5.548e+04 -1.586e+05 -2.063e+05 -1.947e+05 -7.14e+04 -6.052e+04 -1.477e+05 -2.129e+05 -1.452e+05 -5.466e+04
 -1.382e+05 -1.548e+05 -1.814e+05 -1.653e+05 -7.406e+04 -8.516e+04 -1.131e+05 -2.057e+05 -3.5e+04 -8.918e+04
 -1.583e+05 -1.052e+05 -1.706e+05 -1.373e+05 -6.367e+04 -7.62e+04 -1.162e+05 -1.963e+05 -5.424e+04 -8.623e+04
 -1.028e+05 -9.906e+04 -1.73e+05 -1.095e+05 -1.052e+05 -1.072e+05 -1.352e+05 -1.692e+05 -9.639e+04 -4.858e+04
 -1.883e+05 -1.112e+05 -1.463e+05 -1.175e+05 -1.706e+05 -1.657e+05 -2.152e+05 -2.018e+05 -1.916e+05 -8.111e+04
 -2.108e+05 -1.503e+05 -2.106e+05 -1.468e+05 -1.386e+05 -1.843e+05 -2.136e+05 -1.432e+05 -1.573e+05 -1.084e+05
 -1.581e+05 -1.499e+05 -1.387e+05 -9.589e+04 -1.095e+05 -1.77e+05 -1.802e+05 -1.476e+05 -1.713e+05 -1.017e+05
 -5.998e+04 -1.044e+05 -1.134e+05 -9.921e+04 -9.103e+04 -1.322e+05 -1.634e+05 -8.501e+04 -1.315e+05 -5.603e+04
 1.499e+04 -5.67e+04 -2.717e+04 -6.36e+04 -7338 -8.342e+04 -1.001e+05 -5.37e+04 -7.248e+04 -3.369e+04
 4.096e+04 -3e+04 -1.971e+04 -3.142e+04 -2.006e+04 -3.93e+04 -3.006e+04 -3.014e+04 -2.988e+04 -1.006e+04
 2.23e+04 0 7700 -7700 0 -2.23e+04 0 -7700 0 0
 7700 -1e+04 -1.23e+04 0 -7700 0 0 0 -2300 0
 2.15e+04 -1.021e+04 -5.161e+04 -3.027e+04 -1.08e+04 2190 -4670 -2.831e+04 -4.767e+04 1.598e+04
 -1.218e+04 -7.96e+04 -1.436e+05 -1.347e+05 -5.078e+04 -8140 -8.583e+04 -9.043e+04 -1.442e+05 -6.77e+04
 -7.656e+04 -1.381e+05 -1.851e+05 -9.828e+04 -3.09e+04 -6.403e+04 -6.94e+04 -1.515e+05 -1.139e+05 -1.3e+05
 -8.258e+04 -1.751e+05 -2.385e+05 -1.567e+05 -7.23e+04 -2.073e+04 -1.397e+05 -1.674e+05 -1.354e+05 -1.36e+05
 -1.525e+05 -2.29e+05 -2.294e+05 -1.587e+05 -1.574e+05 -1.082e+05 -1.661e+05 -2.407e+05 -1.409e+05 -1.337e+05
 -2.399e+05 -1.548e+05 -1.818e+05 -1.543e+05 -1.725e+05 -1.109e+05 -2.38e+05 -2.243e+05 -1.422e+05 -1.417e+05
 -2.885e+05 -1.603e+05 -2.363e+05 -1.159e+05 -1.905e+05 -1.967e+05 -2.496e+05 -1.955e+05 -1.405e+05 -1.901e+05
 -2.184e+05 -8.703e+04 -1.736e+05 -9.382e+04 -1.17e+05 -1.5e+05 -1.736e+05 -1.78e+05 -1.147e+05 -1.216e+05
 -1.395e+05 -1.307e+05 -8.11e+04 -7.215e+04 -9.645e+04 -8.97e+04 -1.388e+05 -1.137e+05 -1.854e+05 -7.307e+04
 -5.374e+04 -7.262e+04 -4.47e+04 -6.804e+04 -1.005e+04 -5.956e+04 -1.14e+05 -3.728e+04 -1.355e+05 -9.171e+04
 6518 -4.039e+04 -2.618e+04 -3.478e+04 -5719 -8.76e+04 -7.01e+04 -6.009e+04 -7.914e+04 -7.582e+04
 6.027e+04 -2.99e+04 -4.01e+04 -8555 -2.619e+04 -5.615e+04 -2.941e+04 -3.26e+04 -3.001e+04 -1.007e+04
 1e+04 0 0 0 0 -1e+04 0 0 0 0
 0 -1e+04 -3e+04 0 7600 -1e+04 1e+04 0 -1e+04 -7600
 3.145e+04 -3.27e+04 -8.527e+04 -3.535e+04 -1.781e+04 -8.288e+04 -1.008e+04 -4.94e+04 -6.931e+04 -2.271e+04
 -7263 -5.856e+04 -6.16e+04 -7.159e+04 -1.99e+04 -1.253e+05 -6.246e+04 -7.01e+04 -1.116e+05 -7.644e+04
 -5.423e+04 -8.914e+04 -8.903e+04 -6.723e+04 -5.32e+04 -6.371e+04 -7.627e+04 -1.058e+05 -1.737e+05 -9.158e+04
 -1.241e+05 -1.939e+05 -1.339e+05 -1.323e+05 -1.019e+05 -1.102e+05 -1.017e+05 -1.787e+05 -7.62e+04 -1.631e+05
 -1.846e+05 -1.277e+05 -1.152e+05 -1.374e+05 -1.425e+05 -1.056e+05 -1.802e+05 -1.894e+05 -1.082e+05 -1.537e+05
 -2.192e+05 -1.407e+05 -1.296e+05 -1.271e+05 -1.559e+05 -1.56e+05 -2.084e+05 -1.825e+05 -1.041e+05 -1.794e+05
 -1.77e+05 -1.186e+05 -1.844e+05 -9.442e+04 -1.712e+05 -1.388e+05 -1.74e+05 -1.312e+05 -1.245e+05 -1.462e+05
 -1.892e+05 -9.988e+04 -1.597e+05 -1.2e+05 -1.193e+05 -1.339e+05 -1.142e+05 -1.757e+05 -1.037e+05 -1.434e+05
 -1.266e+05 -1.233e+05 -1.116e+05 -8.463e+04 -7.875e+04 -1.136e+05 -7.445e+04 -1.21e+05 -1.483e+05 -6.859e+04
 -7.673e+04 -8.91e+04 -7.863e+04 -6.645e+04 -5.018e+04 -9.44e+04 -8.654e+04 -8.257e+04 -1.712e+05 -1.284e+05
 2.816e+04 -4.956e+04 -1.206e+05 -4.636e+04 -3.592e+04 -6.98e+04 -2.166e+04 -5.563e+04 -1.02e+05 -1.04e+05
 3.891e+04 -2.978e+04 -6.937e+04 1.395e+04 -2.517e+04 -6.488e+04 2059 -2.748e+04 -2.986e+04 -1.359e+04
 1e+04 0 0 0 0 -1e+04 0 0 0 0
 3100 -1.69e+04 -3.38e+04 1.38e+04 -1.69e+04 -9230 1e+04 -6900 -7670 -7670
 4.458e+04 -5.023e+04 -3.225e+04 -4.186e+04 -5.145e+04 -1.185e+05 -2.492e+04 -5.666e+04 -7.179e+04 -5.029e+04
 2.937e+04 -5.999e+04 -4.921e+04 -9.746e+04 -2.757e+04 -1.519e+05 -2.816e+04 -7.089e+04 -2.805e+04 -3.123e+04
 -3.262e+04 -9.284e+04 -4.809e+04 -1.692e+05 -5.084e+04 -1.951e+05 -3.247e+04 -9.563e+04 -3.755e+04 -9.973e+04
 -1.287e+05 -9.987e+04 -6.673e+04 -2.031e+05 -5.585e+04 -2.108e+05 -8.793e+04 -1.321e+05 -3.338e+04 -1.635e+05
 -1.416e+05 -7.325e+04 -1.012e+05 -1.359e+05 -7.994e+04 -1.849e+05 -9.728e+04 -1.248e+05 -2.383e+04 -1.4e+05
 -1.808e+05 -7.942e+04 -9.657e+04 -1.503e+05 -1.062e+05 -1.921e+05 -1.123e+05 -1.385e+05 -6.038e+04 -1.458e+05
 -2.018e+05 -1.076e+05 -8.848e+04 -2.025e+05 -9.867e+04 -1.646e+05 -1.211e+05 -1.187e+05 -1.54e+05 -1.502e+05
 -1.903e+05 -1.066e+05 -9.595e+04 -1.609e+05 -1.445e+05 -1.906e+05 -7.369e+04 -1.529e+05 -1.316e+05 -1.309e+05
 -1.275e+05 -1.284e+05 -9.683e+04 -9.865e+04 -1.312e+05 -1.477e+05 -8.218e+04 -9.953e+04 -9.679e+04 -1.928e+05
 -5.942e+04 -1.247e+05 -1.525e+05 -8.7e+04 -8.846e+04 -1.118e+05 -5.037e+04 -1.15e+05 -1.367e+05 -1.362e+05
 -5.523e+04 -6.153e+04 -1.096e+05 -2.77e+04 -1.112e+05 -6.678e+04 -2.944e+04 -8.913e+04 -1.274e+05 -1.107e+05
 -3.408e+04 -2.6e+04 -3.152e+04 1.068e+04 -2.91e+04 -6.222e+04 1.98e+04 -2.785e+04 -4.51e+04 -2.218e+04
 -3.22e+04 -2.22e+04 1.66e+04 -1.99e+04 -1.98e+04 -2200 -1.98e+04 -1.99e+04 -4.21e+04 -1.22e+04
 -1.43e+04 -2.1e+04 7300 -2.52e+04 -5.08e+04 -9000 -9200 -2.52e+04 -3.77e+04 -3.1e+04
 -1.144e+04 -7.056e+04 -7.6e+04 -1.78e+04 -1.032e+05 -4.793e+04 -8.285e+04 -7.65e+04 -1.073e+05 -7.673e+04
 -1.875e+04 -9.703e+04 -4.153e+04 -1.14e+05 -9.38e+04 -9.638e+04 -9.467e+04 -9.361e+04 -4.191e+04 -1.362e+05
 -1.087e+05 -1.462e+05 -3.881e+04 -2.022e+05 -1.315e+05 -1.809e+05 -5.53e+04 -1.23e+05 -2.631e+04 -2.019e+05
 -1.128e+05 -1.144e+05 -1.119e+05 -2.001e+05 -1.471e+05 -1.926e+05 -7.268e+04 -1.251e+05 -5.888e+04 -1.879e+05
 -1.65e+05 -9.66e+04 -9.314e+04 -2.191e+05 -1.22e+05 -1.846e+05 -1.266e+05 -1.13e+05 -9.236e+04 -1.899e+05
 -2.147e+05 -1.184e+05 -8.447e+04 -2.279e+05 -1.419e+05 -1.507e+05 -8.47e+04 -8.726e+04 -1.301e+05 -1.377e+05
 -1.76e+05 -1.107e+05 -1.329e+05 -1.892e+05 -1.041e+05 -1.306e+05 -9.855e+04 -1.057e+05 -1.427e+05 -1.426e+05
 -1.195e+05 -1.208e+05 -6.676e+04 -1.184e+05 -1.069e+05 -1.257e+05 -9.557e+04 -1.48e+05 -1.533e+05 -9.486e+04
 -5.167e+04 -1.313e+05 -7.58e+04 -9.089e+04 -1.007e+05 -9.649e+04 -1.172e+05 -8.547e+04 -9.754e+04 -2.165e+05
 -7.148e+04 -1.083e+05 -6.847e+04 -3.396e+04 -1.108e+05 -1.062e+05 -1.086e+05 -1.176e+05 -1.426e+05 -1.617e+05
 -4.055e+04 -7.105e+04 -2.909e+04 -3.464e+04 -8.783e+04 -4.724e+04 -6.804e+04 -7.145e+04 -7.779e+04 -7.234e+04
 -2.079e+04 -2.017e+04 -3680 5130 -2.557e+04 -1.897e+04 1.141e+04 -3.327e+04 -6.02e+04 -2.017e+04
 -3e+04 -1e+04 -2.693e+04 -1e+04 -1e+04 2300 -3070 -1e+04 -1e+04 0
 -1.44e+04 -1e+04 -9660 -1e+04 -2.44e+04 3.6e+04 -3.914e+04 -2.44e+04 -2.92e+04 -1500
 -7.148e+04 -8.101e+04 -1.133e+05 -2.619e+04 -1.322e+05 3630 -1.033e+05 -1.075e+05 -5.766e+04 -1.056e+05
 -1.584e+05 -1.435e+05 -1.186e+05 -1.441e+05 -1.967e+05 -9.516e+04 -1.082e+05 -1.662e+05 -9.593e+04 -1.735e+05
 -1.253e+05 -1.409e+05 -1.913e+05 -1.62e+05 -2.046e+05 -9.912e+04 -1.046e+05 -1.421e+05 -1.313e+05 -1.887e+05
 -1.352e+05 -1.236e+05 -1.239e+05 -1.954e+05 -1.917e+05 -7.878e+04 -1.003e+05 -1.422e+05 -1.747e+05 -1.263e+05
 -1.892e+05 -1.218e+05 -1.242e+05 -2.075e+05 -1.612e+05 -1.554e+05 -3.576e+04 -1.387e+05 -1.82e+05 -1.055e+05
 -1.716e+05 -1.102e+05 -1.032e+05 -1.212e+05 -1.602e+05 -1.674e+05 -3.685e+04 -1.083e+05 -9.892e+04 -1.129e+05
 -7.12e+04 -1.172e+05 -5.675e+04 -6.691e+04 -6.701e+04 -1.714e+05 -9.542e+04 -1.369e+05 -9.834e+04 -7.529e+04
 -5.514e+04 -1.026e+05 -5.682e+04 -5.854e+04 -8.419e+04 -6.616e+04 -1.18e+05 -9.082e+04 -1.093e+05 -1.629e+05
 -1.029e+05 -1.6e+05 -8.527e+04 -4.742e+04 -1.309e+05 -1.499e+05 -8.403e+04 -1.236e+05 -1.222e+05 -1.898e+05
 -9.735e+04 -8.83e+04 -8.435e+04 -4.268e+04 -1.057e+05 -9.754e+04 -2.376e+04 -9.48e+04 -6.382e+04 -1.193e+05
 -5.718e+04 -3.02e+04 -2.325e+04 -3.783e+04 -7.95e+04 -1.223e+04 -4.149e+04 -7.029e+04 -5e+04 -5.02e+04
 -5.743e+04 -9923 4.282e+04 -3.796e+04 -4.57e+04 -9531 -3.529e+04 -3.325e+04 -6.951e+04 -2.002e+04
 -2e+04 0 5.77e+04 -7700 -2e+04 -2e+04 -1e+04 0 -3e+04 0
 5500 0 1.75e+04 -3900 -1e+04 -1.39e+04 3900 -1.69e+04 -2.22e+04 0
 -8.826e+04 -6.557e+04 -6.616e+04 -6.643e+04 -1.151e+05 1.33e+04 -7.892e+04 -8.725e+04 -3.225e+04 -1.12e+05
 -1.256e+05 -1.318e+05 -8.553e+04 -1.309e+05 -1.75e+05 -1.383e+05 -1.306e+05 -1.801e+05 -1.926e+05 -1.48e+05
 -1.697e+05 -1.648e+05 -1.518e+05 -1.267e+05 -1.879e+05 -1.695e+05 -1.352e+05 -1.908e+05 -1.879e+05 -1.769e+05
 -1.639e+05 -1.444e+05 -1.522e+05 -1.301e+05 -1.7e+05 -1.379e+05 -1.224e+05 -1.606e+05 -2.047e+05 -1.979e+05
 -1.889e+05 -1.352e+05 -1.367e+05 -1.466e+05 -1.443e+05 -1.076e+05 -1.175e+05 -1.744e+05 -2.3e+05 -1.808e+05
 -1.322e+05 -1.554e+05 -1.444e+05 -1.484e+05 -1.843e+05 -1.448e+05 -1.208e+05 -1.67e+05 -1.21e+05 -1.665e+05
 -1.024e+05 -1.542e+05 -7.821e+04 -1.196e+05 -1.192e+05 -1.577e+05 -1.112e+05 -1.54e+05 -1.49e+05 -2.013e+05
 -1.384e+05 -1.317e+05 -6.681e+04 -1.337e+05 -1.237e+05 -8.814e+04 -1.124e+05 -1.164e+05 -1.865e+05 -1.997e+05
 -1.323e+05 -1.245e+05 -6.909e+04 -9.918e+04 -1.267e+05 -1.05e+05 -6.425e+04 -1.322e+05 -1.482e+05 -1.85e+05
 -8.08e+04 -9.04e+04 1150 -1.037e+05 -9.62e+04 -1.088e+05 -4.931e+04 -1.2e+05 -8.326e+04 -1.039e+05
 -5.346e+04 -3e+04 6.81e+04 -6.504e+04 -5.54e+04 -4.536e+04 -4.812e+04 -8.15e+04 -5.396e+04 -5.24e+04
 -5.91e+04 -6300 4.54e+04 -1.28e+04 -2.54e+04 6900 -2.85e+04 -4.63e+04 -4.63e+04 -2.11e+04
 -1e+04 0 2.46e+04 0 0 0 -4600 -1e+04 0 0
 0 0 6200 -1.31e+04 0 -6900 0 -1e+04 3800 0
 -5.228e+04 -2.998e+04 -4392 -3.365e+04 -7.185e+04 -2.821e+04 -7.841e+04 -8.34e+04 -3.205e+04 -7.605e+04
 -1.396e+05 -1.116e+05 -4.784e+04 -1.113e+05 -1.62e+05 -1.688e+05 -1.103e+05 -1.659e+05 -1.582e+05 -1.305e+05
 -1.381e+05 -1.328e+05 -1.557e+05 -1.441e+05 -1.755e+05 -1.952e+05 -1.218e+05 -2.156e+05 -1.459e+05 -2.062e+05
 -1.52e+05 -1.675e+05 -1.85e+05 -1.63e+05 -2.05e+05 -2.569e+05 -1.243e+05 -1.875e+05 -1.256e+05 -3.21e+05
 -1.791e+05 -1.786e+05 -2.314e+05 -1.777e+05 -1.913e+05 -2.364e+05 -1.282e+05 -2.017e+05 -1.304e+05 -2.689e+05
 -1.673e+05 -1.621e+05 -2.431e+05 -1.685e+05 -1.546e+05 -1.754e+05 -7.741e+04 -1.787e+05 -1.782e+05 -1.837e+05
 -1.132e+05 -1.421e+05 -1.744e+05 -1.189e+05 -1.265e+05 -1.23e+05 -7.06e+04 -1.339e+05 -1.581e+05 -2.181e+05
 -1.154e+05 -1.11e+05 -5.98e+04 -9.024e+04 -1.066e+05 -7.778e+04 -7.738e+04 -1.212e+05 -1.069e+05 -1.947e+05
 -9.912e+04 -7.85e+04 -3.73e+04 -1.164e+05 -7.598e+04 -6.51e+04 -6.123e+04 -9.78e+04 -7.44e+04 -1.174e+05
 -6.959e+04 -5.58e+04 3.566e+04 -4.958e+04 -4.899e+04 -4.031e+04 -6.835e+04 -9.01e+04 -4.484e+04 -6.631e+04
 -7e+04 -3.55e+04 1.194e+05 -5.96e+04 -3e+04 -4.146e+04 -6.953e+04 -8.57e+04 -2.82e+04 -5e+04
 -1.968e+04 -194 2.565e+04 -1540 -1.018e+04 1.985e+04 -5874 -3.56e+04 -2.01e+04 -1.414e+04
 0 0 1.17e+04 -1700 0 0 0 -1.17e+04 0 0
 0 0 0 0 0 0 0 0 0 0
 -1e+04 1e+04 2.07e+04 -1e+04 -2.54e+04 -1.917e+04 -2e+04 -6900 -2.383e+04 -2.54e+04
 -8.003e+04 -2.68e+04 -2.627e+04 -2.07e+04 -4.15e+04 -3.85e+04 -4.16e+04 -8.4e+04 -4.23e+04 -3.93e+04
 -9.55e+04 -8.923e+04 -1.245e+05 -2.383e+04 -7.387e+04 -1.077e+05 -3.989e+04 -1.193e+05 -5.7e+04 -6.53e+04
 -1.061e+05 -1.007e+05 -1.529e+05 -9.936e+04 -7.984e+04 -9.92e+04 -9.904e+04 -1.631e+05 -8.32e+04 -7.287e+04
 -6.604e+04 -2.974e+04 -8.444e+04 -9.999e+04 -8.984e+04 -5.684e+04 -9.914e+04 -5.364e+04 -1.183e+05 -9.834e+04
 -7.15e+04 -8.54e+04 -1.109e+05 -7.976e+04 -7.481e+04 -7.39e+04 -1.04e+05 -9.31e+04 -8.077e+04 -6.683e+04
 -3.704e+04 -4.69e+04 -8.69e+04 -7980 -4.951e+04 -1.502e+04 -2.714e+04 -9.39e+04 -3.057e+04 -4.717e+04
 -5.22e+04 -4.24e+04 -4.923e+04 -3.08e+04 -1e+04 -3.54e+04 -2.707e+04 -5.167e+04 4.62e+04 -8.257e+04
 -5e+04 -2e+04 770 -3.46e+04 5400 -3.46e+04 -4.08e+04 -2.54e+04 -4570 -5.46e+04
 -4e+04 -1e+04 4e+04 -1e+04 -2e+04 -2e+04 -4e+04 0 -2e+04 -2e+04
 -1e+04 -2e+04 1.31e+04 -1.31e+04 -2e+04 -1e+04 -3e+04 -1.31e+04 -3e+04 -2e+04
 0 0 1e+04 -1e+04 0 0 0 -1e+04 0 0
 0 0 0 0 0 0 0 0 0 0


