# Created by Octave 5.2.0, Thu Sep 24 23:53:12 2020 CEST <jiwidi@land>
# name: w
# type: matrix
# rows: 197
# columns: 10
 -4e+04 -3.1e+04 -3.2e+04 -3.8e+04 -3.6e+04 -3.1e+04 -3.6e+04 -3.2e+04 -5.3e+04 -3.4e+04
 0 0 0 0 0 0 0 0 0 0
 0 0 0 0 0 0 0 0 0 0
 -1000 0 -3000 -1000 -1000 3000 -1000 0 -2000 0
 -1530 -3840 -2220 -2070 -1530 1230 -1380 3690 -3220 -1380
 -1460 -4307 540 -4003 -460 -3537 -1000 9543 -2230 -4080
 -5760 -8480 -1073 -1260 480 -7477 -5230 2450 -3850 -1.017e+04
 -4310 -7850 -2690 -5770 -7310 -9080 -8770 -6970 990 -5320
 -1.046e+04 -1.194e+04 -1.153e+04 -7697 -1.146e+04 -7890 -1.001e+04 -1.386e+04 -5880 -4000
 -1.562e+04 -6460 -1.177e+04 -9789 -1.854e+04 -1.092e+04 -1.108e+04 -1.787e+04 -1739 -5461
 -1.468e+04 -4310 -7750 -8660 -1.614e+04 -1.277e+04 -8280 -8470 -8450 -7090
 -8300 -4690 -8900 -6300 -6150 -9330 -1.062e+04 -1.16e+04 -4430 -1.278e+04
 -6240 -380 -5850 -2477 -2080 1847 -8690 -1440 -9240 -9090
 -4770 80 -6000 -4770 3000 4920 -5460 -3770 -6000 -1000
 0 0 0 -1000 0 1000 0 0 0 0
 0 0 0 0 0 0 0 620 0 -620
 0 0 -460 -2120 0 240 0 2460 -1000 -120
 -2170 -1770 -2044 -3276 -2000 1691 -1970 2918 -4935 -2369
 -6918 -6430 -3978 -4772 -4100 -1525 -5120 4558 -7595 -8581
 -8707 -1.509e+04 -1.132e+04 -4497 -6859 -5742 -1.518e+04 -1260 -1.105e+04 -1.857e+04
 -1.509e+04 -2.213e+04 -1.653e+04 -1.419e+04 -1.484e+04 -1.765e+04 -2.04e+04 -3656 -1.844e+04 -1.94e+04
 -1.67e+04 -3.032e+04 -1.882e+04 -1.596e+04 -2.247e+04 -2.29e+04 -2.642e+04 -9906 -2.253e+04 -1.68e+04
 -2.363e+04 -2.962e+04 -1.752e+04 -2.283e+04 -3.458e+04 -2.611e+04 -2.937e+04 -1.457e+04 -2.216e+04 -1.41e+04
 -2.207e+04 -2.725e+04 -2.818e+04 -2.249e+04 -3.672e+04 -2.559e+04 -2.614e+04 -1.79e+04 -1.877e+04 -1.147e+04
 -2.639e+04 -2.36e+04 -2.727e+04 -2.674e+04 -3.308e+04 -2.57e+04 -2.867e+04 -1.871e+04 -2.31e+04 -1.901e+04
 -2.178e+04 -2.388e+04 -2.071e+04 -2.437e+04 -1.69e+04 -2.023e+04 -2.325e+04 -9384 -2.149e+04 -2.37e+04
 -1.233e+04 -1.194e+04 -1.846e+04 -1.686e+04 -7029 -7398 -1.836e+04 -1.177e+04 -1.918e+04 -1.781e+04
 -6797 214.3 -8053 -1902 -180 7227 -8364 -3762 -1.242e+04 -5877
 -1910 0 0 -1070 -1170 3150 -1000 -910 -2000 -1000
 0 0 0 1000 0 0 0 0 0 -1000
 -1000 0 1576 -1860 0 -310.2 -1018 1448 -2022 -1854
 -2740 -1153 -731.3 -3685 -3284 -1703 -1539 646 1887 -7002
 -8413 -9080 -7680 -4895 -1.118e+04 -6540 -1.223e+04 -2168 -2815 -1.326e+04
 -1.544e+04 -1.947e+04 -9320 -1.412e+04 -1.312e+04 -1.547e+04 -1.948e+04 -1.197e+04 -1.713e+04 -1.583e+04
 -1.637e+04 -2.282e+04 -2.107e+04 -2.061e+04 -2.068e+04 -1.993e+04 -2.123e+04 -1.681e+04 -1.658e+04 -1.389e+04
 -1.127e+04 -1.913e+04 -1.835e+04 -1.725e+04 -1.915e+04 -1.289e+04 -1.855e+04 -8380 -1.315e+04 -1.904e+04
 -1.007e+04 -1.313e+04 -1.417e+04 -1.334e+04 -1.975e+04 -1.019e+04 -1.618e+04 -9788 -8183 -1.533e+04
 -3445 -1.039e+04 -1.433e+04 -1.117e+04 -1.911e+04 -9124 -1.457e+04 -9620 -1.983e+04 -1.743e+04
 -1.57e+04 -1.649e+04 -1.77e+04 -2.34e+04 -1.773e+04 -2.155e+04 -2.121e+04 -2.058e+04 -1.655e+04 -2.4e+04
 -1.879e+04 -2.005e+04 -2.028e+04 -2.215e+04 -1.535e+04 -2.735e+04 -2.518e+04 -1.535e+04 -1.562e+04 -2.248e+04
 -1.271e+04 -1.525e+04 -2.051e+04 -8413 -1.172e+04 -1.013e+04 -1.607e+04 -5950 -9206 -1.727e+04
 -5228 -5820 -7701 528 -8520 947.3 -7601 -3831 -3144 -4110
 -3220 -990 -220 -3450 -1910 3470 -3160 -1450 -1610 -2220
 0 0 2000 0 0 -1000 -1000 0 -2000 0
 8.77 -0.23 1531 59.77 -0.23 -860.2 -1000 -0.23 -2000 259.8
 -1969 -4475 -3226 -8966 -4136 -1388 -7086 3229 -1886 -7683
 -1.125e+04 -1.442e+04 -7665 -1.809e+04 -1.255e+04 -9676 -1.735e+04 -7210 -1.008e+04 -1.412e+04
 -1.67e+04 -1.972e+04 -8835 -1.913e+04 -1.025e+04 -1.175e+04 -1.872e+04 -1.508e+04 -1.487e+04 -1.179e+04
 -8790 -2.151e+04 -9301 -1.827e+04 -7733 -1.015e+04 -1.433e+04 -8700 -1.077e+04 -1.276e+04
 -9550 -1.458e+04 -9085 -1.502e+04 -1.014e+04 -3461 -8818 -8648 -9435 -7161
 -27.5 -8447 -6452 -1.166e+04 -1.331e+04 3008 -1.074e+04 -1.104e+04 -1.6e+04 -5766
 -2740 -8069 -1.207e+04 -8143 -1.341e+04 -9835 -1.411e+04 -9461 -1.685e+04 -1.045e+04
 -1.475e+04 -1.568e+04 -2.071e+04 -1.946e+04 -1.538e+04 -1.981e+04 -2.486e+04 -1.398e+04 -2.306e+04 -1.944e+04
 -1.454e+04 -2.088e+04 -2.135e+04 -1.449e+04 -1.906e+04 -2.529e+04 -2.819e+04 -1.453e+04 -2.226e+04 -1.545e+04
 -1.357e+04 -1.458e+04 -1.294e+04 -6634 -1.086e+04 -1.67e+04 -1.882e+04 -1.35e+04 -1920 -8617
 -778.7 -6655 -6126 4162 -5230 -6108 -7237 -3813 -2197 -5875
 -1270 -3440 560 2000 -1580 -430 -4160 -2000 -440 -2580
 0 -1000 1000 0 0 0 0 0 0 0
 1229 -2021 3080 -1022 -1001 -2861 -2901 88.96 -2359 -100.1
 -3381 -7253 -9544 -1.085e+04 -5820 1754 -7407 -6530 -2270 -3696
 -1.486e+04 -1.768e+04 -1.654e+04 -2.85e+04 -1.704e+04 -7811 -2.009e+04 -1.85e+04 -1.392e+04 -5615
 -1.694e+04 -1.867e+04 -9996 -2.677e+04 -8709 -9283 -2.208e+04 -1.46e+04 -1.381e+04 -1.33e+04
 -1.398e+04 -1.328e+04 -6390 -1.96e+04 -1.152e+04 -5338 -1.342e+04 -1.998e+04 -1.034e+04 -2849
 -8990 -1.361e+04 -7732 -1.137e+04 -1.479e+04 -1730 -1.055e+04 -1.762e+04 -8851 -3546
 -1.111e+04 -8924 -7720 -8533 -1.489e+04 -7433 -5861 -1.52e+04 -9312 -722.6
 -1.974e+04 -1.377e+04 -1.986e+04 -1.723e+04 -1.762e+04 -2.203e+04 -2.118e+04 -1.862e+04 -2.277e+04 -1.172e+04
 -1.821e+04 -1.901e+04 -2.113e+04 -1.303e+04 -1.761e+04 -3.254e+04 -2.816e+04 -2.184e+04 -2.396e+04 -1.825e+04
 -9528 -1.614e+04 -1.213e+04 -1.36e+04 -1.434e+04 -1.819e+04 -2.162e+04 -1.175e+04 -1.238e+04 -9431
 -3033 -8723 -1.026e+04 -3426 -7145 -1.297e+04 -1.453e+04 -7255 -2540 -7216
 5467 -3473 -354 1108 -2829 -7358 -4909 -4009 -3010 -2469
 2840 -300 710 300 -150 -3990 -1140 -2140 -150 -150
 0 -230 230 0 0 0 0 0 0 0
 3514 -2788 -268 -1978 -522.8 -764.5 -3226 -2218 -2238 -3023
 -4373 -8771 -1.381e+04 -1.277e+04 -1602 -1634 -3180 -9560 -4844 -5905
 -9367 -1.587e+04 -2.341e+04 -1.905e+04 -7841 -7578 -1.605e+04 -2.341e+04 -1.685e+04 -2771
 -1.385e+04 -1.56e+04 -2.3e+04 -1.926e+04 -4670 -9628 -9987 -2.057e+04 -4202 -1.129e+04
 -9430 -1.225e+04 -1.774e+04 -1.88e+04 -2902 -7034 -8653 -2.218e+04 -4749 -9194
 -8578 -1.354e+04 -1.654e+04 -1.057e+04 -9304 -6847 -1.147e+04 -1.9e+04 -1.389e+04 -2408
 -1.989e+04 -1.363e+04 -2.061e+04 -1.398e+04 -1.953e+04 -2.08e+04 -2.44e+04 -2.622e+04 -2.026e+04 -8399
 -2.533e+04 -1.689e+04 -2.303e+04 -1.445e+04 -1.905e+04 -2.088e+04 -2.533e+04 -2.025e+04 -2.282e+04 -1.695e+04
 -1.819e+04 -1.818e+04 -1.299e+04 -1.186e+04 -1.152e+04 -1.929e+04 -2.038e+04 -1.641e+04 -1.893e+04 -6523
 -6298 -1.172e+04 -1.165e+04 -9928 -8353 -1.073e+04 -1.984e+04 -9013 -1.2e+04 -4311
 1039 -5340 -4021 -6012 286.2 -7280 -1.073e+04 -3103 -9179 -4194
 4867 -2000 -887.3 -2004 -1000 -3980 -4006 -4017 -1988 -2006
 2017 0 770 0 0 -2017 0 -770 0 0
 1540 0 -2230 0 460 -1000 -1000 -1000 -230 -230
 -196.3 -21 -5831 -2027 1240 135 309 -4691 -3697 929
 -714.7 -7302 -1.479e+04 -1.347e+04 -2104 2208 -4943 -1.042e+04 -1.161e+04 -6624
 -7089 -1.347e+04 -2.094e+04 -1.445e+04 -5421 -5197 -9570 -1.855e+04 -1.406e+04 -1.223e+04
 -6729 -1.646e+04 -2.197e+04 -1.794e+04 -9930 -1882 -1.537e+04 -2.158e+04 -1.653e+04 -1.67e+04
 -1.522e+04 -2.182e+04 -2.209e+04 -1.565e+04 -1.438e+04 -8280 -1.447e+04 -2.809e+04 -1.555e+04 -1.37e+04
 -2.441e+04 -1.746e+04 -2.097e+04 -1.441e+04 -1.721e+04 -1.799e+04 -2.32e+04 -2.555e+04 -1.913e+04 -1.553e+04
 -2.982e+04 -1.698e+04 -2.48e+04 -1.401e+04 -2.005e+04 -2.389e+04 -2.771e+04 -2.618e+04 -1.474e+04 -2.069e+04
 -2.276e+04 -9970 -2.079e+04 -1.499e+04 -1.517e+04 -1.818e+04 -1.891e+04 -1.929e+04 -1.414e+04 -1.183e+04
 -1.275e+04 -1.219e+04 -7433 -7926 -9189 -1.241e+04 -1.218e+04 -8400 -2.175e+04 -5084
 -7144 -7409 -65.2 -8418 -3569 -7309 -1.082e+04 -3830 -1.645e+04 -9022
 620.5 -4258 -4234 -3627 -2049 -9602 -6177 -4147 -9283 -6662
 5397 -2000 -3030 -15.5 -1651 -6626 -2280 -4250 -2000 -2006
 230 0 0 0 0 -230 0 0 0 0
 0 0 -3000 0 2000 -2000 0 -1000 -1000 -1000
 2178 -2933 -8444 -3935 1706 -5744 -695.1 -6490 -6140 -3923
 -2346 -7792 -5069 -6629 -1034 -1.305e+04 -7147 -8332 -1.051e+04 -1.075e+04
 -5200 -9271 -1.04e+04 -8842 -3534 -6664 -8754 -1.163e+04 -1.684e+04 -1.137e+04
 -1.234e+04 -2.06e+04 -1.375e+04 -1.2e+04 -1.124e+04 -9335 -8125 -1.856e+04 -1.173e+04 -1.628e+04
 -2.117e+04 -1.724e+04 -1.523e+04 -1.25e+04 -1.582e+04 -1.303e+04 -1.922e+04 -1.834e+04 -1.479e+04 -1.736e+04
 -2.386e+04 -1.667e+04 -2.256e+04 -1.684e+04 -2.196e+04 -1.913e+04 -2.262e+04 -1.981e+04 -9510 -2.305e+04
 -1.756e+04 -1.513e+04 -2.3e+04 -1.23e+04 -1.778e+04 -1.83e+04 -2.055e+04 -1.688e+04 -1.81e+04 -1.9e+04
 -2.051e+04 -5361 -1.878e+04 -1.113e+04 -1.326e+04 -1.474e+04 -1.028e+04 -1.563e+04 -1.42e+04 -1.564e+04
 -1.036e+04 -9669 -9795 -9490 -5180 -9512 -4431 -1.231e+04 -1.724e+04 -8386
 -9636 -1.129e+04 -9956 -8654 -6456 -9571 -7469 -7821 -1.606e+04 -1.459e+04
 778.3 -5580 -1.322e+04 -3623 -5523 -9730 279 -6163 -8115 -8400
 6159 -1978 -6986 415 -1518 -7289 726.7 -3761 -1978 -2358
 480 0 -480 0 0 0 0 0 0 0
 2310 -1380 -3380 1380 310 -3000 -690 -1690 -690 -1690
 3190 -5363 -3126 -3541 -4648 -1.394e+04 -3581 -5406 -7369 -5570
 981.8 -6744 -4839 -7022 -2241 -1.492e+04 -2520 -9815 -2489 -7604
 -4671 -1.233e+04 -7374 -1.623e+04 -6540 -1.55e+04 244.8 -1.057e+04 -2288 -1.381e+04
 -1.428e+04 -1.226e+04 -6472 -1.892e+04 -1.073e+04 -2.175e+04 -5724 -1.172e+04 -4246 -1.565e+04
 -1.484e+04 -1.171e+04 -1.504e+04 -1.781e+04 -1.416e+04 -2.501e+04 -1.283e+04 -1.196e+04 -5564 -1.696e+04
 -1.623e+04 -1.141e+04 -9419 -1.653e+04 -1.288e+04 -2.28e+04 -1.444e+04 -1.819e+04 -9619 -1.58e+04
 -2.181e+04 -1.155e+04 -1.044e+04 -1.787e+04 -1.326e+04 -1.61e+04 -1.256e+04 -1.598e+04 -1.452e+04 -1.468e+04
 -2.137e+04 -1.134e+04 -8380 -1.592e+04 -1.45e+04 -1.687e+04 -5575 -1.183e+04 -9562 -1.127e+04
 -1.146e+04 -9602 -7558 -1.159e+04 -8565 -1.014e+04 -1.063e+04 -1.003e+04 -1.16e+04 -1.843e+04
 -6743 -1.175e+04 -1.636e+04 -7760 -8710 -1.001e+04 -5878 -1.185e+04 -1.474e+04 -1.314e+04
 -3680 -6890 -1.25e+04 -3515 -1.171e+04 -9609 -6751 -8486 -1.192e+04 -1.056e+04
 420 -1860 -3715 972.5 -3540 -5505 1370 -2155 -3930 -1988
 -990 -1230 3190 -1990 -2970 -980 -3970 -1000 -4980 -1000
 570 -1580 550 -2590 -5080 -1320 -1160 -850 -3500 -2500
 1335 -8583 -6011 -4804 -1.079e+04 -2984 -7884 -8253 -1.042e+04 -8314
 -4553 -1.038e+04 -1470 -1.293e+04 -1.206e+04 -1.099e+04 -8155 -1.033e+04 -3993 -1.556e+04
 -1.198e+04 -1.317e+04 -7245 -2.131e+04 -1.517e+04 -1.935e+04 -5195 -1.069e+04 -2311 -1.866e+04
 -1.545e+04 -1.322e+04 -1.029e+04 -1.987e+04 -1.27e+04 -2.243e+04 -1.183e+04 -1.247e+04 -5130 -1.903e+04
 -1.879e+04 -1.206e+04 -7298 -2.084e+04 -1.228e+04 -1.986e+04 -1.341e+04 -1.111e+04 -1.621e+04 -2.219e+04
 -2.116e+04 -1.14e+04 -6202 -2.185e+04 -1.356e+04 -1.428e+04 -6582 -1.054e+04 -1.422e+04 -1.748e+04
 -2.235e+04 -1.238e+04 -1.077e+04 -1.673e+04 -1.455e+04 -1.018e+04 -6314 -8968 -1.78e+04 -1.078e+04
 -1.426e+04 -1.308e+04 -6157 -1.247e+04 -8822 -1.345e+04 -1.037e+04 -1.302e+04 -1.443e+04 -7367
 -9591 -1.016e+04 -6770 -5379 -8035 -1.46e+04 -1.232e+04 -1.063e+04 -1.206e+04 -1.95e+04
 -9148 -1.229e+04 -7465 -5005 -1.397e+04 -1.646e+04 -9936 -1.18e+04 -1.555e+04 -1.309e+04
 -5582 -6213 -6273 -5856 -1.036e+04 -4851 -7917 -8814 -8324 -8213
 -1579 -2867 -2499 1350 -2557 -437 1101 -4707 -5880 -2017
 -2000 -1000 -923 -1000 -1000 2153 770 -2000 -1000 -1000
 0 -2380 414 -730 -3110 2140 -3530 -1864 -3150 -1380
 -5287 -1.197e+04 -1.117e+04 -2231 -1.192e+04 2382 -8271 -9951 -3246 -1.191e+04
 -1.522e+04 -1.48e+04 -9383 -1.458e+04 -2.108e+04 -6524 -1.269e+04 -1.407e+04 -8455 -2.082e+04
 -1.311e+04 -1.588e+04 -1.692e+04 -1.666e+04 -2.04e+04 -1.205e+04 -1.226e+04 -1.401e+04 -1.204e+04 -2.064e+04
 -1.562e+04 -1.505e+04 -1.523e+04 -1.977e+04 -1.959e+04 -1.062e+04 -1.374e+04 -1.794e+04 -2.183e+04 -1.196e+04
 -1.535e+04 -1.227e+04 -1.146e+04 -1.648e+04 -1.438e+04 -1.363e+04 -4248 -1.209e+04 -1.868e+04 -1.02e+04
 -1.764e+04 -1.266e+04 -8608 -1.279e+04 -1.642e+04 -1.625e+04 -5164 -1.465e+04 -9722 -1.083e+04
 -7672 -1.272e+04 -5485 -7008 -8360 -1.754e+04 -1.077e+04 -9055 -8254 -7333
 -7204 -6227 -6286 -3767 -8348 -7201 -1.11e+04 -7824 -9256 -1.363e+04
 -9900 -1.449e+04 -7177 -3662 -1.129e+04 -1.524e+04 -8527 -1.263e+04 -1.082e+04 -2.019e+04
 -1.125e+04 -1.04e+04 -9117 -5077 -1.3e+04 -1.102e+04 -6530 -9726 -5608 -1.366e+04
 -7878 -4331 -3350 -3715 -1.026e+04 -1489 -5047 -8009 -7050 -7330
 -2401 -2002 4813 -3953 -3610 -929 -1969 -2852 -5998 -4000
 -1000 -1000 5770 -1000 -1000 -2770 -1000 0 -3000 -1000
 -630 -940 1430 -2000 -3000 -130 0 -2380 710 0
 -8939 -6243 -5613 -3334 -1.209e+04 -1465 -1.029e+04 -9442 363.3 -9965
 -1.488e+04 -1.668e+04 -7533 -1.449e+04 -1.673e+04 -1.321e+04 -1.656e+04 -1.852e+04 -1.782e+04 -2.184e+04
 -1.653e+04 -2.233e+04 -1.428e+04 -1.881e+04 -2.206e+04 -1.583e+04 -1.209e+04 -2.032e+04 -1.76e+04 -2.209e+04
 -1.556e+04 -1.458e+04 -1.516e+04 -1.331e+04 -1.813e+04 -1.617e+04 -1.454e+04 -1.727e+04 -1.964e+04 -2.028e+04
 -1.793e+04 -1.302e+04 -1.302e+04 -1.41e+04 -1.602e+04 -1.145e+04 -1.345e+04 -1.464e+04 -2.155e+04 -1.654e+04
 -1.19e+04 -1.457e+04 -1.132e+04 -1.68e+04 -1.812e+04 -1.43e+04 -1.426e+04 -1.955e+04 -1.04e+04 -1.757e+04
 -1.37e+04 -1.577e+04 -8766 -1.305e+04 -1.108e+04 -1.868e+04 -8324 -1.531e+04 -1.601e+04 -1.86e+04
 -1.575e+04 -1.401e+04 -7111 -1.383e+04 -1.215e+04 -8751 -1.117e+04 -1.671e+04 -1.197e+04 -2.391e+04
 -1.218e+04 -1.411e+04 -6397 -9672 -1.014e+04 -8632 -9402 -1.483e+04 -8009 -2.137e+04
 -1.041e+04 -8140 -1450 -7600 -8680 -8645 -8456 -1.207e+04 -9366 -1.254e+04
 -4916 -3000 7600 -5331 -4406 -1834 -7245 -6820 -6254 -6160
 -3630 -630 3810 -1280 -1000 1660 -1710 -3630 -3480 -1740
 -1000 0 1460 0 0 -460 0 0 0 0
 0 0 2080 -1310 -1150 -540 0 -2000 -80 0
 -8292 -1510 264 -3385 -7388 -1020 -1.095e+04 -8422 -4307 -7025
 -1.532e+04 -1.388e+04 -7544 -9562 -1.409e+04 -1.749e+04 -1.416e+04 -1.69e+04 -1.776e+04 -1.542e+04
 -1.476e+04 -2.082e+04 -1.751e+04 -1.419e+04 -2.113e+04 -2.251e+04 -1.648e+04 -2.423e+04 -1.432e+04 -2.189e+04
 -1.722e+04 -1.599e+04 -2.12e+04 -1.284e+04 -2.131e+04 -2.719e+04 -1.723e+04 -1.715e+04 -1.172e+04 -3.387e+04
 -1.722e+04 -1.693e+04 -2.418e+04 -1.645e+04 -1.924e+04 -2.182e+04 -1.237e+04 -2.014e+04 -9047 -2.602e+04
 -1.557e+04 -1.431e+04 -2.447e+04 -1.425e+04 -1.677e+04 -1.864e+04 -6730 -1.748e+04 -1.347e+04 -2.203e+04
 -1.161e+04 -1.328e+04 -1.675e+04 -1.529e+04 -1.205e+04 -1.431e+04 -4850 -1.682e+04 -1.632e+04 -1.808e+04
 -1.29e+04 -9677 -9101 -1.23e+04 -8732 -1.076e+04 -5528 -1.446e+04 -9145 -2.12e+04
 -1.24e+04 -7010 -3600 -1.131e+04 -7360 -8572 -6110 -1.036e+04 -8943 -1.242e+04
 -8361 -5038 4685 -6791 -4819 -2461 -7123 -7432 -8397 -5670
 -9007 -2000 1.094e+04 -6000 -3000 -3570 -5970 -4590 -5411 -4000
 -1982 -9.7 1574 -144.3 -1018 2439 -1014 -3010 -2010 -864.3
 0 0 790 0 0 0 0 -790 0 0
 0 0 0 0 0 0 0 0 0 0
 -1000 4230 2450 -1000 -3080 3 -1760 -2380 -7003 -1540
 -8766 240 -5007 -2680 -6080 -3237 -6620 -8850 -1.092e+04 -3540
 -8020 -1.069e+04 -1.098e+04 -7743 -1.17e+04 -1.469e+04 -3420 -1.332e+04 -6390 -6680
 -6314 -1.067e+04 -1.66e+04 -8476 -1.121e+04 -1.231e+04 -6834 -1.693e+04 -6210 -3425
 -1.007e+04 -6364 -9364 -1.075e+04 -1.213e+04 -8160 -1.029e+04 -6064 -1.398e+04 -1.183e+04
 -9094 -5404 -1.378e+04 -7066 -1.048e+04 -8620 -9324 -8920 -9620 -6084
 -4380 -2460 -9944 -1498 -7874 -1502 -578 -9010 -2590 -5358
 -5760 -1620 -3233 -2920 -530 -2867 -3080 -6620 2320 -5240
 -5460 -1000 -383 -4460 1540 -1460 -2620 -2080 -3457 -3460
 -6000 0 3000 -2000 -2000 -2000 -2000 1000 -4000 -2000
 -2000 -1000 -690 -1000 -2000 0 -2000 -310 -3000 -2000
 0 0 1000 0 0 0 0 -1000 0 0
 0 0 0 0 0 0 0 0 0 0


