# Created by Octave 5.2.0, Thu Sep 24 23:53:22 2020 CEST <jiwidi@land>
# name: w
# type: matrix
# rows: 197
# columns: 10
 -4e+06 -3.1e+06 -3.2e+06 -3.8e+06 -3.6e+06 -3.1e+06 -3.6e+06 -3.2e+06 -5.3e+06 -3.4e+06
 0 0 0 0 0 0 0 0 0 0
 0 0 0 0 0 0 0 0 0 0
 -1e+05 0 -3e+05 -1e+05 -1e+05 3e+05 -1e+05 0 -2e+05 0
 -1.53e+05 -3.84e+05 -2.22e+05 -2.07e+05 -1.53e+05 1.23e+05 -1.38e+05 3.69e+05 -3.22e+05 -1.38e+05
 -1.46e+05 -4.307e+05 5.4e+04 -4.003e+05 -4.6e+04 -3.537e+05 -1e+05 9.543e+05 -2.23e+05 -4.08e+05
 -5.76e+05 -8.48e+05 -1.073e+05 -1.26e+05 4.8e+04 -7.477e+05 -5.23e+05 2.45e+05 -3.85e+05 -1.017e+06
 -4.31e+05 -7.85e+05 -2.69e+05 -5.77e+05 -7.31e+05 -9.08e+05 -8.77e+05 -6.97e+05 9.9e+04 -5.32e+05
 -1.046e+06 -1.194e+06 -1.153e+06 -7.697e+05 -1.146e+06 -7.89e+05 -1.001e+06 -1.386e+06 -5.88e+05 -4e+05
 -1.562e+06 -6.46e+05 -1.177e+06 -9.789e+05 -1.854e+06 -1.092e+06 -1.108e+06 -1.787e+06 -1.739e+05 -5.461e+05
 -1.468e+06 -4.31e+05 -7.75e+05 -8.66e+05 -1.614e+06 -1.277e+06 -8.28e+05 -8.47e+05 -8.45e+05 -7.09e+05
 -8.3e+05 -4.69e+05 -8.9e+05 -6.3e+05 -6.15e+05 -9.33e+05 -1.062e+06 -1.16e+06 -4.43e+05 -1.278e+06
 -6.24e+05 -3.8e+04 -5.85e+05 -2.477e+05 -2.08e+05 1.847e+05 -8.69e+05 -1.44e+05 -9.24e+05 -9.09e+05
 -4.77e+05 8000 -6e+05 -4.77e+05 3e+05 4.92e+05 -5.46e+05 -3.77e+05 -6e+05 -1e+05
 0 0 0 -1e+05 0 1e+05 0 0 0 0
 0 0 0 0 0 0 0 6.2e+04 0 -6.2e+04
 0 0 -4.6e+04 -2.12e+05 0 2.4e+04 0 2.46e+05 -1e+05 -1.2e+04
 -2.17e+05 -1.77e+05 -2.044e+05 -3.276e+05 -2e+05 1.691e+05 -1.97e+05 2.918e+05 -4.935e+05 -2.369e+05
 -6.918e+05 -6.43e+05 -3.978e+05 -4.772e+05 -4.1e+05 -1.525e+05 -5.12e+05 4.558e+05 -7.595e+05 -8.581e+05
 -8.707e+05 -1.509e+06 -1.132e+06 -4.497e+05 -6.859e+05 -5.742e+05 -1.518e+06 -1.26e+05 -1.105e+06 -1.857e+06
 -1.509e+06 -2.213e+06 -1.653e+06 -1.419e+06 -1.484e+06 -1.765e+06 -2.04e+06 -3.656e+05 -1.844e+06 -1.94e+06
 -1.67e+06 -3.032e+06 -1.882e+06 -1.596e+06 -2.247e+06 -2.29e+06 -2.642e+06 -9.906e+05 -2.253e+06 -1.68e+06
 -2.363e+06 -2.962e+06 -1.752e+06 -2.283e+06 -3.458e+06 -2.611e+06 -2.937e+06 -1.457e+06 -2.216e+06 -1.41e+06
 -2.207e+06 -2.725e+06 -2.818e+06 -2.249e+06 -3.672e+06 -2.559e+06 -2.614e+06 -1.79e+06 -1.877e+06 -1.147e+06
 -2.639e+06 -2.36e+06 -2.727e+06 -2.674e+06 -3.308e+06 -2.57e+06 -2.867e+06 -1.871e+06 -2.31e+06 -1.901e+06
 -2.178e+06 -2.388e+06 -2.071e+06 -2.437e+06 -1.69e+06 -2.023e+06 -2.325e+06 -9.384e+05 -2.149e+06 -2.37e+06
 -1.233e+06 -1.194e+06 -1.846e+06 -1.686e+06 -7.029e+05 -7.398e+05 -1.836e+06 -1.177e+06 -1.918e+06 -1.781e+06
 -6.797e+05 2.143e+04 -8.053e+05 -1.902e+05 -1.8e+04 7.227e+05 -8.364e+05 -3.762e+05 -1.242e+06 -5.877e+05
 -1.91e+05 0 0 -1.07e+05 -1.17e+05 3.15e+05 -1e+05 -9.1e+04 -2e+05 -1e+05
 0 0 0 1e+05 0 0 0 0 0 -1e+05
 -1e+05 0 1.576e+05 -1.86e+05 0 -3.102e+04 -1.018e+05 1.448e+05 -2.022e+05 -1.854e+05
 -2.74e+05 -1.153e+05 -7.313e+04 -3.685e+05 -3.284e+05 -1.703e+05 -1.539e+05 6.46e+04 1.887e+05 -7.002e+05
 -8.413e+05 -9.08e+05 -7.68e+05 -4.895e+05 -1.118e+06 -6.54e+05 -1.223e+06 -2.168e+05 -2.815e+05 -1.326e+06
 -1.544e+06 -1.947e+06 -9.32e+05 -1.412e+06 -1.312e+06 -1.547e+06 -1.948e+06 -1.197e+06 -1.713e+06 -1.583e+06
 -1.637e+06 -2.282e+06 -2.107e+06 -2.061e+06 -2.068e+06 -1.993e+06 -2.123e+06 -1.681e+06 -1.658e+06 -1.389e+06
 -1.127e+06 -1.913e+06 -1.835e+06 -1.725e+06 -1.915e+06 -1.289e+06 -1.855e+06 -8.38e+05 -1.315e+06 -1.904e+06
 -1.007e+06 -1.313e+06 -1.417e+06 -1.334e+06 -1.975e+06 -1.019e+06 -1.618e+06 -9.788e+05 -8.183e+05 -1.533e+06
 -3.445e+05 -1.039e+06 -1.433e+06 -1.117e+06 -1.911e+06 -9.124e+05 -1.457e+06 -9.62e+05 -1.983e+06 -1.743e+06
 -1.57e+06 -1.649e+06 -1.77e+06 -2.34e+06 -1.773e+06 -2.155e+06 -2.121e+06 -2.058e+06 -1.655e+06 -2.4e+06
 -1.879e+06 -2.005e+06 -2.028e+06 -2.215e+06 -1.535e+06 -2.735e+06 -2.518e+06 -1.535e+06 -1.562e+06 -2.248e+06
 -1.271e+06 -1.525e+06 -2.051e+06 -8.413e+05 -1.172e+06 -1.013e+06 -1.607e+06 -5.95e+05 -9.206e+05 -1.727e+06
 -5.228e+05 -5.82e+05 -7.701e+05 5.28e+04 -8.52e+05 9.473e+04 -7.601e+05 -3.831e+05 -3.144e+05 -4.11e+05
 -3.22e+05 -9.9e+04 -2.2e+04 -3.45e+05 -1.91e+05 3.47e+05 -3.16e+05 -1.45e+05 -1.61e+05 -2.22e+05
 0 0 2e+05 0 0 -1e+05 -1e+05 0 -2e+05 0
 877 -23 1.531e+05 5977 -23 -8.602e+04 -1e+05 -23 -2e+05 2.598e+04
 -1.969e+05 -4.475e+05 -3.226e+05 -8.966e+05 -4.136e+05 -1.388e+05 -7.086e+05 3.229e+05 -1.886e+05 -7.683e+05
 -1.125e+06 -1.442e+06 -7.665e+05 -1.809e+06 -1.255e+06 -9.676e+05 -1.735e+06 -7.21e+05 -1.008e+06 -1.412e+06
 -1.67e+06 -1.972e+06 -8.835e+05 -1.913e+06 -1.025e+06 -1.175e+06 -1.872e+06 -1.508e+06 -1.487e+06 -1.179e+06
 -8.79e+05 -2.151e+06 -9.301e+05 -1.827e+06 -7.733e+05 -1.015e+06 -1.433e+06 -8.7e+05 -1.077e+06 -1.276e+06
 -9.55e+05 -1.458e+06 -9.085e+05 -1.502e+06 -1.014e+06 -3.461e+05 -8.818e+05 -8.648e+05 -9.435e+05 -7.161e+05
 -2750 -8.447e+05 -6.452e+05 -1.166e+06 -1.331e+06 3.008e+05 -1.074e+06 -1.104e+06 -1.6e+06 -5.766e+05
 -2.74e+05 -8.069e+05 -1.207e+06 -8.143e+05 -1.341e+06 -9.835e+05 -1.411e+06 -9.461e+05 -1.685e+06 -1.045e+06
 -1.475e+06 -1.568e+06 -2.071e+06 -1.946e+06 -1.538e+06 -1.981e+06 -2.486e+06 -1.398e+06 -2.306e+06 -1.944e+06
 -1.454e+06 -2.088e+06 -2.135e+06 -1.449e+06 -1.906e+06 -2.529e+06 -2.819e+06 -1.453e+06 -2.226e+06 -1.545e+06
 -1.357e+06 -1.458e+06 -1.294e+06 -6.634e+05 -1.086e+06 -1.67e+06 -1.882e+06 -1.35e+06 -1.92e+05 -8.617e+05
 -7.787e+04 -6.655e+05 -6.126e+05 4.162e+05 -5.23e+05 -6.108e+05 -7.237e+05 -3.813e+05 -2.197e+05 -5.875e+05
 -1.27e+05 -3.44e+05 5.6e+04 2e+05 -1.58e+05 -4.3e+04 -4.16e+05 -2e+05 -4.4e+04 -2.58e+05
 0 -1e+05 1e+05 0 0 0 0 0 0 0
 1.229e+05 -2.021e+05 3.08e+05 -1.022e+05 -1.001e+05 -2.861e+05 -2.901e+05 8896 -2.359e+05 -1.001e+04
 -3.381e+05 -7.253e+05 -9.544e+05 -1.085e+06 -5.82e+05 1.754e+05 -7.407e+05 -6.53e+05 -2.27e+05 -3.696e+05
 -1.486e+06 -1.768e+06 -1.654e+06 -2.85e+06 -1.704e+06 -7.811e+05 -2.009e+06 -1.85e+06 -1.392e+06 -5.615e+05
 -1.694e+06 -1.867e+06 -9.996e+05 -2.677e+06 -8.709e+05 -9.283e+05 -2.208e+06 -1.46e+06 -1.381e+06 -1.33e+06
 -1.398e+06 -1.328e+06 -6.39e+05 -1.96e+06 -1.152e+06 -5.338e+05 -1.342e+06 -1.998e+06 -1.034e+06 -2.849e+05
 -8.99e+05 -1.361e+06 -7.732e+05 -1.137e+06 -1.479e+06 -1.73e+05 -1.055e+06 -1.762e+06 -8.851e+05 -3.546e+05
 -1.111e+06 -8.924e+05 -7.72e+05 -8.533e+05 -1.489e+06 -7.433e+05 -5.861e+05 -1.52e+06 -9.312e+05 -7.226e+04
 -1.974e+06 -1.377e+06 -1.986e+06 -1.723e+06 -1.762e+06 -2.203e+06 -2.118e+06 -1.862e+06 -2.277e+06 -1.172e+06
 -1.821e+06 -1.901e+06 -2.113e+06 -1.303e+06 -1.761e+06 -3.254e+06 -2.816e+06 -2.184e+06 -2.396e+06 -1.825e+06
 -9.528e+05 -1.614e+06 -1.213e+06 -1.36e+06 -1.434e+06 -1.819e+06 -2.162e+06 -1.175e+06 -1.238e+06 -9.431e+05
 -3.033e+05 -8.723e+05 -1.026e+06 -3.426e+05 -7.145e+05 -1.297e+06 -1.453e+06 -7.255e+05 -2.54e+05 -7.216e+05
 5.467e+05 -3.473e+05 -3.54e+04 1.108e+05 -2.829e+05 -7.358e+05 -4.909e+05 -4.009e+05 -3.01e+05 -2.469e+05
 2.84e+05 -3e+04 7.1e+04 3e+04 -1.5e+04 -3.99e+05 -1.14e+05 -2.14e+05 -1.5e+04 -1.5e+04
 0 -2.3e+04 2.3e+04 0 0 0 0 0 0 0
 3.514e+05 -2.788e+05 -2.68e+04 -1.978e+05 -5.228e+04 -7.645e+04 -3.226e+05 -2.218e+05 -2.238e+05 -3.023e+05
 -4.373e+05 -8.771e+05 -1.381e+06 -1.277e+06 -1.602e+05 -1.634e+05 -3.18e+05 -9.56e+05 -4.844e+05 -5.905e+05
 -9.367e+05 -1.587e+06 -2.341e+06 -1.905e+06 -7.841e+05 -7.578e+05 -1.605e+06 -2.341e+06 -1.685e+06 -2.771e+05
 -1.385e+06 -1.56e+06 -2.3e+06 -1.926e+06 -4.67e+05 -9.628e+05 -9.987e+05 -2.057e+06 -4.202e+05 -1.129e+06
 -9.43e+05 -1.225e+06 -1.774e+06 -1.88e+06 -2.902e+05 -7.034e+05 -8.653e+05 -2.218e+06 -4.749e+05 -9.194e+05
 -8.578e+05 -1.354e+06 -1.654e+06 -1.057e+06 -9.304e+05 -6.847e+05 -1.147e+06 -1.9e+06 -1.389e+06 -2.408e+05
 -1.989e+06 -1.363e+06 -2.061e+06 -1.398e+06 -1.953e+06 -2.08e+06 -2.44e+06 -2.622e+06 -2.026e+06 -8.399e+05
 -2.533e+06 -1.689e+06 -2.303e+06 -1.445e+06 -1.905e+06 -2.088e+06 -2.533e+06 -2.025e+06 -2.282e+06 -1.695e+06
 -1.819e+06 -1.818e+06 -1.299e+06 -1.186e+06 -1.152e+06 -1.929e+06 -2.038e+06 -1.641e+06 -1.893e+06 -6.522e+05
 -6.298e+05 -1.172e+06 -1.165e+06 -9.928e+05 -8.353e+05 -1.073e+06 -1.984e+06 -9.013e+05 -1.2e+06 -4.311e+05
 1.039e+05 -5.34e+05 -4.021e+05 -6.012e+05 2.862e+04 -7.28e+05 -1.073e+06 -3.103e+05 -9.179e+05 -4.194e+05
 4.867e+05 -2e+05 -8.873e+04 -2.004e+05 -1e+05 -3.98e+05 -4.006e+05 -4.017e+05 -1.988e+05 -2.006e+05
 2.017e+05 0 7.7e+04 0 0 -2.017e+05 0 -7.7e+04 0 0
 1.54e+05 0 -2.23e+05 0 4.6e+04 -1e+05 -1e+05 -1e+05 -2.3e+04 -2.3e+04
 -1.963e+04 -2100 -5.831e+05 -2.027e+05 1.24e+05 1.35e+04 3.09e+04 -4.691e+05 -3.697e+05 9.29e+04
 -7.147e+04 -7.302e+05 -1.479e+06 -1.347e+06 -2.104e+05 2.208e+05 -4.943e+05 -1.042e+06 -1.161e+06 -6.624e+05
 -7.089e+05 -1.347e+06 -2.094e+06 -1.445e+06 -5.421e+05 -5.197e+05 -9.57e+05 -1.855e+06 -1.406e+06 -1.223e+06
 -6.729e+05 -1.646e+06 -2.197e+06 -1.794e+06 -9.93e+05 -1.882e+05 -1.537e+06 -2.158e+06 -1.653e+06 -1.67e+06
 -1.522e+06 -2.182e+06 -2.209e+06 -1.565e+06 -1.438e+06 -8.28e+05 -1.447e+06 -2.809e+06 -1.555e+06 -1.37e+06
 -2.441e+06 -1.746e+06 -2.097e+06 -1.441e+06 -1.721e+06 -1.799e+06 -2.32e+06 -2.555e+06 -1.913e+06 -1.553e+06
 -2.982e+06 -1.698e+06 -2.48e+06 -1.401e+06 -2.005e+06 -2.389e+06 -2.771e+06 -2.618e+06 -1.474e+06 -2.069e+06
 -2.276e+06 -9.97e+05 -2.079e+06 -1.499e+06 -1.517e+06 -1.818e+06 -1.891e+06 -1.929e+06 -1.414e+06 -1.183e+06
 -1.275e+06 -1.219e+06 -7.433e+05 -7.926e+05 -9.189e+05 -1.241e+06 -1.218e+06 -8.4e+05 -2.175e+06 -5.084e+05
 -7.144e+05 -7.409e+05 -6520 -8.418e+05 -3.569e+05 -7.309e+05 -1.082e+06 -3.83e+05 -1.645e+06 -9.022e+05
 6.205e+04 -4.258e+05 -4.234e+05 -3.627e+05 -2.049e+05 -9.602e+05 -6.177e+05 -4.147e+05 -9.283e+05 -6.662e+05
 5.397e+05 -2e+05 -3.03e+05 -1550 -1.651e+05 -6.626e+05 -2.28e+05 -4.25e+05 -2e+05 -2.006e+05
 2.3e+04 0 0 0 0 -2.3e+04 0 0 0 0
 0 0 -3e+05 0 2e+05 -2e+05 0 -1e+05 -1e+05 -1e+05
 2.178e+05 -2.933e+05 -8.444e+05 -3.935e+05 1.706e+05 -5.744e+05 -6.951e+04 -6.49e+05 -6.14e+05 -3.923e+05
 -2.346e+05 -7.792e+05 -5.069e+05 -6.629e+05 -1.034e+05 -1.305e+06 -7.147e+05 -8.332e+05 -1.051e+06 -1.075e+06
 -5.2e+05 -9.271e+05 -1.04e+06 -8.842e+05 -3.534e+05 -6.664e+05 -8.754e+05 -1.163e+06 -1.684e+06 -1.137e+06
 -1.234e+06 -2.06e+06 -1.375e+06 -1.2e+06 -1.124e+06 -9.335e+05 -8.125e+05 -1.856e+06 -1.173e+06 -1.628e+06
 -2.117e+06 -1.724e+06 -1.523e+06 -1.25e+06 -1.582e+06 -1.303e+06 -1.922e+06 -1.834e+06 -1.479e+06 -1.736e+06
 -2.386e+06 -1.667e+06 -2.256e+06 -1.684e+06 -2.196e+06 -1.913e+06 -2.262e+06 -1.981e+06 -9.51e+05 -2.305e+06
 -1.756e+06 -1.513e+06 -2.3e+06 -1.23e+06 -1.778e+06 -1.83e+06 -2.055e+06 -1.688e+06 -1.81e+06 -1.9e+06
 -2.051e+06 -5.361e+05 -1.878e+06 -1.113e+06 -1.326e+06 -1.474e+06 -1.028e+06 -1.563e+06 -1.42e+06 -1.564e+06
 -1.036e+06 -9.669e+05 -9.795e+05 -9.49e+05 -5.18e+05 -9.512e+05 -4.431e+05 -1.231e+06 -1.724e+06 -8.386e+05
 -9.636e+05 -1.129e+06 -9.956e+05 -8.654e+05 -6.456e+05 -9.571e+05 -7.469e+05 -7.821e+05 -1.606e+06 -1.459e+06
 7.783e+04 -5.58e+05 -1.322e+06 -3.623e+05 -5.523e+05 -9.73e+05 2.79e+04 -6.163e+05 -8.115e+05 -8.4e+05
 6.159e+05 -1.978e+05 -6.986e+05 4.15e+04 -1.518e+05 -7.289e+05 7.267e+04 -3.761e+05 -1.978e+05 -2.358e+05
 4.8e+04 0 -4.8e+04 0 0 0 0 0 0 0
 2.31e+05 -1.38e+05 -3.38e+05 1.38e+05 3.1e+04 -3e+05 -6.9e+04 -1.69e+05 -6.9e+04 -1.69e+05
 3.19e+05 -5.363e+05 -3.126e+05 -3.541e+05 -4.648e+05 -1.394e+06 -3.581e+05 -5.406e+05 -7.369e+05 -5.57e+05
 9.818e+04 -6.744e+05 -4.839e+05 -7.022e+05 -2.241e+05 -1.492e+06 -2.52e+05 -9.815e+05 -2.489e+05 -7.604e+05
 -4.671e+05 -1.233e+06 -7.374e+05 -1.623e+06 -6.54e+05 -1.55e+06 2.448e+04 -1.057e+06 -2.288e+05 -1.381e+06
 -1.428e+06 -1.226e+06 -6.472e+05 -1.892e+06 -1.073e+06 -2.175e+06 -5.724e+05 -1.172e+06 -4.246e+05 -1.565e+06
 -1.484e+06 -1.171e+06 -1.504e+06 -1.781e+06 -1.416e+06 -2.501e+06 -1.283e+06 -1.196e+06 -5.564e+05 -1.696e+06
 -1.623e+06 -1.141e+06 -9.419e+05 -1.653e+06 -1.288e+06 -2.28e+06 -1.444e+06 -1.819e+06 -9.619e+05 -1.58e+06
 -2.181e+06 -1.155e+06 -1.044e+06 -1.787e+06 -1.326e+06 -1.61e+06 -1.256e+06 -1.598e+06 -1.452e+06 -1.468e+06
 -2.137e+06 -1.134e+06 -8.38e+05 -1.592e+06 -1.45e+06 -1.687e+06 -5.575e+05 -1.183e+06 -9.562e+05 -1.127e+06
 -1.146e+06 -9.602e+05 -7.558e+05 -1.159e+06 -8.565e+05 -1.014e+06 -1.063e+06 -1.003e+06 -1.16e+06 -1.843e+06
 -6.743e+05 -1.175e+06 -1.636e+06 -7.76e+05 -8.71e+05 -1.001e+06 -5.878e+05 -1.185e+06 -1.474e+06 -1.314e+06
 -3.68e+05 -6.89e+05 -1.25e+06 -3.515e+05 -1.171e+06 -9.609e+05 -6.751e+05 -8.486e+05 -1.192e+06 -1.056e+06
 4.2e+04 -1.86e+05 -3.715e+05 9.725e+04 -3.54e+05 -5.505e+05 1.37e+05 -2.155e+05 -3.93e+05 -1.988e+05
 -9.9e+04 -1.23e+05 3.19e+05 -1.99e+05 -2.97e+05 -9.8e+04 -3.97e+05 -1e+05 -4.98e+05 -1e+05
 5.7e+04 -1.58e+05 5.5e+04 -2.59e+05 -5.08e+05 -1.32e+05 -1.16e+05 -8.5e+04 -3.5e+05 -2.5e+05
 1.335e+05 -8.583e+05 -6.011e+05 -4.804e+05 -1.079e+06 -2.984e+05 -7.884e+05 -8.253e+05 -1.042e+06 -8.314e+05
 -4.553e+05 -1.038e+06 -1.47e+05 -1.293e+06 -1.206e+06 -1.099e+06 -8.155e+05 -1.033e+06 -3.993e+05 -1.556e+06
 -1.198e+06 -1.317e+06 -7.245e+05 -2.131e+06 -1.517e+06 -1.935e+06 -5.195e+05 -1.069e+06 -2.311e+05 -1.866e+06
 -1.545e+06 -1.322e+06 -1.029e+06 -1.987e+06 -1.27e+06 -2.243e+06 -1.183e+06 -1.247e+06 -5.13e+05 -1.903e+06
 -1.879e+06 -1.206e+06 -7.298e+05 -2.084e+06 -1.228e+06 -1.986e+06 -1.341e+06 -1.111e+06 -1.621e+06 -2.219e+06
 -2.116e+06 -1.14e+06 -6.202e+05 -2.185e+06 -1.356e+06 -1.428e+06 -6.582e+05 -1.054e+06 -1.422e+06 -1.748e+06
 -2.235e+06 -1.238e+06 -1.077e+06 -1.673e+06 -1.455e+06 -1.018e+06 -6.314e+05 -8.968e+05 -1.78e+06 -1.078e+06
 -1.426e+06 -1.308e+06 -6.157e+05 -1.247e+06 -8.822e+05 -1.345e+06 -1.037e+06 -1.302e+06 -1.443e+06 -7.367e+05
 -9.591e+05 -1.016e+06 -6.77e+05 -5.379e+05 -8.035e+05 -1.46e+06 -1.232e+06 -1.063e+06 -1.206e+06 -1.95e+06
 -9.148e+05 -1.229e+06 -7.465e+05 -5.005e+05 -1.397e+06 -1.646e+06 -9.936e+05 -1.18e+06 -1.555e+06 -1.309e+06
 -5.582e+05 -6.213e+05 -6.273e+05 -5.856e+05 -1.036e+06 -4.851e+05 -7.917e+05 -8.814e+05 -8.324e+05 -8.213e+05
 -1.579e+05 -2.867e+05 -2.499e+05 1.35e+05 -2.557e+05 -4.37e+04 1.101e+05 -4.707e+05 -5.88e+05 -2.017e+05
 -2e+05 -1e+05 -9.23e+04 -1e+05 -1e+05 2.153e+05 7.7e+04 -2e+05 -1e+05 -1e+05
 0 -2.38e+05 4.14e+04 -7.3e+04 -3.11e+05 2.14e+05 -3.53e+05 -1.864e+05 -3.15e+05 -1.38e+05
 -5.287e+05 -1.197e+06 -1.117e+06 -2.231e+05 -1.192e+06 2.382e+05 -8.271e+05 -9.951e+05 -3.246e+05 -1.191e+06
 -1.522e+06 -1.48e+06 -9.383e+05 -1.458e+06 -2.108e+06 -6.524e+05 -1.269e+06 -1.407e+06 -8.455e+05 -2.082e+06
 -1.311e+06 -1.588e+06 -1.692e+06 -1.666e+06 -2.04e+06 -1.205e+06 -1.226e+06 -1.401e+06 -1.204e+06 -2.064e+06
 -1.562e+06 -1.505e+06 -1.523e+06 -1.977e+06 -1.959e+06 -1.062e+06 -1.374e+06 -1.794e+06 -2.183e+06 -1.196e+06
 -1.535e+06 -1.227e+06 -1.146e+06 -1.648e+06 -1.438e+06 -1.363e+06 -4.248e+05 -1.209e+06 -1.868e+06 -1.02e+06
 -1.764e+06 -1.266e+06 -8.608e+05 -1.279e+06 -1.642e+06 -1.625e+06 -5.164e+05 -1.465e+06 -9.722e+05 -1.083e+06
 -7.672e+05 -1.272e+06 -5.485e+05 -7.008e+05 -8.36e+05 -1.754e+06 -1.077e+06 -9.055e+05 -8.254e+05 -7.333e+05
 -7.204e+05 -6.227e+05 -6.286e+05 -3.767e+05 -8.348e+05 -7.201e+05 -1.11e+06 -7.824e+05 -9.256e+05 -1.363e+06
 -9.9e+05 -1.449e+06 -7.177e+05 -3.662e+05 -1.129e+06 -1.524e+06 -8.527e+05 -1.263e+06 -1.082e+06 -2.019e+06
 -1.125e+06 -1.04e+06 -9.116e+05 -5.077e+05 -1.3e+06 -1.102e+06 -6.53e+05 -9.726e+05 -5.608e+05 -1.366e+06
 -7.878e+05 -4.331e+05 -3.35e+05 -3.715e+05 -1.026e+06 -1.489e+05 -5.047e+05 -8.009e+05 -7.05e+05 -7.33e+05
 -2.401e+05 -2.002e+05 4.813e+05 -3.953e+05 -3.61e+05 -9.29e+04 -1.969e+05 -2.852e+05 -5.998e+05 -4e+05
 -1e+05 -1e+05 5.77e+05 -1e+05 -1e+05 -2.77e+05 -1e+05 0 -3e+05 -1e+05
 -6.3e+04 -9.4e+04 1.43e+05 -2e+05 -3e+05 -1.3e+04 0 -2.38e+05 7.1e+04 0
 -8.939e+05 -6.243e+05 -5.613e+05 -3.334e+05 -1.209e+06 -1.465e+05 -1.029e+06 -9.442e+05 3.633e+04 -9.965e+05
 -1.488e+06 -1.668e+06 -7.533e+05 -1.449e+06 -1.673e+06 -1.321e+06 -1.656e+06 -1.852e+06 -1.782e+06 -2.184e+06
 -1.653e+06 -2.233e+06 -1.428e+06 -1.881e+06 -2.206e+06 -1.583e+06 -1.209e+06 -2.032e+06 -1.76e+06 -2.209e+06
 -1.556e+06 -1.458e+06 -1.516e+06 -1.331e+06 -1.813e+06 -1.617e+06 -1.454e+06 -1.727e+06 -1.964e+06 -2.028e+06
 -1.793e+06 -1.302e+06 -1.302e+06 -1.41e+06 -1.602e+06 -1.145e+06 -1.345e+06 -1.464e+06 -2.155e+06 -1.654e+06
 -1.19e+06 -1.457e+06 -1.132e+06 -1.68e+06 -1.812e+06 -1.43e+06 -1.426e+06 -1.955e+06 -1.04e+06 -1.757e+06
 -1.37e+06 -1.577e+06 -8.766e+05 -1.305e+06 -1.108e+06 -1.868e+06 -8.324e+05 -1.531e+06 -1.601e+06 -1.86e+06
 -1.575e+06 -1.401e+06 -7.111e+05 -1.383e+06 -1.215e+06 -8.751e+05 -1.117e+06 -1.671e+06 -1.197e+06 -2.391e+06
 -1.218e+06 -1.411e+06 -6.397e+05 -9.672e+05 -1.014e+06 -8.632e+05 -9.402e+05 -1.483e+06 -8.009e+05 -2.137e+06
 -1.041e+06 -8.14e+05 -1.45e+05 -7.6e+05 -8.68e+05 -8.645e+05 -8.456e+05 -1.207e+06 -9.366e+05 -1.254e+06
 -4.916e+05 -3e+05 7.6e+05 -5.331e+05 -4.406e+05 -1.834e+05 -7.245e+05 -6.82e+05 -6.254e+05 -6.16e+05
 -3.63e+05 -6.3e+04 3.81e+05 -1.28e+05 -1e+05 1.66e+05 -1.71e+05 -3.63e+05 -3.48e+05 -1.74e+05
 -1e+05 0 1.46e+05 0 0 -4.6e+04 0 0 0 0
 0 0 2.08e+05 -1.31e+05 -1.15e+05 -5.4e+04 0 -2e+05 -8000 0
 -8.292e+05 -1.51e+05 2.64e+04 -3.385e+05 -7.388e+05 -1.02e+05 -1.095e+06 -8.422e+05 -4.307e+05 -7.025e+05
 -1.532e+06 -1.388e+06 -7.544e+05 -9.562e+05 -1.409e+06 -1.749e+06 -1.416e+06 -1.69e+06 -1.776e+06 -1.542e+06
 -1.476e+06 -2.082e+06 -1.751e+06 -1.419e+06 -2.113e+06 -2.251e+06 -1.648e+06 -2.423e+06 -1.432e+06 -2.189e+06
 -1.722e+06 -1.599e+06 -2.12e+06 -1.284e+06 -2.131e+06 -2.719e+06 -1.723e+06 -1.715e+06 -1.172e+06 -3.387e+06
 -1.722e+06 -1.693e+06 -2.418e+06 -1.645e+06 -1.924e+06 -2.182e+06 -1.237e+06 -2.014e+06 -9.047e+05 -2.602e+06
 -1.557e+06 -1.431e+06 -2.447e+06 -1.425e+06 -1.677e+06 -1.864e+06 -6.73e+05 -1.748e+06 -1.347e+06 -2.203e+06
 -1.161e+06 -1.328e+06 -1.675e+06 -1.529e+06 -1.205e+06 -1.431e+06 -4.85e+05 -1.682e+06 -1.632e+06 -1.808e+06
 -1.29e+06 -9.677e+05 -9.101e+05 -1.23e+06 -8.732e+05 -1.076e+06 -5.528e+05 -1.446e+06 -9.145e+05 -2.12e+06
 -1.24e+06 -7.01e+05 -3.6e+05 -1.131e+06 -7.36e+05 -8.572e+05 -6.11e+05 -1.036e+06 -8.943e+05 -1.242e+06
 -8.361e+05 -5.038e+05 4.685e+05 -6.791e+05 -4.819e+05 -2.461e+05 -7.123e+05 -7.432e+05 -8.397e+05 -5.67e+05
 -9.007e+05 -2e+05 1.094e+06 -6e+05 -3e+05 -3.57e+05 -5.97e+05 -4.59e+05 -5.411e+05 -4e+05
 -1.982e+05 -970 1.574e+05 -1.443e+04 -1.018e+05 2.439e+05 -1.014e+05 -3.01e+05 -2.01e+05 -8.643e+04
 0 0 7.9e+04 0 0 0 0 -7.9e+04 0 0
 0 0 0 0 0 0 0 0 0 0
 -1e+05 4.23e+05 2.45e+05 -1e+05 -3.08e+05 300 -1.76e+05 -2.38e+05 -7.003e+05 -1.54e+05
 -8.766e+05 2.4e+04 -5.007e+05 -2.68e+05 -6.08e+05 -3.237e+05 -6.62e+05 -8.85e+05 -1.092e+06 -3.54e+05
 -8.02e+05 -1.069e+06 -1.098e+06 -7.743e+05 -1.17e+06 -1.469e+06 -3.42e+05 -1.332e+06 -6.39e+05 -6.68e+05
 -6.314e+05 -1.067e+06 -1.66e+06 -8.476e+05 -1.121e+06 -1.231e+06 -6.834e+05 -1.693e+06 -6.21e+05 -3.425e+05
 -1.007e+06 -6.364e+05 -9.364e+05 -1.075e+06 -1.213e+06 -8.16e+05 -1.029e+06 -6.064e+05 -1.398e+06 -1.183e+06
 -9.094e+05 -5.404e+05 -1.378e+06 -7.066e+05 -1.048e+06 -8.62e+05 -9.324e+05 -8.92e+05 -9.62e+05 -6.084e+05
 -4.38e+05 -2.46e+05 -9.944e+05 -1.498e+05 -7.874e+05 -1.502e+05 -5.78e+04 -9.01e+05 -2.59e+05 -5.358e+05
 -5.76e+05 -1.62e+05 -3.233e+05 -2.92e+05 -5.3e+04 -2.867e+05 -3.08e+05 -6.62e+05 2.32e+05 -5.24e+05
 -5.46e+05 -1e+05 -3.83e+04 -4.46e+05 1.54e+05 -1.46e+05 -2.62e+05 -2.08e+05 -3.457e+05 -3.46e+05
 -6e+05 0 3e+05 -2e+05 -2e+05 -2e+05 -2e+05 1e+05 -4e+05 -2e+05
 -2e+05 -1e+05 -6.9e+04 -1e+05 -2e+05 0 -2e+05 -3.1e+04 -3e+05 -2e+05
 0 0 1e+05 0 0 0 0 -1e+05 0 0
 0 0 0 0 0 0 0 0 0 0


