# Created by Octave 5.2.0, Thu Sep 24 23:53:12 2020 CEST <jiwidi@land>
# name: w
# type: matrix
# rows: 197
# columns: 10
 -5.9e+04 -4.8e+04 -5.2e+04 -5.4e+04 -5e+04 -4.4e+04 -5.1e+04 -4.9e+04 -7.1e+04 -5.1e+04
 0 0 0 0 0 0 0 0 0 0
 0 0 0 0 0 0 0 0 0 0
 -1000 0 -3000 0 -2000 3000 -1000 0 -2000 -1000
 -1380 -2840 -4220 -840 -2220 1230 -1380 6150 -2220 -3530
 -1000 -5230 540 -2383 -460 -3460 -3000 8230 -3307 -4230
 -8460 -8000 -1536 -2100 2170 -7477 -5617 4540 -3080 -1.116e+04
 -8850 -1.323e+04 -5311 -1.101e+04 -8700 -1.411e+04 -9770 -9970 620 -5259
 -1.624e+04 -2.178e+04 -1.63e+04 -1.484e+04 -1.809e+04 -1.654e+04 -1.339e+04 -1.954e+04 -9930 -4847
 -1.916e+04 -1.34e+04 -1.509e+04 -1.359e+04 -2.47e+04 -2.038e+04 -1.87e+04 -2.393e+04 -1.203e+04 -8300
 -1.875e+04 -1.031e+04 -1.15e+04 -1.394e+04 -1.96e+04 -1.663e+04 -1.261e+04 -1.561e+04 -1.114e+04 -1.16e+04
 -1.323e+04 -5493 -1.191e+04 -1.273e+04 -1.293e+04 -1.114e+04 -1.154e+04 -1.526e+04 -6510 -1.34e+04
 -5550 -450 -1.047e+04 -8400 -3930 540 -4300 -3060 -1.186e+04 -1.063e+04
 -5540 0 -5000 -7080 690 5850 -7460 -5000 -1.046e+04 -3610
 0 0 0 0 0 0 0 0 0 0
 0 0 -620 -620 0 0 0 1240 0 -1240
 -120 0 -448 -1120 0 240 -132 1340 -1000 -240
 -2820 -1775 -2033 -2795 -3005 1686 -5760 2908 -4921 -3644
 -6327 -6824 -5131 -2331 -6114 -3494 -8139 4148 -7365 -1.05e+04
 -1.698e+04 -1.778e+04 -1.352e+04 -1.008e+04 -9736 -1.26e+04 -2.082e+04 -5693 -1.506e+04 -2.253e+04
 -2.286e+04 -3.191e+04 -2.452e+04 -2.267e+04 -2.595e+04 -2.549e+04 -2.627e+04 -1.424e+04 -2.819e+04 -2.43e+04
 -2.621e+04 -4.018e+04 -3.074e+04 -2.433e+04 -3.361e+04 -3.381e+04 -3.126e+04 -2.294e+04 -3.175e+04 -2.539e+04
 -3.548e+04 -4.333e+04 -3.255e+04 -3.143e+04 -4.813e+04 -3.812e+04 -3.767e+04 -2.865e+04 -3.107e+04 -2.232e+04
 -3.451e+04 -4.177e+04 -4.069e+04 -3.444e+04 -5.245e+04 -3.413e+04 -3.416e+04 -2.818e+04 -2.72e+04 -2.144e+04
 -4.177e+04 -3.345e+04 -3.713e+04 -3.586e+04 -4.447e+04 -3.634e+04 -3.93e+04 -2.985e+04 -3.512e+04 -2.929e+04
 -3e+04 -3.045e+04 -2.716e+04 -3.446e+04 -2.429e+04 -2.649e+04 -3.25e+04 -1.765e+04 -2.531e+04 -3.516e+04
 -2.172e+04 -1.772e+04 -2.389e+04 -2.59e+04 -1.365e+04 -1.098e+04 -2.288e+04 -1.345e+04 -2.657e+04 -2.35e+04
 -1.092e+04 -4966 -1.325e+04 -6169 -2107 5211 -1.475e+04 -5007 -1.636e+04 -9189
 -2460 -1770 -1000 -2770 -2760 4760 -3990 1000 -3000 -3000
 0 0 0 0 0 0 0 0 0 0
 -860 -4.7 2553 -2865 -4.7 -284.7 -3860 587.8 -3016 -1717
 -2836 -3979 -2260 -2266 -5120 -2016 -5309 -52 -2278 -6976
 -1.004e+04 -1.217e+04 -9854 -7516 -1.226e+04 -8556 -1.399e+04 -7141 -5920 -1.989e+04
 -2.102e+04 -2.773e+04 -1.664e+04 -2.193e+04 -2.025e+04 -2.525e+04 -2.811e+04 -2.136e+04 -2.551e+04 -2.045e+04
 -2.615e+04 -3.254e+04 -3.323e+04 -2.431e+04 -2.916e+04 -3.062e+04 -2.98e+04 -3.017e+04 -2.84e+04 -2.166e+04
 -2.203e+04 -2.783e+04 -2.764e+04 -1.902e+04 -2.545e+04 -2.467e+04 -2.529e+04 -1.75e+04 -1.938e+04 -2.429e+04
 -1.409e+04 -2.065e+04 -2.051e+04 -1.938e+04 -2.481e+04 -1.533e+04 -2.177e+04 -1.403e+04 -1.341e+04 -2.109e+04
 -1.152e+04 -1.547e+04 -2.06e+04 -2.101e+04 -2.733e+04 -1.589e+04 -1.979e+04 -1.614e+04 -2.897e+04 -2.555e+04
 -2.27e+04 -2.528e+04 -3.086e+04 -3.417e+04 -2.71e+04 -3.057e+04 -3.399e+04 -2.805e+04 -2.722e+04 -3.131e+04
 -2.224e+04 -3.135e+04 -2.66e+04 -3.022e+04 -2.584e+04 -3.767e+04 -3.899e+04 -2.2e+04 -2.616e+04 -3.184e+04
 -1.541e+04 -2.22e+04 -2.505e+04 -1.233e+04 -1.56e+04 -1.813e+04 -2.345e+04 -1.223e+04 -1.346e+04 -1.988e+04
 -8517 -7826 -1.336e+04 91 -8773 451.8 -8500 -4365 -3640 -6520
 -5600 -1700 -1620 -1120 -3530 2160 -2700 -700 -420 -3220
 0 0 1000 0 0 0 0 0 -1000 0
 -288.7 0 531 -300.5 -0.23 600 -302.3 -300.2 -1460 -140
 -6537 -6475 -7084 -1.021e+04 -6246 -2259 -6096 516.7 -3146 -9923
 -1.419e+04 -2.314e+04 -1.145e+04 -2.514e+04 -1.811e+04 -1.351e+04 -2.184e+04 -1.138e+04 -1.483e+04 -1.882e+04
 -2.624e+04 -3.159e+04 -1.806e+04 -2.836e+04 -1.684e+04 -2.183e+04 -2.573e+04 -2.241e+04 -2.603e+04 -1.767e+04
 -1.994e+04 -2.524e+04 -1.716e+04 -2.43e+04 -1.189e+04 -1.807e+04 -2.154e+04 -1.578e+04 -1.601e+04 -1.64e+04
 -1.415e+04 -1.992e+04 -1.227e+04 -2.355e+04 -1.44e+04 -6289 -1.146e+04 -1.109e+04 -1.136e+04 -1.275e+04
 -4557 -1.171e+04 -1.027e+04 -2.163e+04 -1.704e+04 -1302 -1.41e+04 -1.522e+04 -2.188e+04 -8406
 -1.162e+04 -1.044e+04 -2.069e+04 -1.442e+04 -2.187e+04 -1.625e+04 -1.967e+04 -1.286e+04 -2.128e+04 -1.592e+04
 -2.385e+04 -2.328e+04 -3.117e+04 -2.829e+04 -2.53e+04 -3e+04 -3.55e+04 -2.313e+04 -2.96e+04 -2.915e+04
 -1.915e+04 -3.249e+04 -2.836e+04 -2.341e+04 -3.212e+04 -3.34e+04 -3.939e+04 -2.563e+04 -2.669e+04 -2.428e+04
 -1.734e+04 -1.804e+04 -1.828e+04 -1.122e+04 -1.518e+04 -2.218e+04 -2.315e+04 -1.864e+04 -8048 -1.324e+04
 -2126 -7635 -1.03e+04 5430 -5964 -4598 -5957 -2217 -3150 -8109
 -2240 -3580 -1440 2830 -3580 570 -2160 -1580 -720 -2580
 -1000 -1000 3000 0 0 -1000 0 0 -2000 0
 225 -1000 4125 -1044 -1.56 -2453 -980 73.96 -2898 440.8
 -9362 -9779 -1.256e+04 -1.775e+04 -8714 79.7 -1.035e+04 -8699 -5157 -5129
 -1.973e+04 -2.503e+04 -2.157e+04 -3.588e+04 -2.279e+04 -1.372e+04 -2.445e+04 -2.419e+04 -1.99e+04 -1.299e+04
 -2.507e+04 -3.202e+04 -2.066e+04 -3.338e+04 -1.75e+04 -1.744e+04 -2.936e+04 -2.182e+04 -2.117e+04 -2.219e+04
 -2.014e+04 -2.089e+04 -1.174e+04 -2.618e+04 -1.749e+04 -1.23e+04 -2.097e+04 -2.527e+04 -1.549e+04 -1.191e+04
 -1.438e+04 -1.777e+04 -1.287e+04 -2.036e+04 -1.997e+04 -6555 -1.552e+04 -2.278e+04 -1.177e+04 -8474
 -1.855e+04 -1.426e+04 -1.433e+04 -1.491e+04 -2.002e+04 -1.245e+04 -1.296e+04 -2.18e+04 -1.288e+04 -6268
 -2.621e+04 -1.755e+04 -2.4e+04 -1.942e+04 -2.325e+04 -3.458e+04 -2.878e+04 -2.296e+04 -3.267e+04 -1.923e+04
 -2.54e+04 -2.921e+04 -3.273e+04 -2.312e+04 -2.503e+04 -4.363e+04 -3.827e+04 -2.88e+04 -3.132e+04 -2.865e+04
 -1.422e+04 -1.916e+04 -1.938e+04 -2.123e+04 -2.166e+04 -2.582e+04 -2.806e+04 -1.824e+04 -1.652e+04 -1.584e+04
 -2760 -1.158e+04 -1.238e+04 -5449 -9161 -1.751e+04 -1.715e+04 -1.004e+04 -1.044e+04 -6871
 6171 -4469 -972 -51.35 -4660 -8231 -4029 -3009 -4414 -849
 2990 -300 -290 300 -2140 -4140 -990 -1140 -150 0
 -230 -230 690 0 0 -230 0 0 -460 0
 993.8 -1548 -30.7 -4258 613 -2177 -3236 -2218 -3248 -1881
 -7414 -1.376e+04 -1.867e+04 -1.806e+04 -2963 -4236 -7144 -1.359e+04 -8670 -1.001e+04
 -1.442e+04 -2.324e+04 -2.979e+04 -2.337e+04 -1.06e+04 -1.105e+04 -1.967e+04 -2.839e+04 -1.975e+04 -8121
 -1.617e+04 -2.222e+04 -2.972e+04 -2.72e+04 -1.42e+04 -1.462e+04 -1.7e+04 -2.774e+04 -9352 -1.823e+04
 -1.623e+04 -2.034e+04 -2.438e+04 -2.4e+04 -9503 -1.518e+04 -1.755e+04 -2.691e+04 -9811 -1.57e+04
 -1.474e+04 -2.014e+04 -2.552e+04 -1.856e+04 -1.225e+04 -1.269e+04 -2.002e+04 -2.453e+04 -1.561e+04 -9341
 -2.833e+04 -2.061e+04 -2.827e+04 -2.094e+04 -2.5e+04 -2.79e+04 -3.535e+04 -3.18e+04 -2.812e+04 -1.684e+04
 -3.374e+04 -2.678e+04 -3.353e+04 -2.791e+04 -2.754e+04 -2.999e+04 -3.729e+04 -2.658e+04 -3.506e+04 -2.315e+04
 -2.412e+04 -2.29e+04 -1.9e+04 -1.709e+04 -1.827e+04 -2.345e+04 -2.765e+04 -2.153e+04 -2.616e+04 -1.557e+04
 -9056 -1.304e+04 -1.366e+04 -1.249e+04 -1.007e+04 -1.345e+04 -2.096e+04 -1.267e+04 -1.635e+04 -9744
 631 -9110 -4217 -7056 -2554 -1.194e+04 -1.384e+04 -8092 -1.113e+04 -4516
 6554 -2020 -2516 -3298 -3750 -5950 -4466 -3006 -1988 -2006
 3574 0 0 -17 0 -2787 -770 0 0 0
 2690 -1230 -2230 0 460 -1000 -2920 -2000 -1230 -1230
 -406.3 -3427 -9502 -6697 644.3 1015 -2467 -5691 -5527 -1557
 -3150 -1.082e+04 -1.839e+04 -1.562e+04 -4289 1851 -8624 -1.319e+04 -1.722e+04 -1.081e+04
 -1.428e+04 -2.024e+04 -2.41e+04 -1.633e+04 -9182 -1.147e+04 -1.219e+04 -2.1e+04 -2.107e+04 -1.442e+04
 -1.341e+04 -2.298e+04 -3.023e+04 -2.478e+04 -1.016e+04 -7589 -2.087e+04 -2.32e+04 -2.335e+04 -2.19e+04
 -2.398e+04 -2.905e+04 -3.517e+04 -2.444e+04 -2.252e+04 -1.678e+04 -2.502e+04 -3.444e+04 -1.897e+04 -2.184e+04
 -3.654e+04 -2.944e+04 -3.099e+04 -2.747e+04 -2.894e+04 -2.207e+04 -3.694e+04 -3.384e+04 -2.663e+04 -2.524e+04
 -4.217e+04 -3.043e+04 -3.755e+04 -2.555e+04 -2.946e+04 -3.213e+04 -3.902e+04 -3.134e+04 -2.777e+04 -3.621e+04
 -3.097e+04 -1.668e+04 -2.55e+04 -1.929e+04 -1.963e+04 -2.73e+04 -2.973e+04 -2.666e+04 -1.776e+04 -2.455e+04
 -1.721e+04 -1.63e+04 -1.096e+04 -1.001e+04 -1.289e+04 -1.341e+04 -1.541e+04 -1.491e+04 -2.426e+04 -1.142e+04
 -1.182e+04 -1.045e+04 -3955 -1.194e+04 -3263 -9234 -1.187e+04 -8103 -1.816e+04 -1.273e+04
 655.5 -8119 -5932 -4419 -2323 -1.421e+04 -9117 -7082 -1.083e+04 -8892
 5590 -2000 -5120 -380 -3242 -7678 -3490 -3130 -2000 -2001
 537 0 0 -230 0 -230 -77 0 0 0
 1000 -2000 -4000 0 3000 -1000 -2000 -2000 -2000 -3000
 3083 -5263 -1.127e+04 -5582 1849 -9490 -1573 -7490 -7733 -4261
 -4934 -1.122e+04 -5479 -1.034e+04 -2578 -1.044e+04 -8351 -8632 -1.582e+04 -1.156e+04
 -9769 -1.437e+04 -1.226e+04 -1.078e+04 -9243 -1.038e+04 -1.13e+04 -1.527e+04 -2.476e+04 -1.438e+04
 -1.704e+04 -2.72e+04 -1.994e+04 -2.418e+04 -1.502e+04 -1.642e+04 -1.564e+04 -2.49e+04 -1.268e+04 -2.106e+04
 -2.765e+04 -2.122e+04 -2.039e+04 -2.299e+04 -1.88e+04 -1.77e+04 -2.507e+04 -2.57e+04 -1.914e+04 -2.261e+04
 -3.381e+04 -2.325e+04 -2.963e+04 -2.501e+04 -2.746e+04 -3.006e+04 -3.332e+04 -3.091e+04 -1.787e+04 -3.61e+04
 -2.847e+04 -2.237e+04 -3.193e+04 -2.199e+04 -2.85e+04 -2.738e+04 -3.135e+04 -2.537e+04 -2.429e+04 -2.795e+04
 -2.63e+04 -1.403e+04 -2.191e+04 -1.76e+04 -1.92e+04 -1.953e+04 -1.786e+04 -2.146e+04 -1.484e+04 -1.801e+04
 -1.707e+04 -1.173e+04 -1.574e+04 -1.218e+04 -9048 -9620 -6715 -1.493e+04 -1.954e+04 -1.056e+04
 -1.108e+04 -1.351e+04 -1.331e+04 -8118 -6562 -1.262e+04 -8400 -1.188e+04 -1.861e+04 -1.682e+04
 2234 -6679 -1.227e+04 -5270 -4829 -1.15e+04 -3820 -8453 -1.084e+04 -1.206e+04
 5480 -2978 -9929 1035 -3057 -7537 -2113 -3978 -1985 -1979
 480 0 -480 0 0 0 0 0 0 0
 4000 -1380 -4380 1340 -1690 -2690 -1000 -1690 -1650 0
 2424 -7429 -4802 -6151 -8676 -1.416e+04 -4771 -7281 -7700 -6405
 1814 -5728 -1824 -9539 -2953 -1.557e+04 -2763 -7968 -1870 -5251
 -6693 -1.216e+04 -5511 -2.143e+04 -7853 -2.138e+04 -3378 -1.359e+04 -3046 -1.638e+04
 -1.658e+04 -1.354e+04 -1.008e+04 -2.913e+04 -1.209e+04 -2.663e+04 -1.11e+04 -2.025e+04 -7387 -2.067e+04
 -2.307e+04 -1.468e+04 -1.97e+04 -2.524e+04 -1.642e+04 -2.802e+04 -1.641e+04 -2.274e+04 -8254 -2.006e+04
 -2.658e+04 -1.734e+04 -2.005e+04 -2.504e+04 -1.665e+04 -3.118e+04 -2.273e+04 -2.432e+04 -1.529e+04 -2.228e+04
 -3.155e+04 -2.09e+04 -1.388e+04 -2.685e+04 -1.794e+04 -2.305e+04 -1.872e+04 -2.259e+04 -2.285e+04 -2.464e+04
 -2.581e+04 -2.034e+04 -1.707e+04 -1.885e+04 -2.083e+04 -2.277e+04 -1.053e+04 -1.981e+04 -1.669e+04 -1.711e+04
 -1.588e+04 -1.803e+04 -1.459e+04 -1.623e+04 -1.624e+04 -1.68e+04 -1.54e+04 -1.535e+04 -1.426e+04 -2.572e+04
 -1.177e+04 -1.41e+04 -2.328e+04 -1.085e+04 -1.133e+04 -1.027e+04 -6037 -1.364e+04 -1.391e+04 -1.663e+04
 -6013 -8949 -1.629e+04 -2689 -1.576e+04 -1.008e+04 -4860 -1.06e+04 -1.599e+04 -1.414e+04
 -837.5 -4860 -7160 -527.5 -6450 -7475 -1608 -3378 -6130 -4015
 -3940 -3210 1380 -1990 -3960 -1470 -3960 -2260 -5430 -3970
 -390 -3770 -450 -3033 -5270 -950 -2260 -2520 -4617 -3440
 -5352 -1.057e+04 -7264 -3761 -1.19e+04 -5164 -1.027e+04 -1.057e+04 -1.121e+04 -1.02e+04
 -6602 -1.236e+04 -2195 -1.436e+04 -1.426e+04 -1.525e+04 -9697 -1.281e+04 -4879 -1.856e+04
 -1.129e+04 -1.484e+04 -8738 -2.595e+04 -2.045e+04 -2.382e+04 -8467 -1.737e+04 -3758 -2.208e+04
 -2.24e+04 -1.591e+04 -1.728e+04 -2.898e+04 -2.017e+04 -2.765e+04 -1.317e+04 -2.077e+04 -1.544e+04 -2.62e+04
 -2.611e+04 -1.755e+04 -1.485e+04 -2.91e+04 -2.03e+04 -2.651e+04 -1.652e+04 -1.835e+04 -1.821e+04 -3.256e+04
 -2.958e+04 -1.743e+04 -1.5e+04 -2.941e+04 -1.659e+04 -2.133e+04 -1.398e+04 -1.654e+04 -2.527e+04 -2.113e+04
 -2.707e+04 -1.793e+04 -1.304e+04 -2.154e+04 -1.369e+04 -1.472e+04 -7551 -1.426e+04 -2.023e+04 -1.637e+04
 -1.609e+04 -2.137e+04 -1.082e+04 -1.656e+04 -1.616e+04 -1.691e+04 -1.384e+04 -2.054e+04 -2.036e+04 -1.464e+04
 -1.281e+04 -1.77e+04 -1.242e+04 -1.45e+04 -1.621e+04 -1.694e+04 -1.981e+04 -1.525e+04 -1.638e+04 -2.578e+04
 -1.323e+04 -1.469e+04 -8123 -4043 -1.713e+04 -1.865e+04 -1.13e+04 -1.439e+04 -1.378e+04 -1.965e+04
 -4223 -7895 -3868 -3884 -1.163e+04 -6729 -6670 -9194 -1.008e+04 -8377
 -3345 -2867 -6569 -127 -4107 -1424 1544 -4017 -8613 -2017
 -2770 -1000 -3616 -1000 0 1923 1693 -2000 -1000 -1000
 -2230 -2000 1564 -1770 -3440 3250 -6260 -3014 -3460 -1670
 -1.282e+04 -1.35e+04 -1.377e+04 -3060 -1.408e+04 1534 -1.162e+04 -1.278e+04 -3824 -1.3e+04
 -2.071e+04 -1.807e+04 -1.442e+04 -1.875e+04 -2.397e+04 -1.192e+04 -1.679e+04 -2.062e+04 -1.087e+04 -2.406e+04
 -1.926e+04 -2.327e+04 -2.036e+04 -2.399e+04 -2.704e+04 -1.208e+04 -1.722e+04 -2.038e+04 -1.878e+04 -2.6e+04
 -2.257e+04 -2.128e+04 -1.59e+04 -2.69e+04 -2.639e+04 -1.261e+04 -1.15e+04 -2.582e+04 -2.681e+04 -2.077e+04
 -2.337e+04 -1.925e+04 -1.867e+04 -2.363e+04 -2.022e+04 -2.14e+04 -8681 -1.882e+04 -2.815e+04 -1.792e+04
 -2.28e+04 -1.778e+04 -1.315e+04 -1.896e+04 -1.867e+04 -2.333e+04 -9144 -1.833e+04 -1.663e+04 -1.542e+04
 -1.192e+04 -1.444e+04 -7857 -1.054e+04 -1.306e+04 -2.617e+04 -1.385e+04 -1.612e+04 -1.67e+04 -1.415e+04
 -1.13e+04 -1.298e+04 -9841 -7951 -1.608e+04 -1.397e+04 -1.993e+04 -1.505e+04 -1.697e+04 -2.092e+04
 -1.715e+04 -2.14e+04 -1.495e+04 -9088 -1.579e+04 -1.673e+04 -1.426e+04 -1.606e+04 -1.487e+04 -2.278e+04
 -1.373e+04 -1.08e+04 -8624 -7613 -1.484e+04 -1.099e+04 -3645 -9934 -7465 -1.237e+04
 -7820 -4800 -2531 -5775 -1.134e+04 -4420 -4586 -9340 -6160 -7020
 -5282 -2002 4981 -4390 -5210 -2902 -2590 -4983 -7977 -3990
 -1000 -770 9770 -1770 -1000 -4000 0 -1000 -4000 0
 -1610 -760 -90 -2070 -2690 1720 -2380 -2840 -1240 -2000
 -1.346e+04 -9384 -8646 -7263 -1.526e+04 -613.3 -1.186e+04 -1.369e+04 -5969 -1.311e+04
 -1.824e+04 -2.141e+04 -1.145e+04 -1.752e+04 -2.334e+04 -1.68e+04 -1.847e+04 -2.566e+04 -2.461e+04 -2.218e+04
 -2.449e+04 -2.796e+04 -2.256e+04 -2.312e+04 -3.017e+04 -2.096e+04 -2.117e+04 -2.799e+04 -2.618e+04 -2.76e+04
 -2.717e+04 -2.511e+04 -2.631e+04 -2.24e+04 -2.779e+04 -2.442e+04 -1.941e+04 -2.494e+04 -3.218e+04 -2.785e+04
 -2.735e+04 -2.178e+04 -2.261e+04 -2.65e+04 -2.436e+04 -2.149e+04 -1.996e+04 -2.477e+04 -3.282e+04 -2.76e+04
 -2.293e+04 -2.382e+04 -2.501e+04 -2.488e+04 -2.996e+04 -2.507e+04 -2.014e+04 -2.989e+04 -2.017e+04 -2.837e+04
 -1.92e+04 -2.023e+04 -1.548e+04 -1.967e+04 -1.9e+04 -2.533e+04 -1.854e+04 -2.209e+04 -2.307e+04 -2.573e+04
 -2.058e+04 -2.047e+04 -1.42e+04 -1.836e+04 -2.12e+04 -1.171e+04 -1.675e+04 -2.403e+04 -2.081e+04 -2.938e+04
 -1.864e+04 -1.623e+04 -7687 -1.393e+04 -1.614e+04 -1.075e+04 -7754 -1.841e+04 -1.431e+04 -2.634e+04
 -1.208e+04 -9363 55.36 -9293 -1.261e+04 -1.176e+04 -6490 -1.439e+04 -1.391e+04 -1.388e+04
 -6860 -4000 7519 -7858 -7760 -6780 -6056 -1.104e+04 -7416 -6940
 -5600 -630 5170 -1280 -3230 270 -1360 -3730 -5240 -2850
 -1000 0 3150 0 -1000 -460 -460 -1230 0 0
 0 0 2620 -1080 0 -1920 -1000 0 -160 -1000
 -1.247e+04 -820 -5091 -5093 -1.047e+04 -3438 -1e+04 -1.007e+04 -1.129e+04 -1.087e+04
 -2.161e+04 -1.631e+04 -1.054e+04 -1.827e+04 -2.085e+04 -2.132e+04 -2.035e+04 -2.295e+04 -2.464e+04 -2.249e+04
 -2.256e+04 -2.548e+04 -2.483e+04 -2.413e+04 -2.59e+04 -2.755e+04 -2.199e+04 -2.854e+04 -2.341e+04 -3.157e+04
 -2.586e+04 -2.638e+04 -3.376e+04 -2.636e+04 -3.083e+04 -3.34e+04 -2.301e+04 -2.803e+04 -2.619e+04 -4.065e+04
 -2.441e+04 -2.688e+04 -3.48e+04 -2.465e+04 -2.676e+04 -3.337e+04 -1.9e+04 -3.423e+04 -1.918e+04 -3.588e+04
 -2.268e+04 -2.317e+04 -3.16e+04 -2.051e+04 -2.391e+04 -2.525e+04 -1.128e+04 -2.438e+04 -2.293e+04 -2.813e+04
 -1.582e+04 -1.796e+04 -2.391e+04 -2.094e+04 -1.88e+04 -1.932e+04 -9480 -2.177e+04 -2.295e+04 -2.499e+04
 -1.76e+04 -1.483e+04 -1.077e+04 -1.482e+04 -1.545e+04 -1.549e+04 -1.03e+04 -2.013e+04 -1.275e+04 -2.567e+04
 -1.328e+04 -9870 -6275 -1.093e+04 -1.017e+04 -1.11e+04 -8270 -1.205e+04 -1.341e+04 -1.519e+04
 -9066 -7149 3656 -1.079e+04 -6355 -4905 -1.125e+04 -9554 -9513 -8682
 -9347 -5000 1.331e+04 -8000 -5007 -4193 -9327 -8910 -6820 -6000
 -1968 -9.7 2110 -14 -3036 2449 -2582 -2014 -2010 -1568
 0 0 1000 0 0 0 0 -1000 0 0
 0 0 0 0 0 0 0 0 0 0
 -1310 5230 380 -6000 -4540 -840 -2000 -3380 -8080 460
 -1.5e+04 -5610 -4770 -6380 -8680 -6150 -6700 -1e+04 -9850 -7850
 -1.2e+04 -1.077e+04 -1.393e+04 -7229 -1.401e+04 -2.028e+04 -6549 -1.325e+04 -5308 -7300
 -1.251e+04 -1.344e+04 -1.883e+04 -1.387e+04 -1.691e+04 -1.346e+04 -1.167e+04 -2.016e+04 -1.061e+04 -9824
 -9454 -1.074e+04 -1.328e+04 -1.191e+04 -1.469e+04 -1.493e+04 -1.29e+04 -1.306e+04 -1.968e+04 -1.713e+04
 -1.086e+04 -8404 -1.286e+04 -5199 -1.417e+04 -1.469e+04 -1.309e+04 -1.154e+04 -8861 -1.145e+04
 -6230 -4000 -1.293e+04 -2021 -8968 -3122 -2630 -1.193e+04 -977 -7441
 -5690 -2380 -4136 -3140 -3300 -3557 -7857 -7690 1010 -7097
 -6840 -3460 -1383 -4460 920 -3460 -6240 -2540 -3837 -6000
 -5000 -3000 0 -3000 -3000 -2000 -5000 1000 -5000 -1000
 -2000 -2000 -310 -3000 -3000 1000 -2690 -1000 -3000 -2000
 0 0 960 0 0 0 -960 0 0 0
 0 0 0 0 0 0 0 0 0 0


