# Created by Octave 5.2.0, Thu Sep 24 23:52:46 2020 CEST <jiwidi@land>
# name: w
# type: matrix
# rows: 197
# columns: 10
 -1.969e+04 -1.756e+04 -1.816e+04 -1.93e+04 -1.884e+04 -1.698e+04 -1.827e+04 -1.806e+04 -2.327e+04 -1.854e+04
 0 0 0 0 0 0 0 0 0 0
 0 0 0 0 0 0 0 0 0 0
 -100 -151.6 -530 -131.6 -380 460 -60 -228.4 -460.8 -91.64
 -220.5 -901.4 -885 -578.9 -470.7 78.9 -134.5 1071 -586.4 -609.8
 -360.1 -1177 -121.6 -950.1 -266.1 -583.8 -721.6 1509 -739.2 -1092
 -1361 -1901 -1072 -1106 -347.4 -1736 -1226 891.4 -814.7 -3124
 -2370 -2912 -2213 -2584 -2589 -3665 -2955 -2406 -1485 -2132
 -4587 -4573 -4910 -4407 -5158 -5145 -4523 -5993 -3736 -1792
 -5726 -3727 -5377 -4608 -6527 -5443 -5658 -6865 -4547 -3188
 -6411 -5584 -5050 -5403 -6995 -6052 -5337 -5182 -5339 -4792
 -4767 -4124 -4575 -4952 -4156 -4839 -4882 -5249 -4275 -4999
 -2897 -1342 -2970 -2231 -1804 -1461 -2471 -1269 -3214 -3298
 -1212 -119.8 -1692 -1899 -568.9 913.4 -1728 -1221 -1467 -946.4
 -50 -20 -30 -90 -30 100 -50 -30 -40 -80
 -12.4 -18.6 -80.6 -241.8 -18.6 -24.8 -6.2 248 -24.8 -229.4
 -41.9 -181.2 -77.2 -253.4 -100.2 -15.53 -45.67 374.9 -57.32 -101.4
 -641.9 -971.7 -538.8 -734.9 -829.8 -19.68 -809.6 529 -1230 -882.5
 -1873 -2388 -1669 -1091 -1908 -1030 -1935 68.87 -2176 -2793
 -4667 -6317 -4445 -3518 -3595 -4031 -6068 -3078 -4305 -6775
 -7851 -9954 -7761 -7401 -7557 -7858 -8337 -4678 -8014 -8691
 -9422 -1.209e+04 -9737 -8972 -1.038e+04 -1.018e+04 -1.041e+04 -7140 -1.048e+04 -8099
 -1.148e+04 -1.354e+04 -1.106e+04 -1.105e+04 -1.426e+04 -1.194e+04 -1.219e+04 -9800 -1.11e+04 -8247
 -1.148e+04 -1.312e+04 -1.277e+04 -1.214e+04 -1.544e+04 -1.231e+04 -1.219e+04 -1.047e+04 -1.099e+04 -8612
 -1.26e+04 -1.277e+04 -1.266e+04 -1.26e+04 -1.444e+04 -1.258e+04 -1.302e+04 -1.044e+04 -1.246e+04 -1.074e+04
 -1.056e+04 -1.067e+04 -1.04e+04 -1.108e+04 -9669 -9825 -1.046e+04 -8093 -1.004e+04 -1.118e+04
 -6706 -6013 -7902 -7404 -5398 -4763 -7234 -5794 -7737 -7459
 -3311 -1829 -3050 -2007 -2062 482.9 -3257 -2132 -3589 -2726
 -469.7 -398.9 -490.9 -940.2 -479 771.5 -473.3 42.3 -462.6 -758.1
 -130 -50 -60 180 -40 -120 -20 -40 -40 -170
 -449.9 -254 355.2 -215 -320.7 -393.4 -721.3 -64.11 -618 -523.3
 -1042 -1189 -656.5 -1275 -1521 -1264 -1428 -814.9 -809.9 -1653
 -3782 -3837 -3120 -2606 -3915 -3260 -3992 -1969 -2731 -4847
 -7287 -8956 -6691 -7598 -7230 -7747 -8529 -6685 -7694 -7538
 -8315 -1.024e+04 -9170 -8832 -9373 -8936 -8883 -7943 -7847 -7813
 -7531 -9160 -8073 -7070 -8145 -7652 -7975 -5393 -6910 -8561
 -6268 -6460 -6331 -6680 -7848 -5821 -6795 -5492 -5637 -7609
 -5802 -5766 -6953 -6945 -8826 -6512 -7462 -5604 -8051 -9158
 -9064 -9890 -1.119e+04 -1.173e+04 -1.057e+04 -1.094e+04 -1.119e+04 -1.06e+04 -9791 -1.106e+04
 -1.001e+04 -1.131e+04 -1.046e+04 -1.109e+04 -9414 -1.185e+04 -1.171e+04 -9211 -1.038e+04 -1.149e+04
 -5731 -6770 -7597 -4798 -5834 -5594 -6830 -4598 -4831 -6245
 -2583 -2403 -3062 -667.6 -3290 -1387 -2829 -1896 -1498 -2479
 -963.2 -607.5 -703.2 -555.8 -630.7 401.3 -645.5 -290.1 -193.1 -839
 -20 -50 370 -10 -230 -80 -280 -30 -370 -60
 -166.3 -144.5 333.5 -157.8 -385 -170.9 -441 -93.61 -538.6 -32.93
 -1688 -1700 -1760 -2833 -2108 -1097 -1909 -1133 -1049 -2180
 -5265 -6085 -4079 -7038 -5631 -4921 -6422 -4257 -5112 -5639
 -8619 -1.016e+04 -7184 -9384 -6879 -7132 -8467 -7363 -7993 -7352
 -6646 -8696 -6062 -7784 -5890 -6463 -7148 -5902 -6261 -6420
 -4640 -6060 -4730 -6375 -5086 -3613 -4301 -4597 -5242 -4768
 -2580 -4042 -4336 -5418 -5830 -2123 -5288 -5308 -6033 -3447
 -5417 -5707 -7409 -5920 -7616 -6097 -7385 -5024 -7327 -7807
 -9874 -9765 -1.16e+04 -1.126e+04 -1.016e+04 -1.101e+04 -1.2e+04 -9584 -1.164e+04 -1.045e+04
 -7891 -9940 -9106 -8832 -9443 -9637 -1.132e+04 -7988 -9109 -9063
 -5237 -5571 -4814 -3926 -5053 -5884 -6198 -5694 -3447 -4475
 -1693 -2371 -2737 523.5 -2511 -2466 -2553 -1656 -1999 -2294
 -705.3 -1037 -807.7 208.9 -958.9 -700.1 -1094 -627.9 -507.6 -827.4
 -290 -270 320 -50 -220 -320 -190 -210 -240 -120
 -129.7 -494.7 280.3 -259 -587.6 -776.4 -580.4 -709.2 -551.2 -116.5
 -2007 -2123 -2778 -3641 -2507 -664.4 -2143 -2368 -1217 -1742
 -6357 -7533 -6564 -9062 -6650 -4878 -6948 -6763 -6201 -3767
 -7725 -9505 -6815 -9456 -6186 -6019 -8403 -7162 -7378 -8073
 -7257 -7149 -5360 -8604 -6296 -4805 -7233 -8880 -5942 -4362
 -5313 -6123 -5350 -5911 -6461 -3444 -5608 -7773 -4531 -3004
 -6470 -5135 -5682 -5416 -6805 -4966 -5579 -7834 -5349 -2656
 -9885 -7101 -9743 -8374 -9162 -1.124e+04 -1e+04 -9115 -1.084e+04 -8392
 -9723 -1.039e+04 -1.09e+04 -9402 -9973 -1.3e+04 -1.229e+04 -1.101e+04 -1.066e+04 -9863
 -5335 -7047 -6681 -6917 -7622 -7497 -8499 -6670 -6226 -5946
 -1582 -3170 -3379 -2021 -2914 -4134 -4487 -2998 -3135 -2277
 298.8 -1055 -502.5 185.7 -794.5 -2175 -1081 -744.1 -1040 -667.7
 791.2 -105.8 -66.2 -94.2 -114.1 -922.2 -154.1 -97.7 -104.2 -84.2
 -66.7 -62.1 73.6 -11.5 -50.6 -73.6 -43.7 -48.3 -55.2 -27.6
 -101.6 -910.3 -419.8 -1045 30.61 -543.7 -394.8 -646.9 -649.8 -982.4
 -2425 -3504 -3797 -4039 -1140 -2147 -2217 -2874 -2158 -2526
 -5031 -6846 -7381 -6586 -4083 -4719 -5858 -8006 -5820 -3482
 -7644 -8491 -1e+04 -8438 -5514 -6060 -7345 -9178 -5782 -6739
 -6680 -7387 -7884 -7594 -4218 -6085 -6119 -9057 -5383 -5778
 -5400 -6196 -7586 -5747 -5258 -5572 -6932 -8381 -5493 -4758
 -1.029e+04 -8149 -9918 -8444 -9433 -1.048e+04 -1.059e+04 -1.097e+04 -9532 -7451
 -1.156e+04 -1.033e+04 -1.133e+04 -1.01e+04 -1.041e+04 -1.146e+04 -1.214e+04 -1.137e+04 -1.196e+04 -9572
 -8332 -8559 -7657 -6810 -7344 -8687 -8937 -8032 -8817 -5595
 -3430 -3905 -4431 -3679 -3831 -4589 -5783 -4142 -4065 -2097
 -101 -1805 -1324 -1787 -822.5 -2642 -3265 -1766 -2725 -1266
 996 -367.9 -348.2 -860.1 -322.3 -1115 -634 -397.4 -394.3 -277.3
 678.6 -42.54 -35.01 -113 -68.91 -719.5 -120.4 -52.54 -65.01 -52.54
 136.4 -136.6 -467.9 -92.4 101.9 -134.1 58.76 -107.6 -115.9 -98.46
 -569 -1180 -1647 -1838 36.2 -470.9 -610.7 -1731 -1610 -408.4
 -1233 -2291 -3815 -3255 -1325 -599.8 -2164 -3011 -3880 -2054
 -5133 -6375 -6906 -4790 -3245 -4375 -4282 -7054 -5965 -5054
 -6218 -7755 -9398 -8145 -5435 -5050 -7783 -8866 -8070 -7767
 -8717 -9584 -1.087e+04 -8889 -8842 -7178 -9227 -1.14e+04 -8596 -7957
 -1.2e+04 -1.066e+04 -1.075e+04 -9609 -1.064e+04 -9410 -1.219e+04 -1.199e+04 -1.076e+04 -1.021e+04
 -1.319e+04 -1.07e+04 -1.277e+04 -1.108e+04 -1.167e+04 -1.263e+04 -1.268e+04 -1.3e+04 -1.135e+04 -1.179e+04
 -1.048e+04 -8360 -1.083e+04 -8853 -9107 -1.01e+04 -1.054e+04 -1.08e+04 -8410 -9159
 -6445 -5366 -5250 -4632 -4824 -5493 -5737 -5492 -6688 -4587
 -3309 -3000 -2159 -3087 -1562 -2754 -3882 -2432 -4423 -3241
 -558.3 -1661 -1780 -1534 -960.6 -3123 -1798 -1763 -2786 -2018
 636.3 -408.6 -877.7 -455.6 -526.6 -1554 -490.3 -551 -527.7 -435
 140.8 -26.17 -50.17 -116.2 -28.47 -79.37 -80.17 -27.87 -30.17 -27.87
 -317 -487.6 -758.2 -228.2 807.6 -488.2 151.8 -198.2 -388.2 -498.2
 229.4 -1078 -2175 -1184 616.6 -1774 -314.7 -1605 -1699 -693.8
 -1447 -2397 -1801 -2400 -594.2 -3634 -2474 -2490 -3941 -2451
 -3773 -4304 -4166 -3886 -3134 -4223 -3864 -4633 -5541 -4485
 -6793 -8303 -6313 -6774 -4912 -6414 -5675 -7681 -5518 -6627
 -8535 -8090 -7654 -6921 -7645 -7862 -8560 -8898 -7570 -8101
 -1.128e+04 -9689 -1.038e+04 -1.004e+04 -1.064e+04 -1.082e+04 -1.13e+04 -1.142e+04 -8643 -1.117e+04
 -1.083e+04 -9449 -1.146e+04 -9579 -1.046e+04 -1.008e+04 -1.063e+04 -1.031e+04 -1.037e+04 -1.041e+04
 -8476 -5717 -8419 -7045 -7285 -7845 -7504 -7570 -7287 -7430
 -5001 -4445 -5464 -4054 -3941 -4265 -4147 -5337 -5887 -4390
 -3229 -3618 -3700 -2756 -2778 -3523 -3285 -3486 -4936 -4648
 -412.9 -1762 -3058 -1560 -1479 -2224 -1104 -1913 -2723 -2494
 616.1 -558.7 -1868 -71.57 -599.4 -1530 -14.82 -701.2 -528.4 -551.4
 176.1 -1.5 -146.1 -45.7 -1.5 -65.3 -60.9 -30.1 -10.9 -15.7
 491.2 -382.4 -1039 -278.4 -249.3 -531 29.56 -482.8 -281.1 -251.5
 490.2 -1344 -794.4 -1536 -1341 -2989 -989.8 -1254 -1779 -1413
 -152.9 -1509 -1673 -2598 -670.4 -3844 -1213 -1943 -1184 -1793
 -2729 -4619 -3370 -6314 -2932 -6152 -2744 -4280 -2550 -4660
 -5670 -5457 -5239 -7983 -4844 -8119 -4834 -6025 -4508 -6265
 -7292 -5936 -7314 -7692 -6519 -9175 -6815 -6821 -5201 -7738
 -9334 -8128 -8341 -1.004e+04 -7704 -1.01e+04 -9314 -9735 -7341 -9488
 -9578 -7754 -6648 -8914 -7106 -8071 -7556 -7926 -8060 -9418
 -7371 -6185 -5703 -6120 -7043 -7233 -4770 -6503 -5480 -5979
 -5758 -5634 -4808 -4883 -5336 -5455 -5299 -5181 -4376 -7182
 -3167 -4116 -4961 -3660 -3799 -3336 -2499 -3964 -4480 -4663
 -1359 -2121 -2921 -1424 -3052 -2238 -1566 -2435 -3557 -3111
 -1216 -1300 -1468 -418 -1501 -1600 -332.6 -1001 -1499 -1384
 -734.3 -726.1 436.7 -654.1 -1141 -424.8 -1103 -382.3 -1167 -806.4
 -230.9 -1004 -406.1 -1199 -1689 -403.6 -749.8 -607.6 -1215 -1107
 -2015 -3071 -2414 -1846 -3673 -1412 -3197 -2586 -3405 -3699
 -3127 -3991 -2225 -4482 -4421 -4678 -3918 -3743 -2920 -5481
 -5117 -5501 -4017 -7721 -5726 -7240 -4352 -5734 -3420 -6534
 -6851 -6447 -6375 -8942 -6730 -8454 -5365 -6343 -4842 -8197
 -8296 -7098 -6654 -9484 -7523 -9101 -7518 -7053 -7663 -9603
 -9380 -8067 -7397 -1.014e+04 -8231 -8369 -7259 -7927 -8602 -9319
 -7355 -6379 -5606 -6650 -6234 -5371 -4557 -4979 -7385 -5842
 -4690 -6007 -3820 -5107 -4668 -5472 -4288 -5427 -5390 -4505
 -4511 -6042 -4649 -4643 -5492 -5700 -5122 -5226 -5421 -7819
 -4140 -4729 -2925 -2804 -5255 -4990 -4153 -4202 -4968 -5237
 -1744 -2073 -1283 -1443 -3171 -1925 -2076 -2579 -3016 -2303
 -1153 -1126 -1134 -158 -1758 -874.6 -309.1 -1677 -2157 -959.7
 -554 -305.5 -386.1 -219.2 -205.7 126.8 36.79 -381.5 -273.5 -134.6
 -947.7 -1158 -703.5 -511.8 -1260 413.3 -1500 -898.8 -1252 -894
 -3563 -3883 -3692 -1907 -4605 -1440 -3571 -3495 -2443 -4124
 -6487 -6264 -5264 -6081 -6861 -4429 -5877 -5952 -4400 -7744
 -6695 -7935 -7680 -7787 -8807 -5386 -6671 -6728 -7235 -9264
 -7462 -8073 -7064 -8488 -8900 -6293 -6155 -8228 -8247 -7254
 -8538 -7539 -7708 -8546 -8397 -8166 -5857 -7707 -9640 -7704
 -7931 -7260 -6537 -7165 -7364 -7810 -4798 -8016 -5615 -7117
 -5365 -6245 -4325 -4878 -5462 -7122 -5166 -5905 -5620 -5617
 -4445 -4970 -4176 -3689 -5186 -4875 -5453 -5649 -5020 -5948
 -4954 -5977 -4509 -3198 -5151 -5391 -3677 -5124 -4480 -6903
 -4103 -3770 -2918 -2818 -4139 -3136 -2974 -3495 -2581 -4501
 -2546 -1786 -1310 -1611 -2807 -1033 -1770 -2802 -2618 -1991
 -1258 -896.3 318.5 -1332 -1559 -758.8 -1063 -1531 -2138 -1012
 -347 -314 1256 -585.6 -325.5 -653.9 -206.3 -364.7 -1098 -188.5
 -342.1 -601.1 -255.5 -857.5 -992.1 -495 -496.2 -716 -363.1 -566.1
 -3810 -3360 -2909 -3021 -4615 -1871 -4015 -4114 -2119 -4682
 -6725 -6663 -4998 -6430 -7362 -6669 -6743 -7344 -7755 -8111
 -9159 -9407 -8383 -8423 -1.019e+04 -8342 -7847 -9796 -9197 -9696
 -9934 -9357 -8851 -8788 -9973 -9388 -8544 -9259 -1.07e+04 -1.058e+04
 -8444 -7558 -7924 -8225 -8291 -7758 -7752 -8588 -1.035e+04 -9611
 -6993 -6921 -7148 -8300 -8649 -7125 -7254 -8502 -6389 -8672
 -6430 -6789 -4861 -6756 -6508 -7014 -5919 -7316 -6609 -8501
 -6373 -6061 -3538 -5959 -5969 -4450 -5539 -7379 -5810 -7768
 -4915 -5173 -3401 -4423 -4862 -4142 -3267 -5248 -4155 -6979
 -3319 -2801 -1205 -2695 -3031 -2994 -2492 -3568 -3094 -3694
 -2055 -1512 840.6 -2093 -1849 -1343 -2150 -2865 -2542 -1770
 -1327 -508.3 262 -658.2 -797.2 -251.1 -755.4 -1066 -1338 -724.9
 -51.5 -46.9 214.1 -36.9 -65.3 -143.5 -122.1 -46.9 -157.3 -51.5
 -256.9 -253.8 123.6 -187.7 -232.9 -339.1 -187.6 -263.1 -124.6 -416.8
 -3630 -1375 -2074 -2749 -3441 -2484 -3175 -3709 -2406 -4058
 -7091 -6088 -4828 -6180 -7053 -6682 -5798 -7366 -7758 -7558
 -8996 -9631 -8888 -9442 -1.019e+04 -1.03e+04 -8406 -1.088e+04 -8874 -1.056e+04
 -1.007e+04 -9907 -1.09e+04 -1e+04 -1.127e+04 -1.175e+04 -9591 -1.036e+04 -9525 -1.401e+04
 -9165 -9098 -1.072e+04 -9130 -9613 -1.061e+04 -8255 -1.085e+04 -7394 -1.141e+04
 -7291 -7423 -9188 -6864 -7132 -7696 -5571 -7931 -7410 -9077
 -5645 -6454 -6889 -6470 -5900 -6433 -4403 -6910 -5952 -7631
 -4473 -4505 -3799 -4582 -4373 -4768 -3529 -5945 -3384 -6405
 -3009 -2477 -1748 -3109 -2808 -2924 -2962 -3737 -2397 -3786
 -2759 -1855 132.2 -2351 -2014 -1454 -2511 -2970 -2165 -2145
 -2083 -1090 2148 -1785 -1196 -1185 -1928 -2198 -1814 -1403
 -391.2 -261.8 83.62 -132.3 -555.6 69.35 -475.8 -707.4 -805.3 -409.8
 -19.6 -24.1 53.3 -21.3 -19.6 -24.7 -42 -36.5 -24.1 -24.1
 0 0 0 0 0 0 0 0 0 0
 -1017 542.4 -8.04 -711.9 -1381 -1016 -719.1 -1215 -1812 -1019
 -3319 -1321 -2457 -2153 -3483 -2672 -2328 -3742 -3591 -2957
 -4549 -4067 -5138 -3649 -5412 -5408 -3136 -5892 -3990 -3526
 -4404 -4454 -5732 -4805 -5335 -4571 -4804 -6948 -3978 -3649
 -4446 -4120 -4767 -4329 -4877 -4588 -5181 -4534 -6285 -6173
 -3579 -3011 -4524 -2900 -3800 -3664 -4179 -3694 -3983 -4394
 -2113 -2363 -4161 -1958 -2698 -2374 -1091 -3708 -1617 -2655
 -1723 -980.2 -1613 -1247 -1642 -1200 -1400 -2232 -130.8 -1996
 -1357 -442.2 -526.5 -988.8 -509.5 -866.8 -1079 -678.5 -690.4 -959.1
 -1325 -410 275.4 -712.3 -730 -852.3 -732.3 -554.6 -812.3 -622.3
 -538.4 -310.7 55.4 -186.9 -504.6 -43.1 -316.9 -621.5 -788.4 -428.4
 -81.2 -77.3 170.1 -77.7 -71.2 -100.8 -83.9 -117 -70.8 -58.1
 0 0 0 0 0 0 0 0 0 0


