# Created by Octave 5.2.0, Thu Sep 24 23:51:57 2020 CEST <jiwidi@land>
# name: w
# type: matrix
# rows: 197
# columns: 10
 -228 -202 -211 -225 -219 -191 -210 -204 -280 -216
 0 0 0 0 0 0 0 0 0 0
 0 0 0 0 0 0 0 0 0 0
 -2 -2.082 -6 -3 -5 8 -2 -3.918 -7 -2
 -5.22 -10.15 -11.29 -7.22 -6.6 2.68 -3.22 11.7 -7.82 -7.07
 -5.23 -15.23 -1.54 -14.15 -4.92 -9.23 -8.46 18 -9.767 -15.62
 -17.79 -24.02 -12.62 -13.72 -5.75 -25.09 -15.95 8.043 -13.7 -34.56
 -30.89 -38.11 -27.56 -37.55 -33.79 -47.04 -37.08 -32.01 -19.21 -25.8
 -56.76 -59.37 -59.36 -50.51 -62.31 -60.68 -52.32 -69.5 -43.89 -15.44
 -67.43 -40.94 -66.24 -50.02 -79.3 -67.14 -66.3 -87.55 -50.22 -30.9
 -71.36 -60.42 -58.47 -64.2 -78.81 -73.15 -59.37 -58.94 -58.58 -52.81
 -57.01 -49.23 -55.4 -56.45 -47.69 -55.73 -56.66 -63.87 -46.35 -60.69
 -33.17 -12.04 -37.79 -26.6 -20.42 -12.06 -29.51 -15.89 -43.75 -41.45
 -19.85 -3.683 -24.77 -23.93 -8.167 12.62 -24.38 -18.07 -22.61 -12.53
 -1 0 -1 -1 -1 1 -1 -1 -1 -1
 0 0 -1.24 -2.48 -0.62 -0.62 0 3.1 0 -3.1
 -0.24 -1.072 -1.555 -4.712 -1.592 0.348 -0.265 4.848 -1.012 -1.98
 -11.65 -12.11 -9.353 -11.61 -12.85 1.449 -12.53 4.953 -18.11 -11.9
 -25.98 -30.55 -24.02 -17.46 -23.59 -11.38 -25.32 3.459 -30.32 -33.28
 -60.46 -74.16 -56.07 -42.64 -43.84 -47.21 -76.62 -35.58 -52.07 -84.37
 -95.04 -118.2 -97.21 -86.88 -90.44 -96.87 -99.46 -52.2 -94.91 -103
 -112.5 -145.1 -115 -104.3 -124.8 -125.2 -122.1 -83.92 -123.2 -97.7
 -138.2 -161.5 -132.6 -126.7 -177.1 -142.2 -146.8 -117.7 -132.8 -93.24
 -130.9 -152.5 -155.6 -136.4 -189.9 -145 -143.7 -120.2 -123.1 -93.47
 -146.2 -144.9 -149.7 -147 -171.5 -139.8 -156.9 -116.7 -143.8 -122.4
 -121.9 -120.4 -119.3 -134.1 -111.9 -115.1 -129 -91.65 -119 -129.7
 -84.39 -77.63 -93.76 -86.2 -58.16 -54.33 -91.72 -66.41 -101.1 -95.65
 -41.8 -24.09 -41.13 -25.88 -25.61 11.83 -38.65 -26.59 -47.48 -37.12
 -6.25 -4 -9.17 -10.83 -7.62 11.31 -4.66 0.25 -6.11 -8.43
 -2 -1 -2 2 0 -2 0 0 0 -2
 -6.745 -4.352 2.749 -6.185 -4.365 -4.474 -8.783 0.6812 -7.077 -8.032
 -16.07 -17.58 -13.75 -20.14 -20.91 -15.68 -21.97 -6.018 -12.67 -22.99
 -48.55 -48.54 -42.52 -31.7 -52.61 -39.65 -54.3 -22.44 -31.81 -60.2
 -90.9 -109.1 -75.08 -88.33 -82.82 -98.16 -107.9 -82.07 -91.88 -87.97
 -101.4 -126.7 -113.4 -106.4 -115.4 -111 -113.1 -97.65 -93.36 -94.23
 -87.33 -106.2 -94.02 -80.53 -98.13 -88.82 -91.86 -62.3 -80.53 -103.8
 -71.92 -74.88 -74.22 -79 -97.51 -69.8 -86.66 -63.41 -65.7 -92.67
 -59.82 -71.95 -81.8 -82.34 -107.6 -79.3 -94.24 -67.86 -99.51 -109.1
 -101 -114.9 -130.3 -137.7 -118.3 -128.5 -131.8 -118.6 -108.8 -134.4
 -112.7 -130.6 -120.4 -128 -102.9 -137.6 -141.7 -103.9 -117.5 -134.5
 -70.68 -78.8 -90.51 -53.33 -65.72 -64.85 -86.44 -54.28 -55.78 -72.8
 -30.79 -27.17 -36.48 -7.593 -39.31 -16.25 -31.57 -22.78 -18.8 -29.99
 -15.87 -7.84 -5.85 -7.1 -8.68 3.41 -7.15 -3.86 -0.88 -11.52
 -1 -1 5 0 -2 -1 -3 0 -5 -1
 -2.325 -2.12 4.444 -1.131 -2.76 -1.271 -4.545 -0.6502 -5.919 -1.32
 -25.49 -25.92 -28.51 -38.37 -28.87 -13.3 -26.14 -10.96 -12.59 -25.18
 -65.02 -72.48 -43.96 -84.41 -76.14 -54.68 -82.57 -48.35 -58.9 -70.6
 -100.9 -117.4 -75.4 -105.5 -76.4 -82.9 -101.6 -85.12 -90.35 -79.57
 -76.54 -98.87 -64.29 -91.48 -64.69 -69.93 -76.6 -63.12 -72.48 -73.32
 -54.17 -69.42 -55.91 -81.76 -62.05 -37.7 -50.36 -55.28 -60.22 -55.17
 -30.48 -48.28 -46.82 -66.94 -71.63 -22.96 -61.54 -65.2 -73.32 -39.88
 -57.56 -68.89 -91.01 -68.74 -88.83 -73.49 -87.31 -56.01 -84.64 -94.55
 -109.7 -110.8 -134 -128.9 -110.7 -128.7 -140.8 -106.6 -135.3 -120.2
 -91.06 -117.8 -110.5 -102.5 -110.7 -118.2 -143.9 -96.09 -108.7 -101.3
 -62.52 -71.43 -63.48 -47.82 -65.96 -75.55 -79.95 -70.96 -37.89 -55.27
 -17.82 -28.08 -33.58 9.463 -26.23 -32.9 -32.11 -19.99 -22.13 -28.75
 -9.42 -12.91 -8.03 3.46 -10.51 -7.69 -15.65 -7.16 -6.59 -11.74
 -4 -3 5 -1 -4 -4 -2 -2 -4 -2
 -2.892 -6.351 5.262 -4.154 -8.013 -10.1 -5.619 -6.732 -8.616 -3.06
 -27.61 -33.37 -41.04 -49.48 -33.75 -8.584 -29.65 -30.4 -15.9 -21.07
 -77.17 -92.69 -79.3 -112.9 -83.35 -56.18 -85.52 -81.67 -72.04 -40.94
 -87.95 -108.2 -74.82 -122.3 -70.24 -65.81 -95.77 -83.19 -84.92 -90.16
 -83.89 -82.87 -58.13 -105.2 -70.82 -52.06 -79 -102.6 -67.06 -49.67
 -60.14 -71.64 -58.72 -68.93 -75.26 -36.49 -66.84 -89.87 -52.83 -35.91
 -71.36 -60.54 -62.82 -58.15 -80.18 -52.14 -61.22 -90.06 -58.03 -26.13
 -113.5 -82.91 -114 -95.09 -109.6 -133.8 -121.5 -108.3 -131.4 -93.96
 -113.8 -122.1 -131.8 -107.2 -116.7 -158.8 -147 -125.3 -119 -117.6
 -56.95 -85.77 -76.66 -81.63 -86.15 -89.82 -103.6 -77.82 -66.69 -64.84
 -15.95 -42.49 -40.82 -22.39 -37.65 -56.18 -55.61 -36.99 -34.36 -30.07
 5.79 -13.19 -5.742 4.294 -9.056 -31.39 -14.96 -10.38 -15.33 -7.648
 8 -2.9 0.87 -3.24 -3.14 -12.44 -4.91 -3.29 -2.14 -3.14
 -0.92 -0.69 1.15 -0.23 -0.92 -0.92 -0.46 -0.46 -0.92 -0.46
 -0.1884 -11.82 -5.721 -14.13 0.0973 -7.821 -2.738 -8.805 -9.034 -14.78
 -27.03 -48.64 -53.41 -56.1 -12.01 -28.43 -29.9 -40.71 -26.53 -31.01
 -53.85 -79.01 -88.45 -79.87 -46.65 -48.17 -70.52 -99.46 -74.09 -32.17
 -89 -97.8 -116.5 -103.2 -66.69 -69.03 -79.47 -106.6 -65.52 -75.6
 -78.45 -84.05 -97.84 -91.9 -47.61 -71.72 -73.76 -109.7 -53.67 -69.63
 -60.15 -73.21 -94.07 -65.88 -60.8 -65.86 -78.26 -97.43 -66.25 -50.65
 -122.3 -95.5 -116.2 -96 -113.7 -120.8 -130.1 -134.4 -112.4 -83.6
 -138.3 -120.3 -132.2 -112.2 -118.3 -133.7 -142.7 -129 -139.2 -106.9
 -96.77 -100.2 -89.34 -75.32 -79.14 -103.3 -105.4 -97.76 -99.73 -57.8
 -40.69 -51.12 -58.47 -44.29 -48.35 -56.53 -78.08 -52.48 -51.88 -24.81
 1.231 -26.53 -13.54 -24.25 -10.1 -36.09 -40.52 -23.17 -37.38 -13.01
 12.96 -9.026 -5.457 -12.07 -6.897 -15.38 -11.45 -8.938 -7.61 -6.001
 7.901 -0.017 0.753 -1.804 -0.787 -8.424 -2.787 -0.77 -0.017 -0.77
 0.93 -3.15 -7.53 -2.23 1.61 -2.46 -0.16 -3.23 -2.69 -2.46
 -4.516 -17.33 -22.51 -22.44 2.216 -8.065 -6.097 -24.76 -19.49 -6.028
 -12.23 -28.14 -51.38 -45.62 -16.99 -3.499 -27.75 -39.68 -51.35 -28.3
 -54.99 -79.7 -89.19 -60.74 -36.8 -51.52 -50.2 -83.92 -76.18 -56.63
 -70.81 -95.03 -115.3 -99.83 -62.13 -54.72 -90.04 -110.7 -95.56 -94.46
 -103.7 -116.5 -133.1 -106.5 -107.7 -82.35 -106.2 -140.6 -101.3 -95.34
 -138.4 -121.9 -125.4 -106.7 -122.1 -103.6 -146 -142.9 -120.8 -113.9
 -157.6 -121.1 -146.7 -121.7 -130.6 -145.3 -150.4 -150.1 -125 -136
 -123.4 -87.8 -126.3 -95.01 -98.48 -114.8 -123 -121.6 -92.5 -102.7
 -77.07 -61.77 -61.56 -52.44 -54.41 -66.92 -71.79 -62.4 -84.15 -50.7
 -41.41 -36.06 -22.89 -35.8 -19.49 -33.81 -49.19 -29.12 -55.45 -40.79
 -5.166 -25.16 -18.92 -16.82 -11.73 -39.33 -23.84 -22.52 -35.1 -26.72
 8.989 -8.905 -11.43 -3.248 -7.632 -20.4 -8.52 -10.11 -7.448 -7.844
 2.69 -0.23 -1.23 -0.46 -0.23 -0.46 -1.23 -1 -0.23 0
 -5 -7 -11 -3 9 -6 2 -4 -5 -6
 5.456 -15.64 -28.47 -17.52 4.574 -24.06 -3.862 -23.57 -22.31 -8.125
 -15.98 -28.52 -24.5 -29.24 -5.537 -45.8 -28.7 -30.33 -49.09 -30.1
 -46.58 -52.73 -57.29 -50.8 -37.97 -49.24 -43.95 -59.37 -72.81 -53.54
 -82.79 -99.68 -73.67 -85.63 -58.09 -78.97 -70.1 -95.09 -63.68 -86.11
 -100.4 -94.46 -88.36 -83.51 -87.81 -92.33 -101.8 -108.4 -83.05 -99.68
 -133.7 -108.9 -120.7 -111.8 -120.2 -122.4 -129.4 -131.9 -95.48 -124.2
 -128.2 -103.9 -130.7 -105.8 -117.6 -119.5 -123.8 -113.5 -115 -121.2
 -101.9 -63.88 -102.9 -89.27 -84.18 -91.47 -86.48 -93.07 -84.41 -89.99
 -61.78 -52.72 -63.7 -47.59 -42.45 -52.89 -47.3 -59.53 -73.26 -54.22
 -42.53 -46.57 -46.31 -34.44 -31.48 -41.42 -44.18 -42.8 -60.91 -58.87
 -3.879 -23.02 -42.13 -15.1 -17.8 -28.79 -8.865 -23.57 -33.06 -32.74
 10.08 -10.32 -24.81 0.5271 -6.895 -20.94 -1.927 -9.987 -6.287 -7.361
 1.11 0 -0.96 0 0 0 -0.15 0 0 0
 3.62 -5.07 -12.72 -2.59 -0.69 -6.993 1.31 -5.34 -3.727 -4.767
 9.667 -17.48 -9.006 -18.04 -16.77 -40.09 -11.24 -16.11 -24.65 -19.53
 -1.156 -21.32 -19.85 -31.47 -6.364 -53.05 -13.57 -29.15 -12.76 -21.22
 -33.32 -56.4 -37.68 -80.93 -32.85 -74.82 -29.56 -57.91 -30.92 -57.44
 -69.17 -64.09 -60.8 -101.1 -54.79 -98.97 -54.6 -74.34 -48.24 -78.85
 -87.57 -69.53 -88.55 -92.57 -70.73 -111.1 -76.3 -76.91 -51.25 -92.7
 -111 -84.73 -89.31 -114.9 -85.19 -114.8 -102 -107.4 -78.87 -105.9
 -115.9 -90.6 -70.98 -107.8 -78.33 -96.4 -81.8 -94.69 -96.64 -105.4
 -95.88 -79.3 -68.51 -80.79 -83.62 -93.76 -58.73 -83.2 -68.08 -76.63
 -72.24 -72.12 -62.12 -62.21 -64.99 -68.5 -67.57 -63.65 -56.08 -95.57
 -41.8 -52.13 -64.04 -44.8 -41.65 -42.87 -31.46 -46.81 -54.98 -54.67
 -15.8 -29.61 -41.11 -13.18 -42.06 -27.81 -21.47 -30.14 -43.43 -40.21
 -7.702 -16.46 -18.17 -4.77 -20.32 -21.9 -1.573 -9.46 -19.22 -14.61
 -10.33 -10.63 7.76 -9.44 -14.81 -3.8 -13.66 -2.99 -16.82 -9.39
 -0.197 -9.01 -0.027 -12.22 -17.33 -4.143 -5.67 -3.267 -14.03 -11.42
 -21.13 -35.66 -30.66 -22.62 -45.46 -14.97 -41.93 -29.99 -43.03 -45.87
 -31.37 -47.6 -24.4 -53.67 -54.02 -54.54 -47.39 -45.76 -31.09 -66.73
 -60.32 -64.61 -44.69 -99.99 -69.35 -90.1 -51.79 -70.36 -34.96 -82.83
 -79.71 -67.78 -69.13 -104.4 -78.42 -104 -59.69 -75.56 -51.63 -97.43
 -94.78 -74.15 -68.5 -109.2 -82.75 -106 -81.95 -76.29 -83.32 -115.3
 -108 -83.57 -77.32 -114.9 -90.2 -92.37 -70.75 -80.99 -96.77 -106
 -93.53 -72.46 -66.97 -82.51 -73.99 -65.84 -48.91 -59.41 -87.65 -70.48
 -61.27 -82.33 -52.48 -65.84 -58.88 -69.81 -55.01 -69.01 -73.58 -60.47
 -55.54 -74.25 -63.75 -54.41 -67.21 -75.44 -63.8 -68.16 -69.9 -101.7
 -51.16 -56.71 -41.85 -31.23 -68.27 -63.94 -51.58 -49.45 -66.7 -65.25
 -23.13 -25.08 -15.71 -14.84 -39.75 -22.14 -28.69 -27.49 -36.86 -28.64
 -11.06 -13 -14.32 -2.283 -23.98 -8.303 -1.914 -18.28 -27.61 -11.37
 -6.77 -4 -5.292 -3 -3.077 2.533 -0.857 -4 -4.231 -1
 -10.74 -11.6 -6.064 -3.81 -12.78 11.19 -13.68 -8.062 -14.02 -5.93
 -39.47 -43.74 -41.27 -20.17 -56.64 -12.11 -41.65 -40.53 -30.04 -49.92
 -80.02 -76.24 -59.09 -69.21 -86.29 -46.58 -70.65 -75.34 -52.05 -93.46
 -77.6 -86.69 -86.73 -87.27 -99.42 -57.18 -78.78 -75.16 -80.07 -102.3
 -82.32 -91.35 -77.76 -100.2 -102 -69.41 -68.96 -95.42 -100.2 -81.59
 -94.7 -76.75 -86.59 -97.45 -88.64 -94.51 -61.1 -85.91 -107.8 -86.84
 -90.22 -78.86 -74.41 -78.55 -83.9 -93.02 -50.78 -94.86 -70.44 -80.12
 -61.97 -73.47 -50.75 -54.96 -65.48 -84.93 -63.06 -68.29 -67.67 -62.77
 -56.84 -61.78 -49.65 -44.71 -67.18 -60.88 -71.31 -68.16 -66.58 -75.46
 -62.74 -77.82 -56.99 -41.33 -66.83 -70.95 -45.73 -67.68 -57.15 -91.49
 -53.36 -44.51 -36.46 -30.02 -50.98 -40.99 -27.68 -40.24 -32.5 -53.76
 -30.81 -20.07 -16.62 -16.9 -35.63 -8.301 -18.74 -31.72 -31.17 -25.4
 -17.02 -10.49 8.473 -15.17 -18.69 -4.658 -11.25 -18.46 -27.61 -11.8
 -3 -3.77 20.31 -4.54 -4 -5.77 -2 -4 -18 -2
 -6.37 -6.3 1.82 -12.81 -11.33 -4.28 -7.07 -8.38 -7.27 -5.86
 -46.44 -38.54 -34.73 -36.1 -55.66 -19.77 -45.03 -48.81 -25.16 -55.02
 -75.57 -74.63 -58.95 -72.87 -81.08 -75.04 -76.08 -84.6 -93.95 -95.3
 -94.49 -102.4 -96 -96.99 -109.7 -91.16 -89 -110 -105.2 -111
 -112.4 -104 -102.8 -94.69 -111.4 -104.7 -90.62 -101.6 -121.3 -118.4
 -97.97 -89.7 -89.11 -94.23 -94.91 -83.62 -91.44 -99.19 -123.2 -112
 -83.69 -85.25 -88.76 -100.4 -110 -88.44 -89.65 -105.7 -76.2 -106.2
 -80.81 -85.97 -57.78 -79.7 -80.53 -88.98 -72.07 -89.58 -82.55 -103.7
 -79.34 -77.87 -44.62 -74.95 -74.76 -54.61 -70.4 -90.22 -74.13 -101.5
 -60.66 -64.02 -36.98 -54.85 -60.83 -49.27 -38.95 -67.4 -51.83 -90.96
 -42.64 -33.35 -9.383 -36.4 -39.98 -39.39 -26.12 -48.71 -39.95 -47.14
 -25.56 -20.69 15.15 -27.12 -21.28 -14.58 -23.84 -36.54 -33.68 -21.24
 -17.42 -7.619 7.424 -6.94 -9.64 -0.14 -11.66 -13.99 -18.55 -8.73
 -1 -1.23 4.07 -1 -1.69 -1.46 -1.69 -2.23 -2.61 -1
 -4.53 -4 5.48 -2.41 -4.15 -6.53 -3 -4 -3.48 -7
 -44.83 -15.47 -21.47 -30.87 -41.02 -25.81 -41.88 -45.29 -32.36 -48.06
 -81.69 -69.85 -55.47 -66.26 -81.81 -78.74 -65.16 -84.62 -89.68 -88.9
 -99.41 -108.7 -95.97 -103.4 -113.2 -117.3 -92.97 -124.3 -96.55 -119.7
 -114.8 -109 -126.9 -112.8 -127.8 -132.9 -105.8 -116 -104.7 -169.7
 -111.6 -108.7 -129.6 -108.4 -113.9 -124.4 -95.54 -126.5 -85.8 -139.6
 -89.73 -90.73 -115.5 -85.41 -86.7 -91.62 -59.53 -97.11 -86.72 -109.2
 -66.05 -77.87 -86.76 -80.35 -72.92 -76.05 -51.72 -82.71 -74.69 -95.25
 -54.75 -52.71 -43.98 -54.82 -52.71 -54.5 -43.47 -75.92 -38.74 -87.13
 -40.99 -29.68 -22.83 -42.69 -35.63 -35.34 -34.74 -50.65 -30.59 -49.67
 -39.86 -25.06 6.934 -33.38 -24.19 -15.43 -28.7 -38.03 -30.8 -25.72
 -30.85 -17.53 32.56 -24.91 -14.45 -13.39 -28.12 -29.84 -25.25 -18.59
 -5.656 -4.884 1.098 -3.318 -7.068 0.5829 -8.304 -10.59 -11.13 -5.857
 -0.17 -0.62 1.79 -0.17 -0.17 -0.79 -0.79 -1.79 -0.62 -0.17
 0 0 0 0 0 0 0 0 0 0
 -11.69 5.773 -1.56 -10.69 -17.85 -12.83 -8.76 -15.21 -24.47 -9.62
 -39.24 -11.6 -27.85 -22.04 -32.36 -32.37 -25.85 -40.87 -42.6 -30.01
 -50.85 -51.12 -59.69 -45.82 -62.6 -63.01 -36.11 -68.73 -43.07 -29.84
 -52.49 -54.9 -66.75 -58.95 -60.19 -52.19 -56.98 -83.09 -47.03 -42.16
 -51.34 -52.79 -56.19 -50.63 -59.04 -55.27 -61.01 -52.38 -77.82 -74.11
 -40.8 -38.41 -55.95 -36.36 -47.57 -47.33 -49.21 -40.95 -46.82 -52.22
 -24.61 -30.63 -53.66 -25.69 -31.65 -26.92 -16.81 -45.94 -19.38 -36.62
 -24.91 -13.39 -18.74 -18.36 -16.6 -12.05 -22.16 -30.63 2.066 -24.89
 -21.46 -7.46 -6.759 -13.84 -5.39 -7.84 -15.4 -9.311 -9.754 -13.54
 -20 -6 4 -11 -10 -10 -12 -6 -12 -8
 -7.77 -5.69 -0.54 -5 -7 -2 -6 -7 -11.69 -6.31
 -1 -0.96 1.96 -1.96 -1.96 -1.96 -1.96 -1.96 -0.96 -1
 0 0 0 0 0 0 0 0 0 0


