# Created by Octave 5.2.0, Thu Sep 24 23:52:17 2020 CEST <jiwidi@land>
# name: w
# type: matrix
# rows: 197
# columns: 10
 -1.708e+04 -1.575e+04 -1.668e+04 -1.71e+04 -1.622e+04 -1.529e+04 -1.602e+04 -1.632e+04 -1.906e+04 -1.62e+04
 0 0 0 0 0 0 0 0 0 0
 0 0 0 0 0 0 0 0 0 0
 -121.3 -125 -250.5 -130.1 -232.7 158.7 -64.33 -93.03 -223.8 -87.48
 -271.5 -827.3 -654.9 -550.3 -384.6 -127.1 -161.8 1058 -409.4 -570.2
 -310.2 -903.5 -344.3 -873.1 -272.8 -458.4 -457.8 1123 -569.9 -1016
 -1208 -1524 -1038 -1117 -430.3 -1423 -1109 328.6 -890 -2578
 -2204 -2614 -2118 -2126 -2504 -2927 -2744 -1904 -1653 -2606
 -3935 -4113 -4094 -3624 -4703 -4133 -3905 -5033 -3472 -2000
 -4775 -3918 -4595 -4205 -5541 -4936 -5074 -5526 -4302 -3381
 -5368 -4548 -4445 -4806 -5555 -5472 -4453 -5138 -5009 -3869
 -4200 -3580 -4344 -4384 -3679 -4452 -4377 -4426 -4078 -4568
 -2525 -1411 -2650 -2403 -2037 -1215 -2294 -1634 -2962 -2648
 -1120 -615.1 -1155 -1310 -257.8 653.2 -1377 -944 -1150 -882.5
 -51 -19 -29 -82 -34 98 -54 -21 -41 -87
 -9.3 -19.22 -78.74 -124 -24.8 -20.46 -8.06 124 -27.9 -124
 -40.7 -137.7 -76.23 -180.8 -75.07 -18.09 -42.73 261.6 -62.5 -99.73
 -630.3 -895.1 -450.7 -666.8 -639.9 -231.1 -579 512.2 -837 -803.6
 -1729 -2299 -1573 -1593 -1744 -1016 -1641 424.9 -1701 -2802
 -4287 -5585 -4146 -3571 -3645 -3867 -4950 -2631 -4147 -6076
 -7014 -8311 -6767 -6562 -6730 -6890 -7216 -4839 -6990 -7277
 -8599 -1.029e+04 -8526 -8233 -9253 -9219 -9037 -6796 -8775 -7306
 -1.012e+04 -1.142e+04 -9857 -9792 -1.221e+04 -1.057e+04 -1.067e+04 -8879 -9527 -7849
 -1.05e+04 -1.129e+04 -1.101e+04 -1.086e+04 -1.311e+04 -1.103e+04 -1.096e+04 -9621 -9908 -8337
 -1.129e+04 -1.129e+04 -1.139e+04 -1.144e+04 -1.271e+04 -1.109e+04 -1.151e+04 -9843 -1.102e+04 -9581
 -9271 -9833 -9465 -1.007e+04 -8559 -8784 -9454 -7488 -9701 -1.002e+04
 -6455 -5708 -6963 -6417 -5420 -4608 -6653 -5236 -7042 -6641
 -2763 -2019 -2560 -1630 -1942 156.8 -2795 -1948 -2739 -2533
 -438.9 -378 -453.3 -643 -470.5 647 -423.5 -117.5 -443.4 -555.2
 -124 -52 -35 124 -37 -120 -19 -47 -38 -119
 -404.5 -242.2 150.5 -213.2 -272.4 -289.7 -466.3 -111.2 -463.4 -434.5
 -1118 -1187 -611.3 -1211 -1375 -1185 -1316 -694.9 -964.3 -1313
 -3483 -3550 -2833 -2765 -3568 -2899 -3623 -1972 -2709 -4390
 -6716 -7840 -5994 -6547 -6678 -6733 -7484 -6026 -7041 -6415
 -7723 -9083 -7717 -7606 -8179 -7809 -7986 -7589 -7549 -6646
 -6871 -7650 -7061 -6759 -7376 -6725 -7227 -5566 -6357 -6903
 -5873 -5757 -5746 -6194 -7072 -5449 -6277 -4768 -5559 -6815
 -5833 -5774 -6281 -6721 -7947 -6016 -7240 -5583 -6820 -7755
 -8472 -9245 -9762 -1.012e+04 -9651 -9801 -1.029e+04 -9145 -9092 -9811
 -8943 -1e+04 -9537 -9522 -8742 -1.004e+04 -1.037e+04 -8367 -9293 -1.001e+04
 -5455 -6164 -6662 -4744 -5563 -5164 -6150 -4556 -4786 -5458
 -2507 -2289 -2726 -755.1 -2705 -1400 -2533 -1892 -1567 -2569
 -862.7 -544.5 -575.5 -399 -622.5 363.2 -572.9 -319.8 -410.6 -698.1
 -26 -54 200 -12 -200 -68 -200 -33 -200 -67
 -160.5 -145.6 187.7 -134.5 -344 -153.9 -348.2 -28.38 -367.2 -143.7
 -1503 -1660 -1599 -2300 -1951 -1372 -1736 -1122 -1145 -1872
 -4696 -5351 -4165 -5700 -5148 -4372 -5629 -4078 -4512 -4063
 -7416 -8712 -6652 -7865 -6827 -6553 -7576 -6904 -7662 -6153
 -5600 -6907 -5537 -6325 -5135 -5927 -6345 -5380 -5559 -5897
 -4315 -5224 -4227 -5580 -4940 -3120 -4103 -4007 -4756 -4412
 -2973 -4123 -3819 -4999 -5097 -2480 -4790 -3994 -5391 -3893
 -5033 -4916 -6352 -5795 -6895 -5275 -6523 -5241 -6908 -5992
 -8712 -8667 -1.008e+04 -1.001e+04 -9074 -9528 -1.04e+04 -8681 -9903 -9417
 -7388 -8644 -8633 -8001 -8588 -8238 -9917 -7573 -7856 -8368
 -4662 -4897 -4706 -3898 -4706 -4902 -5277 -4921 -3573 -4168
 -1709 -2211 -2095 -30.66 -2221 -2220 -2062 -1619 -1914 -1989
 -659.3 -905.6 -741.5 157.7 -761.8 -716.6 -761 -567.9 -483.5 -630.8
 -200 -200 200 -51 -200 -200 -183 -174 -200 -119
 -108.1 -420.4 100.2 -242.4 -534.6 -571.2 -495.2 -570.3 -430.5 -248.4
 -1785 -1948 -2397 -3022 -2359 -1028 -1922 -2089 -1359 -1731
 -5310 -6327 -6065 -7251 -5606 -4297 -5669 -5825 -5291 -3442
 -6058 -7760 -6307 -7534 -5216 -5726 -6811 -6795 -6297 -5833
 -5779 -6084 -5397 -6772 -5036 -4171 -5787 -6449 -4801 -4829
 -4321 -5327 -4801 -5076 -4801 -3307 -4304 -5193 -4451 -3279
 -5193 -4205 -5104 -4564 -5156 -4377 -4329 -5753 -4882 -3066
 -8176 -6410 -8209 -7213 -7439 -9866 -8477 -7954 -8860 -7492
 -8458 -9288 -9495 -8310 -8283 -1.159e+04 -1.043e+04 -9313 -9373 -9048
 -4825 -6289 -6227 -6135 -6511 -7115 -7520 -6407 -5610 -5215
 -1310 -2865 -2882 -1659 -2303 -4050 -3693 -2856 -2508 -2223
 233.1 -906.6 -449.3 135.9 -472.6 -2057 -869.5 -675.4 -840.3 -505.4
 571 -95.7 -70.17 -95.88 -95.18 -672.2 -140 -83.32 -95.77 -72.66
 -46 -46 46 -11.73 -46 -46 -42.09 -40.02 -46 -27.37
 -18.27 -718.3 -445.3 -743.2 -122.8 -598.2 -363.6 -715.7 -565.7 -771.6
 -2212 -2912 -3284 -3541 -1695 -2041 -2186 -2709 -2355 -2588
 -4688 -5742 -6253 -5851 -3966 -4684 -5028 -6264 -4841 -4112
 -6464 -7302 -8174 -7496 -5370 -5628 -6538 -7901 -5102 -5702
 -5976 -6520 -6970 -6448 -4464 -5436 -5764 -7060 -5106 -5334
 -5360 -5368 -6201 -5125 -4916 -5141 -6002 -6841 -5563 -4309
 -8784 -6850 -8464 -7271 -8000 -8641 -8764 -8984 -8097 -6760
 -1.015e+04 -9060 -9624 -9006 -9025 -1.012e+04 -1.074e+04 -9876 -1.019e+04 -8953
 -7621 -7464 -7104 -6845 -7299 -7827 -8263 -7426 -7625 -6303
 -3212 -3684 -3826 -3400 -3584 -4199 -5122 -3820 -3699 -2782
 34.81 -1671 -1078 -1631 -913.4 -2451 -2744 -1677 -2163 -1228
 874.5 -353.3 -206.6 -712.2 -287.4 -1060 -572.3 -379.6 -422.5 -266.5
 446.7 -40.64 -39.27 -94.87 -61.59 -459.5 -104.1 -41.04 -66.58 -45.62
 137.4 -74.18 -358.5 -76.43 14.44 -126 36.19 -99.43 -87.97 -85.73
 -370.6 -910.9 -1475 -1509 -236.1 -740.5 -609.7 -1371 -1236 -818.3
 -1261 -1946 -3067 -2950 -1284 -1195 -1955 -2575 -3046 -2086
 -4840 -5375 -5740 -4593 -3394 -4032 -3872 -5669 -5299 -4791
 -5857 -7040 -7783 -7305 -5519 -4930 -7032 -7402 -6846 -6917
 -8036 -8529 -8879 -7760 -7596 -6910 -8077 -9244 -6933 -7415
 -1.03e+04 -8829 -9442 -8150 -9075 -8218 -1.008e+04 -9879 -8562 -8793
 -1.153e+04 -9211 -1.132e+04 -9532 -9949 -1.067e+04 -1.091e+04 -1.111e+04 -9468 -1.037e+04
 -9420 -7964 -9165 -7919 -8258 -8944 -9607 -9451 -8732 -8792
 -5951 -5215 -4553 -4566 -4638 -4880 -5514 -5221 -6140 -4613
 -2843 -2842 -2012 -2893 -1858 -2651 -3558 -2356 -3892 -3120
 -457.1 -1619 -1678 -1350 -1042 -2748 -1730 -1750 -2239 -1867
 454.3 -383.9 -667.4 -469 -428.3 -1337 -430.5 -515.3 -524.1 -388.4
 116.5 -21.8 -56.47 -76.53 -30.66 -62.14 -69.92 -35.29 -44.68 -30.21
 -75 -263.7 -624.4 -209.8 343.2 -457.6 150.1 -187.3 -283.3 -443.6
 197.7 -828.5 -1759 -1098 15.63 -1466 -459.4 -1270 -1281 -833.6
 -1331 -1948 -1961 -2193 -734.3 -2810 -1869 -2108 -3036 -2122
 -3301 -3725 -3854 -3789 -2779 -3544 -3206 -3870 -4633 -3824
 -5945 -6863 -5812 -5991 -4688 -5570 -4924 -6374 -5254 -5874
 -7529 -7327 -6903 -6198 -6755 -6819 -7178 -7669 -6479 -7517
 -9973 -8288 -9166 -8531 -8676 -9133 -9463 -9669 -7365 -9980
 -9483 -8599 -9769 -9049 -8888 -9475 -9517 -9521 -9330 -9248
 -7493 -6001 -7091 -6141 -6389 -7313 -6715 -7225 -6966 -6110
 -4718 -4060 -4388 -3830 -3597 -4026 -3960 -4476 -5544 -4131
 -3011 -3370 -3319 -2429 -2832 -3113 -2986 -3131 -4313 -4135
 -762.6 -1684 -2529 -1598 -1519 -2024 -1395 -1822 -2359 -2278
 346.5 -522.7 -1467 -200.3 -506.9 -1319 -45.78 -648.3 -513.3 -494.4
 130.6 -15.25 -110.8 -36.27 -21.3 -46.61 -51.3 -45.31 -30.87 -22.26
 240.3 -331.8 -789.7 -210.8 -228.7 -422.6 31.71 -421.5 -252.3 -225.8
 400.3 -1025 -892.1 -1178 -824.5 -2204 -660 -1196 -1217 -930.8
 -456.3 -1507 -1348 -2166 -895.3 -3416 -1438 -1693 -1380 -1565
 -2687 -3954 -3144 -5050 -2566 -5087 -2519 -3677 -2394 -3717
 -4940 -5092 -4849 -6405 -4106 -6704 -4381 -5324 -3838 -5594
 -6686 -5247 -5871 -6598 -5856 -7604 -6323 -6170 -4930 -6888
 -8465 -7408 -7315 -9053 -7062 -8802 -8518 -8171 -7152 -8637
 -8232 -7022 -6191 -8024 -6347 -7459 -6631 -7312 -7121 -7875
 -6656 -5351 -5136 -5712 -5697 -6259 -4238 -5811 -4923 -4771
 -4808 -4799 -4620 -3866 -4162 -4385 -4508 -4540 -4419 -5292
 -2751 -3518 -4320 -3102 -3531 -3189 -2453 -3541 -4084 -4027
 -1409 -1736 -2830 -1263 -2330 -1911 -1193 -2203 -2553 -2506
 -835.9 -960.1 -1431 -374.3 -857.9 -1183 -64.25 -949.6 -959.1 -880.4
 -360.8 -450.3 -75.54 -441.1 -514.8 -218.6 -414.9 -384.5 -536.6 -402.6
 -136.4 -753.4 -534.9 -952.9 -894.2 -271.5 -358.1 -572 -665.6 -640.6
 -1636 -2463 -2238 -1550 -2387 -1629 -2159 -2396 -2578 -2490
 -2686 -3351 -2166 -3841 -3232 -4223 -3155 -3485 -2350 -3845
 -4201 -5028 -3650 -6166 -4588 -6223 -3705 -5081 -2959 -5349
 -5801 -5654 -5547 -7282 -5946 -7607 -5064 -5443 -4866 -6928
 -7109 -6126 -6002 -8180 -6632 -8172 -6732 -6613 -6970 -7472
 -8237 -7681 -6580 -8675 -7105 -7572 -6820 -7090 -8158 -7450
 -6653 -5766 -5075 -6311 -5820 -5654 -4311 -5090 -6351 -5389
 -4506 -5367 -3743 -4692 -4490 -4972 -4018 -4644 -4984 -4263
 -3864 -5173 -4228 -3882 -4648 -4878 -4709 -4527 -5054 -5633
 -3699 -4066 -3056 -2649 -4478 -4018 -3360 -3917 -4359 -4259
 -1929 -1785 -1384 -1318 -2731 -1585 -1928 -2307 -2375 -2037
 -1081 -1016 -753 -390.8 -1488 -1018 -586 -1338 -1613 -889.7
 -417.9 -295.5 -142.8 -219.5 -203.9 -109.7 -58.41 -280 -263.4 -138.8
 -972.7 -1078 -721.4 -474.8 -1183 332.1 -1372 -869 -1167 -881.8
 -3319 -3563 -2926 -2029 -3837 -1730 -3144 -3256 -2626 -3543
 -5307 -5617 -4630 -5608 -5755 -4113 -5507 -5573 -4075 -6452
 -5975 -6973 -6754 -7015 -7499 -5375 -5753 -6215 -6365 -7928
 -6667 -6627 -6395 -7483 -7769 -6040 -5620 -6827 -7232 -7077
 -7657 -6917 -6870 -7650 -7571 -7022 -5821 -7046 -9034 -6677
 -7053 -6574 -5776 -6458 -6699 -6639 -4925 -6619 -5985 -6439
 -5028 -5523 -3948 -5079 -5325 -6120 -5162 -5658 -5550 -5458
 -4099 -4589 -3728 -3764 -4652 -4380 -5074 -4811 -4804 -5485
 -4368 -5131 -3631 -3075 -4430 -4565 -3535 -4406 -4866 -4980
 -3836 -3536 -2384 -2381 -3723 -3056 -2665 -3319 -3003 -3567
 -2380 -1710 -1372 -1710 -2536 -1295 -1784 -2512 -1955 -1889
 -1123 -912.7 -37.03 -1312 -1329 -917.9 -1013 -1315 -1329 -926.9
 -352.2 -307.3 625.6 -534 -334.3 -544 -294.7 -356.3 -511.4 -174.1
 -491 -564.8 -433.9 -578.8 -907.1 -488.3 -455.5 -694.6 -306.7 -544.5
 -3516 -3316 -2535 -2743 -3989 -1931 -3656 -3738 -2472 -3880
 -6168 -6516 -4968 -5991 -6758 -5869 -6541 -6924 -6529 -7155
 -8415 -8062 -7910 -7774 -9272 -7676 -7280 -8413 -8278 -8930
 -8594 -8430 -8396 -8086 -9280 -8450 -7867 -8606 -9321 -9198
 -7624 -6889 -7681 -7624 -7798 -7225 -7243 -8060 -8687 -8471
 -6610 -6328 -6970 -7238 -7492 -6369 -6758 -7398 -6354 -7516
 -5714 -6103 -4934 -5995 -5937 -6405 -5800 -6607 -5974 -7150
 -5742 -5577 -3577 -5367 -5315 -4283 -4836 -6290 -5713 -6225
 -4723 -4593 -2885 -3676 -4062 -3864 -3004 -4612 -4459 -4987
 -3362 -2703 -1348 -2622 -2754 -2624 -2460 -3306 -2746 -3059
 -1943 -1492 209.9 -2151 -1647 -1407 -1950 -2519 -1909 -1688
 -1074 -508.2 76.26 -712.2 -651.8 -445.6 -684.2 -887.8 -833 -652.2
 -48.89 -41.21 148.8 -36.98 -56.91 -97.25 -110.5 -40.67 -127.8 -39.58
 -253.9 -227.6 95.25 -153.6 -238.6 -351.2 -180.9 -243.1 -82.99 -338.4
 -3102 -1731 -1957 -2401 -2980 -2309 -2726 -3156 -2131 -3373
 -6366 -5447 -4775 -5842 -6588 -6147 -5456 -6800 -6749 -6502
 -8255 -8623 -8509 -8553 -9266 -9261 -8073 -9178 -8291 -9904
 -9037 -9268 -1.025e+04 -9249 -1.012e+04 -1.048e+04 -8966 -9706 -8671 -1.151e+04
 -8343 -8287 -9931 -8636 -8968 -9281 -7846 -9814 -6896 -1.017e+04
 -6831 -6727 -8311 -6690 -6966 -6978 -5508 -7368 -6488 -8042
 -5251 -5830 -6437 -5796 -5393 -5640 -4154 -5970 -5604 -6423
 -4093 -4034 -3709 -3972 -3823 -4077 -3222 -5187 -3609 -4674
 -2656 -2358 -1947 -2687 -2610 -2447 -2773 -3404 -2192 -3134
 -2190 -1822 -88.87 -2182 -1866 -1424 -2247 -2620 -2007 -2049
 -1508 -1099 1419 -1537 -1034 -945.4 -1669 -1907 -1457 -1307
 -412.7 -263 265 -201.8 -405.1 -210.7 -436.7 -522.7 -566.3 -359.6
 -21.47 -19.41 40.54 -22.97 -16.3 -21.28 -30.6 -31.44 -20.45 -17.42
 0 0 0 0 0 0 0 0 0 0
 -972.3 -40.15 -130.8 -491.7 -838.2 -806.3 -639.5 -1016 -1170 -916.6
 -2902 -1291 -2216 -2234 -3237 -2515 -2259 -3260 -3059 -2612
 -4011 -3845 -4505 -3584 -4235 -4568 -3164 -4324 -3901 -4040
 -4112 -4278 -4830 -4237 -4991 -4301 -4483 -5594 -3847 -4214
 -3827 -3992 -4407 -4077 -4495 -4264 -4328 -4200 -5091 -5299
 -3217 -2730 -3851 -2962 -3583 -3184 -3580 -3693 -3381 -3729
 -2082 -2057 -3015 -1695 -2029 -2275 -1271 -2879 -2145 -2059
 -1348 -974 -1342 -1032 -1405 -1161 -1269 -1883 -499.2 -1435
 -814.8 -408.1 -654.8 -758.1 -534.4 -690.3 -865.9 -555.5 -425.9 -841.4
 -767.5 -381.9 -45.6 -509.8 -601.9 -684.8 -583.5 -441.5 -512.8 -566.6
 -486.3 -303.4 219.8 -227.1 -357.9 -247.3 -294.6 -493.9 -534.6 -375.1
 -66.59 -71.42 141.7 -72.16 -57.32 -89.45 -84.33 -105.2 -65.47 -54.32
 0 0 0 0 0 0 0 0 0 0


