# Created by Octave 5.2.0, Thu Sep 24 23:52:58 2020 CEST <jiwidi@land>
# name: w
# type: matrix
# rows: 197
# columns: 10
 -1.708e+05 -1.575e+05 -1.668e+05 -1.71e+05 -1.622e+05 -1.529e+05 -1.602e+05 -1.632e+05 -1.906e+05 -1.62e+05
 0 0 0 0 0 0 0 0 0 0
 0 0 0 0 0 0 0 0 0 0
 -1213 -1250 -2505 -1301 -2327 1587 -643.3 -930.3 -2238 -874.8
 -2715 -8273 -6549 -5503 -3846 -1271 -1618 1.058e+04 -4095 -5702
 -3102 -9035 -3443 -8731 -2728 -4584 -4578 1.123e+04 -5699 -1.016e+04
 -1.208e+04 -1.524e+04 -1.038e+04 -1.117e+04 -4303 -1.423e+04 -1.109e+04 3286 -8900 -2.578e+04
 -2.204e+04 -2.614e+04 -2.118e+04 -2.126e+04 -2.504e+04 -2.927e+04 -2.744e+04 -1.904e+04 -1.653e+04 -2.606e+04
 -3.935e+04 -4.113e+04 -4.094e+04 -3.624e+04 -4.703e+04 -4.133e+04 -3.905e+04 -5.033e+04 -3.472e+04 -2e+04
 -4.775e+04 -3.918e+04 -4.595e+04 -4.205e+04 -5.541e+04 -4.936e+04 -5.074e+04 -5.526e+04 -4.302e+04 -3.381e+04
 -5.368e+04 -4.548e+04 -4.445e+04 -4.806e+04 -5.555e+04 -5.472e+04 -4.453e+04 -5.138e+04 -5.009e+04 -3.869e+04
 -4.2e+04 -3.58e+04 -4.344e+04 -4.384e+04 -3.679e+04 -4.452e+04 -4.377e+04 -4.426e+04 -4.078e+04 -4.568e+04
 -2.525e+04 -1.411e+04 -2.65e+04 -2.403e+04 -2.037e+04 -1.215e+04 -2.294e+04 -1.634e+04 -2.962e+04 -2.648e+04
 -1.12e+04 -6151 -1.155e+04 -1.31e+04 -2578 6532 -1.377e+04 -9440 -1.15e+04 -8825
 -510 -190 -290 -820 -340 980 -540 -210 -410 -870
 -93 -192.2 -787.4 -1240 -248 -204.6 -80.6 1240 -279 -1240
 -407 -1377 -762.3 -1808 -750.7 -180.9 -427.3 2616 -625 -997.3
 -6303 -8951 -4507 -6668 -6399 -2311 -5790 5122 -8370 -8036
 -1.729e+04 -2.299e+04 -1.573e+04 -1.593e+04 -1.744e+04 -1.016e+04 -1.641e+04 4249 -1.701e+04 -2.802e+04
 -4.287e+04 -5.585e+04 -4.146e+04 -3.571e+04 -3.645e+04 -3.867e+04 -4.95e+04 -2.631e+04 -4.147e+04 -6.076e+04
 -7.014e+04 -8.311e+04 -6.767e+04 -6.562e+04 -6.73e+04 -6.89e+04 -7.216e+04 -4.839e+04 -6.99e+04 -7.277e+04
 -8.599e+04 -1.029e+05 -8.526e+04 -8.233e+04 -9.253e+04 -9.219e+04 -9.037e+04 -6.796e+04 -8.775e+04 -7.306e+04
 -1.012e+05 -1.142e+05 -9.857e+04 -9.792e+04 -1.221e+05 -1.057e+05 -1.067e+05 -8.879e+04 -9.527e+04 -7.849e+04
 -1.05e+05 -1.129e+05 -1.101e+05 -1.086e+05 -1.311e+05 -1.103e+05 -1.096e+05 -9.621e+04 -9.908e+04 -8.337e+04
 -1.129e+05 -1.129e+05 -1.139e+05 -1.144e+05 -1.271e+05 -1.109e+05 -1.151e+05 -9.843e+04 -1.102e+05 -9.581e+04
 -9.271e+04 -9.833e+04 -9.465e+04 -1.007e+05 -8.559e+04 -8.784e+04 -9.454e+04 -7.488e+04 -9.701e+04 -1.002e+05
 -6.455e+04 -5.708e+04 -6.963e+04 -6.417e+04 -5.42e+04 -4.608e+04 -6.653e+04 -5.236e+04 -7.042e+04 -6.641e+04
 -2.763e+04 -2.019e+04 -2.56e+04 -1.63e+04 -1.942e+04 1568 -2.795e+04 -1.948e+04 -2.739e+04 -2.533e+04
 -4389 -3780 -4533 -6430 -4705 6470 -4235 -1175 -4434 -5552
 -1240 -520 -350 1240 -370 -1200 -190 -470 -380 -1190
 -4045 -2422 1505 -2132 -2724 -2897 -4663 -1112 -4634 -4345
 -1.118e+04 -1.187e+04 -6113 -1.211e+04 -1.375e+04 -1.185e+04 -1.316e+04 -6949 -9643 -1.313e+04
 -3.483e+04 -3.55e+04 -2.833e+04 -2.765e+04 -3.568e+04 -2.899e+04 -3.623e+04 -1.972e+04 -2.709e+04 -4.39e+04
 -6.716e+04 -7.84e+04 -5.994e+04 -6.547e+04 -6.678e+04 -6.733e+04 -7.484e+04 -6.026e+04 -7.041e+04 -6.415e+04
 -7.723e+04 -9.083e+04 -7.717e+04 -7.606e+04 -8.179e+04 -7.809e+04 -7.986e+04 -7.589e+04 -7.549e+04 -6.646e+04
 -6.871e+04 -7.65e+04 -7.061e+04 -6.759e+04 -7.376e+04 -6.725e+04 -7.227e+04 -5.566e+04 -6.357e+04 -6.903e+04
 -5.873e+04 -5.757e+04 -5.746e+04 -6.194e+04 -7.072e+04 -5.449e+04 -6.277e+04 -4.768e+04 -5.559e+04 -6.815e+04
 -5.833e+04 -5.774e+04 -6.281e+04 -6.721e+04 -7.947e+04 -6.016e+04 -7.24e+04 -5.583e+04 -6.82e+04 -7.755e+04
 -8.472e+04 -9.245e+04 -9.762e+04 -1.012e+05 -9.651e+04 -9.801e+04 -1.029e+05 -9.145e+04 -9.092e+04 -9.811e+04
 -8.943e+04 -1e+05 -9.537e+04 -9.522e+04 -8.742e+04 -1.004e+05 -1.037e+05 -8.367e+04 -9.293e+04 -1.001e+05
 -5.455e+04 -6.164e+04 -6.662e+04 -4.744e+04 -5.563e+04 -5.164e+04 -6.15e+04 -4.556e+04 -4.786e+04 -5.458e+04
 -2.507e+04 -2.289e+04 -2.726e+04 -7551 -2.705e+04 -1.4e+04 -2.533e+04 -1.892e+04 -1.567e+04 -2.569e+04
 -8627 -5445 -5754 -3990 -6225 3632 -5729 -3198 -4106 -6981
 -260 -540 2000 -120 -2000 -680 -2000 -330 -2000 -670
 -1605 -1456 1877 -1345 -3440 -1539 -3482 -283.8 -3672 -1437
 -1.503e+04 -1.66e+04 -1.599e+04 -2.3e+04 -1.951e+04 -1.372e+04 -1.736e+04 -1.122e+04 -1.145e+04 -1.872e+04
 -4.696e+04 -5.351e+04 -4.165e+04 -5.7e+04 -5.148e+04 -4.372e+04 -5.629e+04 -4.078e+04 -4.512e+04 -4.063e+04
 -7.416e+04 -8.712e+04 -6.652e+04 -7.865e+04 -6.827e+04 -6.553e+04 -7.576e+04 -6.904e+04 -7.662e+04 -6.153e+04
 -5.6e+04 -6.907e+04 -5.537e+04 -6.325e+04 -5.135e+04 -5.927e+04 -6.345e+04 -5.38e+04 -5.559e+04 -5.897e+04
 -4.315e+04 -5.224e+04 -4.227e+04 -5.58e+04 -4.94e+04 -3.12e+04 -4.103e+04 -4.007e+04 -4.756e+04 -4.412e+04
 -2.973e+04 -4.123e+04 -3.819e+04 -4.999e+04 -5.097e+04 -2.48e+04 -4.79e+04 -3.994e+04 -5.391e+04 -3.893e+04
 -5.033e+04 -4.916e+04 -6.352e+04 -5.795e+04 -6.895e+04 -5.275e+04 -6.523e+04 -5.241e+04 -6.908e+04 -5.992e+04
 -8.712e+04 -8.667e+04 -1.008e+05 -1.001e+05 -9.074e+04 -9.528e+04 -1.04e+05 -8.681e+04 -9.903e+04 -9.417e+04
 -7.388e+04 -8.644e+04 -8.633e+04 -8.001e+04 -8.588e+04 -8.238e+04 -9.917e+04 -7.573e+04 -7.856e+04 -8.368e+04
 -4.662e+04 -4.897e+04 -4.706e+04 -3.898e+04 -4.706e+04 -4.902e+04 -5.277e+04 -4.921e+04 -3.573e+04 -4.168e+04
 -1.709e+04 -2.211e+04 -2.095e+04 -306.6 -2.221e+04 -2.22e+04 -2.062e+04 -1.619e+04 -1.914e+04 -1.989e+04
 -6593 -9056 -7415 1577 -7618 -7166 -7610 -5680 -4835 -6308
 -2000 -2000 2000 -510 -2000 -2000 -1830 -1740 -2000 -1190
 -1081 -4204 1002 -2424 -5346 -5712 -4952 -5703 -4305 -2484
 -1.785e+04 -1.948e+04 -2.397e+04 -3.022e+04 -2.359e+04 -1.028e+04 -1.922e+04 -2.089e+04 -1.359e+04 -1.731e+04
 -5.31e+04 -6.327e+04 -6.065e+04 -7.251e+04 -5.606e+04 -4.297e+04 -5.669e+04 -5.825e+04 -5.291e+04 -3.442e+04
 -6.058e+04 -7.76e+04 -6.307e+04 -7.534e+04 -5.216e+04 -5.726e+04 -6.811e+04 -6.795e+04 -6.297e+04 -5.833e+04
 -5.779e+04 -6.084e+04 -5.397e+04 -6.772e+04 -5.036e+04 -4.171e+04 -5.787e+04 -6.449e+04 -4.801e+04 -4.829e+04
 -4.321e+04 -5.327e+04 -4.801e+04 -5.076e+04 -4.801e+04 -3.307e+04 -4.304e+04 -5.193e+04 -4.451e+04 -3.279e+04
 -5.193e+04 -4.205e+04 -5.104e+04 -4.564e+04 -5.156e+04 -4.377e+04 -4.329e+04 -5.753e+04 -4.882e+04 -3.066e+04
 -8.176e+04 -6.41e+04 -8.209e+04 -7.213e+04 -7.439e+04 -9.866e+04 -8.477e+04 -7.954e+04 -8.86e+04 -7.492e+04
 -8.458e+04 -9.288e+04 -9.495e+04 -8.31e+04 -8.283e+04 -1.159e+05 -1.043e+05 -9.313e+04 -9.373e+04 -9.048e+04
 -4.825e+04 -6.289e+04 -6.227e+04 -6.135e+04 -6.511e+04 -7.115e+04 -7.52e+04 -6.407e+04 -5.61e+04 -5.215e+04
 -1.31e+04 -2.865e+04 -2.882e+04 -1.659e+04 -2.303e+04 -4.05e+04 -3.693e+04 -2.856e+04 -2.508e+04 -2.223e+04
 2331 -9066 -4493 1359 -4726 -2.057e+04 -8695 -6754 -8403 -5054
 5710 -957 -701.7 -958.8 -951.8 -6722 -1400 -833.2 -957.7 -726.6
 -460 -460 460 -117.3 -460 -460 -420.9 -400.2 -460 -273.7
 -182.7 -7183 -4453 -7432 -1228 -5982 -3636 -7157 -5657 -7716
 -2.212e+04 -2.912e+04 -3.284e+04 -3.541e+04 -1.695e+04 -2.041e+04 -2.186e+04 -2.709e+04 -2.355e+04 -2.588e+04
 -4.688e+04 -5.742e+04 -6.253e+04 -5.851e+04 -3.966e+04 -4.684e+04 -5.028e+04 -6.264e+04 -4.841e+04 -4.112e+04
 -6.464e+04 -7.302e+04 -8.174e+04 -7.496e+04 -5.37e+04 -5.628e+04 -6.538e+04 -7.901e+04 -5.102e+04 -5.702e+04
 -5.976e+04 -6.52e+04 -6.97e+04 -6.448e+04 -4.464e+04 -5.436e+04 -5.764e+04 -7.06e+04 -5.106e+04 -5.334e+04
 -5.36e+04 -5.368e+04 -6.201e+04 -5.125e+04 -4.916e+04 -5.141e+04 -6.002e+04 -6.841e+04 -5.563e+04 -4.309e+04
 -8.784e+04 -6.85e+04 -8.464e+04 -7.271e+04 -8e+04 -8.641e+04 -8.764e+04 -8.984e+04 -8.097e+04 -6.76e+04
 -1.015e+05 -9.06e+04 -9.624e+04 -9.006e+04 -9.025e+04 -1.012e+05 -1.074e+05 -9.876e+04 -1.019e+05 -8.953e+04
 -7.621e+04 -7.464e+04 -7.104e+04 -6.845e+04 -7.299e+04 -7.827e+04 -8.263e+04 -7.426e+04 -7.625e+04 -6.303e+04
 -3.212e+04 -3.684e+04 -3.826e+04 -3.4e+04 -3.584e+04 -4.199e+04 -5.122e+04 -3.82e+04 -3.699e+04 -2.782e+04
 348.1 -1.671e+04 -1.078e+04 -1.631e+04 -9134 -2.451e+04 -2.744e+04 -1.677e+04 -2.163e+04 -1.228e+04
 8745 -3533 -2066 -7122 -2874 -1.06e+04 -5723 -3796 -4225 -2665
 4467 -406.4 -392.7 -948.7 -615.9 -4595 -1041 -410.4 -665.8 -456.2
 1374 -741.8 -3585 -764.3 144.4 -1260 361.9 -994.3 -879.7 -857.3
 -3706 -9109 -1.475e+04 -1.509e+04 -2361 -7405 -6097 -1.371e+04 -1.236e+04 -8183
 -1.261e+04 -1.946e+04 -3.067e+04 -2.95e+04 -1.284e+04 -1.195e+04 -1.955e+04 -2.575e+04 -3.046e+04 -2.086e+04
 -4.84e+04 -5.375e+04 -5.74e+04 -4.593e+04 -3.394e+04 -4.032e+04 -3.872e+04 -5.669e+04 -5.299e+04 -4.791e+04
 -5.857e+04 -7.04e+04 -7.783e+04 -7.305e+04 -5.519e+04 -4.93e+04 -7.032e+04 -7.402e+04 -6.846e+04 -6.917e+04
 -8.036e+04 -8.529e+04 -8.879e+04 -7.76e+04 -7.596e+04 -6.91e+04 -8.077e+04 -9.244e+04 -6.933e+04 -7.415e+04
 -1.03e+05 -8.829e+04 -9.442e+04 -8.15e+04 -9.075e+04 -8.218e+04 -1.008e+05 -9.879e+04 -8.562e+04 -8.793e+04
 -1.153e+05 -9.211e+04 -1.132e+05 -9.532e+04 -9.949e+04 -1.067e+05 -1.091e+05 -1.111e+05 -9.468e+04 -1.037e+05
 -9.42e+04 -7.964e+04 -9.165e+04 -7.919e+04 -8.258e+04 -8.944e+04 -9.607e+04 -9.451e+04 -8.732e+04 -8.792e+04
 -5.951e+04 -5.215e+04 -4.553e+04 -4.566e+04 -4.638e+04 -4.88e+04 -5.514e+04 -5.221e+04 -6.14e+04 -4.613e+04
 -2.843e+04 -2.842e+04 -2.012e+04 -2.893e+04 -1.858e+04 -2.651e+04 -3.558e+04 -2.356e+04 -3.892e+04 -3.12e+04
 -4571 -1.619e+04 -1.678e+04 -1.35e+04 -1.042e+04 -2.748e+04 -1.73e+04 -1.75e+04 -2.239e+04 -1.867e+04
 4543 -3839 -6674 -4690 -4283 -1.337e+04 -4305 -5153 -5241 -3884
 1165 -218 -564.7 -765.3 -306.6 -621.4 -699.2 -352.9 -446.8 -302.1
 -750 -2637 -6244 -2098 3432 -4576 1501 -1873 -2833 -4436
 1977 -8285 -1.759e+04 -1.098e+04 156.3 -1.466e+04 -4594 -1.27e+04 -1.281e+04 -8336
 -1.331e+04 -1.948e+04 -1.961e+04 -2.193e+04 -7343 -2.81e+04 -1.869e+04 -2.108e+04 -3.036e+04 -2.122e+04
 -3.301e+04 -3.725e+04 -3.854e+04 -3.789e+04 -2.779e+04 -3.544e+04 -3.206e+04 -3.87e+04 -4.633e+04 -3.824e+04
 -5.945e+04 -6.863e+04 -5.812e+04 -5.991e+04 -4.688e+04 -5.57e+04 -4.924e+04 -6.374e+04 -5.254e+04 -5.874e+04
 -7.529e+04 -7.327e+04 -6.903e+04 -6.198e+04 -6.755e+04 -6.819e+04 -7.178e+04 -7.669e+04 -6.479e+04 -7.517e+04
 -9.973e+04 -8.288e+04 -9.166e+04 -8.531e+04 -8.676e+04 -9.133e+04 -9.463e+04 -9.669e+04 -7.365e+04 -9.98e+04
 -9.483e+04 -8.599e+04 -9.769e+04 -9.049e+04 -8.888e+04 -9.475e+04 -9.517e+04 -9.521e+04 -9.33e+04 -9.248e+04
 -7.493e+04 -6.001e+04 -7.091e+04 -6.141e+04 -6.389e+04 -7.313e+04 -6.715e+04 -7.225e+04 -6.966e+04 -6.11e+04
 -4.718e+04 -4.06e+04 -4.388e+04 -3.83e+04 -3.597e+04 -4.026e+04 -3.96e+04 -4.476e+04 -5.544e+04 -4.131e+04
 -3.011e+04 -3.37e+04 -3.319e+04 -2.429e+04 -2.832e+04 -3.113e+04 -2.986e+04 -3.131e+04 -4.313e+04 -4.135e+04
 -7626 -1.684e+04 -2.529e+04 -1.598e+04 -1.519e+04 -2.024e+04 -1.395e+04 -1.822e+04 -2.359e+04 -2.278e+04
 3465 -5227 -1.467e+04 -2003 -5069 -1.319e+04 -457.8 -6483 -5133 -4944
 1306 -152.5 -1108 -362.7 -213 -466.1 -513 -453.1 -308.7 -222.6
 2403 -3318 -7897 -2108 -2287 -4226 317.1 -4215 -2523 -2258
 4003 -1.025e+04 -8921 -1.178e+04 -8245 -2.204e+04 -6600 -1.196e+04 -1.217e+04 -9308
 -4563 -1.507e+04 -1.348e+04 -2.166e+04 -8953 -3.416e+04 -1.438e+04 -1.693e+04 -1.38e+04 -1.565e+04
 -2.687e+04 -3.954e+04 -3.144e+04 -5.05e+04 -2.566e+04 -5.087e+04 -2.519e+04 -3.677e+04 -2.394e+04 -3.717e+04
 -4.94e+04 -5.092e+04 -4.849e+04 -6.405e+04 -4.106e+04 -6.704e+04 -4.381e+04 -5.324e+04 -3.838e+04 -5.594e+04
 -6.686e+04 -5.247e+04 -5.871e+04 -6.598e+04 -5.856e+04 -7.604e+04 -6.323e+04 -6.17e+04 -4.93e+04 -6.888e+04
 -8.465e+04 -7.408e+04 -7.315e+04 -9.053e+04 -7.062e+04 -8.802e+04 -8.518e+04 -8.171e+04 -7.152e+04 -8.637e+04
 -8.232e+04 -7.022e+04 -6.191e+04 -8.024e+04 -6.347e+04 -7.459e+04 -6.631e+04 -7.312e+04 -7.121e+04 -7.875e+04
 -6.656e+04 -5.351e+04 -5.136e+04 -5.712e+04 -5.697e+04 -6.259e+04 -4.238e+04 -5.811e+04 -4.923e+04 -4.771e+04
 -4.808e+04 -4.799e+04 -4.62e+04 -3.866e+04 -4.162e+04 -4.385e+04 -4.508e+04 -4.54e+04 -4.419e+04 -5.292e+04
 -2.751e+04 -3.518e+04 -4.32e+04 -3.102e+04 -3.531e+04 -3.189e+04 -2.453e+04 -3.541e+04 -4.084e+04 -4.027e+04
 -1.409e+04 -1.736e+04 -2.83e+04 -1.263e+04 -2.33e+04 -1.911e+04 -1.193e+04 -2.203e+04 -2.553e+04 -2.506e+04
 -8359 -9601 -1.431e+04 -3743 -8579 -1.183e+04 -642.5 -9496 -9591 -8804
 -3608 -4503 -755.4 -4411 -5148 -2186 -4149 -3845 -5366 -4026
 -1364 -7534 -5349 -9529 -8942 -2715 -3581 -5720 -6656 -6406
 -1.636e+04 -2.463e+04 -2.238e+04 -1.55e+04 -2.387e+04 -1.629e+04 -2.159e+04 -2.396e+04 -2.578e+04 -2.49e+04
 -2.686e+04 -3.351e+04 -2.166e+04 -3.841e+04 -3.232e+04 -4.223e+04 -3.155e+04 -3.485e+04 -2.35e+04 -3.845e+04
 -4.201e+04 -5.028e+04 -3.65e+04 -6.166e+04 -4.588e+04 -6.223e+04 -3.705e+04 -5.081e+04 -2.959e+04 -5.349e+04
 -5.801e+04 -5.654e+04 -5.547e+04 -7.282e+04 -5.946e+04 -7.607e+04 -5.064e+04 -5.443e+04 -4.866e+04 -6.928e+04
 -7.109e+04 -6.126e+04 -6.002e+04 -8.18e+04 -6.632e+04 -8.172e+04 -6.732e+04 -6.613e+04 -6.97e+04 -7.472e+04
 -8.237e+04 -7.681e+04 -6.58e+04 -8.675e+04 -7.105e+04 -7.572e+04 -6.82e+04 -7.09e+04 -8.158e+04 -7.45e+04
 -6.653e+04 -5.766e+04 -5.075e+04 -6.311e+04 -5.82e+04 -5.654e+04 -4.311e+04 -5.09e+04 -6.351e+04 -5.389e+04
 -4.506e+04 -5.367e+04 -3.743e+04 -4.692e+04 -4.49e+04 -4.972e+04 -4.018e+04 -4.644e+04 -4.984e+04 -4.263e+04
 -3.864e+04 -5.173e+04 -4.228e+04 -3.882e+04 -4.648e+04 -4.878e+04 -4.709e+04 -4.527e+04 -5.054e+04 -5.633e+04
 -3.699e+04 -4.066e+04 -3.056e+04 -2.649e+04 -4.478e+04 -4.018e+04 -3.36e+04 -3.917e+04 -4.359e+04 -4.259e+04
 -1.929e+04 -1.785e+04 -1.384e+04 -1.318e+04 -2.731e+04 -1.585e+04 -1.928e+04 -2.307e+04 -2.375e+04 -2.037e+04
 -1.081e+04 -1.016e+04 -7530 -3908 -1.488e+04 -1.018e+04 -5860 -1.338e+04 -1.613e+04 -8897
 -4179 -2955 -1428 -2195 -2039 -1097 -584.1 -2800 -2634 -1388
 -9727 -1.078e+04 -7214 -4748 -1.183e+04 3321 -1.372e+04 -8690 -1.167e+04 -8818
 -3.319e+04 -3.563e+04 -2.926e+04 -2.029e+04 -3.837e+04 -1.73e+04 -3.144e+04 -3.256e+04 -2.626e+04 -3.543e+04
 -5.307e+04 -5.617e+04 -4.63e+04 -5.608e+04 -5.755e+04 -4.113e+04 -5.507e+04 -5.573e+04 -4.075e+04 -6.452e+04
 -5.975e+04 -6.973e+04 -6.754e+04 -7.015e+04 -7.499e+04 -5.375e+04 -5.753e+04 -6.215e+04 -6.365e+04 -7.928e+04
 -6.667e+04 -6.627e+04 -6.395e+04 -7.483e+04 -7.769e+04 -6.04e+04 -5.62e+04 -6.827e+04 -7.232e+04 -7.077e+04
 -7.657e+04 -6.917e+04 -6.87e+04 -7.65e+04 -7.571e+04 -7.022e+04 -5.821e+04 -7.046e+04 -9.034e+04 -6.677e+04
 -7.053e+04 -6.574e+04 -5.776e+04 -6.458e+04 -6.699e+04 -6.639e+04 -4.925e+04 -6.619e+04 -5.985e+04 -6.439e+04
 -5.028e+04 -5.523e+04 -3.948e+04 -5.079e+04 -5.325e+04 -6.12e+04 -5.162e+04 -5.658e+04 -5.55e+04 -5.458e+04
 -4.099e+04 -4.589e+04 -3.728e+04 -3.764e+04 -4.652e+04 -4.38e+04 -5.074e+04 -4.811e+04 -4.804e+04 -5.485e+04
 -4.368e+04 -5.131e+04 -3.631e+04 -3.075e+04 -4.43e+04 -4.565e+04 -3.535e+04 -4.406e+04 -4.866e+04 -4.98e+04
 -3.836e+04 -3.536e+04 -2.384e+04 -2.381e+04 -3.723e+04 -3.056e+04 -2.665e+04 -3.319e+04 -3.003e+04 -3.567e+04
 -2.38e+04 -1.71e+04 -1.372e+04 -1.71e+04 -2.536e+04 -1.295e+04 -1.784e+04 -2.512e+04 -1.955e+04 -1.889e+04
 -1.123e+04 -9127 -370.3 -1.312e+04 -1.329e+04 -9179 -1.013e+04 -1.315e+04 -1.329e+04 -9269
 -3522 -3073 6256 -5340 -3343 -5440 -2947 -3563 -5114 -1741
 -4910 -5648 -4339 -5788 -9071 -4883 -4555 -6946 -3067 -5445
 -3.516e+04 -3.316e+04 -2.535e+04 -2.743e+04 -3.989e+04 -1.931e+04 -3.656e+04 -3.738e+04 -2.472e+04 -3.88e+04
 -6.168e+04 -6.516e+04 -4.968e+04 -5.991e+04 -6.758e+04 -5.869e+04 -6.541e+04 -6.924e+04 -6.529e+04 -7.155e+04
 -8.415e+04 -8.062e+04 -7.91e+04 -7.774e+04 -9.272e+04 -7.676e+04 -7.28e+04 -8.413e+04 -8.278e+04 -8.93e+04
 -8.594e+04 -8.43e+04 -8.396e+04 -8.086e+04 -9.28e+04 -8.45e+04 -7.867e+04 -8.606e+04 -9.321e+04 -9.198e+04
 -7.624e+04 -6.889e+04 -7.681e+04 -7.624e+04 -7.798e+04 -7.225e+04 -7.243e+04 -8.06e+04 -8.687e+04 -8.471e+04
 -6.61e+04 -6.328e+04 -6.97e+04 -7.238e+04 -7.492e+04 -6.369e+04 -6.758e+04 -7.398e+04 -6.354e+04 -7.516e+04
 -5.714e+04 -6.103e+04 -4.934e+04 -5.995e+04 -5.937e+04 -6.405e+04 -5.8e+04 -6.607e+04 -5.974e+04 -7.15e+04
 -5.742e+04 -5.577e+04 -3.577e+04 -5.367e+04 -5.315e+04 -4.283e+04 -4.836e+04 -6.29e+04 -5.713e+04 -6.225e+04
 -4.723e+04 -4.593e+04 -2.885e+04 -3.676e+04 -4.062e+04 -3.864e+04 -3.004e+04 -4.612e+04 -4.459e+04 -4.987e+04
 -3.362e+04 -2.703e+04 -1.348e+04 -2.622e+04 -2.754e+04 -2.624e+04 -2.46e+04 -3.306e+04 -2.746e+04 -3.059e+04
 -1.943e+04 -1.492e+04 2099 -2.151e+04 -1.647e+04 -1.407e+04 -1.95e+04 -2.519e+04 -1.909e+04 -1.688e+04
 -1.074e+04 -5082 762.6 -7122 -6518 -4456 -6842 -8878 -8330 -6522
 -488.9 -412.1 1488 -369.8 -569.1 -972.5 -1105 -406.7 -1278 -395.8
 -2539 -2276 952.5 -1537 -2386 -3512 -1809 -2431 -829.9 -3384
 -3.102e+04 -1.731e+04 -1.957e+04 -2.401e+04 -2.98e+04 -2.309e+04 -2.726e+04 -3.156e+04 -2.131e+04 -3.373e+04
 -6.366e+04 -5.447e+04 -4.775e+04 -5.842e+04 -6.588e+04 -6.147e+04 -5.456e+04 -6.8e+04 -6.749e+04 -6.502e+04
 -8.255e+04 -8.623e+04 -8.509e+04 -8.553e+04 -9.266e+04 -9.261e+04 -8.073e+04 -9.178e+04 -8.291e+04 -9.904e+04
 -9.037e+04 -9.268e+04 -1.025e+05 -9.249e+04 -1.012e+05 -1.048e+05 -8.966e+04 -9.706e+04 -8.671e+04 -1.151e+05
 -8.343e+04 -8.287e+04 -9.931e+04 -8.636e+04 -8.968e+04 -9.281e+04 -7.846e+04 -9.814e+04 -6.896e+04 -1.017e+05
 -6.831e+04 -6.727e+04 -8.311e+04 -6.69e+04 -6.966e+04 -6.978e+04 -5.508e+04 -7.368e+04 -6.488e+04 -8.042e+04
 -5.251e+04 -5.83e+04 -6.437e+04 -5.796e+04 -5.393e+04 -5.64e+04 -4.154e+04 -5.97e+04 -5.604e+04 -6.423e+04
 -4.093e+04 -4.034e+04 -3.709e+04 -3.972e+04 -3.823e+04 -4.077e+04 -3.222e+04 -5.187e+04 -3.609e+04 -4.674e+04
 -2.656e+04 -2.358e+04 -1.947e+04 -2.687e+04 -2.61e+04 -2.447e+04 -2.773e+04 -3.404e+04 -2.192e+04 -3.134e+04
 -2.19e+04 -1.822e+04 -888.7 -2.182e+04 -1.866e+04 -1.424e+04 -2.247e+04 -2.62e+04 -2.007e+04 -2.049e+04
 -1.508e+04 -1.099e+04 1.419e+04 -1.537e+04 -1.034e+04 -9454 -1.669e+04 -1.907e+04 -1.457e+04 -1.307e+04
 -4127 -2630 2650 -2018 -4051 -2107 -4367 -5227 -5663 -3596
 -214.7 -194.1 405.4 -229.7 -163 -212.8 -306 -314.4 -204.5 -174.2
 0 0 0 0 0 0 0 0 0 0
 -9723 -401.5 -1308 -4917 -8382 -8063 -6395 -1.016e+04 -1.17e+04 -9166
 -2.902e+04 -1.291e+04 -2.216e+04 -2.234e+04 -3.237e+04 -2.515e+04 -2.259e+04 -3.26e+04 -3.059e+04 -2.612e+04
 -4.011e+04 -3.845e+04 -4.505e+04 -3.584e+04 -4.235e+04 -4.568e+04 -3.164e+04 -4.324e+04 -3.901e+04 -4.04e+04
 -4.112e+04 -4.278e+04 -4.83e+04 -4.237e+04 -4.991e+04 -4.301e+04 -4.483e+04 -5.594e+04 -3.847e+04 -4.214e+04
 -3.827e+04 -3.992e+04 -4.407e+04 -4.077e+04 -4.495e+04 -4.264e+04 -4.328e+04 -4.2e+04 -5.091e+04 -5.299e+04
 -3.217e+04 -2.73e+04 -3.851e+04 -2.962e+04 -3.583e+04 -3.184e+04 -3.58e+04 -3.693e+04 -3.381e+04 -3.729e+04
 -2.082e+04 -2.057e+04 -3.015e+04 -1.695e+04 -2.029e+04 -2.275e+04 -1.271e+04 -2.879e+04 -2.145e+04 -2.059e+04
 -1.348e+04 -9740 -1.342e+04 -1.032e+04 -1.405e+04 -1.161e+04 -1.269e+04 -1.883e+04 -4992 -1.435e+04
 -8148 -4081 -6548 -7581 -5344 -6903 -8659 -5555 -4259 -8414
 -7675 -3819 -456 -5098 -6019 -6848 -5835 -4415 -5128 -5666
 -4863 -3034 2198 -2271 -3579 -2473 -2946 -4939 -5346 -3751
 -665.9 -714.2 1417 -721.6 -573.2 -894.5 -843.3 -1052 -654.7 -543.2
 0 0 0 0 0 0 0 0 0 0


