# Created by Octave 5.2.0, Thu Sep 24 23:52:04 2020 CEST <jiwidi@land>
# name: w
# type: matrix
# rows: 197
# columns: 10
 -1969 -1756 -1816 -1930 -1884 -1698 -1827 -1806 -2327 -1854
 0 0 0 0 0 0 0 0 0 0
 0 0 0 0 0 0 0 0 0 0
 -10 -15.16 -53 -13.16 -38 46 -6 -22.84 -46.08 -9.164
 -22.05 -90.14 -88.5 -57.89 -47.07 7.89 -13.45 107.1 -58.64 -60.98
 -36.01 -117.7 -12.16 -95.01 -26.61 -58.38 -72.16 150.9 -73.92 -109.2
 -136.1 -190.1 -107.2 -110.6 -34.74 -173.6 -122.6 89.14 -81.47 -312.4
 -237 -291.2 -221.3 -258.4 -258.9 -366.5 -295.5 -240.6 -148.5 -213.2
 -458.7 -457.3 -491 -440.7 -515.8 -514.5 -452.3 -599.3 -373.6 -179.2
 -572.6 -372.7 -537.7 -460.8 -652.7 -544.3 -565.8 -686.5 -454.7 -318.8
 -641.1 -558.4 -505 -540.3 -699.5 -605.2 -533.7 -518.2 -533.9 -479.2
 -476.7 -412.4 -457.5 -495.2 -415.6 -483.9 -488.2 -524.9 -427.5 -499.9
 -289.7 -134.2 -297 -223.1 -180.4 -146.1 -247.1 -126.9 -321.4 -329.8
 -121.2 -11.98 -169.2 -189.9 -56.89 91.33 -172.8 -122.1 -146.7 -94.64
 -5 -2 -3 -9 -3 10 -5 -3 -4 -8
 -1.24 -1.86 -8.06 -24.18 -1.86 -2.48 -0.62 24.8 -2.48 -22.94
 -4.19 -18.12 -7.72 -25.34 -10.02 -1.553 -4.567 37.49 -5.732 -10.14
 -64.19 -97.17 -53.88 -73.49 -82.98 -1.968 -80.96 52.9 -123 -88.25
 -187.3 -238.8 -166.9 -109.1 -190.8 -103 -193.5 6.887 -217.6 -279.3
 -466.7 -631.7 -444.5 -351.8 -359.5 -403.1 -606.8 -307.8 -430.5 -677.5
 -785.1 -995.4 -776.1 -740.1 -755.7 -785.8 -833.7 -467.8 -801.4 -869.1
 -942.2 -1209 -973.7 -897.2 -1038 -1018 -1041 -714 -1048 -809.9
 -1148 -1354 -1106 -1105 -1426 -1194 -1219 -980 -1110 -824.7
 -1148 -1312 -1277 -1214 -1544 -1231 -1219 -1047 -1099 -861.2
 -1260 -1277 -1266 -1260 -1444 -1258 -1302 -1044 -1246 -1074
 -1056 -1067 -1040 -1108 -966.9 -982.5 -1046 -809.3 -1004 -1118
 -670.6 -601.3 -790.2 -740.4 -539.8 -476.3 -723.4 -579.4 -773.7 -745.9
 -331.1 -182.9 -305 -200.7 -206.2 48.29 -325.7 -213.2 -358.9 -272.6
 -46.97 -39.89 -49.09 -94.02 -47.9 77.15 -47.33 4.23 -46.26 -75.81
 -13 -5 -6 18 -4 -12 -2 -4 -4 -17
 -44.99 -25.4 35.52 -21.5 -32.07 -39.34 -72.13 -6.411 -61.8 -52.33
 -104.2 -118.9 -65.65 -127.5 -152.1 -126.4 -142.8 -81.49 -80.99 -165.3
 -378.2 -383.7 -312 -260.6 -391.5 -326 -399.2 -196.9 -273.1 -484.7
 -728.7 -895.6 -669.1 -759.8 -723 -774.7 -852.9 -668.5 -769.4 -753.8
 -831.5 -1024 -917 -883.2 -937.3 -893.6 -888.3 -794.3 -784.7 -781.3
 -753.1 -916 -807.3 -707 -814.5 -765.2 -797.5 -539.3 -691 -856.1
 -626.8 -646 -633.1 -668 -784.8 -582.1 -679.5 -549.2 -563.7 -760.9
 -580.2 -576.6 -695.3 -694.5 -882.6 -651.2 -746.2 -560.4 -805.1 -915.8
 -906.4 -989 -1119 -1173 -1057 -1094 -1119 -1060 -979.1 -1106
 -1001 -1131 -1046 -1109 -941.4 -1185 -1171 -921.1 -1038 -1149
 -573.1 -677 -759.7 -479.8 -583.4 -559.4 -683 -459.8 -483.1 -624.5
 -258.3 -240.3 -306.2 -66.76 -329 -138.7 -282.9 -189.6 -149.8 -247.9
 -96.32 -60.75 -70.32 -55.58 -63.07 40.13 -64.55 -29.01 -19.31 -83.9
 -2 -5 37 -1 -23 -8 -28 -3 -37 -6
 -16.63 -14.45 33.35 -15.78 -38.5 -17.09 -44.1 -9.361 -53.86 -3.293
 -168.8 -170 -176 -283.3 -210.8 -109.7 -190.9 -113.3 -104.9 -218
 -526.5 -608.5 -407.9 -703.8 -563.1 -492.1 -642.2 -425.7 -511.2 -563.9
 -861.9 -1016 -718.4 -938.4 -687.9 -713.2 -846.7 -736.3 -799.3 -735.2
 -664.6 -869.6 -606.2 -778.4 -589 -646.3 -714.8 -590.2 -626.1 -642
 -464 -606 -473 -637.5 -508.6 -361.3 -430.1 -459.7 -524.2 -476.8
 -258 -404.2 -433.6 -541.8 -583 -212.3 -528.8 -530.8 -603.3 -344.7
 -541.7 -570.7 -740.9 -592 -761.6 -609.7 -738.5 -502.4 -732.7 -780.7
 -987.4 -976.5 -1160 -1126 -1016 -1101 -1200 -958.4 -1164 -1045
 -789.1 -994 -910.6 -883.2 -944.3 -963.7 -1132 -798.8 -910.9 -906.3
 -523.7 -557.1 -481.4 -392.6 -505.3 -588.4 -619.8 -569.4 -344.7 -447.5
 -169.3 -237.1 -273.7 52.35 -251.1 -246.6 -255.3 -165.6 -199.9 -229.4
 -70.53 -103.7 -80.77 20.89 -95.89 -70.01 -109.4 -62.79 -50.76 -82.74
 -29 -27 32 -5 -22 -32 -19 -21 -24 -12
 -12.97 -49.47 28.03 -25.9 -58.76 -77.64 -58.04 -70.92 -55.12 -11.65
 -200.7 -212.3 -277.8 -364.1 -250.7 -66.44 -214.3 -236.8 -121.7 -174.2
 -635.7 -753.3 -656.4 -906.2 -665 -487.8 -694.8 -676.3 -620.1 -376.7
 -772.5 -950.5 -681.5 -945.6 -618.6 -601.9 -840.3 -716.2 -737.8 -807.3
 -725.7 -714.9 -536 -860.4 -629.6 -480.5 -723.3 -888 -594.2 -436.2
 -531.3 -612.3 -535 -591.1 -646.1 -344.4 -560.8 -777.3 -453.1 -300.4
 -647 -513.5 -568.2 -541.6 -680.5 -496.6 -557.9 -783.4 -534.9 -265.6
 -988.5 -710.1 -974.3 -837.4 -916.2 -1124 -1000 -911.5 -1084 -839.2
 -972.3 -1039 -1090 -940.2 -997.3 -1300 -1229 -1101 -1066 -986.3
 -533.5 -704.7 -668.1 -691.7 -762.2 -749.7 -849.9 -667 -622.6 -594.6
 -158.2 -317 -337.9 -202.1 -291.4 -413.4 -448.7 -299.8 -313.5 -227.7
 29.88 -105.5 -50.25 18.57 -79.45 -217.5 -108.1 -74.41 -104 -66.77
 79.12 -10.58 -6.62 -9.42 -11.41 -92.22 -15.41 -9.77 -10.42 -8.42
 -6.67 -6.21 7.36 -1.15 -5.06 -7.36 -4.37 -4.83 -5.52 -2.76
 -10.16 -91.03 -41.98 -104.5 3.061 -54.37 -39.48 -64.69 -64.98 -98.24
 -242.5 -350.4 -379.7 -403.9 -114 -214.7 -221.7 -287.4 -215.8 -252.6
 -503.1 -684.6 -738.1 -658.6 -408.3 -471.9 -585.8 -800.6 -582 -348.2
 -764.4 -849.1 -1000 -843.8 -551.4 -606 -734.5 -917.8 -578.2 -673.9
 -668 -738.7 -788.4 -759.4 -421.8 -608.5 -611.9 -905.7 -538.3 -577.8
 -540 -619.6 -758.6 -574.7 -525.8 -557.2 -693.2 -838.1 -549.3 -475.8
 -1029 -814.9 -991.8 -844.4 -943.3 -1048 -1059 -1097 -953.2 -745.1
 -1156 -1033 -1133 -1010 -1041 -1146 -1214 -1137 -1196 -957.2
 -833.2 -855.9 -765.7 -681 -734.4 -868.7 -893.7 -803.2 -881.7 -559.5
 -343 -390.5 -443.1 -367.9 -383.1 -458.9 -578.3 -414.2 -406.5 -209.7
 -10.1 -180.5 -132.4 -178.7 -82.25 -264.2 -326.5 -176.6 -272.5 -126.6
 99.6 -36.79 -34.82 -86.01 -32.23 -111.5 -63.4 -39.74 -39.43 -27.73
 67.87 -4.254 -3.501 -11.3 -6.891 -71.95 -12.04 -5.254 -6.501 -5.254
 13.64 -13.66 -46.79 -9.24 10.19 -13.41 5.876 -10.76 -11.59 -9.846
 -56.9 -118 -164.7 -183.8 3.62 -47.09 -61.07 -173.1 -161 -40.84
 -123.3 -229.1 -381.5 -325.5 -132.5 -59.98 -216.4 -301.1 -388 -205.4
 -513.3 -637.5 -690.6 -479 -324.5 -437.5 -428.2 -705.4 -596.5 -505.4
 -621.8 -775.5 -939.8 -814.5 -543.5 -505 -778.3 -886.6 -807 -776.7
 -871.7 -958.4 -1087 -888.9 -884.2 -717.8 -922.7 -1140 -859.6 -795.7
 -1200 -1066 -1075 -960.9 -1064 -941 -1219 -1199 -1076 -1021
 -1319 -1070 -1277 -1108 -1167 -1263 -1268 -1300 -1135 -1179
 -1048 -836 -1083 -885.3 -910.7 -1010 -1054 -1080 -841 -915.9
 -644.5 -536.6 -525 -463.2 -482.4 -549.3 -573.7 -549.2 -668.8 -458.7
 -330.9 -300 -215.9 -308.7 -156.2 -275.4 -388.2 -243.2 -442.3 -324.1
 -55.83 -166.1 -178 -153.4 -96.06 -312.3 -179.8 -176.3 -278.6 -201.8
 63.63 -40.86 -87.77 -45.56 -52.66 -155.4 -49.03 -55.1 -52.77 -43.5
 14.08 -2.617 -5.017 -11.62 -2.847 -7.937 -8.017 -2.787 -3.017 -2.787
 -31.7 -48.76 -75.82 -22.82 80.76 -48.82 15.18 -19.82 -38.82 -49.82
 22.94 -107.8 -217.5 -118.4 61.66 -177.4 -31.47 -160.5 -169.9 -69.38
 -144.7 -239.7 -180.1 -240 -59.42 -363.4 -247.4 -249 -394.1 -245.1
 -377.3 -430.4 -416.6 -388.6 -313.4 -422.3 -386.4 -463.3 -554.1 -448.5
 -679.3 -830.3 -631.3 -677.4 -491.2 -641.4 -567.5 -768.1 -551.8 -662.7
 -853.5 -809 -765.4 -692.1 -764.5 -786.2 -856 -889.8 -757 -810.1
 -1128 -968.9 -1038 -1004 -1064 -1082 -1130 -1142 -864.3 -1117
 -1083 -944.9 -1146 -957.9 -1046 -1008 -1063 -1031 -1037 -1041
 -847.6 -571.7 -841.9 -704.5 -728.5 -784.5 -750.4 -757 -728.7 -743
 -500.1 -444.5 -546.4 -405.4 -394.1 -426.5 -414.7 -533.7 -588.7 -439
 -322.9 -361.8 -370 -275.6 -277.8 -352.3 -328.5 -348.6 -493.6 -464.8
 -41.29 -176.2 -305.8 -156 -147.9 -222.4 -110.4 -191.3 -272.3 -249.4
 61.61 -55.87 -186.8 -7.157 -59.94 -153 -1.482 -70.12 -52.84 -55.14
 17.61 -0.15 -14.61 -4.57 -0.15 -6.53 -6.09 -3.01 -1.09 -1.57
 49.12 -38.24 -103.9 -27.84 -24.93 -53.1 2.956 -48.28 -28.11 -25.15
 49.02 -134.4 -79.44 -153.6 -134.1 -298.9 -98.98 -125.4 -177.9 -141.3
 -15.29 -150.9 -167.3 -259.8 -67.04 -384.4 -121.3 -194.3 -118.4 -179.3
 -272.9 -461.9 -337 -631.4 -293.2 -615.2 -274.4 -428 -255 -466
 -567 -545.7 -523.9 -798.3 -484.4 -811.9 -483.4 -602.5 -450.8 -626.5
 -729.2 -593.6 -731.4 -769.2 -651.9 -917.5 -681.5 -682.1 -520.1 -773.8
 -933.4 -812.8 -834.1 -1004 -770.4 -1010 -931.4 -973.5 -734.1 -948.8
 -957.8 -775.4 -664.8 -891.4 -710.6 -807.1 -755.6 -792.6 -806 -941.8
 -737.1 -618.5 -570.3 -612 -704.3 -723.3 -477 -650.3 -548 -597.9
 -575.8 -563.4 -480.8 -488.3 -533.6 -545.5 -529.9 -518.1 -437.6 -718.2
 -316.7 -411.6 -496.1 -366 -379.9 -333.6 -249.9 -396.4 -448 -466.3
 -135.9 -212.1 -292.1 -142.4 -305.2 -223.8 -156.6 -243.5 -355.7 -311.1
 -121.6 -130 -146.8 -41.8 -150.1 -160 -33.26 -100.1 -149.9 -138.4
 -73.43 -72.61 43.67 -65.41 -114.1 -42.48 -110.3 -38.23 -116.7 -80.64
 -23.09 -100.4 -40.61 -119.9 -168.9 -40.36 -74.98 -60.76 -121.5 -110.7
 -201.5 -307.1 -241.4 -184.6 -367.3 -141.2 -319.7 -258.6 -340.5 -369.9
 -312.7 -399.1 -222.5 -448.2 -442.1 -467.8 -391.8 -374.3 -292 -548.1
 -511.7 -550.1 -401.7 -772.1 -572.6 -724 -435.2 -573.4 -342 -653.4
 -685.1 -644.7 -637.5 -894.2 -673 -845.4 -536.5 -634.3 -484.2 -819.7
 -829.6 -709.8 -665.4 -948.4 -752.3 -910.1 -751.8 -705.3 -766.3 -960.3
 -938 -806.7 -739.7 -1014 -823.1 -836.9 -725.9 -792.7 -860.2 -931.9
 -735.5 -637.9 -560.6 -665 -623.4 -537.1 -455.7 -497.9 -738.5 -584.2
 -469 -600.7 -382 -510.7 -466.8 -547.2 -428.8 -542.7 -539 -450.5
 -451.1 -604.2 -464.9 -464.3 -549.2 -570 -512.2 -522.6 -542.1 -781.9
 -414 -472.9 -292.5 -280.4 -525.5 -499 -415.3 -420.2 -496.8 -523.7
 -174.4 -207.3 -128.3 -144.3 -317.1 -192.5 -207.6 -257.9 -301.6 -230.3
 -115.3 -112.6 -113.4 -15.8 -175.8 -87.46 -30.91 -167.7 -215.7 -95.97
 -55.4 -30.55 -38.61 -21.92 -20.57 12.68 3.679 -38.15 -27.36 -13.46
 -94.77 -115.8 -70.35 -51.18 -126 41.33 -150 -89.88 -125.2 -89.4
 -356.3 -388.3 -369.2 -190.7 -460.5 -144 -357.1 -349.5 -244.3 -412.4
 -648.7 -626.4 -526.4 -608.1 -686.1 -442.9 -587.7 -595.2 -440 -774.4
 -669.5 -793.5 -768 -778.7 -880.7 -538.6 -667.1 -672.8 -723.5 -926.4
 -746.2 -807.3 -706.4 -848.8 -890 -629.3 -615.5 -822.8 -824.7 -725.4
 -853.8 -753.9 -770.8 -854.6 -839.7 -816.6 -585.7 -770.7 -964 -770.4
 -793.1 -726 -653.7 -716.5 -736.4 -781 -479.8 -801.6 -561.5 -711.7
 -536.5 -624.5 -432.5 -487.8 -546.2 -712.2 -516.6 -590.5 -562 -561.7
 -444.5 -497 -417.6 -368.9 -518.6 -487.5 -545.3 -564.9 -502 -594.8
 -495.4 -597.7 -450.9 -319.8 -515.1 -539.1 -367.7 -512.4 -448 -690.3
 -410.3 -377 -291.8 -281.8 -413.9 -313.6 -297.4 -349.5 -258.1 -450.1
 -254.6 -178.6 -131 -161.1 -280.7 -103.3 -177 -280.2 -261.8 -199.1
 -125.8 -89.63 31.85 -133.2 -155.9 -75.88 -106.3 -153.1 -213.8 -101.2
 -34.7 -31.4 125.6 -58.56 -32.55 -65.39 -20.63 -36.47 -109.8 -18.85
 -34.21 -60.11 -25.55 -85.75 -99.21 -49.5 -49.62 -71.6 -36.31 -56.61
 -381 -336 -290.9 -302.1 -461.5 -187.1 -401.5 -411.4 -211.9 -468.2
 -672.5 -666.3 -499.8 -643 -736.2 -666.9 -674.3 -734.4 -775.5 -811.1
 -915.9 -940.7 -838.3 -842.3 -1019 -834.2 -784.7 -979.6 -919.7 -969.6
 -993.4 -935.7 -885.1 -878.8 -997.3 -938.8 -854.4 -925.9 -1070 -1058
 -844.4 -755.8 -792.4 -822.5 -829.1 -775.8 -775.2 -858.8 -1035 -961.1
 -699.3 -692.1 -714.8 -830 -864.9 -712.5 -725.4 -850.2 -638.9 -867.2
 -643 -678.9 -486.1 -675.6 -650.8 -701.4 -591.9 -731.6 -660.9 -850.1
 -637.3 -606.1 -353.8 -595.9 -596.9 -445 -553.9 -737.9 -581 -776.8
 -491.5 -517.3 -340.1 -442.3 -486.2 -414.2 -326.7 -524.8 -415.5 -697.9
 -331.9 -280.1 -120.5 -269.5 -303.1 -299.4 -249.2 -356.8 -309.4 -369.4
 -205.5 -151.2 84.06 -209.3 -184.9 -134.3 -215 -286.5 -254.2 -177
 -132.7 -50.83 26.2 -65.82 -79.72 -25.11 -75.54 -106.6 -133.8 -72.49
 -5.15 -4.69 21.41 -3.69 -6.53 -14.35 -12.21 -4.69 -15.73 -5.15
 -25.69 -25.38 12.36 -18.77 -23.29 -33.91 -18.76 -26.31 -12.46 -41.68
 -363 -137.5 -207.4 -274.9 -344.1 -248.4 -317.5 -370.9 -240.6 -405.8
 -709.1 -608.8 -482.8 -618 -705.3 -668.2 -579.8 -736.6 -775.8 -755.8
 -899.6 -963.1 -888.8 -944.2 -1019 -1030 -840.6 -1088 -887.4 -1056
 -1007 -990.7 -1090 -1000 -1127 -1175 -959.1 -1036 -952.5 -1401
 -916.5 -909.8 -1072 -913 -961.3 -1061 -825.5 -1085 -739.4 -1141
 -729.1 -742.3 -918.8 -686.4 -713.2 -769.6 -557.1 -793.1 -741 -907.7
 -564.5 -645.4 -688.9 -647 -590 -643.3 -440.3 -691 -595.2 -763.1
 -447.3 -450.5 -379.9 -458.2 -437.3 -476.8 -352.9 -594.5 -338.4 -640.5
 -300.9 -247.7 -174.8 -310.9 -280.8 -292.4 -296.2 -373.7 -239.7 -378.6
 -275.9 -185.5 13.22 -235.1 -201.4 -145.4 -251.1 -297 -216.5 -214.5
 -208.3 -109 214.8 -178.5 -119.6 -118.5 -192.8 -219.8 -181.4 -140.3
 -39.12 -26.18 8.362 -13.23 -55.56 6.935 -47.58 -70.74 -80.53 -40.98
 -1.96 -2.41 5.33 -2.13 -1.96 -2.47 -4.2 -3.65 -2.41 -2.41
 0 0 0 0 0 0 0 0 0 0
 -101.7 54.24 -0.804 -71.19 -138.1 -101.6 -71.91 -121.5 -181.2 -101.9
 -331.9 -132.1 -245.7 -215.3 -348.3 -267.2 -232.8 -374.2 -359.1 -295.7
 -454.9 -406.7 -513.8 -364.9 -541.2 -540.8 -313.6 -589.2 -399 -352.6
 -440.4 -445.4 -573.2 -480.5 -533.5 -457.1 -480.4 -694.8 -397.8 -364.9
 -444.6 -412 -476.7 -432.9 -487.7 -458.8 -518.1 -453.4 -628.5 -617.3
 -357.9 -301.1 -452.4 -290 -380 -366.4 -417.9 -369.4 -398.3 -439.4
 -211.3 -236.3 -416.1 -195.8 -269.8 -237.4 -109.1 -370.8 -161.7 -265.5
 -172.3 -98.02 -161.3 -124.7 -164.2 -120 -140 -223.2 -13.08 -199.6
 -135.7 -44.22 -52.65 -98.88 -50.95 -86.68 -107.9 -67.85 -69.04 -95.91
 -132.5 -41 27.54 -71.23 -73 -85.23 -73.23 -55.46 -81.23 -62.23
 -53.84 -31.07 5.54 -18.69 -50.46 -4.31 -31.69 -62.15 -78.84 -42.84
 -8.12 -7.73 17.01 -7.77 -7.12 -10.08 -8.39 -11.7 -7.08 -5.81
 0 0 0 0 0 0 0 0 0 0


