# Created by Octave 5.2.0, Thu Sep 24 23:52:36 2020 CEST <jiwidi@land>
# name: w
# type: matrix
# rows: 197
# columns: 10
 -390 -300 -310 -350 -340 -270 -330 -300 -460 -310
 0 0 0 0 0 0 0 0 0 0
 0 0 0 0 0 0 0 0 0 0
 -10 0 -20 0 -10 20 0 0 -20 0
 -13.8 -16.9 -25.3 -18.4 -15.3 6.9 -6.9 41.5 -32.2 -16.9
 -16.93 -17.7 5.4 -34.6 -14.6 -30 -20 51.53 -34.6 -30
 -35.4 -74.8 -11.53 -30 2.5 -67.1 -50.77 17.73 -18.5 -84.07
 -33.9 -64.6 -47.34 -51.6 -28.4 -68.5 -77.7 -51.17 10.9 -63.69
 -95.93 -100.9 -108.4 -94.64 -82.3 -115.8 -58.57 -107.1 -60.23 4.57
 -95.4 -83 -99.2 -42.8 -168.5 -120.1 -89.2 -146.9 -28.69 -53.97
 -120.8 -53.8 -59.1 -73.6 -142.2 -125.3 -72.8 -111.4 -62.9 -84
 -73.1 -63.83 -118.3 -84.6 -36.17 -58.7 -73.8 -82.2 -48.1 -115.5
 -67.7 -21.4 -52.4 -39.3 0.7 25.3 -80 -18.4 -66.3 -78.6
 -55.4 4.6 -20 -60.8 1.5 50 -44.6 -29.23 -66.1 -22.27
 0 0 0 0 0 0 0 0 0 0
 0 0 0 -6.2 -6.2 0 0 12.4 0 -12.4
 -1.2 0 -5.8 -1.2 0 1.2 0 24.6 -10 -11.2
 -29.7 -16.39 -12.33 -22.82 -29.7 8.406 -19.7 38.53 -56.21 -43.64
 -60.86 -60.74 -22.91 -51.93 -51 -20 -46.7 15.41 -68.95 -74.6
 -88.9 -129.7 -85.99 -39.34 -67.78 -50.13 -118.5 2.284 -87.23 -147.2
 -146.4 -199.8 -108.6 -103.7 -144.9 -126.4 -172.2 -36.17 -149.1 -131.9
 -175.9 -255.2 -138.1 -163.2 -220.6 -240.5 -216.5 -120.8 -233.5 -105.4
 -215.1 -271.8 -170.8 -177.7 -325.4 -265.2 -264 -168.9 -176 -88.54
 -184.1 -256.3 -276.1 -236.4 -322.5 -257.4 -256.6 -169.9 -175.9 -81.4
 -208.7 -241 -243.9 -246.2 -283.6 -242.4 -256.9 -178.9 -196.4 -162.4
 -235.1 -196.9 -205 -248.8 -141.7 -182.5 -208 -102.9 -181.9 -193.1
 -161.1 -132.5 -156.4 -177.3 -72.78 -77.61 -174.6 -92.25 -197.9 -178.8
 -80.39 -20.85 -57.69 -50.83 -29.93 70.71 -81.7 -25.54 -117 -72.16
 -11.5 0 -7.6 -30.7 -21.7 33.9 -10 20 -10 -20
 0 0 0 10 0 0 0 0 0 -10
 -18.6 -0.047 6.933 -8.6 -10 -1.4 -10 24.45 -30.09 -28.5
 -21.42 -27.67 -3.356 -18.43 -25.34 -19.73 -44.84 -0.107 5.929 -56.8
 -66.13 -75 -57.61 -12.22 -74.87 -52.84 -106.5 -14.05 -27.32 -99.84
 -136 -168.7 -99.37 -84.29 -118.3 -135 -188.1 -83.79 -124 -118
 -152 -210.5 -208.1 -176.8 -200.5 -169.8 -190.5 -153 -165.3 -91
 -119.8 -168 -137.3 -130.8 -183.6 -151.1 -161.7 -83.93 -153.5 -145.3
 -101.1 -99.09 -116.6 -112.8 -197.6 -94.42 -139.4 -63.4 -132.5 -154.2
 -44.93 -94.84 -131.8 -145.5 -183.6 -114.4 -160.2 -78.75 -214.8 -180.7
 -116.8 -145.9 -161 -239 -151.2 -186.5 -213.6 -152.6 -171.4 -201.9
 -165.7 -166.4 -178.8 -162 -135 -215.3 -200.4 -109.8 -150.3 -196.8
 -135.5 -131.1 -179.8 -82.44 -129 -115 -178.8 -88.13 -110.4 -158.7
 -72.45 -58.15 -72.88 -2.52 -69.35 8.52 -92 -39 -60.97 -74
 -39.1 -9.9 -11.4 -4.5 -12.2 19.9 -35.3 -12.2 -6.9 -14.5
 0 0 10 0 0 0 0 0 -10 0
 -3 0 2.4 0.6 -0.0023 3 -0.0023 3.325 -10.02 -5.3
 -33.89 -34.99 -21.88 -52.86 -33.49 -15.78 -49.69 0.465 18.64 -52.73
 -100.3 -133.9 -34.64 -133 -116.9 -58.38 -144.9 -32.39 -81.25 -90.94
 -169.1 -173.4 -85.47 -178 -94.23 -88.95 -158.2 -109.3 -179.5 -115.1
 -74.62 -142.5 -86.66 -198.9 -107.1 -68.44 -143.5 -72.32 -111.2 -104.8
 -81.56 -127 -83.66 -148.5 -105.8 -55.87 -71.31 -62.06 -75.34 -79.12
 -23.28 -75.94 -85.63 -118.4 -139.6 -20.46 -110.1 -75.15 -171.2 -83.34
 -32.45 -83.29 -117.5 -76.02 -144.6 -95.27 -108.3 -89.96 -144.5 -107.1
 -115.6 -123.1 -159.3 -133.6 -127 -157.8 -196.7 -105.8 -149 -169.2
 -109.4 -197.3 -190.4 -136.1 -183.4 -197.5 -253.6 -140.8 -166.7 -164.5
 -101 -145.3 -151.4 -81.03 -103.5 -182 -178.1 -119.7 -32.66 -94.38
 -14.08 -62.34 -82.69 44.51 -61.11 -71.51 -76.26 -34.96 -58.85 -66.02
 -25.8 -15.8 -5.8 22.3 -25.8 -0.7 -31.6 -25.8 -25.8 -25.8
 -10 -10 30 0 0 -10 0 0 -10 -10
 -7.7 -10 41.4 -0.21 -10.02 -24.79 -14.61 -3.71 -14.39 -0.9925
 -52.51 -82.81 -73.24 -93.03 -97.16 -19.75 -57.89 -66.11 -18.3 -10.51
 -152.7 -169.4 -159.1 -249.8 -133.5 -39.73 -161.4 -153.5 -133.1 -53.7
 -140.6 -154.6 -60.86 -248 -72.8 -63.38 -169.4 -147.7 -145.5 -99.7
 -127.9 -145.2 -47.4 -187.4 -118.9 -33.79 -119.9 -174.9 -79.02 -21.8
 -122.3 -129.3 -99.34 -126.4 -150.4 -40.67 -98.7 -175 -65.51 -48.72
 -162.2 -101.8 -92.14 -114.3 -153.2 -72.11 -93.68 -147.4 -107.3 -27.53
 -148.9 -85.8 -167.2 -101.7 -131.7 -186.8 -179.7 -118.5 -202.3 -70.93
 -139.9 -178.3 -181.9 -120.4 -137.8 -269.6 -223.4 -182.1 -135.2 -145.7
 -76.59 -146.4 -143.1 -135.2 -122.4 -186.7 -184.8 -144.1 -85.73 -93.83
 -3.1 -87.7 -89.81 -45.23 -87.11 -129 -143.2 -47.58 -41.57 -106.9
 45.01 -36.59 -28.01 21.78 -38.29 -62.69 -26.59 -30.09 -43.86 -24.69
 18.4 -11.4 7.1 -7 -11.4 -20 0 -11.5 -1.5 -1.5
 -2.3 -2.3 6.9 0 0 -2.3 0 0 -2.3 -2.3
 17.7 -20.07 9.825 -9.883 -18.72 -7.614 -2.378 -2.175 -21.15 -26.84
 -53.37 -95.6 -144.8 -123.3 -40.73 -30.16 -69.6 -75.43 -71.6 -43.73
 -55.48 -158.6 -206.3 -194.7 -71.4 -60.52 -147.7 -212.9 -145.2 -54.66
 -138.2 -154.8 -181.4 -165.3 -74.06 -85.16 -113.1 -205.7 -35 -89.18
 -158.3 -105.2 -170.6 -137.3 -63.67 -76.2 -116.2 -196.3 -54.24 -86.23
 -102.8 -99.06 -173 -109.5 -105.2 -107.2 -135.2 -169.2 -96.39 -48.58
 -188.3 -111.2 -146.3 -117.5 -170.6 -165.7 -215.2 -201.8 -191.6 -81.11
 -210.8 -150.3 -210.6 -146.8 -138.6 -184.3 -213.6 -143.2 -157.3 -108.4
 -158.1 -149.9 -138.7 -95.89 -109.5 -177 -180.2 -147.6 -171.3 -101.7
 -59.98 -104.4 -113.4 -99.21 -91.03 -132.2 -163.4 -85.01 -131.5 -56.03
 14.99 -56.7 -27.17 -63.6 -7.338 -83.42 -100.1 -53.7 -72.48 -33.69
 40.96 -30 -19.71 -31.43 -20.07 -39.31 -30.07 -30.14 -29.88 -10.07
 22.3 0 7.7 -7.7 0 -22.3 0 -7.7 0 0
 7.7 -10 -12.3 0 -7.7 0 0 0 -2.3 0
 21.5 -10.21 -51.61 -30.27 -10.8 2.19 -4.67 -28.31 -47.67 15.98
 -12.18 -79.6 -143.6 -134.7 -50.78 -8.14 -85.83 -90.43 -144.2 -67.7
 -76.56 -138.1 -185.1 -98.28 -30.9 -64.03 -69.4 -151.5 -113.9 -130
 -82.58 -175.1 -238.5 -156.7 -72.3 -20.73 -139.7 -167.4 -135.4 -136
 -152.5 -229 -229.4 -158.7 -157.4 -108.2 -166.1 -240.7 -140.9 -133.7
 -239.9 -154.8 -181.8 -154.3 -172.5 -110.9 -238 -224.3 -142.2 -141.7
 -288.5 -160.3 -236.3 -115.9 -190.5 -196.7 -249.6 -195.5 -140.5 -190.1
 -218.4 -87.03 -173.6 -93.82 -117 -150 -173.6 -178 -114.7 -121.7
 -139.5 -130.7 -81.1 -72.15 -96.45 -89.7 -138.8 -113.7 -185.4 -73.07
 -53.74 -72.62 -44.7 -68.05 -10.05 -59.56 -114 -37.28 -135.5 -91.71
 6.518 -40.39 -26.18 -34.78 -5.719 -87.6 -70.1 -60.09 -79.14 -75.82
 60.27 -29.9 -40.1 -8.555 -26.19 -56.15 -29.41 -32.6 -30.01 -10.07
 10 0 0 0 0 -10 0 0 0 0
 0 -10 -30 0 7.6 -10 10 0 -10 -7.6
 31.45 -32.7 -85.27 -35.35 -17.81 -82.88 -10.08 -49.4 -69.31 -22.71
 -7.263 -58.56 -61.6 -71.59 -19.9 -125.3 -62.46 -70.1 -111.6 -76.44
 -54.23 -89.14 -89.03 -67.23 -53.2 -63.71 -76.27 -105.8 -173.7 -91.58
 -124.1 -193.9 -133.9 -132.3 -101.9 -110.2 -101.7 -178.7 -76.2 -163.1
 -184.6 -127.7 -115.2 -137.4 -142.5 -105.6 -180.2 -189.4 -108.2 -153.7
 -219.2 -140.7 -129.6 -127.1 -155.9 -156 -208.4 -182.5 -104.1 -179.4
 -177 -118.6 -184.4 -94.42 -171.2 -138.8 -174 -131.2 -124.5 -146.2
 -189.2 -99.88 -159.7 -120 -119.3 -133.9 -114.2 -175.7 -103.7 -143.4
 -126.6 -123.3 -111.7 -84.63 -78.75 -113.6 -74.45 -121 -148.3 -68.59
 -76.73 -89.1 -78.63 -66.45 -50.18 -94.4 -86.54 -82.57 -171.2 -128.4
 28.16 -49.56 -120.6 -46.36 -35.92 -69.8 -21.66 -55.63 -102 -104
 38.91 -29.78 -69.37 13.95 -25.17 -64.88 2.059 -27.48 -29.86 -13.59
 10 0 0 0 0 -10 0 0 0 0
 3.1 -16.9 -33.8 13.8 -16.9 -9.23 10 -6.9 -7.67 -7.67
 44.58 -50.23 -32.25 -41.86 -51.45 -118.5 -24.92 -56.66 -71.79 -50.29
 29.37 -59.99 -49.21 -97.46 -27.57 -151.9 -28.16 -70.89 -28.05 -31.23
 -32.62 -92.84 -48.09 -169.2 -50.84 -195.1 -32.47 -95.63 -37.55 -99.73
 -128.7 -99.87 -66.73 -203.1 -55.85 -210.8 -87.93 -132.1 -33.38 -163.5
 -141.6 -73.25 -101.2 -135.9 -79.94 -184.9 -97.28 -124.8 -23.83 -140
 -180.8 -79.42 -96.57 -150.3 -106.2 -192.1 -112.3 -138.5 -60.38 -145.8
 -201.8 -107.6 -88.48 -202.5 -98.67 -164.6 -121.1 -118.7 -154 -150.2
 -190.3 -106.6 -95.95 -160.9 -144.5 -190.6 -73.69 -152.9 -131.6 -130.9
 -127.5 -128.4 -96.83 -98.65 -131.2 -147.7 -82.18 -99.53 -96.79 -192.8
 -59.42 -124.7 -152.5 -87 -88.45 -111.8 -50.37 -115 -136.7 -136.2
 -55.23 -61.53 -109.6 -27.7 -111.2 -66.78 -29.44 -89.13 -127.4 -110.7
 -34.08 -26 -31.52 10.68 -29.1 -62.22 19.8 -27.85 -45.1 -22.18
 -32.2 -22.2 16.6 -19.9 -19.8 -2.2 -19.8 -19.9 -42.1 -12.2
 -14.3 -21 7.3 -25.2 -50.8 -9 -9.2 -25.2 -37.7 -31
 -11.44 -70.56 -76 -17.8 -103.2 -47.93 -82.85 -76.5 -107.3 -76.73
 -18.75 -97.03 -41.53 -114 -93.8 -96.38 -94.67 -93.61 -41.91 -136.2
 -108.7 -146.2 -38.81 -202.2 -131.5 -180.9 -55.3 -123 -26.31 -201.9
 -112.8 -114.4 -111.9 -200.1 -147.1 -192.6 -72.68 -125.1 -58.88 -187.9
 -165 -96.6 -93.14 -219.1 -122 -184.6 -126.6 -113 -92.36 -189.9
 -214.7 -118.4 -84.47 -227.9 -141.9 -150.7 -84.7 -87.27 -130.1 -137.7
 -176 -110.7 -132.9 -189.2 -104.1 -130.6 -98.55 -105.7 -142.7 -142.6
 -119.5 -120.8 -66.76 -118.4 -106.9 -125.7 -95.57 -148 -153.3 -94.86
 -51.67 -131.3 -75.8 -90.89 -100.7 -96.49 -117.2 -85.47 -97.54 -216.5
 -71.48 -108.3 -68.47 -33.96 -110.8 -106.2 -108.6 -117.6 -142.6 -161.7
 -40.55 -71.05 -29.09 -34.64 -87.83 -47.24 -68.04 -71.45 -77.79 -72.34
 -20.79 -20.17 -3.68 5.13 -25.57 -18.97 11.41 -33.27 -60.2 -20.17
 -30 -10 -26.93 -10 -10 2.3 -3.07 -10 -10 0
 -14.4 -10 -9.66 -10 -24.4 36 -39.14 -24.4 -29.2 -1.5
 -71.48 -81.01 -113.3 -26.19 -132.2 3.63 -103.3 -107.5 -57.66 -105.6
 -158.4 -143.5 -118.6 -144.1 -196.7 -95.16 -108.2 -166.2 -95.93 -173.5
 -125.3 -140.9 -191.3 -162 -204.6 -99.12 -104.6 -142.1 -131.3 -188.7
 -135.2 -123.6 -123.9 -195.4 -191.7 -78.78 -100.3 -142.2 -174.7 -126.3
 -189.2 -121.8 -124.2 -207.5 -161.2 -155.4 -35.76 -138.7 -182 -105.5
 -171.6 -110.3 -103.2 -121.2 -160.2 -167.4 -36.85 -108.3 -98.92 -112.9
 -71.2 -117.2 -56.75 -66.91 -67.01 -171.4 -95.42 -136.9 -98.34 -75.29
 -55.14 -102.6 -56.82 -58.54 -84.19 -66.16 -118 -90.82 -109.3 -162.9
 -102.9 -160 -85.27 -47.42 -130.9 -149.9 -84.03 -123.6 -122.2 -189.8
 -97.35 -88.3 -84.35 -42.68 -105.7 -97.54 -23.76 -94.8 -63.82 -119.3
 -57.18 -30.2 -23.25 -37.83 -79.5 -12.23 -41.49 -70.29 -50 -50.2
 -57.43 -9.923 42.82 -37.96 -45.7 -9.531 -35.29 -33.25 -69.51 -20.02
 -20 0 57.7 -7.7 -20 -20 -10 0 -30 0
 5.5 0 17.5 -3.9 -10 -13.9 3.9 -16.9 -22.2 0
 -88.26 -65.57 -66.16 -66.43 -115.1 13.3 -78.92 -87.25 -32.25 -112
 -125.6 -131.8 -85.53 -130.9 -175 -138.3 -130.6 -180.1 -192.7 -148
 -169.7 -164.8 -151.8 -126.7 -187.9 -169.5 -135.2 -190.8 -187.9 -176.9
 -163.9 -144.4 -152.2 -130.1 -170 -137.9 -122.4 -160.6 -204.7 -197.9
 -188.9 -135.2 -136.7 -146.6 -144.3 -107.6 -117.5 -174.4 -230 -180.8
 -132.2 -155.4 -144.4 -148.3 -184.3 -144.8 -120.8 -167 -121 -166.5
 -102.4 -154.2 -78.21 -119.6 -119.2 -157.7 -111.2 -154 -149 -201.3
 -138.3 -131.7 -66.81 -133.7 -123.7 -88.14 -112.4 -116.4 -186.5 -199.7
 -132.3 -124.5 -69.09 -99.18 -126.7 -105 -64.25 -132.2 -148.2 -184.9
 -80.8 -90.4 1.15 -103.7 -96.2 -108.8 -49.31 -120 -83.26 -103.9
 -53.46 -30 68.1 -65.04 -55.4 -45.36 -48.12 -81.5 -53.96 -52.4
 -59.1 -6.3 45.4 -12.8 -25.4 6.9 -28.5 -46.3 -46.3 -21.1
 -10 0 24.6 0 0 0 -4.6 -10 0 0
 0 0 6.2 -13.1 0 -6.9 0 -10 3.8 0
 -52.28 -29.98 -4.392 -33.65 -71.85 -28.21 -78.41 -83.4 -32.05 -76.05
 -139.6 -111.6 -47.84 -111.3 -162 -168.8 -110.3 -165.9 -158.2 -130.5
 -138.1 -132.8 -155.7 -144.1 -175.5 -195.2 -121.8 -215.6 -145.9 -206.2
 -152 -167.5 -185 -163 -205 -256.9 -124.3 -187.5 -125.6 -321
 -179.1 -178.6 -231.5 -177.7 -191.3 -236.4 -128.2 -201.7 -130.4 -268.9
 -167.3 -162.1 -243.1 -168.5 -154.6 -175.4 -77.41 -178.7 -178.2 -183.7
 -113.2 -142.1 -174.4 -118.9 -126.5 -123 -70.6 -133.9 -158.1 -218.1
 -115.4 -111 -59.8 -90.24 -106.6 -77.78 -77.38 -121.2 -106.9 -194.7
 -99.12 -78.5 -37.3 -116.4 -75.98 -65.1 -61.23 -97.8 -74.4 -117.4
 -69.59 -55.8 35.66 -49.58 -48.99 -40.31 -68.35 -90.1 -44.84 -66.31
 -70 -35.5 119.4 -59.6 -30 -41.46 -69.53 -85.7 -28.2 -50
 -19.68 -0.194 25.65 -1.54 -10.18 19.85 -5.874 -35.6 -20.1 -14.14
 0 0 11.7 -1.7 0 0 0 -11.7 0 0
 0 0 0 0 0 0 0 0 0 0
 -10 10 20.7 -10 -25.4 -19.17 -20 -6.9 -23.83 -25.4
 -80.03 -26.8 -26.27 -20.7 -41.5 -38.5 -41.6 -84 -42.3 -39.3
 -95.5 -89.23 -124.5 -23.83 -73.87 -107.7 -39.89 -119.3 -57 -65.3
 -106.1 -100.7 -152.9 -99.36 -79.84 -99.2 -99.04 -163.1 -83.2 -72.87
 -66.04 -29.74 -84.44 -99.99 -89.84 -56.84 -99.14 -53.64 -118.3 -98.34
 -71.5 -85.4 -110.9 -79.76 -74.81 -73.9 -104 -93.1 -80.77 -66.83
 -37.04 -46.9 -86.9 -7.98 -49.51 -15.02 -27.14 -93.9 -30.57 -47.17
 -52.2 -42.4 -49.23 -30.8 -10 -35.4 -27.07 -51.67 46.2 -82.57
 -50 -20 0.77 -34.6 5.4 -34.6 -40.8 -25.4 -4.57 -54.6
 -40 -10 40 -10 -20 -20 -40 0 -20 -20
 -10 -20 13.1 -13.1 -20 -10 -30 -13.1 -30 -20
 0 0 10 -10 0 0 0 -10 0 0
 0 0 0 0 0 0 0 0 0 0


