# Created by Octave 5.2.0, Fri Sep 25 00:46:00 2020 CEST <jiwidi@land>
# name: w
# type: matrix
# rows: 2001
# columns: 2
 0 0
 8.101e+05 -8.101e+05
 9.009e+04 -9.009e+04
 1.252e+06 -1.252e+06
 3.249e+04 -3.249e+04
 1.662e+05 -1.662e+05
 8.326e+05 -8.326e+05
 -1.888e+05 1.888e+05
 3.417e+05 -3.417e+05
 -9.826e+04 9.826e+04
 -3.032e+05 3.032e+05
 1.125e+05 -1.125e+05
 3.223e+04 -3.223e+04
 1.818e+05 -1.818e+05
 -2.189e+05 2.189e+05
 -6.775e+05 6.775e+05
 3.246e+05 -3.246e+05
 -6.328e+05 6.328e+05
 6.64e+05 -6.64e+05
 -4.275e+04 4.275e+04
 -1.513e+05 1.513e+05
 -7.307e+05 7.307e+05
 4.99e+05 -4.99e+05
 -2.619e+04 2.619e+04
 7709 -7709
 -5.228e+05 5.228e+05
 2984 -2984
 -1.699e+05 1.699e+05
 -2.624e+05 2.624e+05
 3.654e+05 -3.654e+05
 -6.338e+05 6.338e+05
 4.673e+04 -4.673e+04
 2.21e+05 -2.21e+05
 -5.538e+04 5.538e+04
 4.399e+05 -4.399e+05
 -1.279e+06 1.279e+06
 -1.201e+06 1.201e+06
 -3.934e+05 3.934e+05
 -6.075e+05 6.075e+05
 -2.306e+05 2.306e+05
 -7082 7082
 3.777e+05 -3.777e+05
 -2.516e+05 2.516e+05
 -6.2e+05 6.2e+05
 -3.807e+05 3.807e+05
 3.223e+05 -3.223e+05
 -5.587e+05 5.587e+05
 9.999e+05 -9.999e+05
 -2.449e+04 2.449e+04
 4.257e+05 -4.257e+05
 1.914e+05 -1.914e+05
 -2.553e+05 2.553e+05
 1.561e+04 -1.561e+04
 -8.13e+05 8.13e+05
 7.137e+05 -7.137e+05
 7.122e+05 -7.122e+05
 -1.417e+05 1.417e+05
 2.851e+05 -2.851e+05
 -8.409e+04 8.409e+04
 -8.908e+05 8.908e+05
 6.388e+04 -6.388e+04
 -1.926e+05 1.926e+05
 -2.211e+04 2.211e+04
 5.153e+05 -5.153e+05
 -4.001e+05 4.001e+05
 -1.605e+05 1.605e+05
 7.385e+05 -7.385e+05
 4.992e+04 -4.992e+04
 4.31e+05 -4.31e+05
 4.348e+04 -4.348e+04
 2.934e+05 -2.934e+05
 -1.087e+06 1.087e+06
 -1.226e+05 1.226e+05
 2.618e+05 -2.618e+05
 1.001e+06 -1.001e+06
 -4.933e+05 4.933e+05
 -2.244e+06 2.244e+06
 -6e+05 6e+05
 4.724e+05 -4.724e+05
 -8.381e+05 8.381e+05
 1.356e+05 -1.356e+05
 8.122e+04 -8.122e+04
 -6.406e+05 6.406e+05
 -2.562e+05 2.562e+05
 -3455 3455
 1.016e+05 -1.016e+05
 -1.045e+06 1.045e+06
 -1.414e+05 1.414e+05
 -3.696e+05 3.696e+05
 -4.354e+05 4.354e+05
 9.597e+04 -9.597e+04
 8.035e+05 -8.035e+05
 -6942 6942
 -5.475e+04 5.475e+04
 1.285e+06 -1.285e+06
 -8.383e+04 8.383e+04
 -1.471e+05 1.471e+05
 4.81e+05 -4.81e+05
 3.098e+04 -3.098e+04
 -9.216e+04 9.216e+04
 8524 -8524
 7.758e+04 -7.758e+04
 -4.362e+05 4.362e+05
 -2.304e+05 2.304e+05
 8.998e+04 -8.998e+04
 4.706e+05 -4.706e+05
 -3.984e+05 3.984e+05
 9.583e+04 -9.583e+04
 1.154e+05 -1.154e+05
 3.318e+05 -3.318e+05
 4.664e+05 -4.664e+05
 -8.946e+04 8.946e+04
 -6794 6794
 1.55e+05 -1.55e+05
 1.932e+05 -1.932e+05
 -3.645e+05 3.645e+05
 3.164e+05 -3.164e+05
 -1.971e+05 1.971e+05
 -5.775e+05 5.775e+05
 -3.534e+05 3.534e+05
 1.529e+05 -1.529e+05
 7.562e+05 -7.562e+05
 -1.674e+06 1.674e+06
 1.055e+05 -1.055e+05
 6.014e+05 -6.014e+05
 -1.302e+06 1.302e+06
 -2.674e+05 2.674e+05
 -1.908e+05 1.908e+05
 2.615e+05 -2.615e+05
 -7.7e+04 7.7e+04
 6.395e+05 -6.395e+05
 -3.982e+05 3.982e+05
 -7.607e+04 7.607e+04
 -3.152e+05 3.152e+05
 2.541e+05 -2.541e+05
 2.901e+04 -2.901e+04
 3.951e+05 -3.951e+05
 -1.524e+06 1.524e+06
 -1.427e+05 1.427e+05
 -1.341e+05 1.341e+05
 -4205 4205
 -1.057e+05 1.057e+05
 3.698e+05 -3.698e+05
 -1.026e+05 1.026e+05
 4.309e+05 -4.309e+05
 -1.549e+05 1.549e+05
 7.359e+05 -7.359e+05
 -1.01e+05 1.01e+05
 -5.561e+05 5.561e+05
 3.577e+05 -3.577e+05
 1.685e+05 -1.685e+05
 -7.981e+05 7.981e+05
 5.638e+05 -5.638e+05
 1.172e+06 -1.172e+06
 -5.509e+04 5.509e+04
 -2.956e+05 2.956e+05
 -2.255e+05 2.255e+05
 2.564e+05 -2.564e+05
 -6.027e+05 6.027e+05
 1.101e+05 -1.101e+05
 5.635e+04 -5.635e+04
 3.889e+05 -3.889e+05
 -5.459e+05 5.459e+05
 -7.054e+05 7.054e+05
 2.519e+05 -2.519e+05
 9.708e+05 -9.708e+05
 1.722e+05 -1.722e+05
 -1.428e+05 1.428e+05
 8.696e+04 -8.696e+04
 -3.541e+05 3.541e+05
 -1.677e+05 1.677e+05
 2.048e+05 -2.048e+05
 -4.441e+05 4.441e+05
 3.895e+05 -3.895e+05
 2.853e+05 -2.853e+05
 -5.132e+04 5.132e+04
 -3.86e+05 3.86e+05
 7.678e+05 -7.678e+05
 -5.971e+04 5.971e+04
 5.308e+04 -5.308e+04
 -7e+04 7e+04
 -6.345e+05 6.345e+05
 -9.928e+05 9.928e+05
 8.514e+05 -8.514e+05
 -6.402e+04 6.402e+04
 -2.706e+05 2.706e+05
 6.335e+05 -6.335e+05
 -3.244e+05 3.244e+05
 1.418e+05 -1.418e+05
 -7.249e+05 7.249e+05
 3.178e+05 -3.178e+05
 1.424e+05 -1.424e+05
 -8.804e+04 8.804e+04
 -1.678e+05 1.678e+05
 -4.123e+05 4.123e+05
 -5.045e+05 5.045e+05
 -1.817e+05 1.817e+05
 -5.662e+05 5.662e+05
 3.48e+04 -3.48e+04
 1.328e+06 -1.328e+06
 3.705e+05 -3.705e+05
 -4.131e+05 4.131e+05
 -8.505e+05 8.505e+05
 9.016e+05 -9.016e+05
 -3.327e+05 3.327e+05
 2.625e+05 -2.625e+05
 -2.969e+05 2.969e+05
 -3.182e+05 3.182e+05
 -1.908e+05 1.908e+05
 5.314e+05 -5.314e+05
 -1.91e+06 1.91e+06
 1.042e+05 -1.042e+05
 -5.74e+05 5.74e+05
 4.46e+05 -4.46e+05
 -4.381e+05 4.381e+05
 9.289e+05 -9.289e+05
 -1.758e+05 1.758e+05
 -3.574e+05 3.574e+05
 6935 -6935
 5.586e+05 -5.586e+05
 -2.735e+05 2.735e+05
 -1.649e+05 1.649e+05
 7.573e+05 -7.573e+05
 4.576e+05 -4.576e+05
 6.446e+05 -6.446e+05
 3.68e+05 -3.68e+05
 3.114e+05 -3.114e+05
 -4.508e+04 4.508e+04
 3.043e+05 -3.043e+05
 -7.535e+05 7.535e+05
 2.252e+05 -2.252e+05
 1.073e+06 -1.073e+06
 9.888e+04 -9.888e+04
 -7.916e+05 7.916e+05
 2.793e+05 -2.793e+05
 -2.246e+05 2.246e+05
 -3.205e+05 3.205e+05
 -6.408e+05 6.408e+05
 7.32e+05 -7.32e+05
 3.544e+05 -3.544e+05
 -8.663e+05 8.663e+05
 -2.704e+05 2.704e+05
 -3.704e+05 3.704e+05
 6.366e+04 -6.366e+04
 -4.317e+05 4.317e+05
 -5.855e+05 5.855e+05
 3.231e+05 -3.231e+05
 3.315e+05 -3.315e+05
 -1.705e+05 1.705e+05
 -7.318e+05 7.318e+05
 8.58e+05 -8.58e+05
 2.294e+05 -2.294e+05
 2.464e+05 -2.464e+05
 2.842e+05 -2.842e+05
 -1.841e+05 1.841e+05
 2.668e+05 -2.668e+05
 1.738e+05 -1.738e+05
 1.248e+06 -1.248e+06
 8.223e+05 -8.223e+05
 -8.797e+04 8.797e+04
 1.025e+06 -1.025e+06
 -2.044e+05 2.044e+05
 -1.37e+04 1.37e+04
 -3.55e+05 3.55e+05
 2.55e+05 -2.55e+05
 2.296e+05 -2.296e+05
 1.174e+05 -1.174e+05
 5.056e+04 -5.056e+04
 4.288e+04 -4.288e+04
 7.965e+05 -7.965e+05
 6.284e+04 -6.284e+04
 -5.846e+05 5.846e+05
 -5.702e+05 5.702e+05
 2583 -2583
 -6.862e+04 6.862e+04
 3.315e+05 -3.315e+05
 1.826e+05 -1.826e+05
 -7852 7852
 -6.011e+05 6.011e+05
 4103 -4103
 -5.582e+05 5.582e+05
 1.384e+05 -1.384e+05
 2.365e+05 -2.365e+05
 1.956e+04 -1.956e+04
 8.104e+05 -8.104e+05
 2.554e+05 -2.554e+05
 1.926e+05 -1.926e+05
 -2.434e+05 2.434e+05
 2.814e+05 -2.814e+05
 -9.281e+05 9.281e+05
 3.349e+04 -3.349e+04
 -1.411e+06 1.411e+06
 9.731e+05 -9.731e+05
 1.43e+05 -1.43e+05
 1.003e+05 -1.003e+05
 8.06e+04 -8.06e+04
 -1.258e+06 1.258e+06
 -1.561e+05 1.561e+05
 4.879e+05 -4.879e+05
 1.684e+05 -1.684e+05
 -4.396e+05 4.396e+05
 6256 -6256
 4.959e+05 -4.959e+05
 -7.738e+05 7.738e+05
 4.714e+05 -4.714e+05
 6.413e+04 -6.413e+04
 5.261e+05 -5.261e+05
 -8.997e+04 8.997e+04
 5.107e+04 -5.107e+04
 1.904e+05 -1.904e+05
 1.173e+04 -1.173e+04
 1.266e+06 -1.266e+06
 -6.965e+05 6.965e+05
 -9.231e+05 9.231e+05
 4.46e+05 -4.46e+05
 -5.249e+05 5.249e+05
 -2.272e+04 2.272e+04
 5.083e+05 -5.083e+05
 -1.048e+05 1.048e+05
 -1.008e+05 1.008e+05
 5.122e+05 -5.122e+05
 2.168e+06 -2.168e+06
 3.492e+05 -3.492e+05
 -5.81e+04 5.81e+04
 -4.061e+05 4.061e+05
 3.308e+05 -3.308e+05
 8.12e+05 -8.12e+05
 4.336e+05 -4.336e+05
 3.033e+05 -3.033e+05
 3.261e+05 -3.261e+05
 -7.442e+05 7.442e+05
 1.108e+05 -1.108e+05
 2.063e+05 -2.063e+05
 -5.597e+05 5.597e+05
 -3.148e+05 3.148e+05
 1.066e+05 -1.066e+05
 -2.593e+04 2.593e+04
 9.719e+05 -9.719e+05
 6.437e+05 -6.437e+05
 9.045e+05 -9.045e+05
 7.768e+04 -7.768e+04
 -3.705e+05 3.705e+05
 -1.263e+05 1.263e+05
 5.747e+05 -5.747e+05
 -2.765e+05 2.765e+05
 -3.143e+05 3.143e+05
 8.5e+05 -8.5e+05
 1.71e+05 -1.71e+05
 7.363e+05 -7.363e+05
 2.601e+05 -2.601e+05
 -2.464e+05 2.464e+05
 1.475e+04 -1.475e+04
 -1.069e+06 1.069e+06
 -2.474e+05 2.474e+05
 -3.119e+05 3.119e+05
 3.582e+05 -3.582e+05
 -3.59e+05 3.59e+05
 -2.237e+05 2.237e+05
 -4.423e+04 4.423e+04
 1.006e+06 -1.006e+06
 -7.984e+05 7.984e+05
 -3.484e+05 3.484e+05
 -4.699e+05 4.699e+05
 4.57e+05 -4.57e+05
 -1.652e+05 1.652e+05
 1.857e+05 -1.857e+05
 3.346e+05 -3.346e+05
 -9.229e+05 9.229e+05
 1.058e+05 -1.058e+05
 -1.135e+06 1.135e+06
 3.652e+05 -3.652e+05
 3.382e+05 -3.382e+05
 -2.452e+05 2.452e+05
 -1.137e+06 1.137e+06
 -1.011e+06 1.011e+06
 9.006e+04 -9.006e+04
 -9.77e+04 9.77e+04
 9.176e+05 -9.176e+05
 1.581e+05 -1.581e+05
 -1.31e+06 1.31e+06
 -4.231e+05 4.231e+05
 -4.095e+05 4.095e+05
 -6.469e+04 6.469e+04
 -3.506e+05 3.506e+05
 4.676e+04 -4.676e+04
 6.146e+05 -6.146e+05
 2.728e+05 -2.728e+05
 9.016e+05 -9.016e+05
 5.968e+05 -5.968e+05
 -4.687e+05 4.687e+05
 -3.343e+04 3.343e+04
 -4.346e+04 4.346e+04
 1.23e+05 -1.23e+05
 -1.114e+06 1.114e+06
 9794 -9794
 2.028e+05 -2.028e+05
 -2.427e+05 2.427e+05
 1.712e+05 -1.712e+05
 6.117e+04 -6.117e+04
 8.704e+05 -8.704e+05
 5.278e+04 -5.278e+04
 -5.215e+05 5.215e+05
 -3.78e+05 3.78e+05
 3.443e+05 -3.443e+05
 -2.342e+05 2.342e+05
 1.007e+05 -1.007e+05
 4.918e+04 -4.918e+04
 -2.806e+04 2.806e+04
 -1.694e+05 1.694e+05
 9.437e+05 -9.437e+05
 -3.82e+05 3.82e+05
 2.393e+04 -2.393e+04
 -1.832e+05 1.832e+05
 4.241e+05 -4.241e+05
 -6.987e+05 6.987e+05
 -3.723e+04 3.723e+04
 2.804e+05 -2.804e+05
 -1.4e+05 1.4e+05
 6.859e+05 -6.859e+05
 -4456 4456
 7.924e+05 -7.924e+05
 -5.326e+05 5.326e+05
 1.346e+06 -1.346e+06
 3.932e+05 -3.932e+05
 -3.959e+05 3.959e+05
 -2.748e+05 2.748e+05
 -4.455e+05 4.455e+05
 -6.711e+04 6.711e+04
 -5.051e+04 5.051e+04
 -1.935e+05 1.935e+05
 7.582e+05 -7.582e+05
 -3.044e+05 3.044e+05
 3.862e+05 -3.862e+05
 3.282e+05 -3.282e+05
 -5.578e+05 5.578e+05
 -1.748e+05 1.748e+05
 -2.373e+05 2.373e+05
 1.91e+05 -1.91e+05
 -1.239e+06 1.239e+06
 8.382e+04 -8.382e+04
 -7.308e+05 7.308e+05
 -1.228e+05 1.228e+05
 -1.457e+06 1.457e+06
 6.755e+05 -6.755e+05
 2.802e+05 -2.802e+05
 -6.984e+05 6.984e+05
 -4.327e+05 4.327e+05
 2.634e+05 -2.634e+05
 1.649e+04 -1.649e+04
 8.643e+05 -8.643e+05
 -2.257e+05 2.257e+05
 -1.021e+05 1.021e+05
 8.737e+05 -8.737e+05
 4.345e+04 -4.345e+04
 -1.364e+05 1.364e+05
 7.689e+05 -7.689e+05
 3.551e+05 -3.551e+05
 1.106e+06 -1.106e+06
 4.105e+04 -4.105e+04
 9.947e+04 -9.947e+04
 -1.319e+05 1.319e+05
 594.7 -594.7
 7.52e+05 -7.52e+05
 6.698e+04 -6.698e+04
 7.234e+05 -7.234e+05
 -1.704e+05 1.704e+05
 5.115e+05 -5.115e+05
 -3.068e+05 3.068e+05
 2.042e+05 -2.042e+05
 4.586e+05 -4.586e+05
 -5.013e+05 5.013e+05
 8.764e+04 -8.764e+04
 -1.183e+05 1.183e+05
 -4.951e+05 4.951e+05
 -6087 6087
 4.414e+05 -4.414e+05
 -3.958e+05 3.958e+05
 -6.429e+04 6.429e+04
 -5.395e+05 5.395e+05
 3.575e+05 -3.575e+05
 -9.777e+04 9.777e+04
 -5.4e+05 5.4e+05
 -2.278e+04 2.278e+04
 2.707e+05 -2.707e+05
 -2.918e+05 2.918e+05
 -886.4 886.4
 1.663e+05 -1.663e+05
 -9.821e+05 9.821e+05
 -2.426e+04 2.426e+04
 -4.032e+05 4.032e+05
 -5.972e+05 5.972e+05
 -6797 6797
 -1.495e+05 1.495e+05
 -3.326e+05 3.326e+05
 -6.902e+04 6.902e+04
 -8.394e+05 8.394e+05
 -5.413e+05 5.413e+05
 -1.283e+05 1.283e+05
 8.947e+05 -8.947e+05
 -1.458e+06 1.458e+06
 2.108e+05 -2.108e+05
 2.999e+05 -2.999e+05
 -8.972e+05 8.972e+05
 -6.592e+04 6.592e+04
 5.289e+04 -5.289e+04
 -8.668e+05 8.668e+05
 -6.97e+05 6.97e+05
 -1.708e+05 1.708e+05
 -1.788e+05 1.788e+05
 8.649e+05 -8.649e+05
 -1.102e+05 1.102e+05
 -3.389e+05 3.389e+05
 1.405e+05 -1.405e+05
 3.265e+05 -3.265e+05
 -5.514e+05 5.514e+05
 2.449e+05 -2.449e+05
 -5.107e+05 5.107e+05
 -1.017e+05 1.017e+05
 -2.929e+05 2.929e+05
 -8.783e+05 8.783e+05
 5.369e+04 -5.369e+04
 3.667e+05 -3.667e+05
 -7.089e+05 7.089e+05
 4.327e+05 -4.327e+05
 -8.887e+05 8.887e+05
 2.34e+05 -2.34e+05
 -2.953e+05 2.953e+05
 5.808e+05 -5.808e+05
 9.938e+04 -9.938e+04
 2.316e+04 -2.316e+04
 6.887e+05 -6.887e+05
 -1.846e+05 1.846e+05
 -5.149e+05 5.149e+05
 -3.539e+04 3.539e+04
 3.867e+05 -3.867e+05
 -1.224e+06 1.224e+06
 1.291e+06 -1.291e+06
 9.402e+04 -9.402e+04
 1.057e+06 -1.057e+06
 -5.131e+04 5.131e+04
 -5.482e+05 5.482e+05
 -4.627e+05 4.627e+05
 -4.291e+05 4.291e+05
 -5.059e+05 5.059e+05
 6.55e+05 -6.55e+05
 -9.693e+05 9.693e+05
 3.631e+05 -3.631e+05
 -4.27e+05 4.27e+05
 -6.089e+05 6.089e+05
 2.574e+05 -2.574e+05
 5.437e+05 -5.437e+05
 -2.352e+05 2.352e+05
 6.094e+05 -6.094e+05
 -4.187e+05 4.187e+05
 5.672e+05 -5.672e+05
 3.755e+04 -3.755e+04
 3.319e+05 -3.319e+05
 -5.762e+05 5.762e+05
 -2.534e+04 2.534e+04
 -2.389e+05 2.389e+05
 4.189e+05 -4.189e+05
 -4.2e+04 4.2e+04
 2.288e+05 -2.288e+05
 -2.256e+05 2.256e+05
 -4.298e+05 4.298e+05
 1.521e+05 -1.521e+05
 6.382e+05 -6.382e+05
 2.743e+05 -2.743e+05
 -3.346e+05 3.346e+05
 -5.129e+05 5.129e+05
 -7.982e+04 7.982e+04
 2.283e+05 -2.283e+05
 4.446e+05 -4.446e+05
 1.359e+06 -1.359e+06
 -5.107e+05 5.107e+05
 -1.999e+05 1.999e+05
 -5.928e+04 5.928e+04
 5.26e+05 -5.26e+05
 4.757e+05 -4.757e+05
 -1.238e+04 1.238e+04
 7.254e+05 -7.254e+05
 3.491e+05 -3.491e+05
 -3.71e+04 3.71e+04
 -4.156e+05 4.156e+05
 7.991e+05 -7.991e+05
 1.841e+06 -1.841e+06
 3.226e+05 -3.226e+05
 1.176e+05 -1.176e+05
 7403 -7403
 4.108e+05 -4.108e+05
 -2.017e+05 2.017e+05
 3.041e+05 -3.041e+05
 -4.214e+05 4.214e+05
 5.775e+05 -5.775e+05
 1.713e+05 -1.713e+05
 -7.611e+05 7.611e+05
 -3.171e+05 3.171e+05
 1.222e+05 -1.222e+05
 -2.544e+04 2.544e+04
 1.776e+05 -1.776e+05
 -5.232e+05 5.232e+05
 -2.848e+05 2.848e+05
 9.615e+04 -9.615e+04
 6.115e+05 -6.115e+05
 7.11e+05 -7.11e+05
 3.024e+05 -3.024e+05
 2.026e+06 -2.026e+06
 7.672e+05 -7.672e+05
 -1.306e+06 1.306e+06
 -1.305e+05 1.305e+05
 -2.659e+04 2.659e+04
 -1.297e+06 1.297e+06
 1.8e+05 -1.8e+05
 4.986e+05 -4.986e+05
 -4.459e+05 4.459e+05
 7173 -7173
 -4.838e+05 4.838e+05
 -2.385e+05 2.385e+05
 -4.591e+05 4.591e+05
 4.287e+04 -4.287e+04
 1.52e+05 -1.52e+05
 -3.333e+05 3.333e+05
 -6.583e+04 6.583e+04
 -2.394e+05 2.394e+05
 1.166e+05 -1.166e+05
 -2.685e+04 2.685e+04
 -5.396e+05 5.396e+05
 -1.299e+05 1.299e+05
 -3.85e+05 3.85e+05
 -1.582e+05 1.582e+05
 -2.911e+04 2.911e+04
 -9.328e+05 9.328e+05
 3.1e+05 -3.1e+05
 -3.487e+05 3.487e+05
 -2.568e+05 2.568e+05
 -8.215e+05 8.215e+05
 1.145e+05 -1.145e+05
 2.34e+05 -2.34e+05
 1.609e+04 -1.609e+04
 -3.973e+05 3.973e+05
 -1.405e+05 1.405e+05
 6.873e+05 -6.873e+05
 4.651e+05 -4.651e+05
 5.044e+05 -5.044e+05
 -1.04e+06 1.04e+06
 -4.757e+05 4.757e+05
 -2.303e+05 2.303e+05
 -2.111e+05 2.111e+05
 -1.489e+05 1.489e+05
 4.487e+05 -4.487e+05
 4.297e+05 -4.297e+05
 7.799e+04 -7.799e+04
 6.483e+05 -6.483e+05
 1.183e+06 -1.183e+06
 -3.677e+05 3.677e+05
 1.634e+05 -1.634e+05
 -3.976e+05 3.976e+05
 3.669e+05 -3.669e+05
 5.479e+04 -5.479e+04
 7.409e+04 -7.409e+04
 2.679e+05 -2.679e+05
 -1.04e+06 1.04e+06
 2.626e+05 -2.626e+05
 -1.57e+06 1.57e+06
 -3.325e+05 3.325e+05
 2.064e+05 -2.064e+05
 -6.124e+05 6.124e+05
 3.85e+05 -3.85e+05
 -4.275e+04 4.275e+04
 -8.198e+05 8.198e+05
 -2.731e+05 2.731e+05
 -2.06e+05 2.06e+05
 2.402e+05 -2.402e+05
 3.98e+05 -3.98e+05
 -1.055e+06 1.055e+06
 -9.15e+05 9.15e+05
 1.592e+05 -1.592e+05
 -1.706e+05 1.706e+05
 1.687e+05 -1.687e+05
 -5.773e+05 5.773e+05
 -2.636e+05 2.636e+05
 -3.135e+05 3.135e+05
 7.968e+04 -7.968e+04
 -2.524e+05 2.524e+05
 2.443e+05 -2.443e+05
 -7.945e+05 7.945e+05
 1.125e+05 -1.125e+05
 -1.447e+05 1.447e+05
 2.94e+05 -2.94e+05
 2.606e+04 -2.606e+04
 -7.066e+05 7.066e+05
 -4.626e+05 4.626e+05
 -4.789e+05 4.789e+05
 1.74e+05 -1.74e+05
 5.006e+05 -5.006e+05
 -6.342e+05 6.342e+05
 2.975e+05 -2.975e+05
 1.962e+05 -1.962e+05
 4.795e+05 -4.795e+05
 6.649e+04 -6.649e+04
 -3.006e+05 3.006e+05
 5.053e+04 -5.053e+04
 8.563e+05 -8.563e+05
 7591 -7591
 -3.536e+05 3.536e+05
 4.197e+05 -4.197e+05
 -4.625e+05 4.625e+05
 1.665e+05 -1.665e+05
 -7.031e+05 7.031e+05
 -3.806e+04 3.806e+04
 -3.761e+05 3.761e+05
 1.022e+06 -1.022e+06
 2.456e+05 -2.456e+05
 6.79e+05 -6.79e+05
 1.055e+06 -1.055e+06
 -4.343e+05 4.343e+05
 2.804e+06 -2.804e+06
 -1.288e+05 1.288e+05
 -2.391e+05 2.391e+05
 1.911e+05 -1.911e+05
 3381 -3381
 -5.909e+05 5.909e+05
 -7.544e+05 7.544e+05
 -7.226e+05 7.226e+05
 2.825e+05 -2.825e+05
 -4.931e+05 4.931e+05
 -5.817e+05 5.817e+05
 6.163e+05 -6.163e+05
 -4.7e+05 4.7e+05
 9.561e+05 -9.561e+05
 -1.61e+05 1.61e+05
 5.418e+05 -5.418e+05
 3.869e+04 -3.869e+04
 2.924e+05 -2.924e+05
 -1.247e+05 1.247e+05
 -1.974e+05 1.974e+05
 -9.531e+05 9.531e+05
 -3.029e+05 3.029e+05
 -6.354e+05 6.354e+05
 2.173e+05 -2.173e+05
 1.811e+05 -1.811e+05
 -7.573e+05 7.573e+05
 1.009e+06 -1.009e+06
 1.249e+05 -1.249e+05
 1.069e+05 -1.069e+05
 3.392e+04 -3.392e+04
 7.116e+05 -7.116e+05
 -4.14e+04 4.14e+04
 9.694e+05 -9.694e+05
 2.258e+05 -2.258e+05
 4.286e+05 -4.286e+05
 1.217e+06 -1.217e+06
 -5.453e+05 5.453e+05
 -1.9e+05 1.9e+05
 -3.268e+04 3.268e+04
 -2.177e+05 2.177e+05
 -5.912e+05 5.912e+05
 -2.144e+05 2.144e+05
 6.397e+05 -6.397e+05
 8.405e+05 -8.405e+05
 -3.809e+05 3.809e+05
 -4.769e+05 4.769e+05
 -6.873e+05 6.873e+05
 -2.295e+05 2.295e+05
 -4.621e+05 4.621e+05
 1.157e+05 -1.157e+05
 -2.838e+05 2.838e+05
 4.626e+05 -4.626e+05
 5.232e+05 -5.232e+05
 -1.966e+06 1.966e+06
 7.819e+05 -7.819e+05
 -4.942e+05 4.942e+05
 -1.445e+04 1.445e+04
 -7.239e+05 7.239e+05
 7.05e+05 -7.05e+05
 -4.423e+04 4.423e+04
 -7.48e+05 7.48e+05
 -6.093e+05 6.093e+05
 -1.059e+05 1.059e+05
 5.464e+05 -5.464e+05
 -3.604e+05 3.604e+05
 5.983e+05 -5.983e+05
 3.385e+05 -3.385e+05
 -7.491e+05 7.491e+05
 3.853e+05 -3.853e+05
 -4.099e+04 4.099e+04
 7.135e+05 -7.135e+05
 9.025e+04 -9.025e+04
 -3.067e+05 3.067e+05
 -6.492e+05 6.492e+05
 1.055e+06 -1.055e+06
 3.126e+04 -3.126e+04
 3.552e+05 -3.552e+05
 -1.657e+05 1.657e+05
 -1.797e+05 1.797e+05
 -3.197e+04 3.197e+04
 -1.62e+05 1.62e+05
 -2.43e+05 2.43e+05
 -3.363e+04 3.363e+04
 6.529e+05 -6.529e+05
 8.55e+05 -8.55e+05
 -1.498e+05 1.498e+05
 3.774e+05 -3.774e+05
 1.517e+06 -1.517e+06
 4.62e+05 -4.62e+05
 1.667e+05 -1.667e+05
 -1.213e+05 1.213e+05
 -2.021e+04 2.021e+04
 5.609e+04 -5.609e+04
 6.741e+05 -6.741e+05
 7.89e+05 -7.89e+05
 1.218e+06 -1.218e+06
 1.405e+05 -1.405e+05
 9.886e+04 -9.886e+04
 6.68e+05 -6.68e+05
 -3.333e+05 3.333e+05
 -1.806e+05 1.806e+05
 2.284e+05 -2.284e+05
 -7.899e+04 7.899e+04
 3.527e+05 -3.527e+05
 1.563e+05 -1.563e+05
 4.098e+05 -4.098e+05
 8.781e+05 -8.781e+05
 -9.91e+04 9.91e+04
 2.09e+05 -2.09e+05
 -3.379e+05 3.379e+05
 -2.292e+05 2.292e+05
 -4.21e+05 4.21e+05
 6.133e+05 -6.133e+05
 -1.896e+04 1.896e+04
 2.22e+05 -2.22e+05
 7.195e+05 -7.195e+05
 5.528e+04 -5.528e+04
 3.861e+05 -3.861e+05
 -2.866e+05 2.866e+05
 -4.549e+05 4.549e+05
 -5.297e+05 5.297e+05
 3.505e+05 -3.505e+05
 4.576e+04 -4.576e+04
 -8.043e+05 8.043e+05
 2.922e+05 -2.922e+05
 -2.283e+05 2.283e+05
 -8.201e+04 8.201e+04
 6.663e+05 -6.663e+05
 -2.71e+04 2.71e+04
 -7.492e+05 7.492e+05
 8.112e+04 -8.112e+04
 7.523e+05 -7.523e+05
 -4.859e+05 4.859e+05
 5.212e+05 -5.212e+05
 -4.283e+05 4.283e+05
 7.481e+05 -7.481e+05
 -3.729e+05 3.729e+05
 -2.413e+05 2.413e+05
 6.143e+04 -6.143e+04
 3.025e+04 -3.025e+04
 4.406e+05 -4.406e+05
 -6.362e+05 6.362e+05
 1.417e+05 -1.417e+05
 -5.5e+05 5.5e+05
 -4.946e+05 4.946e+05
 -3.093e+04 3.093e+04
 4.318e+04 -4.318e+04
 -2.768e+05 2.768e+05
 6.404e+05 -6.404e+05
 -1.676e+05 1.676e+05
 -1.866e+05 1.866e+05
 3.457e+05 -3.457e+05
 5.985e+05 -5.985e+05
 9.729e+04 -9.729e+04
 3.962e+05 -3.962e+05
 2.334e+05 -2.334e+05
 1.037e+05 -1.037e+05
 5.442e+05 -5.442e+05
 -2.628e+05 2.628e+05
 3.316e+05 -3.316e+05
 -6.068e+05 6.068e+05
 3.549e+05 -3.549e+05
 6.393e+05 -6.393e+05
 -2.863e+05 2.863e+05
 8.322e+05 -8.322e+05
 8.357e+05 -8.357e+05
 -4.115e+05 4.115e+05
 7.92e+05 -7.92e+05
 8.598e+04 -8.598e+04
 1.145e+06 -1.145e+06
 3.743e+05 -3.743e+05
 -8.316e+04 8.316e+04
 -3.877e+05 3.877e+05
 -2.776e+05 2.776e+05
 -2.104e+05 2.104e+05
 -7.729e+05 7.729e+05
 2.351e+05 -2.351e+05
 3.992e+05 -3.992e+05
 2.31e+05 -2.31e+05
 2.85e+05 -2.85e+05
 1.415e+06 -1.415e+06
 -4.349e+05 4.349e+05
 -2.595e+05 2.595e+05
 -1.452e+05 1.452e+05
 -4.41e+05 4.41e+05
 1.518e+05 -1.518e+05
 -4.786e+05 4.786e+05
 1.766e+05 -1.766e+05
 -8.564e+05 8.564e+05
 6.438e+05 -6.438e+05
 8.701e+05 -8.701e+05
 -4.099e+05 4.099e+05
 -2.935e+04 2.935e+04
 -3.408e+04 3.408e+04
 1.196e+06 -1.196e+06
 4.638e+04 -4.638e+04
 6.406e+05 -6.406e+05
 5.077e+05 -5.077e+05
 -6.474e+05 6.474e+05
 -2.763e+05 2.763e+05
 4.687e+05 -4.687e+05
 7.225e+05 -7.225e+05
 7.275e+05 -7.275e+05
 -1.176e+06 1.176e+06
 4.531e+05 -4.531e+05
 -2.531e+05 2.531e+05
 3.857e+05 -3.857e+05
 -3.976e+05 3.976e+05
 -7.219e+05 7.219e+05
 2.117e+04 -2.117e+04
 1.229e+05 -1.229e+05
 1.058e+05 -1.058e+05
 1.06e+05 -1.06e+05
 -1.125e+06 1.125e+06
 -1.992e+05 1.992e+05
 2.974e+05 -2.974e+05
 5.014e+04 -5.014e+04
 -9.088e+04 9.088e+04
 2.761e+05 -2.761e+05
 2.905e+05 -2.905e+05
 -4.545e+05 4.545e+05
 7.747e+05 -7.747e+05
 1.079e+05 -1.079e+05
 3.378e+05 -3.378e+05
 4.29e+05 -4.29e+05
 2.238e+05 -2.238e+05
 -1.505e+05 1.505e+05
 1.888e+05 -1.888e+05
 3.92e+05 -3.92e+05
 -6.133e+04 6.133e+04
 -3.426e+05 3.426e+05
 -5.445e+05 5.445e+05
 1.653e+05 -1.653e+05
 -1.448e+05 1.448e+05
 -1.717e+04 1.717e+04
 -6.31e+05 6.31e+05
 -5.402e+04 5.402e+04
 -6.254e+05 6.254e+05
 1.77e+05 -1.77e+05
 -7.13e+05 7.13e+05
 -1.559e+05 1.559e+05
 8.036e+04 -8.036e+04
 4.266e+05 -4.266e+05
 2.958e+05 -2.958e+05
 -2.852e+05 2.852e+05
 -1.158e+06 1.158e+06
 7.37e+05 -7.37e+05
 7.808e+05 -7.808e+05
 -3.287e+05 3.287e+05
 3.286e+05 -3.286e+05
 -1.06e+06 1.06e+06
 -7.356e+05 7.356e+05
 3.655e+05 -3.655e+05
 -3.122e+05 3.122e+05
 1.08e+05 -1.08e+05
 1.393e+06 -1.393e+06
 -1.04e+05 1.04e+05
 1.543e+05 -1.543e+05
 4.109e+05 -4.109e+05
 2.468e+05 -2.468e+05
 2.355e+05 -2.355e+05
 3.679e+05 -3.679e+05
 -8.152e+04 8.152e+04
 -1.847e+05 1.847e+05
 2.902e+04 -2.902e+04
 -1.998e+05 1.998e+05
 -7.692e+05 7.692e+05
 -2.259e+05 2.259e+05
 2.291e+05 -2.291e+05
 5.237e+05 -5.237e+05
 -4.117e+05 4.117e+05
 -2.473e+05 2.473e+05
 -660.3 660.3
 -1.001e+04 1.001e+04
 5.818e+04 -5.818e+04
 4.97e+05 -4.97e+05
 -3.761e+05 3.761e+05
 5.198e+05 -5.198e+05
 -2.115e+04 2.115e+04
 3.039e+05 -3.039e+05
 -2.723e+04 2.723e+04
 -1.459e+06 1.459e+06
 -8.923e+04 8.923e+04
 1.223e+05 -1.223e+05
 -3.811e+05 3.811e+05
 1.239e+05 -1.239e+05
 -9.397e+04 9.397e+04
 -2.232e+04 2.232e+04
 1.504e+06 -1.504e+06
 -3.095e+05 3.095e+05
 9.909e+04 -9.909e+04
 -5.533e+05 5.533e+05
 -6.018e+05 6.018e+05
 -1.871e+04 1.871e+04
 4.615e+05 -4.615e+05
 2.396e+05 -2.396e+05
 1.018e+05 -1.018e+05
 3.773e+05 -3.773e+05
 3.757e+05 -3.757e+05
 2.837e+05 -2.837e+05
 -3.901e+05 3.901e+05
 5.632e+05 -5.632e+05
 -4.647e+05 4.647e+05
 4.59e+05 -4.59e+05
 7.904e+04 -7.904e+04
 -9.957e+05 9.957e+05
 1.559e+05 -1.559e+05
 9797 -9797
 -9.484e+05 9.484e+05
 -7.202e+05 7.202e+05
 -6.436e+05 6.436e+05
 8.639e+04 -8.639e+04
 3.501e+05 -3.501e+05
 -5.7e+05 5.7e+05
 -2.274e+05 2.274e+05
 3.667e+05 -3.667e+05
 8.194e+04 -8.194e+04
 -2.324e+05 2.324e+05
 1.316e+05 -1.316e+05
 -1.006e+06 1.006e+06
 -5.502e+05 5.502e+05
 2.591e+05 -2.591e+05
 -7.529e+05 7.529e+05
 -2.459e+05 2.459e+05
 2.927e+05 -2.927e+05
 -4.788e+05 4.788e+05
 -2.029e+05 2.029e+05
 -1.122e+05 1.122e+05
 -7.793e+05 7.793e+05
 -1.84e+05 1.84e+05
 -2.876e+05 2.876e+05
 -4.565e+04 4.565e+04
 7.199e+05 -7.199e+05
 6.796e+05 -6.796e+05
 -5.045e+05 5.045e+05
 2.642e+05 -2.642e+05
 4.37e+05 -4.37e+05
 -6.917e+05 6.917e+05
 -4.45e+05 4.45e+05
 -8.096e+05 8.096e+05
 1.983e+05 -1.983e+05
 2.485e+05 -2.485e+05
 -1.428e+05 1.428e+05
 -1.066e+06 1.066e+06
 -4.87e+05 4.87e+05
 6.59e+05 -6.59e+05
 5.506e+05 -5.506e+05
 -8.766e+05 8.766e+05
 2.518e+05 -2.518e+05
 -1.535e+06 1.535e+06
 -2.271e+04 2.271e+04
 8.533e+05 -8.533e+05
 -3.827e+05 3.827e+05
 -1.999e+05 1.999e+05
 -2.706e+04 2.706e+04
 5.639e+05 -5.639e+05
 1.432e+05 -1.432e+05
 1.69e+06 -1.69e+06
 4.465e+05 -4.465e+05
 9.002e+05 -9.002e+05
 -1.077e+06 1.077e+06
 6.624e+05 -6.624e+05
 5.174e+04 -5.174e+04
 4.914e+04 -4.914e+04
 7.001e+05 -7.001e+05
 5.163e+05 -5.163e+05
 -4.905e+05 4.905e+05
 -7.867e+05 7.867e+05
 -2.369e+05 2.369e+05
 6.53e+05 -6.53e+05
 3.31e+05 -3.31e+05
 1.657e+04 -1.657e+04
 2.719e+04 -2.719e+04
 -6.629e+05 6.629e+05
 -3.104e+04 3.104e+04
 -1.218e+05 1.218e+05
 -2.911e+04 2.911e+04
 1.664e+05 -1.664e+05
 3.232e+05 -3.232e+05
 1.08e+06 -1.08e+06
 -1.142e+06 1.142e+06
 -2.81e+05 2.81e+05
 3.242e+04 -3.242e+04
 4.219e+05 -4.219e+05
 -1.139e+06 1.139e+06
 5.942e+05 -5.942e+05
 1.092e+05 -1.092e+05
 -3.794e+05 3.794e+05
 -3.888e+05 3.888e+05
 -3.342e+05 3.342e+05
 1.421e+05 -1.421e+05
 -3.11e+05 3.11e+05
 -2.761e+05 2.761e+05
 -7.31e+04 7.31e+04
 4.473e+05 -4.473e+05
 1.444e+05 -1.444e+05
 2.642e+05 -2.642e+05
 -3.789e+05 3.789e+05
 6.503e+05 -6.503e+05
 8.842e+04 -8.842e+04
 -4.657e+04 4.657e+04
 6.731e+05 -6.731e+05
 -1.65e+05 1.65e+05
 -4.05e+04 4.05e+04
 1.605e+05 -1.605e+05
 -1.315e+05 1.315e+05
 3693 -3693
 -3.462e+05 3.462e+05
 -2.842e+05 2.842e+05
 -3.24e+04 3.24e+04
 -3.708e+05 3.708e+05
 -6.795e+04 6.795e+04
 -2.22e+05 2.22e+05
 -2.949e+05 2.949e+05
 -3.325e+05 3.325e+05
 -2.539e+05 2.539e+05
 3.059e+05 -3.059e+05
 -1.546e+05 1.546e+05
 1.604e+05 -1.604e+05
 -1.319e+06 1.319e+06
 3.979e+05 -3.979e+05
 -2.514e+05 2.514e+05
 -2.909e+05 2.909e+05
 3.009e+05 -3.009e+05
 -1.476e+05 1.476e+05
 -4.318e+04 4.318e+04
 2.451e+05 -2.451e+05
 -3.709e+05 3.709e+05
 8.303e+05 -8.303e+05
 4.897e+04 -4.897e+04
 -4.762e+05 4.762e+05
 4.653e+05 -4.653e+05
 -6.323e+05 6.323e+05
 2.288e+05 -2.288e+05
 -2.043e+05 2.043e+05
 1.834e+05 -1.834e+05
 -1.049e+06 1.049e+06
 -3.522e+05 3.522e+05
 8.351e+05 -8.351e+05
 5.714e+04 -5.714e+04
 4.606e+05 -4.606e+05
 5.805e+05 -5.805e+05
 -1.714e+05 1.714e+05
 -3.086e+05 3.086e+05
 4.562e+05 -4.562e+05
 -1.161e+06 1.161e+06
 -2.388e+05 2.388e+05
 1.686e+05 -1.686e+05
 1.715e+05 -1.715e+05
 1.056e+04 -1.056e+04
 -6.815e+04 6.815e+04
 9.423e+04 -9.423e+04
 -7.365e+05 7.365e+05
 -7.583e+05 7.583e+05
 4.04e+05 -4.04e+05
 -2.322e+05 2.322e+05
 2.951e+05 -2.951e+05
 2.68e+04 -2.68e+04
 -2.645e+05 2.645e+05
 -8.527e+05 8.527e+05
 1.233e+06 -1.233e+06
 -7.8e+05 7.8e+05
 3.72e+05 -3.72e+05
 -3.747e+05 3.747e+05
 2.909e+05 -2.909e+05
 -1.761e+05 1.761e+05
 1.705e+04 -1.705e+04
 -5.813e+04 5.813e+04
 9.413e+05 -9.413e+05
 7.403e+04 -7.403e+04
 -4.794e+04 4.794e+04
 3.885e+05 -3.885e+05
 1.18e+06 -1.18e+06
 -4.026e+05 4.026e+05
 -4.64e+04 4.64e+04
 6.953e+05 -6.953e+05
 5.281e+04 -5.281e+04
 -5.585e+05 5.585e+05
 1.32e+05 -1.32e+05
 2.552e+05 -2.552e+05
 -1.381e+06 1.381e+06
 -3.405e+05 3.405e+05
 1.259e+05 -1.259e+05
 -1.608e+06 1.608e+06
 -1.899e+05 1.899e+05
 1.94e+05 -1.94e+05
 6.279e+04 -6.279e+04
 4.392e+05 -4.392e+05
 -1.49e+05 1.49e+05
 -3.194e+05 3.194e+05
 -1.969e+05 1.969e+05
 2.162e+05 -2.162e+05
 -1.074e+05 1.074e+05
 6.783e+04 -6.783e+04
 -4.01e+05 4.01e+05
 -6.78e+04 6.78e+04
 9.114e+05 -9.114e+05
 -9.116e+04 9.116e+04
 1.158e+06 -1.158e+06
 -7794 7794
 -6.27e+05 6.27e+05
 6.395e+04 -6.395e+04
 -7.893e+05 7.893e+05
 7.547e+05 -7.547e+05
 -5.834e+05 5.834e+05
 -9.017e+04 9.017e+04
 5.289e+05 -5.289e+05
 3.281e+05 -3.281e+05
 -1.723e+05 1.723e+05
 -9.231e+05 9.231e+05
 -7.326e+05 7.326e+05
 -1.857e+05 1.857e+05
 3.039e+05 -3.039e+05
 -5.167e+05 5.167e+05
 -1.851e+05 1.851e+05
 -2.66e+05 2.66e+05
 -8.308e+04 8.308e+04
 1.068e+05 -1.068e+05
 -4.255e+05 4.255e+05
 1.068e+06 -1.068e+06
 -8.538e+05 8.538e+05
 1.135e+06 -1.135e+06
 2.38e+05 -2.38e+05
 -2.151e+05 2.151e+05
 -3.796e+05 3.796e+05
 3.056e+05 -3.056e+05
 6.575e+04 -6.575e+04
 1.928e+05 -1.928e+05
 -7.322e+05 7.322e+05
 -1.052e+06 1.052e+06
 -3.994e+05 3.994e+05
 8.74e+05 -8.74e+05
 -5.52e+05 5.52e+05
 -1.4e+05 1.4e+05
 -4.086e+05 4.086e+05
 -1.031e+04 1.031e+04
 -2.704e+05 2.704e+05
 4.247e+05 -4.247e+05
 -3.675e+05 3.675e+05
 -1.447e+05 1.447e+05
 1.336e+05 -1.336e+05
 1.425e+05 -1.425e+05
 -1.452e+05 1.452e+05
 4.682e+05 -4.682e+05
 4.832e+05 -4.832e+05
 1.37e+05 -1.37e+05
 -1.453e+05 1.453e+05
 -1.299e+05 1.299e+05
 2.315e+05 -2.315e+05
 1.319e+05 -1.319e+05
 5.25e+05 -5.25e+05
 -4.253e+05 4.253e+05
 -1.88e+05 1.88e+05
 -1.329e+05 1.329e+05
 7.347e+05 -7.347e+05
 -5.138e+04 5.138e+04
 1.868e+05 -1.868e+05
 6.244e+05 -6.244e+05
 1767 -1767
 1.56e+05 -1.56e+05
 -3.072e+05 3.072e+05
 -1.773e+05 1.773e+05
 -9.438e+05 9.438e+05
 1.128e+05 -1.128e+05
 -5.035e+05 5.035e+05
 -1.737e+05 1.737e+05
 5.488e+05 -5.488e+05
 -3.194e+05 3.194e+05
 4.381e+05 -4.381e+05
 3.06e+05 -3.06e+05
 -6.397e+05 6.397e+05
 -9.136e+05 9.136e+05
 4.239e+05 -4.239e+05
 -6.355e+05 6.355e+05
 3.025e+05 -3.025e+05
 -4.13e+05 4.13e+05
 -2.386e+05 2.386e+05
 8.053e+05 -8.053e+05
 1.412e+06 -1.412e+06
 7.766e+05 -7.766e+05
 -3.125e+05 3.125e+05
 1.32e+06 -1.32e+06
 -3.674e+05 3.674e+05
 3.855e+05 -3.855e+05
 -6.58e+05 6.58e+05
 -2.394e+05 2.394e+05
 8.781e+05 -8.781e+05
 -4.205e+05 4.205e+05
 -3.003e+05 3.003e+05
 1.474e+05 -1.474e+05
 -1.389e+05 1.389e+05
 -4.27e+04 4.27e+04
 -1.383e+05 1.383e+05
 -2.043e+05 2.043e+05
 2.289e+05 -2.289e+05
 -8.07e+05 8.07e+05
 -3.26e+05 3.26e+05
 -3.78e+05 3.78e+05
 1.954e+05 -1.954e+05
 7.403e+05 -7.403e+05
 7.015e+04 -7.015e+04
 2.803e+05 -2.803e+05
 4.611e+05 -4.611e+05
 8.098e+05 -8.098e+05
 3.396e+05 -3.396e+05
 -7.256e+05 7.256e+05
 3221 -3221
 -2.809e+05 2.809e+05
 1.697e+05 -1.697e+05
 -2.401e+05 2.401e+05
 5.339e+05 -5.339e+05
 -1.312e+06 1.312e+06
 3.605e+05 -3.605e+05
 6.626e+05 -6.626e+05
 -6e+05 6e+05
 3.511e+05 -3.511e+05
 5.708e+05 -5.708e+05
 2.281e+04 -2.281e+04
 -1.401e+05 1.401e+05
 1.084e+05 -1.084e+05
 4.505e+05 -4.505e+05
 -1.111e+06 1.111e+06
 4.994e+05 -4.994e+05
 -1.851e+06 1.851e+06
 1.337e+06 -1.337e+06
 -3.43e+05 3.43e+05
 -1.456e+06 1.456e+06
 4.034e+05 -4.034e+05
 1.07e+05 -1.07e+05
 -3.789e+05 3.789e+05
 1.711e+05 -1.711e+05
 -1.354e+05 1.354e+05
 -1.441e+05 1.441e+05
 -9.481e+05 9.481e+05
 1.733e+05 -1.733e+05
 3.857e+04 -3.857e+04
 9.013e+05 -9.013e+05
 -1.078e+05 1.078e+05
 7.325e+05 -7.325e+05
 7.308e+05 -7.308e+05
 3.992e+05 -3.992e+05
 4.926e+05 -4.926e+05
 1.776e+05 -1.776e+05
 -2.945e+04 2.945e+04
 3.154e+05 -3.154e+05
 -9507 9507
 -4.044e+05 4.044e+05
 -5.155e+05 5.155e+05
 -6.134e+05 6.134e+05
 -6.878e+05 6.878e+05
 6.159e+05 -6.159e+05
 7.534e+05 -7.534e+05
 3.1e+04 -3.1e+04
 -9.661e+04 9.661e+04
 -1.03e+05 1.03e+05
 -1.044e+06 1.044e+06
 2.85e+05 -2.85e+05
 -4.351e+05 4.351e+05
 -5.186e+04 5.186e+04
 1.148e+05 -1.148e+05
 1.827e+05 -1.827e+05
 1.472e+05 -1.472e+05
 3.023e+05 -3.023e+05
 -5.339e+05 5.339e+05
 2.39e+06 -2.39e+06
 5.458e+05 -5.458e+05
 8.144e+04 -8.144e+04
 1.6e+05 -1.6e+05
 9.723e+05 -9.723e+05
 -9.219e+05 9.219e+05
 -2.695e+05 2.695e+05
 -1.739e+05 1.739e+05
 2.78e+04 -2.78e+04
 -2.321e+05 2.321e+05
 1.141e+06 -1.141e+06
 1.665e+05 -1.665e+05
 4.99e+05 -4.99e+05
 -8.511e+05 8.511e+05
 -4.473e+05 4.473e+05
 -8.529e+04 8.529e+04
 1.415e+04 -1.415e+04
 3.833e+05 -3.833e+05
 -2.068e+05 2.068e+05
 6.754e+05 -6.754e+05
 -4.262e+05 4.262e+05
 -1.94e+05 1.94e+05
 4.284e+04 -4.284e+04
 3.739e+05 -3.739e+05
 -7.473e+05 7.473e+05
 5.791e+05 -5.791e+05
 -4.701e+05 4.701e+05
 4.824e+05 -4.824e+05
 2.69e+05 -2.69e+05
 3.999e+04 -3.999e+04
 -3.076e+05 3.076e+05
 8.005e+04 -8.005e+04
 3.419e+05 -3.419e+05
 -4.003e+05 4.003e+05
 4.748e+05 -4.748e+05
 2.67e+05 -2.67e+05
 4.755e+04 -4.755e+04
 3.892e+05 -3.892e+05
 1273 -1273
 4.005e+05 -4.005e+05
 -9.703e+04 9.703e+04
 -1.479e+05 1.479e+05
 -1.558e+06 1.558e+06
 1.27e+05 -1.27e+05
 -4.97e+05 4.97e+05
 -4.149e+05 4.149e+05
 -2.605e+05 2.605e+05
 -3.104e+05 3.104e+05
 -3.989e+05 3.989e+05
 -1.473e+05 1.473e+05
 2.084e+05 -2.084e+05
 -1.137e+06 1.137e+06
 4.354e+05 -4.354e+05
 -6.217e+05 6.217e+05
 -2.438e+05 2.438e+05
 1.533e+05 -1.533e+05
 7.481e+05 -7.481e+05
 -2.704e+05 2.704e+05
 -1.846e+05 1.846e+05
 -5.655e+05 5.655e+05
 6.107e+05 -6.107e+05
 -2.872e+05 2.872e+05
 5.239e+05 -5.239e+05
 -3.98e+04 3.98e+04
 2.152e+05 -2.152e+05
 -7.014e+05 7.014e+05
 2e+05 -2e+05
 1.649e+05 -1.649e+05
 -1.628e+04 1.628e+04
 1.574e+06 -1.574e+06
 1.874e+06 -1.874e+06
 -7.153e+05 7.153e+05
 5.241e+05 -5.241e+05
 4.607e+04 -4.607e+04
 8.746e+05 -8.746e+05
 7598 -7598
 4.466e+05 -4.466e+05
 -3.863e+05 3.863e+05
 -5.903e+05 5.903e+05
 -9.544e+05 9.544e+05
 1.206e+05 -1.206e+05
 -5.141e+05 5.141e+05
 2.717e+05 -2.717e+05
 5.293e+05 -5.293e+05
 1.881e+05 -1.881e+05
 1.657e+06 -1.657e+06
 1.068e+06 -1.068e+06
 8.92e+04 -8.92e+04
 -5.672e+05 5.672e+05
 -4.17e+05 4.17e+05
 1.383e+05 -1.383e+05
 -2.191e+04 2.191e+04
 -4.935e+05 4.935e+05
 5.948e+05 -5.948e+05
 9.456e+04 -9.456e+04
 7.558e+05 -7.558e+05
 -9.971e+05 9.971e+05
 3.477e+05 -3.477e+05
 7.157e+05 -7.157e+05
 -1.062e+06 1.062e+06
 -1.976e+05 1.976e+05
 2.818e+05 -2.818e+05
 -4.424e+05 4.424e+05
 7.076e+05 -7.076e+05
 1.123e+05 -1.123e+05
 -2.315e+05 2.315e+05
 -1.45e+06 1.45e+06
 -3.099e+05 3.099e+05
 4.736e+05 -4.736e+05
 -6.706e+05 6.706e+05
 1.615e+04 -1.615e+04
 1.504e+06 -1.504e+06
 -2.843e+05 2.843e+05
 1.134e+06 -1.134e+06
 3.819e+05 -3.819e+05
 -3.322e+04 3.322e+04
 -3.652e+05 3.652e+05
 3.985e+05 -3.985e+05
 5.555e+05 -5.555e+05
 3.665e+05 -3.665e+05
 -5.133e+05 5.133e+05
 -2.101e+05 2.101e+05
 1.692e+05 -1.692e+05
 -8.5e+05 8.5e+05
 -1.886e+05 1.886e+05
 -5.447e+05 5.447e+05
 8.997e+05 -8.997e+05
 3.035e+05 -3.035e+05
 -1.407e+05 1.407e+05
 -4.395e+05 4.395e+05
 -9.998e+04 9.998e+04
 -1.884e+05 1.884e+05
 -4.369e+04 4.369e+04
 1.371e+06 -1.371e+06
 -1.99e+05 1.99e+05
 -9.092e+04 9.092e+04
 -1.08e+04 1.08e+04
 -3.551e+05 3.551e+05
 2.162e+05 -2.162e+05
 3.558e+05 -3.558e+05
 1.514e+05 -1.514e+05
 -2.062e+05 2.062e+05
 -4.976e+05 4.976e+05
 -3.011e+05 3.011e+05
 9.807e+04 -9.807e+04
 2.21e+05 -2.21e+05
 -8.749e+05 8.749e+05
 4.363e+05 -4.363e+05
 -4.049e+05 4.049e+05
 -5.84e+05 5.84e+05
 -5.945e+05 5.945e+05
 -3.008e+05 3.008e+05
 7.296e+05 -7.296e+05
 -3.36e+05 3.36e+05
 1.059e+05 -1.059e+05
 3.711e+05 -3.711e+05
 5.258e+05 -5.258e+05
 1.522e+05 -1.522e+05
 -7.767e+05 7.767e+05
 -2.508e+05 2.508e+05
 -2.74e+05 2.74e+05
 -7.566e+04 7.566e+04
 -5.41e+05 5.41e+05
 4.471e+05 -4.471e+05
 -2.563e+05 2.563e+05
 2.911e+04 -2.911e+04
 -4.645e+05 4.645e+05
 -3.693e+05 3.693e+05
 -3.166e+05 3.166e+05
 -1.177e+05 1.177e+05
 5.649e+05 -5.649e+05
 -3.423e+05 3.423e+05
 -1.063e+05 1.063e+05
 3.321e+05 -3.321e+05
 2.737e+04 -2.737e+04
 -3.001e+05 3.001e+05
 1.751e+04 -1.751e+04
 1.195e+06 -1.195e+06
 1.189e+05 -1.189e+05
 1.236e+05 -1.236e+05
 -1.73e+05 1.73e+05
 -1.097e+05 1.097e+05
 -1.674e+05 1.674e+05
 -5.08e+05 5.08e+05
 -9.126e+05 9.126e+05
 -2.689e+05 2.689e+05
 6.222e+05 -6.222e+05
 -1.322e+05 1.322e+05
 -2.197e+05 2.197e+05
 1.18e+05 -1.18e+05
 1.956e+05 -1.956e+05
 5.068e+05 -5.068e+05
 1.618e+06 -1.618e+06
 4.345e+05 -4.345e+05
 6.958e+05 -6.958e+05
 -1.974e+05 1.974e+05
 6.157e+05 -6.157e+05
 -5.362e+05 5.362e+05
 1.146e+06 -1.146e+06
 7.268e+05 -7.268e+05
 5.41e+05 -5.41e+05
 3.148e+05 -3.148e+05
 -5.622e+05 5.622e+05
 5.352e+05 -5.352e+05
 4.794e+05 -4.794e+05
 -4.877e+05 4.877e+05
 8.456e+05 -8.456e+05
 -7.626e+05 7.626e+05
 1.747e+06 -1.747e+06
 1.63e+04 -1.63e+04
 2.79e+05 -2.79e+05
 -3.049e+05 3.049e+05
 -4.006e+05 4.006e+05
 4.202e+05 -4.202e+05
 1.31e+06 -1.31e+06
 -1.333e+06 1.333e+06
 7.016e+05 -7.016e+05
 -2.712e+04 2.712e+04
 2.102e+04 -2.102e+04
 8.698e+05 -8.698e+05
 1.585e+05 -1.585e+05
 5.494e+05 -5.494e+05
 6.044e+05 -6.044e+05
 5.644e+04 -5.644e+04
 2.579e+05 -2.579e+05
 4.607e+05 -4.607e+05
 2.273e+05 -2.273e+05
 1.926e+05 -1.926e+05
 7.729e+05 -7.729e+05
 9719 -9719
 2.82e+05 -2.82e+05
 2.891e+05 -2.891e+05
 -1.818e+05 1.818e+05
 1.484e+05 -1.484e+05
 3.125e+05 -3.125e+05
 -1.929e+04 1.929e+04
 -2.204e+05 2.204e+05
 -8.122e+05 8.122e+05
 -2.898e+05 2.898e+05
 1.374e+06 -1.374e+06
 -3.088e+05 3.088e+05
 -6.57e+05 6.57e+05
 9.016e+05 -9.016e+05
 3.033e+05 -3.033e+05
 2.937e+05 -2.937e+05
 -4.175e+05 4.175e+05
 -3.065e+04 3.065e+04
 5.728e+05 -5.728e+05
 -4.535e+05 4.535e+05
 -7001 7001
 -2.379e+05 2.379e+05
 7.345e+05 -7.345e+05
 4.67e+05 -4.67e+05
 3.705e+05 -3.705e+05
 -6.163e+05 6.163e+05
 9.717e+04 -9.717e+04
 -3.295e+05 3.295e+05
 -2.08e+05 2.08e+05
 3.32e+05 -3.32e+05
 -4.591e+05 4.591e+05
 -4.6e+05 4.6e+05
 -1.224e+06 1.224e+06
 8.442e+05 -8.442e+05
 -5.832e+05 5.832e+05
 -1.867e+05 1.867e+05
 -4.898e+04 4.898e+04
 -5.497e+05 5.497e+05
 5.15e+05 -5.15e+05
 3.597e+05 -3.597e+05
 -6.723e+05 6.723e+05
 8.505e+04 -8.505e+04
 5.962e+05 -5.962e+05
 -2.894e+05 2.894e+05
 8.295e+04 -8.295e+04
 -4.868e+05 4.868e+05
 -2.527e+04 2.527e+04
 1.627e+05 -1.627e+05
 4.912e+04 -4.912e+04
 -7.49e+05 7.49e+05
 -8.961e+05 8.961e+05
 -9.391e+05 9.391e+05
 4.646e+05 -4.646e+05
 2.259e+05 -2.259e+05
 7.564e+05 -7.564e+05
 -5.593e+05 5.593e+05
 -2.328e+05 2.328e+05
 4.296e+05 -4.296e+05
 1.761e+05 -1.761e+05
 1.749e+05 -1.749e+05
 5.232e+05 -5.232e+05
 -1.071e+06 1.071e+06
 5.859e+04 -5.859e+04
 2.322e+05 -2.322e+05
 -7.513e+05 7.513e+05
 -9.675e+04 9.675e+04
 5.545e+05 -5.545e+05
 1.029e+06 -1.029e+06
 -1.13e+05 1.13e+05
 -4.106e+05 4.106e+05
 8.803e+05 -8.803e+05
 5.262e+05 -5.262e+05
 4.477e+05 -4.477e+05
 -2.879e+05 2.879e+05
 -3.914e+05 3.914e+05
 -5.129e+05 5.129e+05
 3.647e+04 -3.647e+04
 1.556e+05 -1.556e+05
 7.295e+05 -7.295e+05
 -1.33e+05 1.33e+05
 -4.472e+05 4.472e+05
 3.37e+05 -3.37e+05
 2.224e+05 -2.224e+05
 -5.793e+05 5.793e+05
 -1.871e+05 1.871e+05
 3.089e+05 -3.089e+05
 3.477e+05 -3.477e+05
 4.475e+04 -4.475e+04
 3.131e+05 -3.131e+05
 -5.339e+05 5.339e+05
 8.484e+05 -8.484e+05
 4.214e+05 -4.214e+05
 -9.424e+05 9.424e+05
 -4.319e+05 4.319e+05
 -7.839e+05 7.839e+05
 2.359e+05 -2.359e+05
 1.353e+05 -1.353e+05
 -3.261e+05 3.261e+05
 -7.697e+05 7.697e+05
 -3.325e+05 3.325e+05
 -3.269e+05 3.269e+05
 -7.225e+05 7.225e+05
 -1.637e+05 1.637e+05
 -7.693e+05 7.693e+05
 2.396e+05 -2.396e+05
 5.176e+05 -5.176e+05
 5.069e+04 -5.069e+04
 3.048e+05 -3.048e+05
 -4.732e+05 4.732e+05
 1.478e+05 -1.478e+05
 4.872e+05 -4.872e+05
 8.052e+05 -8.052e+05
 -2.852e+05 2.852e+05
 -1.038e+04 1.038e+04
 5.276e+05 -5.276e+05
 8.326e+05 -8.326e+05
 -2.119e+05 2.119e+05
 -7.816e+05 7.816e+05
 -3.142e+05 3.142e+05
 3.93e+05 -3.93e+05
 -4.78e+05 4.78e+05
 3.826e+05 -3.826e+05
 -3.613e+05 3.613e+05
 3809 -3809
 -1.211e+06 1.211e+06
 2.929e+04 -2.929e+04
 -7.306e+05 7.306e+05
 -1.714e+05 1.714e+05
 -2.629e+04 2.629e+04
 -1.585e+06 1.585e+06
 9.883e+04 -9.883e+04
 4.979e+05 -4.979e+05
 4.176e+05 -4.176e+05
 1.903e+05 -1.903e+05
 -3.49e+05 3.49e+05
 -3.068e+05 3.068e+05
 -3.745e+05 3.745e+05
 -3.366e+05 3.366e+05
 -4.132e+05 4.132e+05
 -3.804e+05 3.804e+05
 -4.882e+05 4.882e+05
 3.861e+04 -3.861e+04
 7.181e+05 -7.181e+05
 5.702e+05 -5.702e+05
 3.061e+04 -3.061e+04
 -1.29e+05 1.29e+05
 1.39e+05 -1.39e+05
 3.807e+05 -3.807e+05
 2.491e+05 -2.491e+05
 2.04e+05 -2.04e+05
 -7.786e+05 7.786e+05
 -1.246e+05 1.246e+05
 -3.467e+05 3.467e+05
 -3.59e+04 3.59e+04
 6.668e+05 -6.668e+05
 -7.071e+05 7.071e+05
 -3.503e+05 3.503e+05
 -4.977e+05 4.977e+05
 -7.14e+05 7.14e+05
 -1.021e+06 1.021e+06
 -8.533e+04 8.533e+04
 -9681 9681
 -4.237e+05 4.237e+05
 -3.807e+05 3.807e+05
 1.107e+06 -1.107e+06
 -9.747e+05 9.747e+05
 -4.647e+05 4.647e+05
 -2.64e+05 2.64e+05
 1.228e+05 -1.228e+05
 -5.849e+05 5.849e+05
 5.078e+05 -5.078e+05
 -4.498e+05 4.498e+05
 -5.046e+05 5.046e+05
 7.268e+05 -7.268e+05
 8.377e+05 -8.377e+05
 8.314e+05 -8.314e+05
 -3.593e+05 3.593e+05
 -7.545e+05 7.545e+05
 9.935e+05 -9.935e+05
 1.757e+05 -1.757e+05
 -5.882e+05 5.882e+05
 3.73e+05 -3.73e+05
 -7.536e+05 7.536e+05
 2.058e+05 -2.058e+05
 -3.561e+05 3.561e+05
 -5.603e+04 5.603e+04
 1.095e+06 -1.095e+06
 -3.086e+05 3.086e+05
 6.481e+05 -6.481e+05
 -2.06e+05 2.06e+05
 7.191e+05 -7.191e+05
 -9.887e+05 9.887e+05
 -6.542e+05 6.542e+05
 1.366e+05 -1.366e+05
 1.188e+06 -1.188e+06
 -3.664e+05 3.664e+05
 1.206e+05 -1.206e+05
 3.39e+05 -3.39e+05
 -7.289e+05 7.289e+05
 5.585e+05 -5.585e+05
 3.759e+05 -3.759e+05
 -4.439e+05 4.439e+05
 2.855e+05 -2.855e+05
 -4.588e+05 4.588e+05
 -9.744e+04 9.744e+04
 -4.846e+04 4.846e+04
 -4.564e+04 4.564e+04
 -2.774e+05 2.774e+05
 1.033e+05 -1.033e+05
 -4.465e+05 4.465e+05
 1.247e+06 -1.247e+06
 -5.495e+05 5.495e+05
 5.312e+05 -5.312e+05
 -1.954e+05 1.954e+05
 -2.114e+05 2.114e+05
 9637 -9637
 5.793e+05 -5.793e+05
 -3.52e+05 3.52e+05
 5.301e+05 -5.301e+05
 6.319e+04 -6.319e+04
 -7.693e+04 7.693e+04
 -6.612e+04 6.612e+04
 1.404e+05 -1.404e+05
 8.274e+05 -8.274e+05
 -1.325e+05 1.325e+05
 2.295e+05 -2.295e+05
 -4.699e+05 4.699e+05
 -5.378e+05 5.378e+05
 1.025e+06 -1.025e+06
 -2.402e+05 2.402e+05
 5.685e+05 -5.685e+05
 -8.207e+04 8.207e+04
 -2.4e+05 2.4e+05
 8.184e+04 -8.184e+04
 5.606e+05 -5.606e+05
 4.396e+05 -4.396e+05
 -7.944e+04 7.944e+04
 -4.364e+05 4.364e+05
 -6.33e+05 6.33e+05
 1.22e+05 -1.22e+05
 2.554e+05 -2.554e+05
 2.494e+05 -2.494e+05
 -8.843e+04 8.843e+04
 8.77e+05 -8.77e+05
 1.01e+06 -1.01e+06
 -1.1e+05 1.1e+05
 3.671e+04 -3.671e+04
 9.611e+05 -9.611e+05
 -1.461e+05 1.461e+05
 1.55e+04 -1.55e+04
 -5.775e+05 5.775e+05
 -1.228e+06 1.228e+06
 5.657e+04 -5.657e+04
 2.732e+05 -2.732e+05
 1.537e+05 -1.537e+05
 -4.198e+05 4.198e+05
 7.566e+05 -7.566e+05
 -4.746e+05 4.746e+05
 -2.837e+05 2.837e+05
 -8395 8395
 3.281e+04 -3.281e+04
 2.748e+05 -2.748e+05
 3.028e+05 -3.028e+05
 -9.575e+05 9.575e+05
 -2.633e+04 2.633e+04
 3.761e+05 -3.761e+05
 -1.035e+05 1.035e+05
 3.339e+05 -3.339e+05
 3.36e+05 -3.36e+05
 -1.151e+05 1.151e+05
 -3.307e+04 3.307e+04
 1.121e+06 -1.121e+06
 -1.356e+05 1.356e+05
 4.691e+05 -4.691e+05
 7.906e+05 -7.906e+05
 -6.653e+05 6.653e+05
 -4.069e+05 4.069e+05
 1.252e+05 -1.252e+05
 -4.233e+05 4.233e+05
 2.454e+05 -2.454e+05
 2.14e+05 -2.14e+05
 8.136e+04 -8.136e+04
 -5.594e+05 5.594e+05
 -2.154e+05 2.154e+05
 -2.543e+05 2.543e+05
 -1.697e+05 1.697e+05
 -2.038e+05 2.038e+05
 -4.628e+05 4.628e+05
 -7.516e+05 7.516e+05
 9.328e+05 -9.328e+05
 1.326e+06 -1.326e+06
 9.101e+05 -9.101e+05
 -5.707e+05 5.707e+05
 2.35e+05 -2.35e+05
 -2.923e+04 2.923e+04
 3.387e+05 -3.387e+05
 3.113e+05 -3.113e+05
 8.385e+05 -8.385e+05
 -1.626e+05 1.626e+05
 1.958e+05 -1.958e+05
 7.222e+05 -7.222e+05
 7.335e+04 -7.335e+04
 -2.954e+05 2.954e+05
 -1.772e+06 1.772e+06
 -7.053e+05 7.053e+05
 -6.792e+05 6.792e+05
 1.75e+05 -1.75e+05
 -6.9e+05 6.9e+05
 1.658e+04 -1.658e+04
 -1.144e+05 1.144e+05
 1.203e+05 -1.203e+05
 -6.822e+05 6.822e+05
 9.232e+04 -9.232e+04
 -4.278e+05 4.278e+05
 -8.147e+04 8.147e+04
 1.65e+05 -1.65e+05
 -4.797e+05 4.797e+05
 1.277e+06 -1.277e+06
 1.703e+05 -1.703e+05
 2.443e+05 -2.443e+05
 -5.688e+04 5.688e+04
 5.354e+04 -5.354e+04
 3.37e+04 -3.37e+04
 6.424e+04 -6.424e+04
 1.528e+05 -1.528e+05
 5.552e+05 -5.552e+05
 6396 -6396
 -1.917e+05 1.917e+05
 7.042e+04 -7.042e+04
 -2.155e+05 2.155e+05
 -1.06e+06 1.06e+06
 -2.219e+04 2.219e+04
 -3.935e+05 3.935e+05
 3.013e+05 -3.013e+05
 3.35e+05 -3.35e+05
 4.424e+05 -4.424e+05
 3.583e+05 -3.583e+05
 -7.508e+04 7.508e+04
 -3.95e+05 3.95e+05
 -1.171e+05 1.171e+05
 2.667e+05 -2.667e+05
 4.838e+04 -4.838e+04
 5.661e+04 -5.661e+04
 -1.045e+06 1.045e+06
 -2.153e+05 2.153e+05
 1.69e+04 -1.69e+04
 -5.122e+05 5.122e+05
 -7.142e+05 7.142e+05
 9.774e+05 -9.774e+05
 3.732e+05 -3.732e+05
 -7.168e+05 7.168e+05
 -2.139e+05 2.139e+05
 -3.667e+05 3.667e+05
 5.057e+05 -5.057e+05
 4.172e+05 -4.172e+05
 6.37e+05 -6.37e+05
 -1.084e+05 1.084e+05
 -9.561e+05 9.561e+05
 -5.48e+05 5.48e+05
 -7.868e+05 7.868e+05
 1.263e+06 -1.263e+06
 -1.879e+05 1.879e+05
 -1.725e+05 1.725e+05
 -5.348e+05 5.348e+05
 4.021e+05 -4.021e+05
 8.012e+05 -8.012e+05
 -2.912e+05 2.912e+05
 2.283e+05 -2.283e+05
 1.429e+04 -1.429e+04
 -5.692e+05 5.692e+05
 8.733e+05 -8.733e+05
 1.226e+05 -1.226e+05
 -1.151e+06 1.151e+06
 8.027e+05 -8.027e+05
 -5.536e+05 5.536e+05
 4.57e+05 -4.57e+05
 -1.435e+05 1.435e+05
 -1.191e+05 1.191e+05
 3.59e+04 -3.59e+04
 -2.453e+05 2.453e+05
 9.019e+05 -9.019e+05
 -5.297e+05 5.297e+05
 -2.726e+04 2.726e+04
 8.567e+05 -8.567e+05
 1.344e+05 -1.344e+05
 -7.472e+05 7.472e+05
 2.354e+05 -2.354e+05
 -7.377e+05 7.377e+05
 -5.275e+05 5.275e+05
 4.865e+05 -4.865e+05
 -6.669e+05 6.669e+05
 7.635e+04 -7.635e+04


