# Created by Octave 5.2.0, Fri Sep 25 00:35:44 2020 CEST <jiwidi@land>
# name: w
# type: matrix
# rows: 2001
# columns: 2
 -1.7e+04 1.7e+04
 2.118e+04 -2.118e+04
 -8.791e+04 8.791e+04
 -3.918e+04 3.918e+04
 -2.763e+04 2.763e+04
 -3.591e+04 3.591e+04
 8.366e+04 -8.366e+04
 5.171e+04 -5.171e+04
 1.315e+04 -1.315e+04
 -3.893e+04 3.893e+04
 1.156e+05 -1.156e+05
 -3.961e+04 3.961e+04
 2.382e+04 -2.382e+04
 2.123e+04 -2.123e+04
 -7.501e+04 7.501e+04
 -1.405e+05 1.405e+05
 -7472 7472
 5.099e+04 -5.099e+04
 -7.545e+04 7.545e+04
 4.155e+04 -4.155e+04
 -7.248e+04 7.248e+04
 -8.997e+04 8.997e+04
 -1.265e+05 1.265e+05
 -1.163e+05 1.163e+05
 1.343e+05 -1.343e+05
 -4.714e+04 4.714e+04
 -2.972e+04 2.972e+04
 -8.406e+04 8.406e+04
 -2.753e+04 2.753e+04
 -183 183
 1.21e+04 -1.21e+04
 -4.027e+04 4.027e+04
 1.172e+05 -1.172e+05
 -5.662e+04 5.662e+04
 8.562e+04 -8.562e+04
 1.008e+05 -1.008e+05
 -7.253e+04 7.253e+04
 -1.117e+04 1.117e+04
 -8.176e+04 8.176e+04
 -3678 3678
 -7.889e+04 7.889e+04
 4.192e+04 -4.192e+04
 -4.855e+04 4.855e+04
 -4.268e+04 4.268e+04
 1.354e+04 -1.354e+04
 1.198e+05 -1.198e+05
 -4.686e+04 4.686e+04
 1.072e+05 -1.072e+05
 -1.52e+05 1.52e+05
 -2.922e+04 2.922e+04
 1.239e+04 -1.239e+04
 2.547e+04 -2.547e+04
 -1.053e+04 1.053e+04
 -4.716e+04 4.716e+04
 3.519e+05 -3.519e+05
 6.187e+04 -6.187e+04
 1.853e+04 -1.853e+04
 3.534e+04 -3.534e+04
 1538 -1538
 2.407e+04 -2.407e+04
 4808 -4808
 -8940 8940
 -1634 1634
 3.226e+04 -3.226e+04
 -3.689e+04 3.689e+04
 -3.458e+04 3.458e+04
 5.178e+04 -5.178e+04
 -1.169e+05 1.169e+05
 2.587e+04 -2.587e+04
 2.867e+04 -2.867e+04
 -1.35e+05 1.35e+05
 -7.023e+04 7.023e+04
 -3.758e+04 3.758e+04
 4.534e+04 -4.534e+04
 1.134e+05 -1.134e+05
 -5.312e+04 5.312e+04
 -2.173e+04 2.173e+04
 -5.715e+04 5.715e+04
 6415 -6415
 2.071e+04 -2.071e+04
 7.839e+04 -7.839e+04
 -5924 5924
 5.035e+04 -5.035e+04
 -5.111e+04 5.111e+04
 7.846e+04 -7.846e+04
 1.008e+04 -1.008e+04
 -5.009e+04 5.009e+04
 -3.733e+04 3.733e+04
 2.513e+04 -2.513e+04
 -3644 3644
 1.244e+04 -1.244e+04
 4.944e+04 -4.944e+04
 7.058e+04 -7.058e+04
 -3.256e+04 3.256e+04
 -4.502e+04 4.502e+04
 -8.432e+04 8.432e+04
 2.98e+04 -2.98e+04
 2.437e+05 -2.437e+05
 -1.022e+05 1.022e+05
 -705.8 705.8
 6.686e+04 -6.686e+04
 8.278e+04 -8.278e+04
 4.02e+04 -4.02e+04
 -1.996e+05 1.996e+05
 9.98e+04 -9.98e+04
 -3.383e+04 3.383e+04
 7.526e+04 -7.526e+04
 1.515e+04 -1.515e+04
 -3172 3172
 -6.08e+04 6.08e+04
 6.367e+04 -6.367e+04
 2.798e+04 -2.798e+04
 -2.072e+04 2.072e+04
 -2.668e+04 2.668e+04
 -1.711e+05 1.711e+05
 -2.327e+04 2.327e+04
 4.012e+04 -4.012e+04
 1.4e+04 -1.4e+04
 -4.738e+04 4.738e+04
 -8.056e+04 8.056e+04
 3.651e+04 -3.651e+04
 3.203e+04 -3.203e+04
 -3.923e+04 3.923e+04
 -3.095e+04 3.095e+04
 -2.77e+04 2.77e+04
 -8.911e+04 8.911e+04
 2.429e+04 -2.429e+04
 5.151e+04 -5.151e+04
 -2.562e+04 2.562e+04
 -6.067e+04 6.067e+04
 -5.507e+04 5.507e+04
 -1.636e+04 1.636e+04
 1.388e+04 -1.388e+04
 3.115e+04 -3.115e+04
 4.927e+04 -4.927e+04
 -8.2e+04 8.2e+04
 3.635e+04 -3.635e+04
 -9284 9284
 -6.705e+04 6.705e+04
 2338 -2338
 -6.499e+04 6.499e+04
 -6.714e+04 6.714e+04
 4610 -4610
 -8264 8264
 -1.922e+04 1.922e+04
 -3.806e+04 3.806e+04
 6.823e+04 -6.823e+04
 -1.238e+05 1.238e+05
 -5.62e+04 5.62e+04
 1.981e+04 -1.981e+04
 -6.882e+04 6.882e+04
 -1.345e+05 1.345e+05
 2.688e+04 -2.688e+04
 5.365e+05 -5.365e+05
 1.727e+04 -1.727e+04
 -1.819e+04 1.819e+04
 -2.344e+05 2.344e+05
 -4.334e+04 4.334e+04
 9083 -9083
 -1.508e+05 1.508e+05
 -4.701e+04 4.701e+04
 5.8e+04 -5.8e+04
 -1.914e+04 1.914e+04
 -9.474e+04 9.474e+04
 1.25e+05 -1.25e+05
 4.123e+05 -4.123e+05
 6.922e+04 -6.922e+04
 9.279e+04 -9.279e+04
 4.079e+04 -4.079e+04
 -4.538e+04 4.538e+04
 -4.855e+04 4.855e+04
 4.962e+04 -4.962e+04
 5.463e+04 -5.463e+04
 -6.482e+04 6.482e+04
 4.898e+04 -4.898e+04
 2.685e+04 -2.685e+04
 -1.527e+04 1.527e+04
 1.82e+05 -1.82e+05
 -3462 3462
 -2.13e+04 2.13e+04
 -3.435e+04 3.435e+04
 3.118e+05 -3.118e+05
 -2.38e+05 2.38e+05
 3.78e+04 -3.78e+04
 -1.148e+04 1.148e+04
 -9654 9654
 7.389e+04 -7.389e+04
 -2106 2106
 -1.176e+04 1.176e+04
 -1.155e+05 1.155e+05
 1.303e+05 -1.303e+05
 7.14e+04 -7.14e+04
 2.841e+04 -2.841e+04
 -1.88e+04 1.88e+04
 -5.875e+04 5.875e+04
 -4.977e+04 4.977e+04
 -3852 3852
 -2.378e+04 2.378e+04
 8.496e+04 -8.496e+04
 3.486e+04 -3.486e+04
 9.05e+04 -9.05e+04
 -1.065e+05 1.065e+05
 -3.977e+04 3.977e+04
 1.451e+05 -1.451e+05
 1.352e+05 -1.352e+05
 -1.931e+04 1.931e+04
 -2.288e+05 2.288e+05
 -1.2e+05 1.2e+05
 -1.325e+04 1.325e+04
 4.778e+04 -4.778e+04
 -2.554e+05 2.554e+05
 9.064e+04 -9.064e+04
 -1.402e+05 1.402e+05
 -1.493e+04 1.493e+04
 -5.379e+04 5.379e+04
 4504 -4504
 -1.112e+05 1.112e+05
 -6.251e+04 6.251e+04
 -9676 9676
 -8.038e+04 8.038e+04
 -7.976e+04 7.976e+04
 3.93e+04 -3.93e+04
 -1.409e+05 1.409e+05
 2.662e+04 -2.662e+04
 -5.279e+04 5.279e+04
 8.307e+04 -8.307e+04
 1.58e+04 -1.58e+04
 -8.819e+04 8.819e+04
 1.413e+05 -1.413e+05
 -3.18e+04 3.18e+04
 4.666e+04 -4.666e+04
 5.716e+04 -5.716e+04
 8.317e+04 -8.317e+04
 -8.898e+04 8.898e+04
 7.012e+04 -7.012e+04
 -9.382e+04 9.382e+04
 -8.472e+04 8.472e+04
 -5.97e+04 5.97e+04
 5.086e+04 -5.086e+04
 9.627e+04 -9.627e+04
 -6.744e+04 6.744e+04
 -7074 7074
 -7.392e+04 7.392e+04
 5.896e+04 -5.896e+04
 -3.509e+04 3.509e+04
 -1.67e+04 1.67e+04
 1.616e+04 -1.616e+04
 -1.547e+05 1.547e+05
 -1.433e+05 1.433e+05
 -6.037e+04 6.037e+04
 3.216e+04 -3.216e+04
 -4.979e+04 4.979e+04
 3611 -3611
 8.996e+04 -8.996e+04
 -2.044e+04 2.044e+04
 -1.189e+04 1.189e+04
 4850 -4850
 1.619e+05 -1.619e+05
 1.653e+05 -1.653e+05
 -2.554e+04 2.554e+04
 1.699e+05 -1.699e+05
 -1.391e+05 1.391e+05
 -6.028e+04 6.028e+04
 -4.91e+04 4.91e+04
 7.85e+04 -7.85e+04
 -5.196e+04 5.196e+04
 -7.137e+04 7.137e+04
 -5.819e+04 5.819e+04
 -2.917e+04 2.917e+04
 3.227e+04 -3.227e+04
 6.318e+04 -6.318e+04
 9.061e+04 -9.061e+04
 3.221e+04 -3.221e+04
 -1.392e+04 1.392e+04
 1.279e+04 -1.279e+04
 -6.408e+04 6.408e+04
 2.521e+04 -2.521e+04
 2.811e+04 -2.811e+04
 -6.37e+04 6.37e+04
 -1.139e+05 1.139e+05
 -1076 1076
 1.26e+05 -1.26e+05
 -9.924e+04 9.924e+04
 1.612e+05 -1.612e+05
 2.454e+05 -2.454e+05
 1.202e+04 -1.202e+04
 -8.913e+04 8.913e+04
 -1.049e+04 1.049e+04
 -6.008e+04 6.008e+04
 -8.689e+04 8.689e+04
 -1.939e+04 1.939e+04
 -1.924e+05 1.924e+05
 4.734e+04 -4.734e+04
 -246.1 246.1
 -3661 3661
 6.459e+04 -6.459e+04
 -1.751e+05 1.751e+05
 -3.335e+04 3.335e+04
 -6.548e+04 6.548e+04
 3.276e+04 -3.276e+04
 4465 -4465
 -2.553e+04 2.553e+04
 -7.304e+04 7.304e+04
 -9.611e+04 9.611e+04
 2.195e+05 -2.195e+05
 3.356e+04 -3.356e+04
 -2.477e+04 2.477e+04
 1.993e+04 -1.993e+04
 -2046 2046
 2.016e+05 -2.016e+05
 4.457e+04 -4.457e+04
 2.007e+05 -2.007e+05
 -1.104e+05 1.104e+05
 4.157e+04 -4.157e+04
 -1.256e+05 1.256e+05
 -5.766e+04 5.766e+04
 3.368e+05 -3.368e+05
 1.23e+05 -1.23e+05
 -5.676e+04 5.676e+04
 1.109e+05 -1.109e+05
 3.916e+04 -3.916e+04
 2.767e+05 -2.767e+05
 9.534e+04 -9.534e+04
 6.956e+04 -6.956e+04
 1.338e+04 -1.338e+04
 7269 -7269
 6.62e+04 -6.62e+04
 -9960 9960
 5.978e+04 -5.978e+04
 -2.436e+04 2.436e+04
 -6.639e+04 6.639e+04
 7.034e+04 -7.034e+04
 -6.634e+04 6.634e+04
 -1.073e+05 1.073e+05
 6.442e+04 -6.442e+04
 -7.663e+04 7.663e+04
 -5988 5988
 -3.049e+04 3.049e+04
 -1.409e+04 1.409e+04
 3.998e+04 -3.998e+04
 -9715 9715
 -1.768e+05 1.768e+05
 -7.077e+04 7.077e+04
 4.77e+04 -4.77e+04
 -5.092e+04 5.092e+04
 1.189e+04 -1.189e+04
 -1.829e+04 1.829e+04
 8.065e+04 -8.065e+04
 1.743e+05 -1.743e+05
 1.079e+05 -1.079e+05
 -2.426e+04 2.426e+04
 -8.398e+04 8.398e+04
 -4.39e+04 4.39e+04
 -3.584e+04 3.584e+04
 3.734e+04 -3.734e+04
 1.979e+04 -1.979e+04
 -2.04e+05 2.04e+05
 1.324e+05 -1.324e+05
 -1742 1742
 1.985e+05 -1.985e+05
 -3.5e+04 3.5e+04
 -8.965e+04 8.965e+04
 -9.964e+04 9.964e+04
 7.154e+04 -7.154e+04
 -5.425e+04 5.425e+04
 -1.771e+04 1.771e+04
 1.853e+05 -1.853e+05
 -6.028e+04 6.028e+04
 5.071e+04 -5.071e+04
 -1.28e+05 1.28e+05
 -2.273e+04 2.273e+04
 6.703e+04 -6.703e+04
 7.186e+04 -7.186e+04
 2.054e+04 -2.054e+04
 -2.54e+04 2.54e+04
 -6383 6383
 8.406e+04 -8.406e+04
 1.444e+05 -1.444e+05
 -7.243e+04 7.243e+04
 -9.901e+04 9.901e+04
 -941.7 941.7
 -1.282e+05 1.282e+05
 -5.568e+04 5.568e+04
 -5.76e+04 5.76e+04
 3.179e+05 -3.179e+05
 1.015e+05 -1.015e+05
 7721 -7721
 4.994e+04 -4.994e+04
 -1.969e+04 1.969e+04
 -4.065e+04 4.065e+04
 -4.265e+04 4.265e+04
 -2.496e+04 2.496e+04
 -3.938e+04 3.938e+04
 -1.54e+05 1.54e+05
 3.584e+04 -3.584e+04
 -8.316e+04 8.316e+04
 -6874 6874
 -6.935e+04 6.935e+04
 -6.129e+04 6.129e+04
 2.415e+05 -2.415e+05
 -1.111e+05 1.111e+05
 -5.821e+04 5.821e+04
 -3.96e+04 3.96e+04
 -5.888e+04 5.888e+04
 6.316e+04 -6.316e+04
 -7.398e+04 7.398e+04
 -8.112e+04 8.112e+04
 9.759e+04 -9.759e+04
 -1e+05 1e+05
 1.208e+05 -1.208e+05
 -4.2e+04 4.2e+04
 6.124e+04 -6.124e+04
 -3.438e+04 3.438e+04
 -1.232e+05 1.232e+05
 -1.208e+05 1.208e+05
 -279 279
 2.326e+05 -2.326e+05
 -6.779e+04 6.779e+04
 2.162e+05 -2.162e+05
 1.284e+05 -1.284e+05
 7.057e+04 -7.057e+04
 4259 -4259
 1.504e+05 -1.504e+05
 -1.327e+05 1.327e+05
 -5.32e+04 5.32e+04
 -4.725e+04 4.725e+04
 -1.19e+04 1.19e+04
 -3.686e+04 3.686e+04
 -7.36e+04 7.36e+04
 -1.091e+05 1.091e+05
 1.202e+05 -1.202e+05
 -5.582e+04 5.582e+04
 1.855e+05 -1.855e+05
 -634.4 634.4
 -1.26e+04 1.26e+04
 -2.477e+04 2.477e+04
 4.546e+04 -4.546e+04
 4.815e+04 -4.815e+04
 -1.025e+05 1.025e+05
 -1.295e+04 1.295e+04
 -2.963e+04 2.963e+04
 4.354e+04 -4.354e+04
 -1.447e+05 1.447e+05
 1.189e+05 -1.189e+05
 -3.304e+04 3.304e+04
 6.505e+04 -6.505e+04
 -4.461e+04 4.461e+04
 -1.413e+05 1.413e+05
 1.427e+05 -1.427e+05
 -1451 1451
 -8.621e+04 8.621e+04
 -2.865e+04 2.865e+04
 1.398e+05 -1.398e+05
 2.72e+05 -2.72e+05
 3.311e+04 -3.311e+04
 6.67e+04 -6.67e+04
 -7.293e+04 7.293e+04
 3.059e+04 -3.059e+04
 -9.492e+04 9.492e+04
 1.7e+04 -1.7e+04
 -8.853e+04 8.853e+04
 -8.833e+04 8.833e+04
 2.438e+05 -2.438e+05
 1.855e+04 -1.855e+04
 7.817e+04 -7.817e+04
 8.382e+04 -8.382e+04
 9.198e+04 -9.198e+04
 2.781e+04 -2.781e+04
 2386 -2386
 2.348e+04 -2.348e+04
 -2.445e+04 2.445e+04
 -3.772e+04 3.772e+04
 -6.073e+04 6.073e+04
 -7836 7836
 -1.02e+04 1.02e+04
 2.527e+04 -2.527e+04
 7.59e+04 -7.59e+04
 3.654e+04 -3.654e+04
 -3.465e+04 3.465e+04
 8.793e+04 -8.793e+04
 -6357 6357
 4.302e+04 -4.302e+04
 -2.325e+04 2.325e+04
 -601 601
 1.201e+05 -1.201e+05
 -474.8 474.8
 -7.247e+04 7.247e+04
 -1.242e+05 1.242e+05
 -4.557e+04 4.557e+04
 -3.01e+04 3.01e+04
 5.749e+04 -5.749e+04
 6247 -6247
 -1.704e+04 1.704e+04
 -2.002e+04 2.002e+04
 4.462e+04 -4.462e+04
 -3.973e+04 3.973e+04
 -6.704e+04 6.704e+04
 -1.711e+04 1.711e+04
 4.267e+04 -4.267e+04
 -1.512e+05 1.512e+05
 7.587e+04 -7.587e+04
 -3.071e+04 3.071e+04
 -7.784e+04 7.784e+04
 -3.679e+04 3.679e+04
 -1.8e+04 1.8e+04
 -6.328e+04 6.328e+04
 -3.412e+04 3.412e+04
 -9.035e+04 9.035e+04
 6.527e+04 -6.527e+04
 -2.512e+04 2.512e+04
 -1.022e+04 1.022e+04
 2.038e+04 -2.038e+04
 -1.751e+05 1.751e+05
 -3.397e+04 3.397e+04
 7.29e+04 -7.29e+04
 -1.483e+05 1.483e+05
 -4.531e+04 4.531e+04
 3.433e+04 -3.433e+04
 -4.132e+04 4.132e+04
 -5.366e+04 5.366e+04
 -2.585e+04 2.585e+04
 9.072e+04 -9.072e+04
 -1.708e+05 1.708e+05
 2.193e+04 -2.193e+04
 -1.832e+04 1.832e+04
 -4789 4789
 -2.343e+04 2.343e+04
 -1.005e+05 1.005e+05
 1124 -1124
 -5.412e+04 5.412e+04
 -3.563e+04 3.563e+04
 -5.775e+04 5.775e+04
 -6.144e+04 6.144e+04
 -4.882e+04 4.882e+04
 -7.094e+04 7.094e+04
 -1.835e+05 1.835e+05
 1.039e+05 -1.039e+05
 3.101e+04 -3.101e+04
 2.999e+04 -2.999e+04
 -2078 2078
 -3.915e+04 3.915e+04
 -8.259e+04 8.259e+04
 -6.93e+04 6.93e+04
 1.096e+05 -1.096e+05
 1.103e+05 -1.103e+05
 -2.575e+04 2.575e+04
 4.635e+04 -4.635e+04
 -1.505e+05 1.505e+05
 -4.373e+04 4.373e+04
 3.161e+04 -3.161e+04
 7.617e+04 -7.617e+04
 -8.63e+04 8.63e+04
 2.024e+05 -2.024e+05
 2.09e+04 -2.09e+04
 1.37e+04 -1.37e+04
 2049 -2049
 1.634e+04 -1.634e+04
 -6.928e+04 6.928e+04
 1.232e+05 -1.232e+05
 -6844 6844
 1.405e+05 -1.405e+05
 -6373 6373
 4.062e+04 -4.062e+04
 -3803 3803
 -5.516e+04 5.516e+04
 -1.388e+05 1.388e+05
 -2.532e+04 2.532e+04
 6.88e+04 -6.88e+04
 7.38e+04 -7.38e+04
 -4217 4217
 -1.181e+05 1.181e+05
 -1.902e+04 1.902e+04
 -9.866e+04 9.866e+04
 2.09e+05 -2.09e+05
 -4.274e+04 4.274e+04
 -1.934e+04 1.934e+04
 -1467 1467
 3.39e+04 -3.39e+04
 1.853e+05 -1.853e+05
 -2.242e+04 2.242e+04
 3.738e+04 -3.738e+04
 -8.627e+04 8.627e+04
 -8.471e+04 8.471e+04
 -6.173e+04 6.173e+04
 6.608e+04 -6.608e+04
 1.502e+04 -1.502e+04
 3.358e+04 -3.358e+04
 4627 -4627
 -9.149e+04 9.149e+04
 -4514 4514
 6351 -6351
 -6692 6692
 -1.799e+05 1.799e+05
 -2.098e+05 2.098e+05
 1.378e+04 -1.378e+04
 6635 -6635
 -4.001e+04 4.001e+04
 7.623e+04 -7.623e+04
 -4.915e+04 4.915e+04
 1.297e+05 -1.297e+05
 -5.033e+04 5.033e+04
 -1.665e+04 1.665e+04
 1333 -1333
 1.5e+05 -1.5e+05
 1.391e+05 -1.391e+05
 -2.395e+04 2.395e+04
 2.107e+05 -2.107e+05
 1.936e+05 -1.936e+05
 -8.442e+04 8.442e+04
 5.68e+04 -5.68e+04
 -6.847e+04 6.847e+04
 -7.475e+04 7.475e+04
 8.467e+04 -8.467e+04
 -4.386e+04 4.386e+04
 -1.24e+05 1.24e+05
 -5.74e+04 5.74e+04
 -2.363e+04 2.363e+04
 -6.707e+04 6.707e+04
 5.169e+04 -5.169e+04
 -1.735e+05 1.735e+05
 -7304 7304
 2.281e+05 -2.281e+05
 -8.845e+04 8.845e+04
 2.7e+04 -2.7e+04
 -3.997e+04 3.997e+04
 2.827e+04 -2.827e+04
 -8.799e+04 8.799e+04
 -5.518e+04 5.518e+04
 -2.784e+04 2.784e+04
 4255 -4255
 -6.411e+04 6.411e+04
 -9.817e+04 9.817e+04
 -2.02e+04 2.02e+04
 -4.368e+04 4.368e+04
 2814 -2814
 -1.401e+05 1.401e+05
 -9.679e+04 9.679e+04
 -6850 6850
 -4.74e+04 4.74e+04
 7.171e+04 -7.171e+04
 -4.785e+04 4.785e+04
 5320 -5320
 -2.397e+04 2.397e+04
 1.783e+04 -1.783e+04
 -1.623e+05 1.623e+05
 -2.169e+04 2.169e+04
 -2.515e+04 2.515e+04
 -9.374e+04 9.374e+04
 -1.613e+05 1.613e+05
 -4.547e+04 4.547e+04
 1.804e+05 -1.804e+05
 -2.613e+04 2.613e+04
 1.014e+05 -1.014e+05
 2.183e+05 -2.183e+05
 -7439 7439
 1.223e+05 -1.223e+05
 -6.481e+04 6.481e+04
 80.4 -80.4
 1.376e+05 -1.376e+05
 -9.683e+04 9.683e+04
 1.303e+04 -1.303e+04
 -2.921e+05 2.921e+05
 -7.44e+04 7.44e+04
 -6.882e+04 6.882e+04
 2.402e+04 -2.402e+04
 6.626e+04 -6.626e+04
 -1.484e+05 1.484e+05
 -3.387e+04 3.387e+04
 1.901e+04 -1.901e+04
 -2.175e+05 2.175e+05
 -7.334e+04 7.334e+04
 -3.49e+04 3.49e+04
 4.448e+04 -4.448e+04
 -4.189e+04 4.189e+04
 -1.439e+05 1.439e+05
 -8.854e+04 8.854e+04
 1.527e+05 -1.527e+05
 -6.255e+04 6.255e+04
 -6.988e+04 6.988e+04
 -9.506e+04 9.506e+04
 2.034e+04 -2.034e+04
 -6.227e+04 6.227e+04
 -1.065e+05 1.065e+05
 -9.959e+04 9.959e+04
 1.023e+04 -1.023e+04
 3.774e+04 -3.774e+04
 -5.857e+04 5.857e+04
 7.436e+04 -7.436e+04
 1.601e+04 -1.601e+04
 -2.243e+05 2.243e+05
 -9104 9104
 4.608e+04 -4.608e+04
 -3.755e+04 3.755e+04
 -6.849e+04 6.849e+04
 -4.063e+04 4.063e+04
 -1.37e+05 1.37e+05
 -5388 5388
 8542 -8542
 1.505e+04 -1.505e+04
 -1.364e+04 1.364e+04
 -3.925e+04 3.925e+04
 -3.227e+04 3.227e+04
 1.387e+05 -1.387e+05
 -1.054e+04 1.054e+04
 -1.639e+04 1.639e+04
 1.19e+05 -1.19e+05
 -9.191e+04 9.191e+04
 -5.498e+04 5.498e+04
 3.11e+04 -3.11e+04
 5.891e+04 -5.891e+04
 -8.824e+04 8.824e+04
 4.369e+04 -4.369e+04
 9860 -9860
 2.079e+05 -2.079e+05
 8.73e+04 -8.73e+04
 -1.006e+05 1.006e+05
 2.292e+05 -2.292e+05
 -6.919e+04 6.919e+04
 3.45e+04 -3.45e+04
 6.878e+04 -6.878e+04
 3.224e+04 -3.224e+04
 -9.864e+04 9.864e+04
 -1.085e+05 1.085e+05
 6.681e+04 -6.681e+04
 -1.864e+04 1.864e+04
 -7.326e+04 7.326e+04
 -8.778e+04 8.778e+04
 9.38e+04 -9.38e+04
 -6.17e+04 6.17e+04
 9.099e+04 -9.099e+04
 2.833e+04 -2.833e+04
 -2.809e+04 2.809e+04
 -3.131e+04 3.131e+04
 -3.404e+04 3.404e+04
 -1.454e+05 1.454e+05
 9511 -9511
 -5.142e+04 5.142e+04
 -5108 5108
 -1.303e+05 1.303e+05
 8.58e+04 -8.58e+04
 -1.699e+04 1.699e+04
 -1.049e+05 1.049e+05
 1.435e+04 -1.435e+04
 7.194e+04 -7.194e+04
 2.32e+04 -2.32e+04
 -3137 3137
 -8404 8404
 -7.569e+04 7.569e+04
 8.77e+04 -8.77e+04
 -4.967e+04 4.967e+04
 8.014e+04 -8.014e+04
 2.154e+05 -2.154e+05
 -1.756e+05 1.756e+05
 -2016 2016
 1.925e+04 -1.925e+04
 -6.82e+04 6.82e+04
 -4.272e+04 4.272e+04
 6.319e+04 -6.319e+04
 3.493 -3.493
 4.645e+05 -4.645e+05
 -1.091e+05 1.091e+05
 -9.559e+04 9.559e+04
 -7.279e+04 7.279e+04
 -2.76e+04 2.76e+04
 6027 -6027
 1.596e+05 -1.596e+05
 -4.648e+04 4.648e+04
 1.096e+04 -1.096e+04
 -1.113e+05 1.113e+05
 -2.57e+05 2.57e+05
 4119 -4119
 -7.718e+04 7.718e+04
 3.269e+04 -3.269e+04
 1.447e+04 -1.447e+04
 3.102e+04 -3.102e+04
 1.287e+05 -1.287e+05
 -8.62e+04 8.62e+04
 -4.413e+04 4.413e+04
 -2.129e+04 2.129e+04
 2.515e+05 -2.515e+05
 6.445e+04 -6.445e+04
 -9604 9604
 9.138e+04 -9.138e+04
 1.704e+04 -1.704e+04
 6.964e+04 -6.964e+04
 -3.948e+04 3.948e+04
 -1.949e+04 1.949e+04
 -745.9 745.9
 -4.222e+04 4.222e+04
 -1.21e+05 1.21e+05
 2.468e+05 -2.468e+05
 -7.231e+04 7.231e+04
 6.664e+04 -6.664e+04
 -3.297e+04 3.297e+04
 -1.113e+05 1.113e+05
 3800 -3800
 -1.282e+05 1.282e+05
 -4.11e+04 4.11e+04
 -3983 3983
 -4.51e+04 4.51e+04
 1.365e+05 -1.365e+05
 9.16e+04 -9.16e+04
 4.017e+04 -4.017e+04
 1.769e+05 -1.769e+05
 -2.217e+04 2.217e+04
 5.968e+04 -5.968e+04
 1.957e+04 -1.957e+04
 -8546 8546
 -7.945e+04 7.945e+04
 -8.53e+04 8.53e+04
 -1.222e+04 1.222e+04
 2.539e+05 -2.539e+05
 2.211e+04 -2.211e+04
 3.218e+04 -3.218e+04
 2.379e+04 -2.379e+04
 -3.291e+04 3.291e+04
 -1.145e+05 1.145e+05
 1.955e+05 -1.955e+05
 -8.724e+04 8.724e+04
 6.204e+04 -6.204e+04
 -1.352e+04 1.352e+04
 -1.185e+05 1.185e+05
 2.289e+05 -2.289e+05
 -7.54e+04 7.54e+04
 1.848e+05 -1.848e+05
 1.006e+05 -1.006e+05
 1.679e+05 -1.679e+05
 2.982e+04 -2.982e+04
 1.386e+05 -1.386e+05
 -7.164e+04 7.164e+04
 1.407e+05 -1.407e+05
 -6.869e+04 6.869e+04
 -6.891e+04 6.891e+04
 -2.155e+05 2.155e+05
 -1.985e+04 1.985e+04
 -9.766e+04 9.766e+04
 4.114e+04 -4.114e+04
 6.326e+04 -6.326e+04
 1.217e+05 -1.217e+05
 4.493e+04 -4.493e+04
 -1336 1336
 -5.897e+04 5.897e+04
 -3.731e+04 3.731e+04
 1.447e+05 -1.447e+05
 7.749e+04 -7.749e+04
 -9.029e+04 9.029e+04
 -1.322e+05 1.322e+05
 -1.246e+05 1.246e+05
 -8.87e+04 8.87e+04
 3.415e+05 -3.415e+05
 -7.155e+04 7.155e+04
 3.258e+04 -3.258e+04
 -2.257e+04 2.257e+04
 1.828e+04 -1.828e+04
 -8.064e+04 8.064e+04
 1.952e+05 -1.952e+05
 1.393e+04 -1.393e+04
 -6.769e+04 6.769e+04
 4.131e+04 -4.131e+04
 1.686e+04 -1.686e+04
 -2.598e+04 2.598e+04
 -3.618e+04 3.618e+04
 -5670 5670
 -8.546e+04 8.546e+04
 -7.754e+04 7.754e+04
 5.041e+04 -5.041e+04
 -3.575e+04 3.575e+04
 -4.543e+04 4.543e+04
 -5.474e+04 5.474e+04
 -1.689e+04 1.689e+04
 1.484e+05 -1.484e+05
 -4.808e+04 4.808e+04
 5881 -5881
 9.363e+04 -9.363e+04
 -8.659e+04 8.659e+04
 -2.839e+04 2.839e+04
 -5.453e+04 5.453e+04
 8.755e+04 -8.755e+04
 7.795e+04 -7.795e+04
 -7.116e+04 7.116e+04
 1.526e+05 -1.526e+05
 1.014e+05 -1.014e+05
 -3.423e+04 3.423e+04
 1.011e+05 -1.011e+05
 -4022 4022
 5.966e+04 -5.966e+04
 1.848e+05 -1.848e+05
 2.19e+04 -2.19e+04
 -3.302e+04 3.302e+04
 -4.562e+04 4.562e+04
 4056 -4056
 -1.24e+05 1.24e+05
 -4.904e+04 4.904e+04
 6.834e+04 -6.834e+04
 7.135e+04 -7.135e+04
 -5.83e+04 5.83e+04
 1.7e+05 -1.7e+05
 274.4 -274.4
 -8.942e+04 8.942e+04
 4.606e+04 -4.606e+04
 7.762e+04 -7.762e+04
 2.461e+04 -2.461e+04
 4.813e+04 -4.813e+04
 4.198e+05 -4.198e+05
 -2.764e+04 2.764e+04
 -4.542e+04 4.542e+04
 5929 -5929
 3.196e+04 -3.196e+04
 -5.099e+04 5.099e+04
 3.981e+04 -3.981e+04
 2.42e+05 -2.42e+05
 1.059e+04 -1.059e+04
 1.233e+05 -1.233e+05
 -3.788e+04 3.788e+04
 -2.934e+04 2.934e+04
 4.331e+04 -4.331e+04
 -7.414e+04 7.414e+04
 1.396e+05 -1.396e+05
 2.547e+04 -2.547e+04
 -2.57e+04 2.57e+04
 -2.347e+05 2.347e+05
 -7.799e+04 7.799e+04
 -9.226e+04 9.226e+04
 -1.013e+04 1.013e+04
 -9.025e+04 9.025e+04
 -5.082e+04 5.082e+04
 4.1e+04 -4.1e+04
 -1.37e+05 1.37e+05
 -4.236e+04 4.236e+04
 -1.25e+05 1.25e+05
 -7567 7567
 -2.186e+05 2.186e+05
 1.516e+05 -1.516e+05
 -7217 7217
 -8.841e+04 8.841e+04
 8489 -8489
 7.869e+04 -7.869e+04
 3.994e+04 -3.994e+04
 1.887e+04 -1.887e+04
 -3.141e+04 3.141e+04
 8.913e+04 -8.913e+04
 -5.706e+04 5.706e+04
 -5.463e+04 5.463e+04
 1.627e+04 -1.627e+04
 299.2 -299.2
 -3.717e+04 3.717e+04
 9.372e+04 -9.372e+04
 -2.806e+04 2.806e+04
 -3.768e+04 3.768e+04
 -3.854e+04 3.854e+04
 1.987e+05 -1.987e+05
 -8.668e+04 8.668e+04
 -3.548e+04 3.548e+04
 -9.081e+04 9.081e+04
 -3.699e+04 3.699e+04
 -1.226e+05 1.226e+05
 2.934e+04 -2.934e+04
 208.4 -208.4
 -7.853e+04 7.853e+04
 -4.361e+04 4.361e+04
 -5.982e+04 5.982e+04
 -1.338e+04 1.338e+04
 -1.786e+04 1.786e+04
 -2.375e+04 2.375e+04
 3.118e+04 -3.118e+04
 1.037e+05 -1.037e+05
 -7.19e+04 7.19e+04
 -9.572e+04 9.572e+04
 -1.321e+05 1.321e+05
 -1.35e+05 1.35e+05
 6.946e+04 -6.946e+04
 1.572e+05 -1.572e+05
 3.39e+04 -3.39e+04
 7.478e+04 -7.478e+04
 3.774e+04 -3.774e+04
 -2.322e+04 2.322e+04
 1748 -1748
 5.401e+04 -5.401e+04
 -6.208e+04 6.208e+04
 4.953e+04 -4.953e+04
 1.356e+05 -1.356e+05
 -6498 6498
 -6.15e+04 6.15e+04
 -1.534e+04 1.534e+04
 -7.023e+04 7.023e+04
 4.914e+04 -4.914e+04
 9.582e+04 -9.582e+04
 -1.655e+04 1.655e+04
 2.812e+04 -2.812e+04
 1.397e+05 -1.397e+05
 -9.515e+04 9.515e+04
 1.068e+05 -1.068e+05
 1.315e+05 -1.315e+05
 -2.856e+04 2.856e+04
 -2.876e+04 2.876e+04
 -7.451e+04 7.451e+04
 -9.26e+04 9.26e+04
 -1.294e+05 1.294e+05
 1.695e+05 -1.695e+05
 -6.618e+04 6.618e+04
 4.13e+04 -4.13e+04
 8.425e+04 -8.425e+04
 -2.53e+04 2.53e+04
 1.817e+04 -1.817e+04
 2.955e+05 -2.955e+05
 7632 -7632
 2.164e+04 -2.164e+04
 -2.684e+04 2.684e+04
 -6.299e+04 6.299e+04
 6334 -6334
 1.755e+04 -1.755e+04
 1.901e+04 -1.901e+04
 -3582 3582
 -1.727e+04 1.727e+04
 -2.145e+04 2.145e+04
 7.168e+04 -7.168e+04
 -3.414e+04 3.414e+04
 1.582e+05 -1.582e+05
 3.985e+04 -3.985e+04
 -2.172e+04 2.172e+04
 1.713e+05 -1.713e+05
 -2.5e+04 2.5e+04
 5.784e+04 -5.784e+04
 -4.986e+04 4.986e+04
 -1.195e+05 1.195e+05
 6.254e+04 -6.254e+04
 -2.776e+04 2.776e+04
 3212 -3212
 9.465e+04 -9.465e+04
 -6.902e+04 6.902e+04
 -4.263e+04 4.263e+04
 -4.756e+04 4.756e+04
 -1.09e+05 1.09e+05
 -1.36e+04 1.36e+04
 -4.262e+04 4.262e+04
 -2.383e+04 2.383e+04
 -5.632e+04 5.632e+04
 8053 -8053
 -2.21e+04 2.21e+04
 1.205e+05 -1.205e+05
 -2.067e+04 2.067e+04
 -2.36e+04 2.36e+04
 -5.677e+04 5.677e+04
 -2.112e+04 2.112e+04
 -8.029e+04 8.029e+04
 -4.219e+04 4.219e+04
 1.548e+05 -1.548e+05
 -1.09e+05 1.09e+05
 2.009e+04 -2.009e+04
 7.845e+04 -7.845e+04
 -2.228e+05 2.228e+05
 -5672 5672
 -7.048e+04 7.048e+04
 -8.029e+04 8.029e+04
 5.59e+04 -5.59e+04
 -2.03e+04 2.03e+04
 1.519e+04 -1.519e+04
 5.693e+04 -5.693e+04
 -5.824e+04 5.824e+04
 -8.136e+04 8.136e+04
 -6.647e+04 6.647e+04
 -2.273e+04 2.273e+04
 6.524e+04 -6.524e+04
 -7.898e+04 7.898e+04
 1.062e+04 -1.062e+04
 -9.662e+04 9.662e+04
 -3.513e+04 3.513e+04
 -1.509e+05 1.509e+05
 -9.974e+04 9.974e+04
 5590 -5590
 -1.071e+04 1.071e+04
 2.408e+04 -2.408e+04
 -7.064e+04 7.064e+04
 2.579e+05 -2.579e+05
 7.189e+04 -7.189e+04
 8.86e+04 -8.86e+04
 -8.367e+04 8.367e+04
 1.066e+05 -1.066e+05
 3.915e+04 -3.915e+04
 -1.269e+05 1.269e+05
 7.627e+04 -7.627e+04
 5.609e+04 -5.609e+04
 3744 -3744
 -5.373e+04 5.373e+04
 1.101e+05 -1.101e+05
 4.307e+04 -4.307e+04
 -1.179e+04 1.179e+04
 -3.127e+04 3.127e+04
 -1.676e+05 1.676e+05
 1.071e+04 -1.071e+04
 -6.074e+04 6.074e+04
 1.71e+04 -1.71e+04
 -25.76 25.76
 -6.722e+04 6.722e+04
 6.329e+04 -6.329e+04
 -2.205e+04 2.205e+04
 3.296e+05 -3.296e+05
 -1.215e+04 1.215e+04
 -2.475e+04 2.475e+04
 -9.363e+04 9.363e+04
 -1.176e+04 1.176e+04
 2.532e+04 -2.532e+04
 -3203 3203
 -1.722e+05 1.722e+05
 -1.474e+05 1.474e+05
 1.205e+05 -1.205e+05
 8.807e+04 -8.807e+04
 -4.183e+04 4.183e+04
 7451 -7451
 -3192 3192
 1.292e+05 -1.292e+05
 1.522e+05 -1.522e+05
 -6.439e+04 6.439e+04
 -1.237e+05 1.237e+05
 1.172e+05 -1.172e+05
 -1.261e+05 1.261e+05
 6403 -6403
 -4.889e+04 4.889e+04
 -2146 2146
 8.073e+04 -8.073e+04
 8.099e+04 -8.099e+04
 -4.86e+04 4.86e+04
 2.5e+04 -2.5e+04
 -1.378e+05 1.378e+05
 7594 -7594
 -5.012e+04 5.012e+04
 -4.434e+04 4.434e+04
 -6.654e+04 6.654e+04
 -7463 7463
 -3052 3052
 -4.855e+04 4.855e+04
 -9.096e+04 9.096e+04
 -3.879e+04 3.879e+04
 5.269e+04 -5.269e+04
 -4.869e+04 4.869e+04
 -1.22e+04 1.22e+04
 8532 -8532
 -5.379e+04 5.379e+04
 -8.932e+04 8.932e+04
 2.056e+05 -2.056e+05
 -6.772e+04 6.772e+04
 4.369e+04 -4.369e+04
 -3.515e+04 3.515e+04
 -8.318e+04 8.318e+04
 -3.469e+04 3.469e+04
 -3531 3531
 3.705e+04 -3.705e+04
 -8.937e+04 8.937e+04
 -2.642e+04 2.642e+04
 5287 -5287
 -6.263e+04 6.263e+04
 -6710 6710
 -6.532e+04 6.532e+04
 -2.094e+04 2.094e+04
 -634.2 634.2
 -4136 4136
 -4.829e+04 4.829e+04
 6.96e+04 -6.96e+04
 -1.353e+05 1.353e+05
 -6336 6336
 5.796e+04 -5.796e+04
 6.595e+04 -6.595e+04
 1.671e+05 -1.671e+05
 -7.872e+04 7.872e+04
 -1.635e+04 1.635e+04
 -5.49e+04 5.49e+04
 -1.486e+04 1.486e+04
 -6.424e+04 6.424e+04
 -2.097e+04 2.097e+04
 2.742e+04 -2.742e+04
 -2.362e+04 2.362e+04
 1.107e+04 -1.107e+04
 -8.177e+04 8.177e+04
 4.114e+04 -4.114e+04
 -2.485e+04 2.485e+04
 -6.795e+04 6.795e+04
 9.603e+04 -9.603e+04
 -3.438e+04 3.438e+04
 -7.195e+04 7.195e+04
 -7.233e+04 7.233e+04
 1701 -1701
 -2.384e+04 2.384e+04
 4.528e+04 -4.528e+04
 3.624e+04 -3.624e+04
 -1.427e+05 1.427e+05
 6.44e+04 -6.44e+04
 -4.03e+04 4.03e+04
 3.136e+04 -3.136e+04
 2.759e+04 -2.759e+04
 -4.952e+04 4.952e+04
 -4.156e+04 4.156e+04
 -1.309e+04 1.309e+04
 -1.744e+04 1.744e+04
 3728 -3728
 -1.147e+05 1.147e+05
 7.254e+04 -7.254e+04
 -1.764e+05 1.764e+05
 -1.718e+05 1.718e+05
 1.262e+05 -1.262e+05
 -1.57e+05 1.57e+05
 -3.177e+04 3.177e+04
 3.307e+04 -3.307e+04
 -4.91e+04 4.91e+04
 -1.242e+05 1.242e+05
 -1.159e+04 1.159e+04
 -3.203e+04 3.203e+04
 9215 -9215
 1443 -1443
 -1.083e+04 1.083e+04
 -4.637e+04 4.637e+04
 -3.817e+04 3.817e+04
 -1.482e+05 1.482e+05
 5.606e+04 -5.606e+04
 -7242 7242
 -8.651e+04 8.651e+04
 -2.069e+04 2.069e+04
 -1.386e+05 1.386e+05
 1.114e+05 -1.114e+05
 -2.459e+04 2.459e+04
 2.412e+05 -2.412e+05
 -2.635e+05 2.635e+05
 -8.216e+04 8.216e+04
 7.115e+04 -7.115e+04
 2.627e+05 -2.627e+05
 -6.357e+04 6.357e+04
 -1.809e+04 1.809e+04
 -9.902e+04 9.902e+04
 -6.46e+04 6.46e+04
 -1.247e+05 1.247e+05
 -4.253e+04 4.253e+04
 785.5 -785.5
 -1.569e+04 1.569e+04
 -2.417e+04 2.417e+04
 -3.211e+04 3.211e+04
 -8.171e+04 8.171e+04
 6.951e+04 -6.951e+04
 -1.417e+05 1.417e+05
 4.562e+05 -4.562e+05
 -7.019e+04 7.019e+04
 4.786e+04 -4.786e+04
 -8.11e+04 8.11e+04
 3.36e+04 -3.36e+04
 -3636 3636
 -8.958e+04 8.958e+04
 -9.543e+04 9.543e+04
 -1.935e+05 1.935e+05
 -4.333e+04 4.333e+04
 9.393e+04 -9.393e+04
 -1.435e+05 1.435e+05
 2.8e+05 -2.8e+05
 4.799e+04 -4.799e+04
 6130 -6130
 5435 -5435
 2.15e+04 -2.15e+04
 -9.46e+04 9.46e+04
 790.8 -790.8
 6.691e+04 -6.691e+04
 -7736 7736
 1.135e+05 -1.135e+05
 6.092e+04 -6.092e+04
 5.186e+04 -5.186e+04
 3.441e+04 -3.441e+04
 -1.435e+05 1.435e+05
 -1.05e+05 1.05e+05
 -3.719e+04 3.719e+04
 1.041e+05 -1.041e+05
 8.571e+04 -8.571e+04
 -9426 9426
 -6034 6034
 -3.014e+04 3.014e+04
 4.122e+04 -4.122e+04
 -1.225e+05 1.225e+05
 2.348e+04 -2.348e+04
 -1.236e+05 1.236e+05
 -2.073e+04 2.073e+04
 4.505e+04 -4.505e+04
 6.984e+04 -6.984e+04
 343.6 -343.6
 -2.756e+04 2.756e+04
 2.235e+04 -2.235e+04
 -1.052e+05 1.052e+05
 -7795 7795
 1.38e+05 -1.38e+05
 -2.721e+04 2.721e+04
 6.625e+04 -6.625e+04
 -2.407e+04 2.407e+04
 -2.674e+04 2.674e+04
 -1.297e+05 1.297e+05
 -1.249e+04 1.249e+04
 -5.492e+04 5.492e+04
 -3.484e+04 3.484e+04
 1.117e+05 -1.117e+05
 9818 -9818
 4.034e+04 -4.034e+04
 4.282e+05 -4.282e+05
 -5.213e+04 5.213e+04
 -2.402e+04 2.402e+04
 4.261e+04 -4.261e+04
 -1.155e+05 1.155e+05
 -1.616e+04 1.616e+04
 -3.515e+04 3.515e+04
 -3.354e+04 3.354e+04
 1.127e+05 -1.127e+05
 -9.853e+04 9.853e+04
 -1.316e+05 1.316e+05
 -2.3e+04 2.3e+04
 -1.294e+05 1.294e+05
 -1.599e+05 1.599e+05
 -4.717e+04 4.717e+04
 1.268e+05 -1.268e+05
 -1.965e+04 1.965e+04
 1.702e+04 -1.702e+04
 -1.033e+05 1.033e+05
 -2.739e+04 2.739e+04
 8.756e+04 -8.756e+04
 2.95e+04 -2.95e+04
 5.86e+04 -5.86e+04
 2.745e+04 -2.745e+04
 3.79e+04 -3.79e+04
 3.758e+04 -3.758e+04
 -1.136e+05 1.136e+05
 -5.146e+04 5.146e+04
 -1.281e+05 1.281e+05
 -3.492e+04 3.492e+04
 -1.858e+04 1.858e+04
 -2.04e+04 2.04e+04
 -2.038e+04 2.038e+04
 -2.035e+05 2.035e+05
 7.518e+04 -7.518e+04
 5.916e+04 -5.916e+04
 -8.47e+04 8.47e+04
 1.517e+05 -1.517e+05
 -7.442e+04 7.442e+04
 -1.312e+05 1.312e+05
 -2.879e+04 2.879e+04
 -2.445e+04 2.445e+04
 5.506e+04 -5.506e+04
 -2.208e+05 2.208e+05
 3.464e+04 -3.464e+04
 4.167e+04 -4.167e+04
 2.92e+05 -2.92e+05
 -2.962e+04 2.962e+04
 -9.534e+04 9.534e+04
 -7.084e+04 7.084e+04
 6e+04 -6e+04
 -2.002e+05 2.002e+05
 7.2e+04 -7.2e+04
 9809 -9809
 5942 -5942
 -8.57e+04 8.57e+04
 -9.328e+04 9.328e+04
 4433 -4433
 8.914e+04 -8.914e+04
 2.258e+04 -2.258e+04
 4.124e+04 -4.124e+04
 1.246e+04 -1.246e+04
 1.821e+05 -1.821e+05
 -3.815e+04 3.815e+04
 2.757e+04 -2.757e+04
 -1.545e+04 1.545e+04
 -1.018e+05 1.018e+05
 -5.935e+04 5.935e+04
 -5.659e+04 5.659e+04
 -2.854e+04 2.854e+04
 4.327e+04 -4.327e+04
 8284 -8284
 2.588e+04 -2.588e+04
 -2.882e+04 2.882e+04
 5.51e+04 -5.51e+04
 -7.992e+04 7.992e+04
 3.078e+05 -3.078e+05
 -1.535e+05 1.535e+05
 1.602e+05 -1.602e+05
 1.678e+04 -1.678e+04
 -4.921e+04 4.921e+04
 1.308e+04 -1.308e+04
 8029 -8029
 -5.222e+04 5.222e+04
 -4.497e+04 4.497e+04
 5086 -5086
 3.326e+05 -3.326e+05
 2.859e+05 -2.859e+05
 -5.975e+04 5.975e+04
 2.675e+04 -2.675e+04
 2.263e+05 -2.263e+05
 -9.56e+04 9.56e+04
 6.308e+04 -6.308e+04
 -4.201e+04 4.201e+04
 2.716e+04 -2.716e+04
 -2.356e+04 2.356e+04
 -8.363e+04 8.363e+04
 -8512 8512
 -2.352e+04 2.352e+04
 -8.165e+04 8.165e+04
 -1.105e+05 1.105e+05
 2.288e+04 -2.288e+04
 -4.138e+04 4.138e+04
 2.636e+04 -2.636e+04
 6.005e+04 -6.005e+04
 2.321e+05 -2.321e+05
 -7.063e+04 7.063e+04
 -2.504e+04 2.504e+04
 -8.529e+04 8.529e+04
 2.167e+04 -2.167e+04
 2.173e+04 -2.173e+04
 2.058e+04 -2.058e+04
 -1.541e+04 1.541e+04
 1.87e+04 -1.87e+04
 -9.407e+04 9.407e+04
 1.081e+05 -1.081e+05
 -1.121e+05 1.121e+05
 -6440 6440
 -2.09e+04 2.09e+04
 -2.125e+04 2.125e+04
 4.174e+04 -4.174e+04
 3.171e+04 -3.171e+04
 -3.847e+04 3.847e+04
 -2.338e+04 2.338e+04
 -5453 5453
 -1.844e+04 1.844e+04
 -1.401e+05 1.401e+05
 2.703e+04 -2.703e+04
 -7.606e+04 7.606e+04
 1.133e+05 -1.133e+05
 -2.243e+04 2.243e+04
 -1.777e+04 1.777e+04
 -1.198e+04 1.198e+04
 -6.296e+04 6.296e+04
 -4.304e+04 4.304e+04
 -2.238e+04 2.238e+04
 -3.915e+04 3.915e+04
 -2.567e+05 2.567e+05
 -1.52e+05 1.52e+05
 -6.107e+04 6.107e+04
 -6.371e+04 6.371e+04
 4218 -4218
 2.027e+04 -2.027e+04
 5.176e+04 -5.176e+04
 7.835e+04 -7.835e+04
 -5.494e+04 5.494e+04
 2.4e+05 -2.4e+05
 4.623e+04 -4.623e+04
 2.001e+05 -2.001e+05
 1.314e+05 -1.314e+05
 3.957e+04 -3.957e+04
 3.123e+04 -3.123e+04
 3.344e+04 -3.344e+04
 -7.106e+04 7.106e+04
 -2.475e+04 2.475e+04
 4.662e+04 -4.662e+04
 4.678e+05 -4.678e+05
 -7.626e+04 7.626e+04
 1.024e+05 -1.024e+05
 2.773e+04 -2.773e+04
 4.271e+05 -4.271e+05
 -8.69e+04 8.69e+04
 1.133e+05 -1.133e+05
 -5.858e+04 5.858e+04
 4.503e+04 -4.503e+04
 -1.917e+05 1.917e+05
 1.502e+05 -1.502e+05
 -3.123e+04 3.123e+04
 5.033e+04 -5.033e+04
 -4.77e+04 4.77e+04
 -5.594e+04 5.594e+04
 3.033e+05 -3.033e+05
 1.138e+05 -1.138e+05
 -1.848e+04 1.848e+04
 -6.71e+04 6.71e+04
 -5.062e+04 5.062e+04
 -6.776e+04 6.776e+04
 5626 -5626
 -1.138e+05 1.138e+05
 -2.533e+04 2.533e+04
 1.079e+04 -1.079e+04
 1.325e+05 -1.325e+05
 -4.428e+04 4.428e+04
 2.052e+04 -2.052e+04
 1.681e+04 -1.681e+04
 -8.223e+04 8.223e+04
 -2.905e+04 2.905e+04
 4.46e+04 -4.46e+04
 -5.931e+04 5.931e+04
 1.539e+05 -1.539e+05
 -4.873e+04 4.873e+04
 -8.173e+04 8.173e+04
 -4.78e+04 4.78e+04
 1.989e+05 -1.989e+05
 1.147e+05 -1.147e+05
 -1.044e+05 1.044e+05
 -1.012e+04 1.012e+04
 -2858 2858
 -1.558e+04 1.558e+04
 5528 -5528
 3713 -3713
 -4.155e+04 4.155e+04
 -5.57e+04 5.57e+04
 2.369e+05 -2.369e+05
 -1.212e+04 1.212e+04
 -3.769e+04 3.769e+04
 2.581e+04 -2.581e+04
 -1.588e+05 1.588e+05
 2.041e+04 -2.041e+04
 -7.279e+04 7.279e+04
 -6.725e+04 6.725e+04
 -5.681e+04 5.681e+04
 3.717e+04 -3.717e+04
 -7.568e+04 7.568e+04
 3.495e+04 -3.495e+04
 4.096e+04 -4.096e+04
 3.448e+04 -3.448e+04
 8.255e+04 -8.255e+04
 -1.121e+05 1.121e+05
 -1.955e+04 1.955e+04
 -1.301e+05 1.301e+05
 -7499 7499
 -6.947e+04 6.947e+04
 -6.497e+04 6.497e+04
 9.743e+04 -9.743e+04
 -9.11e+04 9.11e+04
 -6.633e+04 6.633e+04
 2.304e+04 -2.304e+04
 -7.589e+04 7.589e+04
 -8.679e+04 8.679e+04
 2.587e+04 -2.587e+04
 -8.398e+04 8.398e+04
 1.553e+04 -1.553e+04
 1.014e+05 -1.014e+05
 -3.089e+04 3.089e+04
 -1.195e+05 1.195e+05
 -5.196e+04 5.196e+04
 -6e+04 6e+04
 1.347e+05 -1.347e+05
 -6.735e+04 6.735e+04
 -2.102e+04 2.102e+04
 1.652e+05 -1.652e+05
 1.28e+05 -1.28e+05
 5.62e+04 -5.62e+04
 1.643e+04 -1.643e+04
 -1.216e+05 1.216e+05
 -5.977e+04 5.977e+04
 3.17e+05 -3.17e+05
 3097 -3097
 -7.478e+04 7.478e+04
 7.105e+04 -7.105e+04
 3.682e+04 -3.682e+04
 3.08e+04 -3.08e+04
 1.635e+05 -1.635e+05
 -6.119e+04 6.119e+04
 -6.735e+04 6.735e+04
 -364.3 364.3
 -4.542e+04 4.542e+04
 8.262e+04 -8.262e+04
 -1.283e+04 1.283e+04
 7.739e+04 -7.739e+04
 -6.213e+04 6.213e+04
 2.825e+04 -2.825e+04
 2.962e+05 -2.962e+05
 5359 -5359
 2.143e+05 -2.143e+05
 -3.405e+04 3.405e+04
 -1.361e+05 1.361e+05
 -2.187e+05 2.187e+05
 -2.852e+04 2.852e+04
 -7.717e+04 7.717e+04
 -8.348e+04 8.348e+04
 4.033e+05 -4.033e+05
 3.905e+04 -3.905e+04
 -1.463e+04 1.463e+04
 -4.739e+04 4.739e+04
 5.674e+04 -5.674e+04
 -4.242e+04 4.242e+04
 2.934e+05 -2.934e+05
 -7.445e+04 7.445e+04
 -5.149e+04 5.149e+04
 -1.064e+05 1.064e+05
 1.281e+05 -1.281e+05
 -1.723e+05 1.723e+05
 2.258e+04 -2.258e+04
 2.833e+05 -2.833e+05
 -1.887e+04 1.887e+04
 3130 -3130
 -3.173e+04 3.173e+04
 4.539e+04 -4.539e+04
 1.807e+05 -1.807e+05
 -4.643e+04 4.643e+04
 5200 -5200
 -6.766e+04 6.766e+04
 3.136e+05 -3.136e+05
 -1.053e+04 1.053e+04
 4.275e+04 -4.275e+04
 -1.114e+05 1.114e+05
 -3.867e+04 3.867e+04
 1.315e+04 -1.315e+04
 2.767e+05 -2.767e+05
 1.808e+05 -1.808e+05
 2.473e+04 -2.473e+04
 6.321e+04 -6.321e+04
 5.617e+04 -5.617e+04
 8.214e+04 -8.214e+04
 -1.728e+04 1.728e+04
 2.665e+05 -2.665e+05
 2.418e+04 -2.418e+04
 3.772e+04 -3.772e+04
 -1.163e+05 1.163e+05
 -2.283e+04 2.283e+04
 -1.958e+04 1.958e+04
 -7.19e+04 7.19e+04
 1.655e+05 -1.655e+05
 1.188e+04 -1.188e+04
 -4.905e+04 4.905e+04
 9.638e+04 -9.638e+04
 -8.868e+04 8.868e+04
 1.417e+05 -1.417e+05
 -1.815e+04 1.815e+04
 2.549e+04 -2.549e+04
 -4.505e+04 4.505e+04
 5.417e+04 -5.417e+04
 5.149e+04 -5.149e+04
 2.039e+05 -2.039e+05
 -3.745e+04 3.745e+04
 491.7 -491.7
 -4.546e+04 4.546e+04
 -1.108e+05 1.108e+05
 2.971e+04 -2.971e+04
 4.635e+04 -4.635e+04
 -1.115e+04 1.115e+04
 1.633e+05 -1.633e+05
 -4.663e+04 4.663e+04
 -2.173e+04 2.173e+04
 7.786e+04 -7.786e+04
 4.895e+04 -4.895e+04
 3.984e+05 -3.984e+05
 1.671e+04 -1.671e+04
 -1.618e+04 1.618e+04
 3.676e+04 -3.676e+04
 -4.953e+04 4.953e+04
 -7.24e+04 7.24e+04
 -8.055e+04 8.055e+04
 -4.541e+04 4.541e+04
 -1.622e+05 1.622e+05
 -3.989e+04 3.989e+04
 4.281e+04 -4.281e+04
 -1.262e+04 1.262e+04
 3.397e+04 -3.397e+04
 -4.156e+04 4.156e+04
 3.98e+04 -3.98e+04
 8.047e+04 -8.047e+04
 -4.083e+04 4.083e+04
 -9.812e+04 9.812e+04
 -5.108e+04 5.108e+04
 1.98e+04 -1.98e+04
 -3.395e+04 3.395e+04
 7.512e+04 -7.512e+04
 -7.077e+04 7.077e+04
 -4.603e+04 4.603e+04
 -6393 6393
 -1.019e+05 1.019e+05
 1.315e+05 -1.315e+05
 -7.211e+04 7.211e+04
 -2.118e+05 2.118e+05
 1.273e+04 -1.273e+04
 -634.8 634.8
 4.696e+05 -4.696e+05
 -9.018e+04 9.018e+04
 -3.918e+04 3.918e+04
 7.493e+04 -7.493e+04
 6.683e+04 -6.683e+04
 -5.238e+04 5.238e+04
 -1.131e+05 1.131e+05
 -4.564e+04 4.564e+04
 -1.414e+05 1.414e+05
 5246 -5246
 1.671e+04 -1.671e+04
 -9.701e+04 9.701e+04
 5.786e+04 -5.786e+04
 -5.782e+04 5.782e+04
 8.897e+04 -8.897e+04
 6281 -6281
 1.339e+05 -1.339e+05
 8.023e+04 -8.023e+04
 1.128e+05 -1.128e+05
 -6677 6677
 5.697e+04 -5.697e+04
 9.77e+04 -9.77e+04
 -7244 7244
 -1.129e+05 1.129e+05
 8.7e+04 -8.7e+04
 6.907e+04 -6.907e+04
 -1.37e+05 1.37e+05
 9.158e+04 -9.158e+04
 -4.619e+04 4.619e+04
 1.666e+04 -1.666e+04
 -5.341e+04 5.341e+04
 3.873e+04 -3.873e+04
 7.718e+04 -7.718e+04
 1.412e+04 -1.412e+04
 -1.975e+04 1.975e+04
 -4.58e+04 4.58e+04
 3.19e+04 -3.19e+04
 -1.875e+04 1.875e+04
 -5.053e+04 5.053e+04
 -3.646e+04 3.646e+04
 -6.424e+04 6.424e+04
 -9064 9064
 -2.866e+04 2.866e+04
 -7.786e+04 7.786e+04
 -1.733e+05 1.733e+05
 -2.838e+04 2.838e+04
 -1.026e+05 1.026e+05
 -2.636e+04 2.636e+04
 -1.094e+04 1.094e+04
 -8.006e+04 8.006e+04
 2.085e+04 -2.085e+04
 -2.101e+04 2.101e+04
 1.043e+05 -1.043e+05
 1.533e+04 -1.533e+04
 -4.674e+04 4.674e+04
 -7.483e+04 7.483e+04
 3.022e+04 -3.022e+04
 1.813e+05 -1.813e+05
 -1.996e+04 1.996e+04
 932.9 -932.9
 1.02e+04 -1.02e+04
 4.886e+04 -4.886e+04
 1.863e+04 -1.863e+04
 2.202e+05 -2.202e+05
 2.853e+04 -2.853e+04
 -1.569e+04 1.569e+04
 -4.132e+04 4.132e+04
 1.24e+04 -1.24e+04
 -2.057e+04 2.057e+04
 -8.948e+04 8.948e+04
 -8.682e+04 8.682e+04
 4.842e+04 -4.842e+04
 -4.991e+04 4.991e+04
 -650.5 650.5
 -4.238e+04 4.238e+04
 -1.282e+05 1.282e+05
 1.052e+04 -1.052e+04
 7.02e+04 -7.02e+04
 -1.279e+05 1.279e+05
 -3.88e+04 3.88e+04
 -3.374e+04 3.374e+04
 3.735e+04 -3.735e+04
 -6.818e+04 6.818e+04
 -3.645e+04 3.645e+04
 6770 -6770
 -1.026e+05 1.026e+05
 3450 -3450
 -3.46e+04 3.46e+04
 3.381e+05 -3.381e+05
 8997 -8997
 -1.105e+05 1.105e+05
 6.327e+04 -6.327e+04
 -1.612e+04 1.612e+04
 2.845e+04 -2.845e+04
 -3.682e+04 3.682e+04
 4.903e+04 -4.903e+04
 -1.699e+04 1.699e+04
 -2.083e+05 2.083e+05
 -1.89e+04 1.89e+04
 2.563e+04 -2.563e+04
 2.247e+04 -2.247e+04
 -1.547e+05 1.547e+05
 -6.274e+04 6.274e+04
 -1.277e+05 1.277e+05
 -1092 1092
 -4.525e+04 4.525e+04
 1.236e+04 -1.236e+04
 -6.481e+04 6.481e+04
 -2.296e+04 2.296e+04
 -6.328e+04 6.328e+04
 1.951e+05 -1.951e+05
 3055 -3055
 -250 250
 -1.092e+05 1.092e+05
 -1.824e+04 1.824e+04
 -3.449e+04 3.449e+04
 1.286e+05 -1.286e+05
 -1.673e+05 1.673e+05
 5427 -5427
 8.598e+04 -8.598e+04
 1.024e+05 -1.024e+05
 1.756e+05 -1.756e+05
 -1.007e+05 1.007e+05
 -1.628e+05 1.628e+05
 -4.369e+04 4.369e+04
 6.458e+04 -6.458e+04
 6.196e+04 -6.196e+04
 1.309e+05 -1.309e+05
 -1.455e+05 1.455e+05
 -3.667e+04 3.667e+04
 -4.352e+04 4.352e+04
 2.327e+04 -2.327e+04
 7.678e+04 -7.678e+04
 -1.073e+05 1.073e+05
 3.827e+04 -3.827e+04
 -4.15e+04 4.15e+04
 -4530 4530
 -3.169e+04 3.169e+04
 9226 -9226
 -4.776e+04 4.776e+04
 2.149e+05 -2.149e+05
 2841 -2841
 -1.737e+05 1.737e+05
 7215 -7215
 -1.495e+04 1.495e+04
 1.452e+05 -1.452e+05
 8.405e+04 -8.405e+04
 8.951e+04 -8.951e+04
 -4.41e+04 4.41e+04
 -1.115e+05 1.115e+05
 -6.949e+04 6.949e+04
 2.876e+04 -2.876e+04
 1.296e+04 -1.296e+04
 5.69e+04 -5.69e+04
 2.344e+04 -2.344e+04
 1.933e+04 -1.933e+04
 7.933e+04 -7.933e+04
 3.312e+04 -3.312e+04
 1.293e+05 -1.293e+05
 -1.038e+05 1.038e+05
 -2.518e+04 2.518e+04
 5516 -5516
 3539 -3539
 9383 -9383
 7.553e+04 -7.553e+04
 -1.379e+05 1.379e+05
 6.203e+04 -6.203e+04
 5.333e+04 -5.333e+04
 -4.326e+04 4.326e+04
 1.391e+05 -1.391e+05
 316.8 -316.8
 550.6 -550.6
 -9.575e+04 9.575e+04
 -3.372e+04 3.372e+04
 2.417e+04 -2.417e+04
 -4.949e+04 4.949e+04
 8.575e+04 -8.575e+04
 -1.552e+04 1.552e+04
 -2852 2852
 4.35e+04 -4.35e+04
 5.78e+04 -5.78e+04
 -2.895e+04 2.895e+04
 3.608e+05 -3.608e+05
 4.499e+04 -4.499e+04
 2.766e+05 -2.766e+05
 -5.177e+04 5.177e+04
 -2.248e+04 2.248e+04
 1.334e+05 -1.334e+05
 1507 -1507
 6.99e+04 -6.99e+04
 8.532e+04 -8.532e+04
 -4.556e+04 4.556e+04
 -2.883e+04 2.883e+04
 2.457e+05 -2.457e+05
 -4.098e+04 4.098e+04
 -8.615e+04 8.615e+04
 8.549e+04 -8.549e+04
 -2.299e+05 2.299e+05
 3.292e+05 -3.292e+05
 2.375e+05 -2.375e+05
 -6191 6191
 -1.883e+04 1.883e+04
 -2.639e+04 2.639e+04
 -6.62e+04 6.62e+04
 -4.987e+04 4.987e+04
 -1.039e+04 1.039e+04
 -1.067e+05 1.067e+05
 -6.169e+04 6.169e+04
 1.012e+05 -1.012e+05
 -2.373e+04 2.373e+04
 4.16e+05 -4.16e+05
 -7.526e+04 7.526e+04
 2.13e+04 -2.13e+04
 2.212e+04 -2.212e+04
 1.698e+05 -1.698e+05
 -7.673e+04 7.673e+04
 -1.737e+05 1.737e+05
 2.965e+04 -2.965e+04
 -1.04e+05 1.04e+05
 5.899e+04 -5.899e+04
 1.1e+04 -1.1e+04
 1.203e+04 -1.203e+04
 2.264e+05 -2.264e+05
 -3.39e+04 3.39e+04
 -6.697e+04 6.697e+04
 -7.895e+04 7.895e+04
 -3.977e+04 3.977e+04
 -2.971e+04 2.971e+04
 -1.535e+04 1.535e+04
 -3.471e+04 3.471e+04
 -7348 7348
 -1.23e+05 1.23e+05
 -3323 3323
 7.019e+04 -7.019e+04
 -7.048e+04 7.048e+04
 1.95e+05 -1.95e+05
 5.078e+04 -5.078e+04
 -4.674e+04 4.674e+04
 2.22e+04 -2.22e+04
 5.514e+04 -5.514e+04
 -1.507e+05 1.507e+05
 7.568e+04 -7.568e+04
 -3.433e+04 3.433e+04
 5.31e+04 -5.31e+04
 -7.964e+04 7.964e+04
 -1.544e+05 1.544e+05
 2.286e+05 -2.286e+05
 3607 -3607
 -1433 1433
 -1.89e+05 1.89e+05
 1.729e+05 -1.729e+05
 -4.933e+04 4.933e+04
 2900 -2900
 -6.471e+04 6.471e+04
 3.051e+04 -3.051e+04
 -3.868e+04 3.868e+04
 -7.24e+04 7.24e+04
 -1.095e+05 1.095e+05
 4701 -4701
 -5.078e+04 5.078e+04
 -4.278e+04 4.278e+04
 2e+04 -2e+04
 -8.306e+04 8.306e+04
 6.842e+04 -6.842e+04
 -2546 2546
 -4648 4648
 -1.573e+04 1.573e+04
 -5.227e+04 5.227e+04
 3.896e+04 -3.896e+04
 -1.199e+04 1.199e+04
 -1.044e+04 1.044e+04
 3.233e+04 -3.233e+04
 -3.773e+04 3.773e+04
 3.276e+04 -3.276e+04
 -4.899e+04 4.899e+04
 -5.779e+04 5.779e+04
 4.112e+04 -4.112e+04
 -3.941e+04 3.941e+04
 1.467e+04 -1.467e+04
 -9332 9332
 -6.662e+04 6.662e+04
 1.085e+05 -1.085e+05
 1.395e+05 -1.395e+05
 -3.605e+04 3.605e+04
 3.77e+04 -3.77e+04
 -6.718e+04 6.718e+04
 -1.194e+05 1.194e+05
 8.753e+04 -8.753e+04
 8.101e+04 -8.101e+04
 -6.522e+04 6.522e+04
 1.58e+04 -1.58e+04
 -1.065e+04 1.065e+04
 -6.981e+04 6.981e+04
 2.965e+04 -2.965e+04
 2.953e+05 -2.953e+05
 -4.956e+04 4.956e+04
 -7.933e+04 7.933e+04
 -1860 1860
 -4.223e+04 4.223e+04
 -4377 4377
 2.237e+05 -2.237e+05
 3.558e+04 -3.558e+04
 3.678e+04 -3.678e+04
 -1.522e+05 1.522e+05
 -7.912e+04 7.912e+04
 -1.108e+05 1.108e+05
 3.174e+05 -3.174e+05
 -1.673e+04 1.673e+04
 5.175e+04 -5.175e+04
 -8.484e+04 8.484e+04
 4.971e+04 -4.971e+04
 3.87e+05 -3.87e+05
 -1.373e+05 1.373e+05
 -2.17e+04 2.17e+04
 1.079e+05 -1.079e+05
 -1.937e+05 1.937e+05
 -5.552e+04 5.552e+04
 -4.24e+04 4.24e+04
 -4.666e+04 4.666e+04
 -5.608e+04 5.608e+04
 7451 -7451
 -1.704e+05 1.704e+05
 -9777 9777
 -3.228e+04 3.228e+04
 1.408e+05 -1.408e+05
 2.524e+04 -2.524e+04
 3.529e+04 -3.529e+04
 -2.657e+04 2.657e+04
 -6939 6939
 6.904e+04 -6.904e+04
 -1.865e+04 1.865e+04
 -9.309e+04 9.309e+04
 7.598e+04 -7.598e+04
 -3.243e+04 3.243e+04
 9252 -9252
 2.534e+04 -2.534e+04
 -7.01e+04 7.01e+04
 -7.328e+04 7.328e+04


