# Created by Octave 5.2.0, Fri Sep 25 00:28:08 2020 CEST <jiwidi@land>
# name: w
# type: matrix
# rows: 2001
# columns: 2
 -3.55e+04 3.55e+04
 3001 -3001
 -1.166e+04 1.166e+04
 -5719 5719
 -3664 3664
 -4668 4668
 9351 -9351
 7564 -7564
 1520 -1520
 -4758 4758
 1.483e+04 -1.483e+04
 -4806 4806
 2949 -2949
 4288 -4288
 -1.28e+04 1.28e+04
 -2.029e+04 2.029e+04
 -2281 2281
 8558 -8558
 -9514 9514
 1.084e+04 -1.084e+04
 -9310 9310
 -9795 9795
 -1.745e+04 1.745e+04
 -1.505e+04 1.505e+04
 1.925e+04 -1.925e+04
 -5465 5465
 -3875 3875
 -3.585e+04 3.585e+04
 -3216 3216
 -33.98 33.98
 1900 -1900
 -3916 3916
 1.561e+04 -1.561e+04
 -7300 7300
 1.153e+04 -1.153e+04
 1.677e+04 -1.677e+04
 -9093 9093
 -1272 1272
 -1.025e+04 1.025e+04
 -60.42 60.42
 -1.086e+04 1.086e+04
 5158 -5158
 -5825 5825
 -4731 4731
 2793 -2793
 1.454e+04 -1.454e+04
 -8924 8924
 1.163e+04 -1.163e+04
 -2.011e+04 2.011e+04
 -6450 6450
 1761 -1761
 3572 -3572
 -1201 1201
 -4904 4904
 5.012e+04 -5.012e+04
 8275 -8275
 2845 -2845
 5361 -5361
 -1517 1517
 1923 -1923
 1985 -1985
 -2250 2250
 -2969 2969
 1537 -1537
 -4348 4348
 -4773 4773
 5781 -5781
 -1.88e+04 1.88e+04
 3371 -3371
 2559 -2559
 -1.85e+04 1.85e+04
 -7999 7999
 -4481 4481
 6142 -6142
 1.435e+04 -1.435e+04
 -6137 6137
 -166.7 166.7
 -5814 5814
 -87.61 87.61
 3746 -3746
 1.077e+04 -1.077e+04
 -198.9 198.9
 7209 -7209
 -6566 6566
 8309 -8309
 948.1 -948.1
 -5518 5518
 -4932 4932
 3778 -3778
 70.68 -70.68
 668.4 -668.4
 4237 -4237
 8181 -8181
 -4602 4602
 -5768 5768
 -1.084e+04 1.084e+04
 4191 -4191
 3.404e+04 -3.404e+04
 -1.431e+04 1.431e+04
 556.8 -556.8
 6731 -6731
 1.032e+04 -1.032e+04
 6928 -6928
 -2.485e+04 2.485e+04
 1.398e+04 -1.398e+04
 -5089 5089
 1.053e+04 -1.053e+04
 1405 -1405
 -1165 1165
 -8468 8468
 5967 -5967
 3446 -3446
 -3427 3427
 -3408 3408
 -2.166e+04 2.166e+04
 -2276 2276
 5598 -5598
 1921 -1921
 -6066 6066
 -1.004e+04 1.004e+04
 5905 -5905
 3968 -3968
 -3417 3417
 -5501 5501
 -2791 2791
 -1.156e+04 1.156e+04
 5672 -5672
 8053 -8053
 -3125 3125
 -7333 7333
 -8099 8099
 -3195 3195
 1110 -1110
 -3915 3915
 6470 -6470
 -9761 9761
 4367 -4367
 760 -760
 -8092 8092
 539.8 -539.8
 -8638 8638
 -8392 8392
 1123 -1123
 -1495 1495
 -2300 2300
 -4076 4076
 7828 -7828
 -3.137e+04 3.137e+04
 -6673 6673
 1664 -1664
 -9471 9471
 -1.583e+04 1.583e+04
 2133 -2133
 7.777e+04 -7.777e+04
 2702 -2702
 -892.5 892.5
 -3.912e+04 3.912e+04
 -7418 7418
 2233 -2233
 -2.164e+04 2.164e+04
 -6140 6140
 5084 -5084
 -2729 2729
 -1.026e+04 1.026e+04
 1.413e+04 -1.413e+04
 5.438e+04 -5.438e+04
 7715 -7715
 1.308e+04 -1.308e+04
 5047 -5047
 -5208 5208
 -8918 8918
 5629 -5629
 5626 -5626
 -8681 8681
 6238 -6238
 3498 -3498
 -209.1 209.1
 2.576e+04 -2.576e+04
 233.7 -233.7
 -3032 3032
 -3977 3977
 4.525e+04 -4.525e+04
 -3.2e+04 3.2e+04
 3735 -3735
 -3537 3537
 -588.6 588.6
 9442 -9442
 272.3 -272.3
 -1324 1324
 -1.456e+04 1.456e+04
 1.629e+04 -1.629e+04
 8919 -8919
 3085 -3085
 -2057 2057
 -6448 6448
 -2566 2566
 634.2 -634.2
 -2588 2588
 1.086e+04 -1.086e+04
 3067 -3067
 1.241e+04 -1.241e+04
 -1.292e+04 1.292e+04
 -4798 4798
 1.951e+04 -1.951e+04
 1.923e+04 -1.923e+04
 271 -271
 -3.072e+04 3.072e+04
 -1.643e+04 1.643e+04
 -1079 1079
 3284 -3284
 -3.765e+04 3.765e+04
 1.161e+04 -1.161e+04
 -1.776e+04 1.776e+04
 -1262 1262
 -5676 5676
 -3118 3118
 -1.582e+04 1.582e+04
 -6557 6557
 -1569 1569
 -1.253e+04 1.253e+04
 -9854 9854
 4697 -4697
 -1.816e+04 1.816e+04
 3620 -3620
 -9372 9372
 1.095e+04 -1.095e+04
 2754 -2754
 -1.078e+04 1.078e+04
 1.604e+04 -1.604e+04
 -3097 3097
 5032 -5032
 1.03e+04 -1.03e+04
 1.216e+04 -1.216e+04
 -1.057e+04 1.057e+04
 1.034e+04 -1.034e+04
 -1.25e+04 1.25e+04
 -9610 9610
 -7279 7279
 4525 -4525
 1.315e+04 -1.315e+04
 -7777 7777
 -117.7 117.7
 -9163 9163
 7208 -7208
 -3801 3801
 -1896 1896
 1542 -1542
 -2.101e+04 2.101e+04
 -2.233e+04 2.233e+04
 -7065 7065
 4491 -4491
 -8513 8513
 -669 669
 1.147e+04 -1.147e+04
 -2179 2179
 -2587 2587
 -775.5 775.5
 2.081e+04 -2.081e+04
 2.285e+04 -2.285e+04
 -4493 4493
 2.043e+04 -2.043e+04
 -1.85e+04 1.85e+04
 -7726 7726
 -5630 5630
 1.087e+04 -1.087e+04
 -6917 6917
 -1.1e+04 1.1e+04
 -6996 6996
 -6304 6304
 3634 -3634
 8972 -8972
 1.235e+04 -1.235e+04
 3494 -3494
 -2129 2129
 1984 -1984
 -1.034e+04 1.034e+04
 3053 -3053
 2566 -2566
 -7665 7665
 -1.419e+04 1.419e+04
 470 -470
 1.701e+04 -1.701e+04
 -1.547e+04 1.547e+04
 2.091e+04 -2.091e+04
 3.378e+04 -3.378e+04
 1798 -1798
 -1.191e+04 1.191e+04
 -1356 1356
 -8715 8715
 -1.058e+04 1.058e+04
 -3554 3554
 -2.717e+04 2.717e+04
 4551 -4551
 -457.9 457.9
 -89.1 89.1
 6828 -6828
 -2.228e+04 2.228e+04
 -3935 3935
 -8022 8022
 4717 -4717
 1591 -1591
 -3103 3103
 -9181 9181
 -1.182e+04 1.182e+04
 2.923e+04 -2.923e+04
 4370 -4370
 -4260 4260
 1454 -1454
 619.2 -619.2
 2.534e+04 -2.534e+04
 3930 -3930
 2.311e+04 -2.311e+04
 -1.311e+04 1.311e+04
 6355 -6355
 -1.843e+04 1.843e+04
 -4994 4994
 4.678e+04 -4.678e+04
 2.411e+04 -2.411e+04
 -7531 7531
 1.459e+04 -1.459e+04
 5367 -5367
 3.299e+04 -3.299e+04
 1.295e+04 -1.295e+04
 8601 -8601
 1667 -1667
 937.7 -937.7
 6647 -6647
 -952.1 952.1
 5184 -5184
 -2683 2683
 -8521 8521
 9882 -9882
 -8910 8910
 -1.394e+04 1.394e+04
 1.036e+04 -1.036e+04
 -1.103e+04 1.103e+04
 -644.4 644.4
 -2836 2836
 -1423 1423
 5801 -5801
 226.7 -226.7
 -2.248e+04 2.248e+04
 -8114 8114
 6169 -6169
 -5052 5052
 977.4 -977.4
 -4415 4415
 9631 -9631
 2.343e+04 -2.343e+04
 1.021e+04 -1.021e+04
 -2811 2811
 -1.211e+04 1.211e+04
 -4887 4887
 -4018 4018
 5634 -5634
 2814 -2814
 -3.264e+04 3.264e+04
 1.743e+04 -1.743e+04
 -51.96 51.96
 2.413e+04 -2.413e+04
 -3170 3170
 -1.275e+04 1.275e+04
 -1.142e+04 1.142e+04
 1.002e+04 -1.002e+04
 -6390 6390
 -2113 2113
 2.565e+04 -2.565e+04
 -1.099e+04 1.099e+04
 7272 -7272
 -1.289e+04 1.289e+04
 -4878 4878
 7915 -7915
 1.025e+04 -1.025e+04
 1114 -1114
 -1779 1779
 -818.4 818.4
 8534 -8534
 1.909e+04 -1.909e+04
 -8998 8998
 -1.104e+04 1.104e+04
 -1345 1345
 -1.744e+04 1.744e+04
 -6768 6768
 -8842 8842
 4.177e+04 -4.177e+04
 1.108e+04 -1.108e+04
 1616 -1616
 5512 -5512
 -2117 2117
 -4247 4247
 -5414 5414
 -3213 3213
 -8938 8938
 -2.001e+04 2.001e+04
 4426 -4426
 -1.164e+04 1.164e+04
 -420.9 420.9
 -7632 7632
 -7678 7678
 2.933e+04 -2.933e+04
 -1.502e+04 1.502e+04
 -5954 5954
 -4903 4903
 -8511 8511
 8773 -8773
 -8755 8755
 -1.001e+04 1.001e+04
 1.049e+04 -1.049e+04
 -1.195e+04 1.195e+04
 1.517e+04 -1.517e+04
 -4793 4793
 7121 -7121
 -4327 4327
 -2.197e+04 2.197e+04
 -1.268e+04 1.268e+04
 457.1 -457.1
 3.49e+04 -3.49e+04
 -8737 8737
 3.086e+04 -3.086e+04
 1.851e+04 -1.851e+04
 6934 -6934
 3488 -3488
 1.378e+04 -1.378e+04
 -2.298e+04 2.298e+04
 -5324 5324
 -6285 6285
 -718.5 718.5
 -4456 4456
 -9002 9002
 -1.435e+04 1.435e+04
 1.825e+04 -1.825e+04
 -6917 6917
 2.539e+04 -2.539e+04
 1268 -1268
 474.4 -474.4
 -2824 2824
 6996 -6996
 5187 -5187
 -1.226e+04 1.226e+04
 -1342 1342
 -7843 7843
 5035 -5035
 -1.962e+04 1.962e+04
 1.643e+04 -1.643e+04
 -6765 6765
 8601 -8601
 -4441 4441
 -1.89e+04 1.89e+04
 2.084e+04 -2.084e+04
 -1108 1108
 -1.068e+04 1.068e+04
 -4751 4751
 1.673e+04 -1.673e+04
 3.836e+04 -3.836e+04
 3779 -3779
 7786 -7786
 -9453 9453
 2597 -2597
 -1.195e+04 1.195e+04
 503.5 -503.5
 -1.172e+04 1.172e+04
 -1.279e+04 1.279e+04
 3.353e+04 -3.353e+04
 1063 -1063
 9456 -9456
 1.068e+04 -1.068e+04
 9615 -9615
 4948 -4948
 369.1 -369.1
 3383 -3383
 -2035 2035
 -3771 3771
 -8058 8058
 43.54 -43.54
 -650.2 650.2
 3122 -3122
 9498 -9498
 4256 -4256
 -6762 6762
 1.184e+04 -1.184e+04
 -694.1 694.1
 6213 -6213
 -3098 3098
 16.29 -16.29
 1.823e+04 -1.823e+04
 -55.4 55.4
 -8931 8931
 -1.737e+04 1.737e+04
 -5498 5498
 -5870 5870
 6856 -6856
 -801.1 801.1
 -672.3 672.3
 -3294 3294
 5380 -5380
 -3918 3918
 -9590 9590
 -1092 1092
 2714 -2714
 -2.158e+04 2.158e+04
 1.009e+04 -1.009e+04
 -6019 6019
 -8497 8497
 -4195 4195
 -1459 1459
 -7334 7334
 -3345 3345
 -2.18e+04 2.18e+04
 8591 -8591
 -2753 2753
 -1346 1346
 2668 -2668
 -2.441e+04 2.441e+04
 -1698 1698
 7922 -7922
 -1.906e+04 1.906e+04
 -4909 4909
 5375 -5375
 -4843 4843
 -5664 5664
 -3126 3126
 1.22e+04 -1.22e+04
 -2.139e+04 2.139e+04
 3183 -3183
 -234.1 234.1
 -805.6 805.6
 -4190 4190
 -1.331e+04 1.331e+04
 68.8 -68.8
 -6745 6745
 -7853 7853
 -7994 7994
 -6792 6792
 -7270 7270
 -8794 8794
 -2.431e+04 2.431e+04
 9788 -9788
 5093 -5093
 -1438 1438
 -364.6 364.6
 -8608 8608
 -9776 9776
 -9998 9998
 1.433e+04 -1.433e+04
 1.26e+04 -1.26e+04
 -1842 1842
 5036 -5036
 -2.263e+04 2.263e+04
 -4227 4227
 251.2 -251.2
 7956 -7956
 -1.643e+04 1.643e+04
 2.193e+04 -2.193e+04
 3731 -3731
 292.1 -292.1
 -1471 1471
 1880 -1880
 -8238 8238
 1.545e+04 -1.545e+04
 -1040 1040
 2.002e+04 -2.002e+04
 1068 -1068
 6586 -6586
 -497.7 497.7
 -4904 4904
 -2.68e+04 2.68e+04
 -4085 4085
 8996 -8996
 9816 -9816
 -187.3 187.3
 -1.598e+04 1.598e+04
 -2013 2013
 -1.203e+04 1.203e+04
 1.968e+04 -1.968e+04
 -4231 4231
 -2801 2801
 -138.5 138.5
 1962 -1962
 2.699e+04 -2.699e+04
 -3316 3316
 3720 -3720
 -1.157e+04 1.157e+04
 -1.095e+04 1.095e+04
 -9927 9927
 7850 -7850
 626.7 -626.7
 4134 -4134
 1175 -1175
 -1.487e+04 1.487e+04
 -475.3 475.3
 1829 -1829
 -1846 1846
 -2.388e+04 2.388e+04
 -5.381e+04 5.381e+04
 2048 -2048
 1173 -1173
 -5332 5332
 9889 -9889
 -6260 6260
 1.688e+04 -1.688e+04
 -5098 5098
 -763.7 763.7
 52.97 -52.97
 2.108e+04 -2.108e+04
 1.832e+04 -1.832e+04
 -4462 4462
 2.424e+04 -2.424e+04
 2.667e+04 -2.667e+04
 -9554 9554
 8083 -8083
 -8647 8647
 -8832 8832
 1.158e+04 -1.158e+04
 -5722 5722
 -1.684e+04 1.684e+04
 -7563 7563
 -2236 2236
 -7512 7512
 5389 -5389
 -2.445e+04 2.445e+04
 -1179 1179
 3.048e+04 -3.048e+04
 -1.231e+04 1.231e+04
 3127 -3127
 -4376 4376
 3231 -3231
 -1.026e+04 1.026e+04
 -6797 6797
 -2543 2543
 1156 -1156
 -8186 8186
 -1.335e+04 1.335e+04
 -1628 1628
 -5371 5371
 942.9 -942.9
 -1.67e+04 1.67e+04
 -1.314e+04 1.314e+04
 104.7 -104.7
 -6449 6449
 1.047e+04 -1.047e+04
 -5822 5822
 -883.3 883.3
 -1868 1868
 1530 -1530
 -2.308e+04 2.308e+04
 -2484 2484
 -4151 4151
 -1.163e+04 1.163e+04
 -1.895e+04 1.895e+04
 -5360 5360
 2.418e+04 -2.418e+04
 -5825 5825
 1.29e+04 -1.29e+04
 2.775e+04 -2.775e+04
 -887.5 887.5
 1.759e+04 -1.759e+04
 -8737 8737
 -1264 1264
 1.889e+04 -1.889e+04
 -1.498e+04 1.498e+04
 556.4 -556.4
 -3.408e+04 3.408e+04
 -8808 8808
 -7975 7975
 3006 -3006
 6934 -6934
 -1.757e+04 1.757e+04
 -5376 5376
 2515 -2515
 -2.767e+04 2.767e+04
 -8665 8665
 -4646 4646
 6479 -6479
 -5710 5710
 -2.276e+04 2.276e+04
 -1.151e+04 1.151e+04
 2.086e+04 -2.086e+04
 -8360 8360
 -9928 9928
 -1.117e+04 1.117e+04
 2776 -2776
 -8196 8196
 -1.261e+04 1.261e+04
 -1.256e+04 1.256e+04
 1191 -1191
 1.084e+04 -1.084e+04
 -1.103e+04 1.103e+04
 1.117e+04 -1.117e+04
 1663 -1663
 -2.969e+04 2.969e+04
 -262.4 262.4
 6762 -6762
 -3834 3834
 -9426 9426
 -3794 3794
 -1.608e+04 1.608e+04
 -3920 3920
 353.1 -353.1
 -863.4 863.4
 -2101 2101
 -4155 4155
 -4744 4744
 1.344e+04 -1.344e+04
 -1291 1291
 -1978 1978
 1.933e+04 -1.933e+04
 -1.327e+04 1.327e+04
 -8068 8068
 2444 -2444
 5206 -5206
 -1.065e+04 1.065e+04
 2084 -2084
 1938 -1938
 2.728e+04 -2.728e+04
 1.068e+04 -1.068e+04
 -1.217e+04 1.217e+04
 2.104e+04 -2.104e+04
 -4059 4059
 3771 -3771
 1.034e+04 -1.034e+04
 4880 -4880
 -1.333e+04 1.333e+04
 -1.576e+04 1.576e+04
 9477 -9477
 -2136 2136
 -8580 8580
 -1.285e+04 1.285e+04
 4784 -4784
 -7214 7214
 9891 -9891
 2232 -2232
 -4768 4768
 -4644 4644
 -7081 7081
 -1.826e+04 1.826e+04
 3056 -3056
 -5872 5872
 1353 -1353
 -1.863e+04 1.863e+04
 1.244e+04 -1.244e+04
 -2011 2011
 -1.357e+04 1.357e+04
 -1170 1170
 1.051e+04 -1.051e+04
 2684 -2684
 -469.6 469.6
 -1814 1814
 -1.044e+04 1.044e+04
 8756 -8756
 -6044 6044
 1.105e+04 -1.105e+04
 3.096e+04 -3.096e+04
 -2.275e+04 2.275e+04
 354.8 -354.8
 2819 -2819
 -8135 8135
 -4387 4387
 9723 -9723
 -2251 2251
 5.637e+04 -5.637e+04
 -1.422e+04 1.422e+04
 -1.028e+04 1.028e+04
 -8600 8600
 -3725 3725
 1087 -1087
 1.953e+04 -1.953e+04
 -5460 5460
 2580 -2580
 -1.444e+04 1.444e+04
 -4.348e+04 4.348e+04
 144.6 -144.6
 -9010 9010
 4649 -4649
 4043 -4043
 2508 -2508
 1.387e+04 -1.387e+04
 -1.045e+04 1.045e+04
 -5505 5505
 -2003 2003
 3.235e+04 -3.235e+04
 9716 -9716
 -2219 2219
 8232 -8232
 2008 -2008
 7853 -7853
 -4619 4619
 -5200 5200
 -282.2 282.2
 -6020 6020
 -1.436e+04 1.436e+04
 3.24e+04 -3.24e+04
 -8806 8806
 6063 -6063
 -3824 3824
 -1.629e+04 1.629e+04
 -122.4 122.4
 -1.628e+04 1.628e+04
 -4991 4991
 26.44 -26.44
 -7429 7429
 1.396e+04 -1.396e+04
 1.317e+04 -1.317e+04
 5472 -5472
 1.946e+04 -1.946e+04
 -2065 2065
 7847 -7847
 3134 -3134
 -291.5 291.5
 -1.139e+04 1.139e+04
 -1.024e+04 1.024e+04
 -1402 1402
 3.336e+04 -3.336e+04
 2241 -2241
 4193 -4193
 632.3 -632.3
 -3705 3705
 -1.388e+04 1.388e+04
 2.366e+04 -2.366e+04
 -1.052e+04 1.052e+04
 7329 -7329
 -2162 2162
 -1.479e+04 1.479e+04
 3.224e+04 -3.224e+04
 -9960 9960
 2.525e+04 -2.525e+04
 1.327e+04 -1.327e+04
 2.382e+04 -2.382e+04
 4926 -4926
 1.737e+04 -1.737e+04
 -8448 8448
 1.67e+04 -1.67e+04
 -1.095e+04 1.095e+04
 -9569 9569
 -3.007e+04 3.007e+04
 -3682 3682
 -1.189e+04 1.189e+04
 5450 -5450
 7863 -7863
 1.524e+04 -1.524e+04
 6735 -6735
 -821.5 821.5
 -6277 6277
 -4649 4649
 1.786e+04 -1.786e+04
 1.074e+04 -1.074e+04
 -9142 9142
 -1.657e+04 1.657e+04
 -1.645e+04 1.645e+04
 -1.097e+04 1.097e+04
 5.083e+04 -5.083e+04
 -1.08e+04 1.08e+04
 3547 -3547
 -2626 2626
 2628 -2628
 -9548 9548
 2.558e+04 -2.558e+04
 700.8 -700.8
 -8337 8337
 6711 -6711
 3057 -3057
 -3271 3271
 -4799 4799
 -810.2 810.2
 -1.379e+04 1.379e+04
 -1.245e+04 1.245e+04
 7368 -7368
 -4126 4126
 -5946 5946
 -6387 6387
 -2060 2060
 1.797e+04 -1.797e+04
 -6063 6063
 1058 -1058
 9177 -9177
 -1.122e+04 1.122e+04
 -4371 4371
 -5638 5638
 1.256e+04 -1.256e+04
 6820 -6820
 -9782 9782
 2.071e+04 -2.071e+04
 1.017e+04 -1.017e+04
 -4073 4073
 1.218e+04 -1.218e+04
 -970.6 970.6
 6101 -6101
 2.598e+04 -2.598e+04
 4563 -4563
 -3887 3887
 -5233 5233
 1404 -1404
 -1.862e+04 1.862e+04
 -6454 6454
 8919 -8919
 9935 -9935
 -7313 7313
 2.066e+04 -2.066e+04
 1797 -1797
 -1.614e+04 1.614e+04
 6166 -6166
 1.067e+04 -1.067e+04
 4145 -4145
 6454 -6454
 6.228e+04 -6.228e+04
 -2020 2020
 -6419 6419
 -2873 2873
 4607 -4607
 -6271 6271
 5086 -5086
 2.941e+04 -2.941e+04
 2754 -2754
 1.532e+04 -1.532e+04
 -5361 5361
 -2325 2325
 6487 -6487
 -1.182e+04 1.182e+04
 1.958e+04 -1.958e+04
 2279 -2279
 -3638 3638
 -4.408e+04 4.408e+04
 -9678 9678
 -1.606e+04 1.606e+04
 -867.1 867.1
 -1.006e+04 1.006e+04
 -6611 6611
 4542 -4542
 -2.414e+04 2.414e+04
 -5361 5361
 -1.652e+04 1.652e+04
 -828.3 828.3
 -3.366e+04 3.366e+04
 2.109e+04 -2.109e+04
 -2263 2263
 -1.341e+04 1.341e+04
 329.2 -329.2
 1.252e+04 -1.252e+04
 3506 -3506
 3133 -3133
 -4576 4576
 1.143e+04 -1.143e+04
 -8480 8480
 -6570 6570
 2237 -2237
 -74.83 74.83
 -4086 4086
 1.434e+04 -1.434e+04
 -2669 2669
 -4071 4071
 -4547 4547
 1.24e+04 -1.24e+04
 -1.053e+04 1.053e+04
 -6683 6683
 -1.013e+04 1.013e+04
 -4689 4689
 -1.568e+04 1.568e+04
 4128 -4128
 768.4 -768.4
 -8898 8898
 -5594 5594
 -7468 7468
 1070 -1070
 -5788 5788
 -2295 2295
 3924 -3924
 1.383e+04 -1.383e+04
 -8318 8318
 -9726 9726
 -1.717e+04 1.717e+04
 -1.87e+04 1.87e+04
 1.034e+04 -1.034e+04
 1.736e+04 -1.736e+04
 4164 -4164
 9422 -9422
 4784 -4784
 -3959 3959
 -944.2 944.2
 6613 -6613
 -8763 8763
 5470 -5470
 2.025e+04 -2.025e+04
 -773.1 773.1
 -7541 7541
 -1102 1102
 -8150 8150
 6888 -6888
 1.544e+04 -1.544e+04
 -1409 1409
 3026 -3026
 1.768e+04 -1.768e+04
 -1.231e+04 1.231e+04
 1.416e+04 -1.416e+04
 1.972e+04 -1.972e+04
 -4025 4025
 -3896 3896
 -9990 9990
 -1.247e+04 1.247e+04
 -1.808e+04 1.808e+04
 2.132e+04 -2.132e+04
 -8714 8714
 5664 -5664
 1.085e+04 -1.085e+04
 -1782 1782
 2173 -2173
 4.205e+04 -4.205e+04
 2177 -2177
 2386 -2386
 -3165 3165
 -7931 7931
 1676 -1676
 3307 -3307
 4019 -4019
 -208.9 208.9
 -2639 2639
 -2626 2626
 8317 -8317
 -5280 5280
 2.511e+04 -2.511e+04
 3992 -3992
 -1753 1753
 2.586e+05 -2.586e+05
 -2237 2237
 7574 -7574
 -4161 4161
 -1.525e+04 1.525e+04
 9329 -9329
 -3026 3026
 797.4 -797.4
 1.204e+04 -1.204e+04
 -7768 7768
 -4638 4638
 -9214 9214
 -1.776e+04 1.776e+04
 -1119 1119
 -5582 5582
 -2470 2470
 -5835 5835
 641.1 -641.1
 -2117 2117
 1.788e+04 -1.788e+04
 -2298 2298
 -985.9 985.9
 -6967 6967
 -661.1 661.1
 -1.41e+04 1.41e+04
 -5530 5530
 1.955e+04 -1.955e+04
 -1.447e+04 1.447e+04
 2821 -2821
 9549 -9549
 -2.461e+04 2.461e+04
 -412.6 412.6
 -9952 9952
 -9605 9605
 7422 -7422
 -2091 2091
 2471 -2471
 5869 -5869
 -7199 7199
 -8751 8751
 -7706 7706
 315.3 -315.3
 6848 -6848
 -9807 9807
 1319 -1319
 -1.087e+04 1.087e+04
 -3568 3568
 -2.1e+04 2.1e+04
 -1.335e+04 1.335e+04
 348.3 -348.3
 -4094 4094
 3908 -3908
 -9134 9134
 3.052e+04 -3.052e+04
 8711 -8711
 1.086e+04 -1.086e+04
 -1.014e+04 1.014e+04
 1.416e+04 -1.416e+04
 5893 -5893
 -1.497e+04 1.497e+04
 1.086e+04 -1.086e+04
 1.054e+04 -1.054e+04
 260.3 -260.3
 -6793 6793
 1.288e+04 -1.288e+04
 4647 -4647
 -1459 1459
 -3462 3462
 -2.529e+04 2.529e+04
 2262 -2262
 -8753 8753
 2861 -2861
 0 0
 -8801 8801
 7482 -7482
 -4119 4119
 5.618e+04 -5.618e+04
 -1436 1436
 -1188 1188
 -1.232e+04 1.232e+04
 -1779 1779
 2495 -2495
 -310.7 310.7
 -2.251e+04 2.251e+04
 -2.242e+04 2.242e+04
 1.785e+04 -1.785e+04
 9383 -9383
 -2432 2432
 1578 -1578
 2412 -2412
 1.766e+04 -1.766e+04
 1.968e+04 -1.968e+04
 -9598 9598
 -1.436e+04 1.436e+04
 1.228e+04 -1.228e+04
 -1.615e+04 1.615e+04
 1399 -1399
 -7542 7542
 -252.7 252.7
 1.211e+04 -1.211e+04
 1.208e+04 -1.208e+04
 -6064 6064
 2681 -2681
 -1.832e+04 1.832e+04
 3161 -3161
 -6647 6647
 -5455 5455
 -1.035e+04 1.035e+04
 798.3 -798.3
 -241.6 241.6
 -6016 6016
 -1.034e+04 1.034e+04
 -5614 5614
 7230 -7230
 -9703 9703
 350.1 -350.1
 1338 -1338
 -5623 5623
 -9952 9952
 2.848e+04 -2.848e+04
 -7643 7643
 6339 -6339
 -4289 4289
 -1.224e+04 1.224e+04
 -5848 5848
 -1017 1017
 7241 -7241
 -1.196e+04 1.196e+04
 -2532 2532
 -770.2 770.2
 -7313 7313
 -540.4 540.4
 -4779 4779
 -3111 3111
 1362 -1362
 -359.3 359.3
 -5826 5826
 8541 -8541
 -1.896e+04 1.896e+04
 833.2 -833.2
 6468 -6468
 1.056e+04 -1.056e+04
 2.064e+04 -2.064e+04
 -1.056e+04 1.056e+04
 -4289 4289
 -6606 6606
 -3914 3914
 -7944 7944
 -1983 1983
 4950 -4950
 -3152 3152
 1611 -1611
 -1.11e+04 1.11e+04
 5358 -5358
 -2394 2394
 -8082 8082
 8434 -8434
 -3733 3733
 -8539 8539
 -9615 9615
 -1666 1666
 -2152 2152
 6794 -6794
 6361 -6361
 -2.173e+04 2.173e+04
 9059 -9059
 -5248 5248
 3982 -3982
 -1005 1005
 -6475 6475
 -6002 6002
 -4983 4983
 -3006 3006
 1111 -1111
 -1.526e+04 1.526e+04
 8431 -8431
 -2.269e+04 2.269e+04
 -2.421e+04 2.421e+04
 1.886e+04 -1.886e+04
 -1.76e+04 1.76e+04
 -5991 5991
 5754 -5754
 -5178 5178
 -2.232e+04 2.232e+04
 -1869 1869
 -4377 4377
 1507 -1507
 -358.9 358.9
 -2427 2427
 -6032 6032
 -6131 6131
 -1.974e+04 1.974e+04
 5997 -5997
 -102.2 102.2
 -1.34e+04 1.34e+04
 -1785 1785
 -1.844e+04 1.844e+04
 1.604e+04 -1.604e+04
 -3799 3799
 2.472e+04 -2.472e+04
 -3.357e+04 3.357e+04
 -1.294e+04 1.294e+04
 1.022e+04 -1.022e+04
 3.914e+04 -3.914e+04
 -7731 7731
 -1970 1970
 -1.155e+04 1.155e+04
 -8799 8799
 -1.634e+04 1.634e+04
 -5009 5009
 1087 -1087
 -814.4 814.4
 -3355 3355
 -3959 3959
 -1.052e+04 1.052e+04
 8435 -8435
 -1.937e+04 1.937e+04
 6.517e+04 -6.517e+04
 -8058 8058
 7069 -7069
 -9022 9022
 3226 -3226
 -2325 2325
 -1.095e+04 1.095e+04
 -1.491e+04 1.491e+04
 -2.729e+04 2.729e+04
 -5179 5179
 8670 -8670
 -1.863e+04 1.863e+04
 4.049e+04 -4.049e+04
 7139 -7139
 184.7 -184.7
 -366.4 366.4
 2438 -2438
 -1.218e+04 1.218e+04
 941.4 -941.4
 8112 -8112
 -835.1 835.1
 8769 -8769
 6563 -6563
 2447 -2447
 6212 -6212
 -1.762e+04 1.762e+04
 -1.518e+04 1.518e+04
 -5762 5762
 1.141e+04 -1.141e+04
 1.132e+04 -1.132e+04
 -543 543
 -2062 2062
 -5634 5634
 3971 -3971
 -1.491e+04 1.491e+04
 2366 -2366
 -1.764e+04 1.764e+04
 -2725 2725
 6771 -6771
 9256 -9256
 2241 -2241
 -3108 3108
 3023 -3023
 -1.308e+04 1.308e+04
 -892.8 892.8
 1.771e+04 -1.771e+04
 -2421 2421
 5740 -5740
 -3345 3345
 -2081 2081
 -1.614e+04 1.614e+04
 -2052 2052
 -6715 6715
 -2149 2149
 1.452e+04 -1.452e+04
 1679 -1679
 1624 -1624
 5.584e+04 -5.584e+04
 -6879 6879
 -3730 3730
 -120.2 120.2
 -1.463e+04 1.463e+04
 -1728 1728
 -3718 3718
 -4086 4086
 1.399e+04 -1.399e+04
 -1.525e+04 1.525e+04
 -1.59e+04 1.59e+04
 -3075 3075
 -1.652e+04 1.652e+04
 -2.876e+04 2.876e+04
 -7229 7229
 1.863e+04 -1.863e+04
 -2331 2331
 2714 -2714
 -1.307e+04 1.307e+04
 -1.135e+04 1.135e+04
 1.017e+04 -1.017e+04
 1987 -1987
 7851 -7851
 2395 -2395
 4267 -4267
 4176 -4176
 -1.824e+04 1.824e+04
 -5586 5586
 -1.727e+04 1.727e+04
 -3982 3982
 -870.8 870.8
 -2270 2270
 -4044 4044
 -2.625e+04 2.625e+04
 1.017e+04 -1.017e+04
 5468 -5468
 -9904 9904
 1.775e+04 -1.775e+04
 -8939 8939
 -2.17e+04 2.17e+04
 -3209 3209
 -4350 4350
 7479 -7479
 -2.647e+04 2.647e+04
 4275 -4275
 8803 -8803
 3.946e+04 -3.946e+04
 -3696 3696
 -1.108e+04 1.108e+04
 -1.124e+04 1.124e+04
 9247 -9247
 -2.678e+04 2.678e+04
 8664 -8664
 2235 -2235
 2559 -2559
 -1.032e+04 1.032e+04
 -1.149e+04 1.149e+04
 1175 -1175
 1.053e+04 -1.053e+04
 2410 -2410
 2286 -2286
 1683 -1683
 2.445e+04 -2.445e+04
 -7993 7993
 2513 -2513
 -1641 1641
 -8615 8615
 -9694 9694
 -7732 7732
 -3037 3037
 6331 -6331
 1379 -1379
 4009 -4009
 -2643 2643
 6610 -6610
 -9184 9184
 4.362e+04 -4.362e+04
 -1.673e+04 1.673e+04
 2.352e+04 -2.352e+04
 3613 -3613
 -7269 7269
 -1152 1152
 2032 -2032
 -1.011e+04 1.011e+04
 -7149 7149
 1690 -1690
 3.373e+04 -3.373e+04
 3.998e+04 -3.998e+04
 -7543 7543
 3467 -3467
 3.821e+04 -3.821e+04
 -1.047e+04 1.047e+04
 7265 -7265
 -4032 4032
 3365 -3365
 -4297 4297
 -1.702e+04 1.702e+04
 -579.8 579.8
 -2534 2534
 -1.172e+04 1.172e+04
 -1.412e+04 1.412e+04
 3845 -3845
 -6282 6282
 2969 -2969
 7086 -7086
 3.085e+04 -3.085e+04
 -8306 8306
 -2348 2348
 -9797 9797
 1989 -1989
 3509 -3509
 1053 -1053
 -953 953
 1608 -1608
 -1.659e+04 1.659e+04
 1.518e+04 -1.518e+04
 -1.355e+04 1.355e+04
 -332.5 332.5
 -2757 2757
 -1862 1862
 4987 -4987
 4484 -4484
 -4329 4329
 -4185 4185
 -542.5 542.5
 -2614 2614
 -1.767e+04 1.767e+04
 3615 -3615
 -6934 6934
 8367 -8367
 -1739 1739
 -582 582
 -1571 1571
 -1.122e+04 1.122e+04
 -4131 4131
 -4018 4018
 -4433 4433
 -3.27e+04 3.27e+04
 -2.106e+04 2.106e+04
 -7750 7750
 -9962 9962
 810.4 -810.4
 2996 -2996
 7543 -7543
 8572 -8572
 -6891 6891
 3.338e+04 -3.338e+04
 6243 -6243
 2.662e+04 -2.662e+04
 1.862e+04 -1.862e+04
 4980 -4980
 6269 -6269
 4872 -4872
 -9739 9739
 -3136 3136
 4197 -4197
 6.027e+04 -6.027e+04
 -9747 9747
 1.338e+04 -1.338e+04
 3738 -3738
 5.274e+04 -5.274e+04
 -1.134e+04 1.134e+04
 1.605e+04 -1.605e+04
 -8769 8769
 5100 -5100
 -2.419e+04 2.419e+04
 1.634e+04 -1.634e+04
 -3550 3550
 448.3 -448.3
 -1.026e+04 1.026e+04
 -7443 7443
 3.92e+04 -3.92e+04
 1.119e+04 -1.119e+04
 -2539 2539
 -7505 7505
 -6243 6243
 -8327 8327
 609.7 -609.7
 -1.707e+04 1.707e+04
 -2787 2787
 1827 -1827
 1.887e+04 -1.887e+04
 -4479 4479
 -85.37 85.37
 620.6 -620.6
 -8947 8947
 -2848 2848
 5471 -5471
 -8910 8910
 5652 -5652
 -6134 6134
 -1.425e+04 1.425e+04
 -5364 5364
 2.71e+04 -2.71e+04
 1.615e+04 -1.615e+04
 -1.328e+04 1.328e+04
 -1288 1288
 -1893 1893
 -1321 1321
 1427 -1427
 802.7 -802.7
 -4268 4268
 -6840 6840
 2.931e+04 -2.931e+04
 -1460 1460
 -4506 4506
 3892 -3892
 -2.19e+04 2.19e+04
 2937 -2937
 -9789 9789
 -7775 7775
 -6494 6494
 1810 -1810
 -9982 9982
 1844 -1844
 3658 -3658
 4100 -4100
 1.07e+04 -1.07e+04
 -1.745e+04 1.745e+04
 -5635 5635
 -1.661e+04 1.661e+04
 -60.13 60.13
 -7925 7925
 -6688 6688
 1.312e+04 -1.312e+04
 -1.117e+04 1.117e+04
 -8777 8777
 4711 -4711
 -2.266e+04 2.266e+04
 -1.048e+04 1.048e+04
 1892 -1892
 -1.077e+04 1.077e+04
 4484 -4484
 1.321e+04 -1.321e+04
 -4006 4006
 -1.213e+04 1.213e+04
 -6275 6275
 -7536 7536
 1.707e+04 -1.707e+04
 -8600 8600
 -4221 4221
 2.376e+04 -2.376e+04
 2.537e+04 -2.537e+04
 8168 -8168
 7872 -7872
 -1.78e+04 1.78e+04
 -8536 8536
 4.74e+04 -4.74e+04
 982.5 -982.5
 -1.235e+04 1.235e+04
 9405 -9405
 4872 -4872
 2714 -2714
 2.281e+04 -2.281e+04
 -7292 7292
 -8473 8473
 119 -119
 -5618 5618
 1.293e+04 -1.293e+04
 -2412 2412
 1.044e+04 -1.044e+04
 -7291 7291
 4158 -4158
 3.956e+04 -3.956e+04
 586.3 -586.3
 2.248e+04 -2.248e+04
 -4251 4251
 -3.407e+04 3.407e+04
 -3.209e+04 3.209e+04
 -3975 3975
 -1.034e+04 1.034e+04
 -9530 9530
 4.021e+04 -4.021e+04
 5341 -5341
 -1392 1392
 -7424 7424
 8880 -8880
 -5640 5640
 3.547e+04 -3.547e+04
 -8277 8277
 -6025 6025
 -1.526e+04 1.526e+04
 1.53e+04 -1.53e+04
 -2.42e+04 2.42e+04
 988.6 -988.6
 3.91e+04 -3.91e+04
 -2682 2682
 -1095 1095
 -7119 7119
 4817 -4817
 2.329e+04 -2.329e+04
 -4741 4741
 222.7 -222.7
 -8923 8923
 4.195e+04 -4.195e+04
 -1701 1701
 6192 -6192
 -1.429e+04 1.429e+04
 -4819 4819
 1180 -1180
 3.544e+04 -3.544e+04
 2.156e+04 -2.156e+04
 2302 -2302
 1.011e+04 -1.011e+04
 7003 -7003
 1.023e+04 -1.023e+04
 -844.3 844.3
 3.467e+04 -3.467e+04
 2585 -2585
 4160 -4160
 -1.924e+04 1.924e+04
 -967.5 967.5
 -6409 6409
 -9994 9994
 3.116e+04 -3.116e+04
 62.61 -62.61
 -7731 7731
 1.174e+04 -1.174e+04
 -1.081e+04 1.081e+04
 2.037e+04 -2.037e+04
 -3376 3376
 2738 -2738
 -5459 5459
 8372 -8372
 6204 -6204
 2.696e+04 -2.696e+04
 -4519 4519
 2028 -2028
 -6797 6797
 -1.587e+04 1.587e+04
 4322 -4322
 6071 -6071
 256.8 -256.8
 2.281e+04 -2.281e+04
 -4290 4290
 -2520 2520
 1.839e+04 -1.839e+04
 6189 -6189
 5.784e+04 -5.784e+04
 2976 -2976
 -1425 1425
 3705 -3705
 -6028 6028
 -1.007e+04 1.007e+04
 -1.008e+04 1.008e+04
 -4275 4275
 -2.293e+04 2.293e+04
 -4016 4016
 4014 -4014
 -1434 1434
 5314 -5314
 -4303 4303
 5074 -5074
 9855 -9855
 -7219 7219
 -1.252e+04 1.252e+04
 -6327 6327
 1456 -1456
 -3305 3305
 7713 -7713
 -9683 9683
 -5389 5389
 -1204 1204
 -1.373e+04 1.373e+04
 2.007e+04 -2.007e+04
 -8865 8865
 -3.595e+04 3.595e+04
 2028 -2028
 249.9 -249.9
 7.196e+04 -7.196e+04
 -1.237e+04 1.237e+04
 -4088 4088
 9474 -9474
 8084 -8084
 -6838 6838
 -1.577e+04 1.577e+04
 -4918 4918
 -1.963e+04 1.963e+04
 -294.2 294.2
 2101 -2101
 -1.296e+04 1.296e+04
 7644 -7644
 -9547 9547
 1.195e+04 -1.195e+04
 1698 -1698
 2.743e+04 -2.743e+04
 1.025e+04 -1.025e+04
 1.426e+04 -1.426e+04
 -2803 2803
 5650 -5650
 1.222e+04 -1.222e+04
 -1053 1053
 -1.509e+04 1.509e+04
 1.001e+04 -1.001e+04
 9085 -9085
 -1.645e+04 1.645e+04
 1.012e+04 -1.012e+04
 -6103 6103
 -245.5 245.5
 -6746 6746
 5922 -5922
 1.246e+04 -1.246e+04
 2577 -2577
 -3330 3330
 -3655 3655
 4159 -4159
 -2424 2424
 -4750 4750
 -3259 3259
 -8257 8257
 -256.6 256.6
 -4512 4512
 -1.213e+04 1.213e+04
 -2.261e+04 2.261e+04
 -3380 3380
 -1.303e+04 1.303e+04
 -1893 1893
 -1759 1759
 -9930 9930
 1533 -1533
 -3177 3177
 1.535e+04 -1.535e+04
 1916 -1916
 -7366 7366
 -9483 9483
 3769 -3769
 2.136e+04 -2.136e+04
 -2606 2606
 812.1 -812.1
 1331 -1331
 8159 -8159
 870.7 -870.7
 3.041e+04 -3.041e+04
 4132 -4132
 -3592 3592
 -6220 6220
 1558 -1558
 -1724 1724
 -1.194e+04 1.194e+04
 -8934 8934
 4338 -4338
 -5532 5532
 1289 -1289
 -8069 8069
 -1.659e+04 1.659e+04
 1114 -1114
 9372 -9372
 -2.46e+04 2.46e+04
 -9235 9235
 -3955 3955
 4562 -4562
 -7997 7997
 -4311 4311
 1608 -1608
 -1.669e+04 1.669e+04
 -1082 1082
 -3794 3794
 4.461e+04 -4.461e+04
 820.5 -820.5
 -1.688e+04 1.688e+04
 6221 -6221
 -2135 2135
 2656 -2656
 -4483 4483
 9646 -9646
 -2619 2619
 -2.816e+04 2.816e+04
 -1915 1915
 2863 -2863
 2387 -2387
 -1.956e+04 1.956e+04
 -8105 8105
 -1.601e+04 1.601e+04
 1624 -1624
 -3790 3790
 -527.5 527.5
 -8024 8024
 -6203 6203
 -6986 6986
 2.245e+04 -2.245e+04
 1108 -1108
 101.2 -101.2
 -1.223e+04 1.223e+04
 -1815 1815
 -5769 5769
 1.704e+04 -1.704e+04
 -2.706e+04 2.706e+04
 562.6 -562.6
 1.157e+04 -1.157e+04
 1.05e+04 -1.05e+04
 2.328e+04 -2.328e+04
 -1.21e+04 1.21e+04
 -2.149e+04 2.149e+04
 -5029 5029
 6957 -6957
 9203 -9203
 1.366e+04 -1.366e+04
 -2.017e+04 2.017e+04
 -1.016e+04 1.016e+04
 -4746 4746
 2775 -2775
 1.38e+04 -1.38e+04
 -1.799e+04 1.799e+04
 3756 -3756
 -5179 5179
 -602.5 602.5
 -1754 1754
 2908 -2908
 -6586 6586
 2.847e+04 -2.847e+04
 869.5 -869.5
 -2.996e+04 2.996e+04
 1844 -1844
 670.8 -670.8
 9586 -9586
 8827 -8827
 1.33e+04 -1.33e+04
 -5991 5991
 -1.664e+04 1.664e+04
 -7774 7774
 2837 -2837
 1257 -1257
 8686 -8686
 3033 -3033
 1185 -1185
 1.008e+04 -1.008e+04
 2484 -2484
 1.748e+04 -1.748e+04
 -1.28e+04 1.28e+04
 -3518 3518
 156.5 -156.5
 453.1 -453.1
 1195 -1195
 6950 -6950
 -1.625e+04 1.625e+04
 8602 -8602
 6456 -6456
 -5366 5366
 1.786e+04 -1.786e+04
 925 -925
 262.4 -262.4
 -1.116e+04 1.116e+04
 -3452 3452
 -788.6 788.6
 -6412 6412
 1.03e+04 -1.03e+04
 -1247 1247
 -661.8 661.8
 5547 -5547
 7883 -7883
 -4177 4177
 5.396e+04 -5.396e+04
 5918 -5918
 4.068e+04 -4.068e+04
 -5430 5430
 -3453 3453
 1.954e+04 -1.954e+04
 72.17 -72.17
 7177 -7177
 9290 -9290
 -4810 4810
 -3773 3773
 3.127e+04 -3.127e+04
 -8160 8160
 -1.018e+04 1.018e+04
 1.106e+04 -1.106e+04
 -2.649e+04 2.649e+04
 4.618e+04 -4.618e+04
 3.242e+04 -3.242e+04
 -567 567
 -2382 2382
 -3943 3943
 -8349 8349
 -5824 5824
 -2772 2772
 -1.294e+04 1.294e+04
 -7431 7431
 1.492e+04 -1.492e+04
 -2430 2430
 6.246e+04 -6.246e+04
 -9424 9424
 3007 -3007
 2595 -2595
 2.293e+04 -2.293e+04
 -1.055e+04 1.055e+04
 -2.55e+04 2.55e+04
 2312 -2312
 -1.368e+04 1.368e+04
 329.7 -329.7
 505.9 -505.9
 2959 -2959
 2.473e+04 -2.473e+04
 -4551 4551
 -6641 6641
 -1.003e+04 1.003e+04
 -3579 3579
 -4228 4228
 -1466 1466
 -3645 3645
 -1965 1965
 -1.473e+04 1.473e+04
 -73.2 73.2
 6200 -6200
 -9333 9333
 2.496e+04 -2.496e+04
 1874 -1874
 -9397 9397
 5362 -5362
 7012 -7012
 -1.918e+04 1.918e+04
 7407 -7407
 -9157 9157
 7864 -7864
 -1.08e+04 1.08e+04
 -2.412e+04 2.412e+04
 3.183e+04 -3.183e+04
 437.7 -437.7
 913.3 -913.3
 -2.394e+04 2.394e+04
 2.615e+04 -2.615e+04
 -5077 5077
 -40.46 40.46
 -7540 7540
 2822 -2822
 -5300 5300
 -8565 8565
 -1.697e+04 1.697e+04
 1213 -1213
 -7458 7458
 -4442 4442
 2084 -2084
 -9490 9490
 7408 -7408
 791.4 -791.4
 -277 277
 -1847 1847
 -5770 5770
 3858 -3858
 -712 712
 -2132 2132
 1255 -1255
 -4722 4722
 4878 -4878
 -1.063e+04 1.063e+04
 -8076 8076
 7991 -7991
 -6044 6044
 2826 -2826
 -1540 1540
 -8907 8907
 1.405e+04 -1.405e+04
 2.002e+04 -2.002e+04
 -4515 4515
 4327 -4327
 -3810 3810
 -1.525e+04 1.525e+04
 1.204e+04 -1.204e+04
 1.086e+04 -1.086e+04
 -9792 9792
 2012 -2012
 -1575 1575
 -8533 8533
 4633 -4633
 3.812e+04 -3.812e+04
 -8806 8806
 -1.195e+04 1.195e+04
 406 -406
 -5073 5073
 -1093 1093
 2.59e+04 -2.59e+04
 4689 -4689
 5132 -5132
 -1.737e+04 1.737e+04
 -9934 9934
 -1.37e+04 1.37e+04
 4.265e+04 -4.265e+04
 -1794 1794
 6497 -6497
 -9684 9684
 7456 -7456
 5.432e+04 -5.432e+04
 -1.972e+04 1.972e+04
 -2169 2169
 1.627e+04 -1.627e+04
 -2.669e+04 2.669e+04
 -8534 8534
 -5149 5149
 -4775 4775
 -7968 7968
 1954 -1954
 -2.273e+04 2.273e+04
 -932.7 932.7
 -4344 4344
 1.732e+04 -1.732e+04
 6121 -6121
 3400 -3400
 -2530 2530
 -601.2 601.2
 6034 -6034
 -2243 2243
 -1.146e+04 1.146e+04
 1.058e+04 -1.058e+04
 -4630 4630
 1253 -1253
 3633 -3633
 -7255 7255
 -1.026e+04 1.026e+04


