# Created by Octave 5.2.0, Fri Sep 25 00:25:28 2020 CEST <jiwidi@land>
# name: w
# type: matrix
# rows: 2001
# columns: 2
 -200 200
 1288 -1288
 -2061 2061
 397.9 -397.9
 -668.5 668.5
 1480 -1480
 3202 -3202
 284.2 -284.2
 547 -547
 -1044 1044
 2422 -2422
 -870.6 870.6
 126.9 -126.9
 1095 -1095
 -541.8 541.8
 -3790 3790
 1729 -1729
 -1271 1271
 -433.2 433.2
 1770 -1770
 -2165 2165
 -3594 3594
 -872.7 872.7
 -2787 2787
 1795 -1795
 -2683 2683
 195.8 -195.8
 4018 -4018
 -838.7 838.7
 -171.7 171.7
 -212 212
 -103.2 103.2
 1905 -1905
 -522.2 522.2
 1660 -1660
 -2731 2731
 -3321 3321
 -864.1 864.1
 -1937 1937
 -1002 1002
 -2176 2176
 2171 -2171
 -1157 1157
 -1633 1633
 248.9 -248.9
 3319 -3319
 -755.2 755.2
 4960 -4960
 -2804 2804
 755.6 -755.6
 503.2 -503.2
 1008 -1008
 -24.31 24.31
 -2648 2648
 5455 -5455
 2648 -2648
 604.7 -604.7
 574.4 -574.4
 180.4 -180.4
 -248.3 248.3
 950.2 -950.2
 -1369 1369
 1359 -1359
 2000 -2000
 -1380 1380
 -555.1 555.1
 2503 -2503
 -1350 1350
 1482 -1482
 1472 -1472
 -3825 3825
 -3152 3152
 -1287 1287
 1912 -1912
 5185 -5185
 -2088 2088
 -7241 7241
 -2261 2261
 1834 -1834
 -501.4 501.4
 1920 -1920
 -426.7 426.7
 -1090 1090
 -812.6 812.6
 3534 -3534
 939.9 -939.9
 -2795 2795
 -863.5 863.5
 -21.58 21.58
 -1064 1064
 652.2 -652.2
 1600 -1600
 2608 -2608
 -1373 1373
 843 -843
 -1739 1739
 -341.8 341.8
 4564 -4564
 -2217 2217
 -543.7 543.7
 1891 -1891
 3360 -3360
 -1322 1322
 -5294 5294
 1631 -1631
 647.6 -647.6
 788.5 -788.5
 1011 -1011
 803.2 -803.2
 -79.02 79.02
 4463 -4463
 -533.3 533.3
 -1844 1844
 -124.3 124.3
 -3679 3679
 -1469 1469
 594.3 -594.3
 -215.5 215.5
 -2011 2011
 -3467 3467
 1039 -1039
 3826 -3826
 -3449 3449
 642 -642
 -488.3 488.3
 -4569 4569
 -1256 1256
 222.2 -222.2
 -473 473
 -1968 1968
 1070 -1070
 549.2 -549.2
 1045 -1045
 2063 -2063
 1212 -1212
 -2893 2893
 1633 -1633
 -5332 5332
 -1560 1560
 338.2 -338.2
 -2525 2525
 -2266 2266
 391.9 -391.9
 -952.5 952.5
 162 -162
 -1535 1535
 1966 -1966
 -1221 1221
 -1981 1981
 1154 -1154
 -381.3 381.3
 -4591 4591
 2408 -2408
 8671 -8671
 621 -621
 -1540 1540
 -3496 3496
 467.4 -467.4
 -2612 2612
 -2062 2062
 -630.6 630.6
 3117 -3117
 -712 712
 -5638 5638
 3885 -3885
 1.013e+04 -1.013e+04
 3313 -3313
 825.3 -825.3
 1727 -1727
 -561.4 561.4
 501.1 -501.1
 3464 -3464
 1783 -1783
 -1046 1046
 1616 -1616
 908.2 -908.2
 -2787 2787
 3866 -3866
 -1344 1344
 -174.4 174.4
 -746.5 746.5
 1926 -1926
 -6125 6125
 2262 -2262
 888.6 -888.6
 -836.8 836.8
 3017 -3017
 -701.4 701.4
 -576.1 576.1
 -3439 3439
 3203 -3203
 2041 -2041
 767.5 -767.5
 189.7 -189.7
 -1632 1632
 -4236 4236
 -630.3 630.3
 -933.8 933.8
 1328 -1328
 3670 -3670
 1441 -1441
 -3259 3259
 -1089 1089
 3081 -3081
 1501 -1501
 213.8 -213.8
 -4452 4452
 -3438 3438
 -826.8 826.8
 3991 -3991
 -9989 9989
 2456 -2456
 -3441 3441
 167.7 -167.7
 -2613 2613
 4049 -4049
 -2024 2024
 -3162 3162
 1430 -1430
 -270.5 270.5
 -2721 2721
 1024 -1024
 -1224 1224
 2032 -2032
 -907.8 907.8
 2181 -2181
 -711.8 711.8
 -3259 3259
 3359 -3359
 -2130 2130
 2808 -2808
 -263.5 263.5
 385.4 -385.4
 -4869 4869
 2702 -2702
 -2374 2374
 -3159 3159
 -2323 2323
 2629 -2629
 2618 -2618
 -2839 2839
 -693.5 693.5
 -2400 2400
 1034 -1034
 -1265 1265
 -537.4 537.4
 1233 -1233
 -2669 2669
 -2417 2417
 -2561 2561
 1378 -1378
 532.5 -532.5
 751.2 -751.2
 2793 -2793
 -563.4 563.4
 1273 -1273
 1705 -1705
 4333 -4333
 2256 -2256
 154.2 -154.2
 6003 -6003
 -2674 2674
 -488.6 488.6
 -1739 1739
 2410 -2410
 -401.9 401.9
 364.2 -364.2
 -1991 1991
 1405 -1405
 2445 -2445
 437.6 -437.6
 1876 -1876
 1150 -1150
 1150 -1150
 -589.3 589.3
 1211 -1211
 1157 -1157
 1407 -1407
 -1926 1926
 -5639 5639
 -1187 1187
 2029 -2029
 -863.6 863.6
 2974 -2974
 4996 -4996
 428.3 -428.3
 -1604 1604
 102.3 -102.3
 -200 200
 -2477 2477
 -112.4 112.4
 -5799 5799
 4392 -4392
 830.9 -830.9
 79.5 -79.5
 2443 -2443
 -6928 6928
 -729.5 729.5
 -515.4 515.4
 769.7 -769.7
 -1541 1541
 -638.6 638.6
 275.2 -275.2
 -3540 3540
 3218 -3218
 947.9 -947.9
 728.4 -728.4
 221.6 -221.6
 -1268 1268
 3610 -3610
 2506 -2506
 8139 -8139
 -3110 3110
 443.2 -443.2
 -929.6 929.6
 -2436 2436
 3731 -3731
 4401 -4401
 -2391 2391
 1691 -1691
 1492 -1492
 1.147e+04 -1.147e+04
 3487 -3487
 1576 -1576
 -64.97 64.97
 267.9 -267.9
 3354 -3354
 -541.4 541.4
 -2578 2578
 421.2 -421.2
 -2167 2167
 1997 -1997
 -2303 2303
 -2620 2620
 -1083 1083
 -880.7 880.7
 -384 384
 -413.9 413.9
 -194.7 194.7
 2390 -2390
 -653.6 653.6
 -5897 5897
 -2156 2156
 1779 -1779
 -1497 1497
 -435.2 435.2
 1915 -1915
 2541 -2541
 4515 -4515
 6388 -6388
 -1281 1281
 -2901 2901
 -3502 3502
 -1982 1982
 1910 -1910
 2268 -2268
 -6505 6505
 3457 -3457
 -79.3 79.3
 5995 -5995
 -2658 2658
 -2693 2693
 -2986 2986
 2984 -2984
 -1090 1090
 -746.9 746.9
 4746 -4746
 -2328 2328
 2237 -2237
 -7897 7897
 1592 -1592
 1907 -1907
 820.9 -820.9
 -4254 4254
 -2603 2603
 -138 138
 3039 -3039
 3583 -3583
 -2030 2030
 -2825 2825
 -137.4 137.4
 -4041 4041
 -566 566
 -3191 3191
 5064 -5064
 4220 -4220
 -238.1 238.1
 2443 -2443
 316.7 -316.7
 -1019 1019
 -437.7 437.7
 -1162 1162
 592.5 -592.5
 -4484 4484
 1370 -1370
 -1474 1474
 -283.3 283.3
 -1230 1230
 -775.7 775.7
 7109 -7109
 -2094 2094
 -2602 2602
 -1335 1335
 -741.7 741.7
 -618.3 618.3
 -2832 2832
 -1431 1431
 2008 -2008
 -2796 2796
 4256 -4256
 -1248 1248
 1699 -1699
 -843.9 843.9
 -713.1 713.1
 -5617 5617
 282.6 -282.6
 7480 -7480
 -1934 1934
 4133 -4133
 1735 -1735
 3366 -3366
 -2640 2640
 9282 -9282
 -1645 1645
 -2385 2385
 -1128 1128
 -1111 1111
 -939.4 939.4
 -2290 2290
 -1452 1452
 3052 -3052
 -1904 1904
 4482 -4482
 -985.9 985.9
 -3604 3604
 -443.3 443.3
 118.8 -118.8
 2364 -2364
 -2678 2678
 -723.5 723.5
 250.8 -250.8
 575.8 -575.8
 -4113 4113
 3742 -3742
 -0.1529 0.1529
 -38.92 38.92
 -909.2 909.2
 -2311 2311
 1901 -1901
 2385 -2385
 -2492 2492
 290 -290
 5253 -5253
 3511 -3511
 1874 -1874
 3230 -3230
 -1917 1917
 2592 -2592
 -1042 1042
 2522 -2522
 -2329 2329
 -23.13 23.13
 4503 -4503
 742 -742
 3753 -3753
 2735 -2735
 1954 -1954
 -375.7 375.7
 247.7 -247.7
 674.9 -674.9
 -1611 1611
 -227.3 227.3
 -786.5 786.5
 -1129 1129
 -58.57 58.57
 2194 -2194
 1967 -1967
 700.8 -700.8
 160.3 -160.3
 2267 -2267
 -292.5 292.5
 166.6 -166.6
 61.76 -61.76
 14.19 -14.19
 868.5 -868.5
 -36.51 36.51
 -1572 1572
 -9029 9029
 -1237 1237
 706.7 -706.7
 667 -667
 1091 -1091
 -1628 1628
 -569.3 569.3
 713.1 -713.1
 -2333 2333
 -1746 1746
 -2130 2130
 2186 -2186
 -5873 5873
 1678 -1678
 1133 -1133
 -3307 3307
 -981.4 981.4
 -1192 1192
 -3667 3667
 -1338 1338
 2629 -2629
 1487 -1487
 83.94 -83.94
 -282.5 282.5
 -424.3 424.3
 -3457 3457
 -1853 1853
 2744 -2744
 -4111 4111
 -1963 1963
 665.1 -665.1
 -608.4 608.4
 -2605 2605
 -362.6 362.6
 2600 -2600
 -4745 4745
 366.2 -366.2
 -5598 5598
 2403 -2403
 934.6 -934.6
 -2011 2011
 102.3 -102.3
 -996.8 996.8
 2603 -2603
 -638.1 638.1
 -3168 3168
 1453 -1453
 -1626 1626
 -6186 6186
 5530 -5530
 539.8 -539.8
 2929 -2929
 -35.96 35.96
 -934.2 934.2
 -3285 3285
 -626.9 626.9
 1238 -1238
 4703 -4703
 -2984 2984
 2170 -2170
 -2484 2484
 -2314 2314
 222.2 -222.2
 4367 -4367
 -2079 2079
 7205 -7205
 -1521 1521
 2116 -2116
 2067 -2067
 679.4 -679.4
 -2719 2719
 1436 -1436
 11.92 -11.92
 2932 -2932
 -2069 2069
 237.2 -237.2
 151.5 -151.5
 -3542 3542
 -4026 4026
 703.5 -703.5
 1209 -1209
 1516 -1516
 -533.1 533.1
 -1767 1767
 -539.9 539.9
 -1905 1905
 9349 -9349
 -2097 2097
 -92.64 92.64
 -118.4 118.4
 2386 -2386
 3424 -3424
 -814.5 814.5
 2029 -2029
 -1307 1307
 -1893 1893
 -590.6 590.6
 2889 -2889
 5011 -5011
 1168 -1168
 108.7 -108.7
 -1573 1573
 327.8 -327.8
 -511.8 511.8
 1087 -1087
 -5447 5447
 5573 -5573
 -419.5 419.5
 -419.6 419.6
 -1738 1738
 2076 -2076
 -1014 1014
 2080 -2080
 -1946 1946
 -831.7 831.7
 565.7 -565.7
 2838 -2838
 3157 -3157
 472.2 -472.2
 8746 -8746
 4554 -4554
 -3553 3553
 936 -936
 -1556 1556
 -3360 3360
 1693 -1693
 -1017 1017
 -3565 3565
 -696.1 696.1
 -1788 1788
 -2729 2729
 2210 -2210
 -1503 1503
 -819 819
 1638 -1638
 -926.8 926.8
 464 -464
 -763.8 763.8
 1298 -1298
 -3337 3337
 -1547 1547
 -648.7 648.7
 1347 -1347
 -1311 1311
 -3413 3413
 -430.7 430.7
 -1370 1370
 263.6 -263.6
 -5176 5176
 -1264 1264
 -782.2 782.2
 90.46 -90.46
 -1207 1207
 -1780 1780
 2693 -2693
 -1022 1022
 1697 -1697
 -4515 4515
 -1146 1146
 -68.99 68.99
 -1723 1723
 -1976 1976
 -113.5 113.5
 3766 -3766
 843.6 -843.6
 2849 -2849
 6973 -6973
 -461 461
 2583 -2583
 -2137 2137
 1242 -1242
 -282.6 282.6
 -404.9 404.9
 1217 -1217
 -6036 6036
 -2040 2040
 -4022 4022
 -41.1 41.1
 2925 -2925
 -5350 5350
 154.9 -154.9
 333 -333
 -5421 5421
 -2051 2051
 -620.4 620.4
 513.9 -513.9
 110.6 -110.6
 -5201 5201
 -3078 3078
 3456 -3456
 -790.3 790.3
 424.6 -424.6
 -2924 2924
 100.7 -100.7
 -1517 1517
 -3319 3319
 -2238 2238
 194.3 -194.3
 -2719 2719
 591.8 -591.8
 14.09 -14.09
 447.5 -447.5
 -3166 3166
 -2478 2478
 988.3 -988.3
 -1033 1033
 -1059 1059
 -209.2 209.2
 -5498 5498
 1691 -1691
 66.62 -66.62
 1439 -1439
 588.2 -588.2
 -1135 1135
 -500.7 500.7
 6906 -6906
 -586.5 586.5
 -561.3 561.3
 3645 -3645
 -2738 2738
 -403.3 403.3
 -168.9 168.9
 719.9 -719.9
 -2653 2653
 5573 -5573
 -710.5 710.5
 4309 -4309
 3749 -3749
 -2384 2384
 1.508e+04 -1.508e+04
 -5554 5554
 891.7 -891.7
 229.8 -229.8
 660.3 -660.3
 -5875 5875
 -2289 2289
 -739.2 739.2
 -810.7 810.7
 -2496 2496
 -608.1 608.1
 6983 -6983
 -3449 3449
 5504 -5504
 -663.3 663.3
 1532 -1532
 -888.9 888.9
 980 -980
 -3916 3916
 -170.1 170.1
 -2566 2566
 -1339 1339
 -3468 3468
 167.2 -167.2
 -535.6 535.6
 -3062 3062
 5616 -5616
 830.5 -830.5
 629.9 -629.9
 211.7 -211.7
 1321 -1321
 -1760 1760
 4774 -4774
 -1449 1449
 888.6 -888.6
 4451 -4451
 -4146 4146
 -370.7 370.7
 -216.1 216.1
 -2913 2913
 -1590 1590
 -426.2 426.2
 771.7 -771.7
 7644 -7644
 -2727 2727
 -3268 3268
 -2733 2733
 -878.6 878.6
 -620 620
 3955 -3955
 -1477 1477
 264.7 -264.7
 285.8 -285.8
 -6877 6877
 1705 -1705
 -2970 2970
 2031 -2031
 -2309 2309
 2128 -2128
 3048 -3048
 -2788 2788
 -1533 1533
 -1906 1906
 4260 -4260
 -190.3 190.3
 1910 -1910
 5357 -5357
 -211.3 211.3
 2588 -2588
 -1105 1105
 2067 -2067
 320 -320
 -360.6 360.6
 -4415 4415
 5486 -5486
 -1381 1381
 2817 -2817
 -1138 1138
 -2150 2150
 805 -805
 -3367 3367
 -1427 1427
 30.1 -30.1
 1251 -1251
 6824 -6824
 501 -501
 1977 -1977
 7233 -7233
 121.1 -121.1
 2007 -2007
 -1059 1059
 -1070 1070
 -1007 1007
 -438.9 438.9
 160.8 -160.8
 4844 -4844
 332.3 -332.3
 606 -606
 969.4 -969.4
 -1279 1279
 -3109 3109
 2773 -2773
 -2194 2194
 2532 -2532
 682.1 -682.1
 -2721 2721
 4732 -4732
 -890 890
 3994 -3994
 1255 -1255
 1335 -1335
 -131.4 131.4
 2704 -2704
 -1844 1844
 5056 -5056
 58.01 -58.01
 326.4 -326.4
 -2418 2418
 -526.7 526.7
 -2855 2855
 476 -476
 3726 -3726
 1427 -1427
 -1894 1894
 548.4 -548.4
 -1319 1319
 -1449 1449
 3928 -3928
 2041 -2041
 -5412 5412
 -2704 2704
 -1122 1122
 -2789 2789
 5098 -5098
 -1386 1386
 1681 -1681
 -3309 3309
 -712.7 712.7
 -2771 2771
 3606 -3606
 1650 -1650
 -2297 2297
 610.8 -610.8
 -440.9 440.9
 -576.6 576.6
 -986.9 986.9
 -353.3 353.3
 -1248 1248
 794.6 -794.6
 219.1 -219.1
 -1566 1566
 -224.9 224.9
 -955.5 955.5
 -929.8 929.8
 4742 -4742
 -45.9 45.9
 482.5 -482.5
 5305 -5305
 -2162 2162
 437.4 -437.4
 -1860 1860
 1892 -1892
 5479 -5479
 -665.7 665.7
 4374 -4374
 4481 -4481
 -1355 1355
 4645 -4645
 -577.6 577.6
 3903 -3903
 3158 -3158
 -47.53 47.53
 -1091 1091
 -902.7 902.7
 -586.5 586.5
 -2943 2943
 284.9 -284.9
 1435 -1435
 1601 -1601
 -2278 2278
 6377 -6377
 -2330 2330
 8.808 -8.808
 596.4 -596.4
 -985.1 985.1
 794.6 -794.6
 1188 -1188
 4725 -4725
 -2982 2982
 1234 -1234
 1144 -1144
 150 -150
 -1471 1471
 1528 -1528
 7196 -7196
 -157.2 157.2
 3689 -3689
 -88.5 88.5
 -1628 1628
 -14.26 14.26
 428 -428
 2822 -2822
 2216 -2216
 -1846 1846
 -2459 2459
 -689.1 689.1
 -623.6 623.6
 -1582 1582
 -4566 4566
 -779.1 779.1
 2366 -2366
 -362.1 362.1
 -821.6 821.6
 -4442 4442
 -235 235
 -4443 4443
 1676 -1676
 -301.1 301.1
 -1021 1021
 1082 -1082
 2672 -2672
 3811 -3811
 887.3 -887.3
 683.3 -683.3
 1823 -1823
 -1181 1181
 -1425 1425
 166.8 -166.8
 -94.01 94.01
 -1039 1039
 390 -390
 -1163 1163
 -1047 1047
 -1488 1488
 4781 -4781
 -3059 3059
 139.8 -139.8
 -3523 3523
 -421.7 421.7
 -4278 4278
 773.8 -773.8
 -414.6 414.6
 672.8 -672.8
 -414.2 414.2
 -852.9 852.9
 -3402 3402
 1989 -1989
 -711.1 711.1
 1624 -1624
 1337 -1337
 -2996 2996
 -4825 4825
 -2428 2428
 -2639 2639
 -24.99 24.99
 8707 -8707
 -492.4 492.4
 2134 -2134
 -440.7 440.7
 534 -534
 -275.2 275.2
 2060 -2060
 -834.1 834.1
 2300 -2300
 1292 -1292
 -47.86 47.86
 -2840 2840
 -566.5 566.5
 -1699 1699
 1633 -1633
 2361 -2361
 -968.1 968.1
 1497 -1497
 2985 -2985
 -2366 2366
 3269 -3269
 -303 303
 596 -596
 286.5 -286.5
 -1907 1907
 -2125 2125
 -3929 3929
 3696 -3696
 450.9 -450.9
 263.6 -263.6
 1157 -1157
 -1928 1928
 424.6 -424.6
 5507 -5507
 -2296 2296
 906.8 -906.8
 -1313 1313
 -2029 2029
 -360.3 360.3
 201.3 -201.3
 134.3 -134.3
 -94.77 94.77
 1213 -1213
 713.7 -713.7
 2332 -2332
 -1620 1620
 4468 -4468
 -142.2 142.2
 350.9 -350.9
 264.7 -264.7
 -2397 2397
 2393 -2393
 -1958 1958
 -2808 2808
 -1606 1606
 -1089 1089
 -74.73 74.73
 2342 -2342
 -2592 2592
 -2318 2318
 128.9 -128.9
 -1096 1096
 -864.6 864.6
 -1063 1063
 -1040 1040
 -2116 2116
 -180.1 180.1
 -1367 1367
 167.7 -167.7
 226.4 -226.4
 -1699 1699
 -1673 1673
 -1798 1798
 -961.6 961.6
 -1028 1028
 3811 -3811
 -1179 1179
 1160 -1160
 2492 -2492
 -8639 8639
 -357.9 357.9
 367.7 -367.7
 -2848 2848
 -447.6 447.6
 -1686 1686
 -303.5 303.5
 650.7 -650.7
 -1454 1454
 -3407 3407
 -2336 2336
 1250 -1250
 3048 -3048
 -2415 2415
 720.8 -720.8
 -4709 4709
 -1447 1447
 -784.2 784.2
 -2645 2645
 722.7 -722.7
 838.1 -838.1
 210.4 -210.4
 -1325 1325
 6941 -6941
 87.44 -87.44
 3666 -3666
 -3185 3185
 3132 -3132
 492.6 -492.6
 -3384 3384
 1614 -1614
 2749 -2749
 111.9 -111.9
 -2908 2908
 1634 -1634
 2131 -2131
 -359.5 359.5
 -855.9 855.9
 -2206 2206
 -1443 1443
 -206.1 206.1
 -384.3 384.3
 7.701 -7.701
 -352.3 352.3
 3543 -3543
 2076 -2076
 -1605 1605
 -1315 1315
 -2020 2020
 -1457 1457
 -1782 1782
 1839 -1839
 495.9 -495.9
 -3708 3708
 -1785 1785
 423.3 -423.3
 3419 -3419
 -2453 2453
 337.3 -337.3
 -2869 2869
 3236 -3236
 2292 -2292
 -1132 1132
 -3019 3019
 6123 -6123
 -1424 1424
 -11.65 11.65
 1790 -1790
 321.9 -321.9
 959.8 -959.8
 2176 -2176
 -1348 1348
 673 -673
 -2979 2979
 -1667 1667
 -577.9 577.9
 -1629 1629
 60.83 -60.83
 -1385 1385
 -879.8 879.8
 -403.2 403.2
 -2935 2935
 757.5 -757.5
 -898.9 898.9
 1093 -1093
 -3311 3311
 371.9 -371.9
 -1901 1901
 -3185 3185
 3713 -3713
 -1790 1790
 608.5 -608.5
 -220.2 220.2
 -1534 1534
 1182 -1182
 453.9 -453.9
 181.9 -181.9
 -621.2 621.2
 -1980 1980
 77.18 -77.18
 -2141 2141
 -395.6 395.6
 -3936 3936
 -45.2 45.2
 1268 -1268
 -362.5 362.5
 -0.5728 0.5728
 3160 -3160
 -2058 2058
 -555.7 555.7
 3030 -3030
 -150.5 150.5
 4026 -4026
 -1880 1880
 866.8 -866.8
 -1209 1209
 386.6 -386.6
 -1090 1090
 -476.7 476.7
 -639.6 639.6
 -88.01 88.01
 -2079 2079
 -203.4 203.4
 -408.8 408.8
 -1022 1022
 -3976 3976
 6147 -6147
 -1239 1239
 -757 757
 -1279 1279
 1068 -1068
 -1070 1070
 -1190 1190
 95.79 -95.79
 1573 -1573
 551.4 -551.4
 -883.5 883.5
 858.6 -858.6
 4210 -4210
 -1624 1624
 -207.2 207.2
 1563 -1563
 546 -546
 -862.7 862.7
 -1732 1732
 3291 -3291
 -7057 7057
 -3735 3735
 1275 -1275
 -9251 9251
 111.4 -111.4
 -321.6 321.6
 -1239 1239
 -204.6 204.6
 154.5 -154.5
 394.3 -394.3
 -843.8 843.8
 575.1 -575.1
 -621.4 621.4
 -558.3 558.3
 -2404 2404
 -3337 3337
 2704 -2704
 -402.3 402.3
 952 -952
 -1414 1414
 -3996 3996
 2403 -2403
 -838.8 838.8
 9442 -9442
 -6905 6905
 -840.4 840.4
 1873 -1873
 2654 -2654
 -2625 2625
 -372.5 372.5
 -2873 2873
 -490.4 490.4
 -2479 2479
 -2345 2345
 -1123 1123
 -422.9 422.9
 -452.2 452.2
 -297.3 297.3
 -1994 1994
 3284 -3284
 -3569 3569
 7101 -7101
 -2447 2447
 -174.1 174.1
 -3080 3080
 976.5 -976.5
 942 -942
 -1560 1560
 -2017 2017
 -5944 5944
 -751.1 751.1
 3456 -3456
 -3721 3721
 3763 -3763
 -373.4 373.4
 13.18 -13.18
 350.3 -350.3
 1462 -1462
 -2009 2009
 249.7 -249.7
 1211 -1211
 -326.3 326.3
 4393 -4393
 2889 -2889
 4596 -4596
 -561.2 561.2
 -3011 3011
 -1863 1863
 599.6 -599.6
 3848 -3848
 1205 -1205
 -1014 1014
 185 -185
 408.9 -408.9
 3405 -3405
 -3430 3430
 1178 -1178
 -2299 2299
 -541 541
 989.8 -989.8
 1208 -1208
 -1826 1826
 -2051 2051
 694.2 -694.2
 -3173 3173
 -608.6 608.6
 3617 -3617
 -1853 1853
 3554 -3554
 624.6 -624.6
 -2791 2791
 -4065 4065
 711 -711
 -2090 2090
 -1800 1800
 -1389 1389
 -242 242
 4270 -4270
 9201 -9201
 686.5 -686.5
 -257.3 257.3
 5780 -5780
 -3707 3707
 1653 -1653
 -1323 1323
 -902.5 902.5
 5177 -5177
 -1332 1332
 -5770 5770
 89.99 -89.99
 -4073 4073
 -1655 1655
 -834 834
 850.4 -850.4
 -560.1 560.1
 -1001 1001
 -2896 2896
 410 -410
 3129 -3129
 3032 -3032
 1073 -1073
 2023 -2023
 2111 -2111
 2528 -2528
 -1048 1048
 -2710 2710
 -2330 2330
 -1507 1507
 -1177 1177
 -914.4 914.4
 567.6 -567.6
 -7859 7859
 2001 -2001
 3033 -3033
 -3986 3986
 4122 -4122
 -1145 1145
 -1884 1884
 -828.6 828.6
 38.69 -38.69
 1131 -1131
 -7897 7897
 1382 -1382
 -5139 5139
 6231 -6231
 -785.7 785.7
 -4611 4611
 -437.6 437.6
 -482.3 482.3
 -4896 4896
 1705 -1705
 -1008 1008
 929.6 -929.6
 -3197 3197
 -1450 1450
 -280.5 280.5
 4043 -4043
 920.3 -920.3
 4553 -4553
 843.4 -843.4
 2764 -2764
 2048 -2048
 -2264 2264
 -214 214
 -1329 1329
 -478.6 478.6
 -307.1 307.1
 -930.3 930.3
 -232.3 232.3
 -1054 1054
 576 -576
 -526.1 526.1
 1392 -1392
 -474.2 474.2
 2456 -2456
 -6085 6085
 835.9 -835.9
 -409.9 409.9
 -3857 3857
 306.1 -306.1
 1598 -1598
 -407.8 407.8
 534 -534
 -1667 1667
 1.595e+04 -1.595e+04
 5033 -5033
 -1207 1207
 855.7 -855.7
 6751 -6751
 -3142 3142
 -1367 1367
 -2230 2230
 1404 -1404
 -246 246
 2389 -2389
 -101.8 101.8
 -338.6 338.6
 -2182 2182
 -2814 2814
 -435.1 435.1
 -313.7 313.7
 1508 -1508
 1249 -1249
 6191 -6191
 -1861 1861
 -573.2 573.2
 -3993 3993
 732.8 -732.8
 -652.3 652.3
 2985 -2985
 -632.3 632.3
 2519 -2519
 275.6 -275.6
 2933 -2933
 -3102 3102
 -216.1 216.1
 591.9 -591.9
 -2013 2013
 1229 -1229
 578 -578
 -1863 1863
 307.8 -307.8
 -194.4 194.4
 657 -657
 -3359 3359
 54.23 -54.23
 -6133 6133
 558.5 -558.5
 -1297 1297
 -2511 2511
 -753.9 753.9
 -748.8 748.8
 -1741 1741
 -371.9 371.9
 -609.8 609.8
 -6833 6833
 -1235 1235
 -2195 2195
 -1937 1937
 -149.2 149.2
 513 -513
 96.27 -96.27
 3261 -3261
 -1942 1942
 3559 -3559
 815.8 -815.8
 3444 -3444
 2324 -2324
 1437 -1437
 -2222 2222
 763.4 -763.4
 -674.4 674.4
 -253.9 253.9
 4542 -4542
 9732 -9732
 -3806 3806
 1966 -1966
 1296 -1296
 5443 -5443
 -2251 2251
 1523 -1523
 -350.3 350.3
 1354 -1354
 -6002 6002
 4672 -4672
 -1760 1760
 2412 -2412
 1405 -1405
 -1090 1090
 8265 -8265
 447.6 -447.6
 -295.6 295.6
 -2820 2820
 -1221 1221
 -1006 1006
 475.5 -475.5
 -1818 1818
 -205 205
 -47.89 47.89
 1833 -1833
 -3150 3150
 2610 -2610
 2628 -2628
 -4535 4535
 -2140 2140
 826.4 -826.4
 -1409 1409
 6934 -6934
 -1255 1255
 -1833 1833
 -4382 4382
 632.2 -632.2
 2214 -2214
 -3168 3168
 301.9 -301.9
 4399 -4399
 -746 746
 963.8 -963.8
 1111 -1111
 -2677 2677
 -1043 1043
 4894 -4894
 -174 174
 -479.9 479.9
 829.4 -829.4
 -3623 3623
 640.1 -640.1
 -1602 1602
 -3252 3252
 -2161 2161
 4280 -4280
 -1865 1865
 3416 -3416
 952.5 -952.5
 1078 -1078
 1453 -1453
 -927.2 927.2
 4066 -4066
 -3295 3295
 -1681 1681
 -2032 2032
 -4287 4287
 2026 -2026
 -452.5 452.5
 -1129 1129
 -906.9 906.9
 723.1 -723.1
 -2591 2591
 415.5 -415.5
 -1753 1753
 -3400 3400
 2532 -2532
 -1164 1164
 -5101 5101
 -3061 3061
 -1640 1640
 2662 -2662
 -2111 2111
 -622.2 622.2
 2639 -2639
 4140 -4140
 24.32 -24.32
 -2275 2275
 -1627 1627
 -1737 1737
 2812 -2812
 -1160 1160
 1584 -1584
 781.1 -781.1
 757.5 -757.5
 1414 -1414
 1948 -1948
 -1468 1468
 -1791 1791
 819.6 -819.6
 -803.5 803.5
 666.1 -666.1
 767.5 -767.5
 1643 -1643
 -1290 1290
 830.1 -830.1
 6679 -6679
 135.6 -135.6
 4023 -4023
 -1244 1244
 774 -774
 -5769 5769
 127.5 -127.5
 -1827 1827
 -2801 2801
 6687 -6687
 863.4 -863.4
 -769.3 769.3
 424.7 -424.7
 1753 -1753
 -66.65 66.65
 9116 -9116
 -2024 2024
 -637.5 637.5
 -381.9 381.9
 3934 -3934
 -4312 4312
 2855 -2855
 4831 -4831
 901.8 -901.8
 1933 -1933
 -489.9 489.9
 2412 -2412
 3101 -3101
 -3448 3448
 2645 -2645
 -2350 2350
 5022 -5022
 -913.3 913.3
 2125 -2125
 -3434 3434
 -1479 1479
 867 -867
 6550 -6550
 -1267 1267
 3162 -3162
 -744 744
 1141 -1141
 2474 -2474
 -1778 1778
 5338 -5338
 1294 -1294
 1410 -1410
 60.63 -60.63
 404.9 -404.9
 -160.9 160.9
 -1209 1209
 4742 -4742
 2869 -2869
 -45.51 45.51
 3952 -3952
 -1250 1250
 13.74 -13.74
 721.6 -721.6
 716.3 -716.3
 -449.8 449.8
 -1811 1811
 2317 -2317
 4394 -4394
 -1281 1281
 -2190 2190
 2777 -2777
 -270.6 270.6
 575.6 -575.6
 1181 -1181
 -412.3 412.3
 2306 -2306
 -2223 2223
 192.9 -192.9
 -5338 5338
 2410 -2410
 6045 -6045
 1265 -1265
 -500.2 500.2
 -2404 2404
 -1275 1275
 -1418 1418
 -1634 1634
 -2228 2228
 -4364 4364
 -2139 2139
 2030 -2030
 -873.3 873.3
 -623.6 623.6
 -870.7 870.7
 1079 -1079
 3572 -3572
 -412.3 412.3
 -2428 2428
 1443 -1443
 1432 -1432
 -1254 1254
 2245 -2245
 -1550 1550
 -1682 1682
 -335.4 335.4
 -2485 2485
 774.8 -774.8
 -3459 3459
 -5842 5842
 1297 -1297
 -364.3 364.3
 6043 -6043
 -2827 2827
 -1427 1427
 2011 -2011
 2479 -2479
 -445.1 445.1
 -2339 2339
 -2459 2459
 -3305 3305
 1052 -1052
 -753.1 753.1
 -1759 1759
 1562 -1562
 959.2 -959.2
 1838 -1838
 -701.1 701.1
 4376 -4376
 3384 -3384
 1709 -1709
 249.3 -249.3
 887 -887
 881.8 -881.8
 223.7 -223.7
 -1360 1360
 3149 -3149
 982.8 -982.8
 -3540 3540
 2491 -2491
 16.76 -16.76
 1640 -1640
 -932.3 932.3
 470.8 -470.8
 344 -344
 -65.43 65.43
 443.8 -443.8
 -2553 2553
 1537 -1537
 166.3 -166.3
 -3202 3202
 -1327 1327
 -1998 1998
 -778.7 778.7
 2010 -2010
 -1603 1603
 -4301 4301
 -416 416
 -2549 2549
 -1966 1966
 -253.5 253.5
 -4159 4159
 1840 -1840
 108.5 -108.5
 522 -522
 567.3 -567.3
 -819.4 819.4
 -782.6 782.6
 1058 -1058
 6279 -6279
 -558.5 558.5
 -776.8 776.8
 979.9 -979.9
 1552 -1552
 753.2 -753.2
 1264 -1264
 -961.3 961.3
 2684 -2684
 -330 330
 725.6 -725.6
 -1007 1007
 -2143 2143
 -3501 3501
 2295 -2295
 -2281 2281
 -2016 2016
 -284.4 284.4
 -6053 6053
 752.1 -752.1
 1983 -1983
 -679.5 679.5
 1452 -1452
 -1621 1621
 832.4 -832.4
 -1615 1615
 -1168 1168
 -118.4 118.4
 -2779 2779
 -336.3 336.3
 -893.4 893.4
 7424 -7424
 2076 -2076
 -853.4 853.4
 1922 -1922
 -187 187
 2213 -2213
 -76.81 76.81
 1355 -1355
 -1025 1025
 -3744 3744
 -944 944
 1230 -1230
 1701 -1701
 -5397 5397
 -1841 1841
 -3504 3504
 -868.5 868.5
 -3613 3613
 1480 -1480
 -1073 1073
 -230 230
 -2607 2607
 8910 -8910
 -1772 1772
 -1085 1085
 -2983 2983
 -906 906
 -805.2 805.2
 3223 -3223
 -3794 3794
 214 -214
 1846 -1846
 5153 -5153
 4912 -4912
 -1091 1091
 -2382 2382
 1012 -1012
 1520 -1520
 -321.6 321.6
 6916 -6916
 -4456 4456
 638.6 -638.6
 -1683 1683
 502.4 -502.4
 3526 -3526
 -120.1 120.1
 2206 -2206
 -1170 1170
 2038 -2038
 -3747 3747
 -340.2 340.2
 281.4 -281.4
 5964 -5964
 -1400 1400
 -1411 1411
 1949 -1949
 -3274 3274
 8070 -8070
 2066 -2066
 728.9 -728.9
 511.4 -511.4
 -3192 3192
 -2174 2174
 1672 -1672
 981 -981
 644 -644
 922.7 -922.7
 -477.7 477.7
 3260 -3260
 395.9 -395.9
 3013 -3013
 -2415 2415
 -1.35 1.35
 805.9 -805.9
 1501 -1501
 -716.3 716.3
 2059 -2059
 -3843 3843
 1238 -1238
 1183 -1183
 -595.7 595.7
 2952 -2952
 -320.7 320.7
 235.6 -235.6
 -2093 2093
 -1827 1827
 5903 -5903
 -1502 1502
 1966 -1966
 -484.6 484.6
 -80.29 80.29
 2662 -2662
 1658 -1658
 1154 -1154
 2040 -2040
 -187.8 187.8
 950.7 -950.7
 -2255 2255
 384.2 -384.2
 1747 -1747
 121.5 -121.5
 4587 -4587
 3890 -3890
 -1951 1951
 -851.2 851.2
 5960 -5960
 369.7 -369.7
 -1739 1739
 784.3 -784.3
 -7806 7806
 4281 -4281
 1878 -1878
 314.9 -314.9
 -1173 1173
 320.9 -320.9
 -2794 2794
 -1521 1521
 1190 -1190
 -1922 1922
 -1009 1009
 1642 -1642
 -2614 2614
 3318 -3318
 830.4 -830.4
 722.7 -722.7
 1669 -1669
 3476 -3476
 -128.4 128.4
 -3872 3872
 2118 -2118
 -2195 2195
 2201 -2201
 2108 -2108
 -694.6 694.6
 6000 -6000
 -862.5 862.5
 -2548 2548
 -1118 1118
 -2642 2642
 -464.7 464.7
 -975.6 975.6
 -1365 1365
 465.3 -465.3
 -3367 3367
 -432 432
 4297 -4297
 -2247 2247
 6037 -6037
 5462 -5462
 1783 -1783
 -2914 2914
 1982 -1982
 -3477 3477
 4424 -4424
 791 -791
 1616 -1616
 -1096 1096
 1067 -1067
 4937 -4937
 123.6 -123.6
 -182.6 182.6
 -7123 7123
 -213.2 213.2
 -2459 2459
 693.5 -693.5
 -1742 1742
 1869 -1869
 -466.8 466.8
 -1549 1549
 -3736 3736
 -163.4 163.4
 -1317 1317
 -506.7 506.7
 8.946 -8.946
 -3547 3547
 3731 -3731
 -988.5 988.5
 244.8 -244.8
 -579.4 579.4
 -1881 1881
 1132 -1132
 -647.6 647.6
 1889 -1889
 1511 -1511
 -1115 1115
 -269.4 269.4
 671.7 -671.7
 -1509 1509
 -2384 2384
 -2094 2094
 -444.7 444.7
 253.7 -253.7
 -1124 1124
 3465 -3465
 1536 -1536
 -644.6 644.6
 349.6 -349.6
 -2223 2223
 -1960 1960
 656.9 -656.9
 1622 -1622
 -2648 2648
 139 -139
 -872.4 872.4
 -2484 2484
 -1690 1690
 5930 -5930
 -740.7 740.7
 -1889 1889
 -204.2 204.2
 -1313 1313
 1441 -1441
 6335 -6335
 1507 -1507
 907.6 -907.6
 -4712 4712
 -2403 2403
 -4421 4421
 7214 -7214
 -647.9 647.9
 1177 -1177
 -3996 3996
 -26.91 26.91
 5880 -5880
 -2554 2554
 -936.8 936.8
 708.9 -708.9
 -3778 3778
 1631 -1631
 -1146 1146
 -2651 2651
 -282.5 282.5
 -1774 1774
 -2913 2913
 -786.8 786.8
 -1137 1137
 3783 -3783
 -1909 1909
 2227 -2227
 -2000 2000
 -187.3 187.3
 3073 -3073
 -586.5 586.5
 -2827 2827
 3013 -3013
 -2397 2397
 -394.7 394.7
 98.07 -98.07
 -2756 2756
 -296 296


