# Created by Octave 5.2.0, Fri Sep 25 00:49:02 2020 CEST <jiwidi@land>
# name: w
# type: matrix
# rows: 2001
# columns: 2
 0 0
 8.468e+05 -8.468e+05
 -5.222e+04 5.222e+04
 1.559e+06 -1.559e+06
 4.846e+04 -4.846e+04
 2.488e+05 -2.488e+05
 9.871e+05 -9.871e+05
 -1.545e+05 1.545e+05
 4.175e+05 -4.175e+05
 -1.922e+05 1.922e+05
 -1.147e+05 1.147e+05
 5.269e+04 -5.269e+04
 9.567e+04 -9.567e+04
 1.966e+05 -1.966e+05
 -3.058e+05 3.058e+05
 -7.608e+05 7.608e+05
 4.198e+05 -4.198e+05
 -6.051e+05 6.051e+05
 9.021e+05 -9.021e+05
 -1.103e+05 1.103e+05
 -5.605e+04 5.605e+04
 -6.743e+05 6.743e+05
 3.543e+05 -3.543e+05
 9786 -9786
 6.581e+04 -6.581e+04
 -7.723e+05 7.723e+05
 -1.977e+05 1.977e+05
 -6.135e+04 6.135e+04
 -2.952e+05 2.952e+05
 3.589e+05 -3.589e+05
 -4.832e+05 4.832e+05
 -5491 5491
 3.088e+05 -3.088e+05
 -3.517e+04 3.517e+04
 4.531e+05 -4.531e+05
 -1.5e+06 1.5e+06
 -1.454e+06 1.454e+06
 -3.4e+05 3.4e+05
 -6.831e+05 6.831e+05
 -2.116e+05 2.116e+05
 -5.484e+04 5.484e+04
 2.63e+05 -2.63e+05
 -2.774e+05 2.774e+05
 -7.425e+05 7.425e+05
 -4.115e+05 4.115e+05
 2.382e+05 -2.382e+05
 -5.823e+05 5.823e+05
 1.356e+06 -1.356e+06
 -5670 5670
 6.238e+05 -6.238e+05
 2.513e+05 -2.513e+05
 -2.983e+05 2.983e+05
 6.004e+04 -6.004e+04
 -6.267e+05 6.267e+05
 8.541e+05 -8.541e+05
 8.009e+05 -8.009e+05
 -1.323e+05 1.323e+05
 1.629e+05 -1.629e+05
 -9.448e+04 9.448e+04
 -9.837e+05 9.837e+05
 2.083e+05 -2.083e+05
 -2.559e+05 2.559e+05
 7.518e+04 -7.518e+04
 5.995e+05 -5.995e+05
 -4.389e+05 4.389e+05
 -1.792e+05 1.792e+05
 7.575e+05 -7.575e+05
 -1.69e+05 1.69e+05
 5.683e+05 -5.683e+05
 1.633e+05 -1.633e+05
 1.179e+05 -1.179e+05
 -1.219e+06 1.219e+06
 -1.183e+05 1.183e+05
 4.425e+05 -4.425e+05
 1.12e+06 -1.12e+06
 -6.112e+05 6.112e+05
 -2.141e+06 2.141e+06
 -6.236e+05 6.236e+05
 5.915e+05 -5.915e+05
 -9.728e+05 9.728e+05
 2.681e+05 -2.681e+05
 8.516e+04 -8.516e+04
 -7.839e+05 7.839e+05
 -1.445e+05 1.445e+05
 7071 -7071
 1.679e+05 -1.679e+05
 -1.063e+06 1.063e+06
 -2.304e+05 2.304e+05
 -4.73e+05 4.73e+05
 -9.113e+04 9.113e+04
 2.118e+05 -2.118e+05
 8.001e+05 -8.001e+05
 3.561e+04 -3.561e+04
 -7.467e+04 7.467e+04
 1.305e+06 -1.305e+06
 -8.155e+04 8.155e+04
 -2.891e+05 2.891e+05
 6.161e+05 -6.161e+05
 3.4e+04 -3.4e+04
 -7.653e+04 7.653e+04
 7.206e+04 -7.206e+04
 2.274e+05 -2.274e+05
 -4.81e+05 4.81e+05
 -6.124e+05 6.124e+05
 1.427e+05 -1.427e+05
 5.659e+05 -5.659e+05
 -1.169e+05 1.169e+05
 2.156e+05 -2.156e+05
 2.037e+05 -2.037e+05
 3.048e+05 -3.048e+05
 5.647e+05 -5.647e+05
 -1.483e+05 1.483e+05
 1.29e+05 -1.29e+05
 6.797e+04 -6.797e+04
 3.957e+05 -3.957e+05
 -3.018e+05 3.018e+05
 4.026e+05 -4.026e+05
 -2.852e+05 2.852e+05
 -6.799e+05 6.799e+05
 -4.093e+05 4.093e+05
 -2.032e+04 2.032e+04
 8.202e+05 -8.202e+05
 -1.862e+06 1.862e+06
 2.122e+05 -2.122e+05
 5.749e+05 -5.749e+05
 -1.606e+06 1.606e+06
 -3.406e+05 3.406e+05
 -2.853e+05 2.853e+05
 4.023e+05 -4.023e+05
 -7642 7642
 8.996e+05 -8.996e+05
 -3.648e+05 3.648e+05
 4.736e+04 -4.736e+04
 -2.961e+05 2.961e+05
 5.411e+05 -5.411e+05
 -3.824e+04 3.824e+04
 3.831e+05 -3.831e+05
 -1.736e+06 1.736e+06
 -1.991e+05 1.991e+05
 -2.009e+05 2.009e+05
 -9.972e+04 9.972e+04
 -1.838e+05 1.838e+05
 3.871e+05 -3.871e+05
 -3.005e+05 3.005e+05
 5.177e+05 -5.177e+05
 -3.131e+05 3.131e+05
 9.374e+05 -9.374e+05
 -8.331e+04 8.331e+04
 -4.744e+05 4.744e+05
 3.159e+05 -3.159e+05
 8.771e+04 -8.771e+04
 -9.783e+05 9.783e+05
 4.475e+05 -4.475e+05
 1.223e+06 -1.223e+06
 -1.07e+05 1.07e+05
 -3.332e+05 3.332e+05
 -1.799e+05 1.799e+05
 2.697e+05 -2.697e+05
 -7.251e+05 7.251e+05
 5.09e+04 -5.09e+04
 -1.32e+04 1.32e+04
 5.119e+05 -5.119e+05
 -5.846e+05 5.846e+05
 -9.364e+05 9.364e+05
 3.394e+05 -3.394e+05
 1.337e+06 -1.337e+06
 5.471e+05 -5.471e+05
 -4.429e+04 4.429e+04
 7.969e+04 -7.969e+04
 -4.166e+05 4.166e+05
 -1.964e+05 1.964e+05
 3.44e+05 -3.44e+05
 -4.257e+05 4.257e+05
 3.898e+05 -3.898e+05
 3.156e+05 -3.156e+05
 -5.047e+04 5.047e+04
 -5.016e+05 5.016e+05
 8.376e+05 -8.376e+05
 -3.293e+05 3.293e+05
 6.02e+04 -6.02e+04
 -4.079e+04 4.079e+04
 -6.171e+05 6.171e+05
 -1.139e+06 1.139e+06
 8.403e+05 -8.403e+05
 -1.011e+05 1.011e+05
 -3.168e+05 3.168e+05
 8.807e+05 -8.807e+05
 -5.165e+05 5.165e+05
 2.147e+05 -2.147e+05
 -8.785e+05 8.785e+05
 4.009e+05 -4.009e+05
 8.891e+04 -8.891e+04
 -2.232e+05 2.232e+05
 -6.823e+04 6.823e+04
 -4.312e+05 4.312e+05
 -4.977e+05 4.977e+05
 -1.355e+05 1.355e+05
 -5.649e+05 5.649e+05
 -1.034e+04 1.034e+04
 1.522e+06 -1.522e+06
 2.951e+05 -2.951e+05
 -3.643e+05 3.643e+05
 -8.441e+05 8.441e+05
 1.006e+06 -1.006e+06
 -2.845e+05 2.845e+05
 3.579e+05 -3.579e+05
 -9.025e+04 9.025e+04
 -3.617e+05 3.617e+05
 -2.051e+05 2.051e+05
 7.812e+05 -7.812e+05
 -1.966e+06 1.966e+06
 1.777e+05 -1.777e+05
 -4.891e+05 4.891e+05
 6.007e+05 -6.007e+05
 -4.249e+05 4.249e+05
 1.26e+06 -1.26e+06
 -1.834e+05 1.834e+05
 -5.024e+05 5.024e+05
 1.045e+05 -1.045e+05
 4.951e+05 -4.951e+05
 -3.744e+05 3.744e+05
 -2.067e+04 2.067e+04
 5.89e+05 -5.89e+05
 5.967e+05 -5.967e+05
 6.419e+05 -6.419e+05
 5.843e+05 -5.843e+05
 1.471e+05 -1.471e+05
 -1.177e+05 1.177e+05
 2.448e+05 -2.448e+05
 -7.489e+05 7.489e+05
 3.034e+05 -3.034e+05
 1.001e+06 -1.001e+06
 2.242e+05 -2.242e+05
 -7.144e+05 7.144e+05
 2.75e+05 -2.75e+05
 -1.814e+05 1.814e+05
 -2.187e+05 2.187e+05
 -6.774e+05 6.774e+05
 8.318e+05 -8.318e+05
 3.877e+05 -3.877e+05
 -7.52e+05 7.52e+05
 -1.939e+05 1.939e+05
 -3.476e+05 3.476e+05
 -3.763e+04 3.763e+04
 -4.974e+05 4.974e+05
 -6.405e+05 6.405e+05
 4.5e+05 -4.5e+05
 1.821e+05 -1.821e+05
 -2.455e+05 2.455e+05
 -7.219e+05 7.219e+05
 7.578e+05 -7.578e+05
 3.156e+05 -3.156e+05
 3.267e+05 -3.267e+05
 1.772e+05 -1.772e+05
 -2.915e+05 2.915e+05
 4.227e+05 -4.227e+05
 1.876e+05 -1.876e+05
 1.103e+06 -1.103e+06
 7.407e+05 -7.407e+05
 -5.927e+04 5.927e+04
 1.417e+06 -1.417e+06
 -3.017e+05 3.017e+05
 1.183e+05 -1.183e+05
 -4.869e+05 4.869e+05
 2.904e+05 -2.904e+05
 2.594e+05 -2.594e+05
 6.096e+04 -6.096e+04
 6.279e+04 -6.279e+04
 1.38e+04 -1.38e+04
 1.017e+06 -1.017e+06
 7.179e+04 -7.179e+04
 -5.214e+05 5.214e+05
 -3.496e+05 3.496e+05
 -7.657e+04 7.657e+04
 -5.718e+04 5.718e+04
 3.357e+05 -3.357e+05
 3.161e+05 -3.161e+05
 -8.262e+04 8.262e+04
 -7.152e+05 7.152e+05
 -2.544e+05 2.544e+05
 -5.87e+05 5.87e+05
 2.561e+05 -2.561e+05
 3.318e+05 -3.318e+05
 4.798e+04 -4.798e+04
 1.029e+06 -1.029e+06
 2.196e+05 -2.196e+05
 2.894e+05 -2.894e+05
 -2.158e+05 2.158e+05
 5.026e+05 -5.026e+05
 -9.448e+05 9.448e+05
 -6.172e+04 6.172e+04
 -1.544e+06 1.544e+06
 1.098e+06 -1.098e+06
 1.985e+05 -1.985e+05
 1689 -1689
 1.671e+05 -1.671e+05
 -1.345e+06 1.345e+06
 -1.696e+05 1.696e+05
 6.081e+05 -6.081e+05
 4.164e+04 -4.164e+04
 -5.784e+05 5.784e+05
 -1.328e+04 1.328e+04
 4.713e+05 -4.713e+05
 -1.003e+06 1.003e+06
 4.036e+05 -4.036e+05
 7.955e+04 -7.955e+04
 5.081e+05 -5.081e+05
 -1.803e+05 1.803e+05
 1.1e+05 -1.1e+05
 1.683e+05 -1.683e+05
 -1.49e+04 1.49e+04
 1.066e+06 -1.066e+06
 -7.419e+05 7.419e+05
 -1.011e+06 1.011e+06
 6.179e+05 -6.179e+05
 -6.914e+05 6.914e+05
 2.824e+04 -2.824e+04
 3.947e+05 -3.947e+05
 -1.818e+05 1.818e+05
 -2.623e+05 2.623e+05
 5.306e+05 -5.306e+05
 2.351e+06 -2.351e+06
 4.047e+05 -4.047e+05
 -4.126e+04 4.126e+04
 -5.067e+05 5.067e+05
 2.568e+05 -2.568e+05
 9.044e+05 -9.044e+05
 3.576e+05 -3.576e+05
 1.59e+04 -1.59e+04
 1.644e+05 -1.644e+05
 -6.306e+05 6.306e+05
 1.693e+05 -1.693e+05
 2.097e+05 -2.097e+05
 -6.128e+05 6.128e+05
 -4.691e+05 4.691e+05
 1.142e+05 -1.142e+05
 -6.672e+04 6.672e+04
 1.224e+06 -1.224e+06
 6.734e+05 -6.734e+05
 1.01e+06 -1.01e+06
 -4.138e+04 4.138e+04
 -5.616e+05 5.616e+05
 -4.044e+05 4.044e+05
 5.057e+05 -5.057e+05
 3.445e+04 -3.445e+04
 -3.053e+05 3.053e+05
 8.997e+05 -8.997e+05
 2.455e+05 -2.455e+05
 8.306e+05 -8.306e+05
 6.707e+05 -6.707e+05
 -2.691e+05 2.691e+05
 -1.17e+05 1.17e+05
 -1.176e+06 1.176e+06
 -3.405e+05 3.405e+05
 -2.843e+05 2.843e+05
 5.106e+05 -5.106e+05
 -4.695e+05 4.695e+05
 -2.762e+05 2.762e+05
 -6.69e+04 6.69e+04
 1.067e+06 -1.067e+06
 -8.437e+05 8.437e+05
 -5.952e+05 5.952e+05
 -6.229e+05 6.229e+05
 5.363e+05 -5.363e+05
 -1.88e+05 1.88e+05
 2.297e+05 -2.297e+05
 4.367e+05 -4.367e+05
 -9.649e+05 9.649e+05
 2.975e+05 -2.975e+05
 -1.351e+06 1.351e+06
 4.49e+05 -4.49e+05
 3.431e+05 -3.431e+05
 -3.671e+05 3.671e+05
 -1.279e+06 1.279e+06
 -1.279e+06 1.279e+06
 1.083e+05 -1.083e+05
 -9.3e+04 9.3e+04
 9.721e+05 -9.721e+05
 -4.898e+04 4.898e+04
 -1.539e+06 1.539e+06
 -3.355e+05 3.355e+05
 -5.054e+05 5.054e+05
 -4.073e+04 4.073e+04
 -3.877e+05 3.877e+05
 2.939e+04 -2.939e+04
 4.962e+05 -4.962e+05
 1.959e+05 -1.959e+05
 9.252e+05 -9.252e+05
 6.599e+05 -6.599e+05
 -3.205e+05 3.205e+05
 -2.034e+05 2.034e+05
 -9.087e+04 9.087e+04
 4.832e+04 -4.832e+04
 -9.974e+05 9.974e+05
 -5.745e+04 5.745e+04
 2.139e+05 -2.139e+05
 -2.606e+05 2.606e+05
 3.272e+05 -3.272e+05
 -8.677e+04 8.677e+04
 8.877e+05 -8.877e+05
 -1.038e+05 1.038e+05
 -6.444e+05 6.444e+05
 -4.011e+05 4.011e+05
 3.56e+05 -3.56e+05
 -3.208e+05 3.208e+05
 -9.582e+04 9.582e+04
 1.229e+05 -1.229e+05
 -6.884e+04 6.884e+04
 -2.949e+05 2.949e+05
 1.182e+06 -1.182e+06
 -4.521e+05 4.521e+05
 1.044e+05 -1.044e+05
 -1.561e+05 1.561e+05
 3.757e+05 -3.757e+05
 -9.996e+05 9.996e+05
 -436.9 436.9
 3.747e+05 -3.747e+05
 -2.57e+05 2.57e+05
 8.075e+05 -8.075e+05
 1.4e+05 -1.4e+05
 7.836e+05 -7.836e+05
 -6.426e+05 6.426e+05
 1.673e+06 -1.673e+06
 3.693e+05 -3.693e+05
 -5.119e+05 5.119e+05
 -2.712e+05 2.712e+05
 -6.654e+05 6.654e+05
 -1.417e+05 1.417e+05
 -6.373e+04 6.373e+04
 -2.429e+05 2.429e+05
 8.854e+05 -8.854e+05
 -5.62e+05 5.62e+05
 6.049e+05 -6.049e+05
 1.86e+05 -1.86e+05
 -4.965e+05 4.965e+05
 -1.334e+05 1.334e+05
 -3.953e+05 3.953e+05
 1.953e+05 -1.953e+05
 -1.34e+06 1.34e+06
 4.685e+04 -4.685e+04
 -4.808e+05 4.808e+05
 -1.486e+05 1.486e+05
 -1.478e+06 1.478e+06
 9.019e+05 -9.019e+05
 3.075e+05 -3.075e+05
 -6.747e+05 6.747e+05
 -3.351e+05 3.351e+05
 2.318e+05 -2.318e+05
 3.341e+04 -3.341e+04
 1.051e+06 -1.051e+06
 -3.022e+04 3.022e+04
 1.549e+04 -1.549e+04
 1.146e+06 -1.146e+06
 1.375e+05 -1.375e+05
 -6.059e+04 6.059e+04
 9.243e+05 -9.243e+05
 1.78e+05 -1.78e+05
 1.264e+06 -1.264e+06
 -1.298e+05 1.298e+05
 -8923 8923
 -7.787e+04 7.787e+04
 1.242e+05 -1.242e+05
 5.571e+05 -5.571e+05
 1.167e+05 -1.167e+05
 7.978e+05 -7.978e+05
 -2.202e+05 2.202e+05
 4.498e+05 -4.498e+05
 -2.392e+05 2.392e+05
 2.487e+05 -2.487e+05
 3.487e+05 -3.487e+05
 -4.716e+05 4.716e+05
 2.051e+04 -2.051e+04
 8.82e+04 -8.82e+04
 -6.368e+05 6.368e+05
 -3.975e+04 3.975e+04
 6.308e+05 -6.308e+05
 -4.659e+05 4.659e+05
 -9.876e+04 9.876e+04
 -4.463e+05 4.463e+05
 4.18e+05 -4.18e+05
 -1.019e+05 1.019e+05
 -4.471e+05 4.471e+05
 1.851e+05 -1.851e+05
 2.943e+05 -2.943e+05
 -7.667e+04 7.667e+04
 -4737 4737
 1.471e+05 -1.471e+05
 -1.192e+06 1.192e+06
 -2.865e+04 2.865e+04
 -2.929e+05 2.929e+05
 -7.313e+05 7.313e+05
 5.244e+04 -5.244e+04
 -1.212e+05 1.212e+05
 -4.199e+05 4.199e+05
 -1.661e+05 1.661e+05
 -8.633e+05 8.633e+05
 -7.645e+05 7.645e+05
 -1.038e+05 1.038e+05
 8.14e+05 -8.14e+05
 -1.567e+06 1.567e+06
 4.24e+05 -4.24e+05
 4.335e+05 -4.335e+05
 -8.796e+05 8.796e+05
 -6.191e+04 6.191e+04
 -1.229e+05 1.229e+05
 -1.093e+06 1.093e+06
 -8.032e+05 8.032e+05
 -6.847e+04 6.847e+04
 -1.852e+05 1.852e+05
 8.366e+05 -8.366e+05
 -6.901e+04 6.901e+04
 -2.238e+05 2.238e+05
 -2.186e+05 2.186e+05
 2.95e+05 -2.95e+05
 -3.18e+05 3.18e+05
 2.432e+05 -2.432e+05
 -4.554e+05 4.554e+05
 1.124e+05 -1.124e+05
 -1.362e+05 1.362e+05
 -8.84e+05 8.84e+05
 1.121e+05 -1.121e+05
 6.104e+05 -6.104e+05
 -7.571e+05 7.571e+05
 5.062e+05 -5.062e+05
 -1.229e+06 1.229e+06
 3.598e+05 -3.598e+05
 -4.322e+05 4.322e+05
 5.069e+05 -5.069e+05
 1.056e+05 -1.056e+05
 -1.015e+05 1.015e+05
 8.243e+05 -8.243e+05
 -1.321e+05 1.321e+05
 -5.433e+05 5.433e+05
 4.308e+04 -4.308e+04
 2.908e+05 -2.908e+05
 -1.403e+06 1.403e+06
 1.435e+06 -1.435e+06
 9.523e+04 -9.523e+04
 1.032e+06 -1.032e+06
 -5.314e+04 5.314e+04
 -7.5e+05 7.5e+05
 -5.058e+05 5.058e+05
 -5.525e+05 5.525e+05
 -2.83e+05 2.83e+05
 6.197e+05 -6.197e+05
 -1.216e+06 1.216e+06
 4.284e+05 -4.284e+05
 -4.952e+05 4.952e+05
 -7.646e+05 7.646e+05
 1.717e+05 -1.717e+05
 8.093e+05 -8.093e+05
 -3.144e+05 3.144e+05
 7.653e+05 -7.653e+05
 -5.365e+05 5.365e+05
 6.409e+05 -6.409e+05
 -9.378e+04 9.378e+04
 3.395e+05 -3.395e+05
 -7.503e+05 7.503e+05
 4.154e+04 -4.154e+04
 -7.819e+04 7.819e+04
 4.51e+05 -4.51e+05
 -7.432e+04 7.432e+04
 1.867e+05 -1.867e+05
 -2.178e+05 2.178e+05
 -5.165e+05 5.165e+05
 4.409e+04 -4.409e+04
 8.938e+05 -8.938e+05
 1.952e+05 -1.952e+05
 -4.334e+05 4.334e+05
 -3.615e+05 3.615e+05
 -1.578e+05 1.578e+05
 2.027e+05 -2.027e+05
 4.906e+05 -4.906e+05
 1.446e+06 -1.446e+06
 -6.131e+05 6.131e+05
 -8.804e+04 8.804e+04
 -8.77e+04 8.77e+04
 6.533e+05 -6.533e+05
 4.072e+05 -4.072e+05
 -1.379e+05 1.379e+05
 7.139e+05 -7.139e+05
 3.818e+05 -3.818e+05
 -1.84e+05 1.84e+05
 -4.934e+05 4.934e+05
 9.927e+05 -9.927e+05
 2.041e+06 -2.041e+06
 2.122e+05 -2.122e+05
 2.882e+05 -2.882e+05
 7.273e+04 -7.273e+04
 5.353e+05 -5.353e+05
 -2.452e+05 2.452e+05
 4.363e+05 -4.363e+05
 -5.062e+05 5.062e+05
 6.022e+05 -6.022e+05
 6.064e+04 -6.064e+04
 -7.645e+05 7.645e+05
 -4.244e+05 4.244e+05
 2.336e+05 -2.336e+05
 -8.925e+04 8.925e+04
 1.113e+05 -1.113e+05
 -5.636e+05 5.636e+05
 -1.964e+05 1.964e+05
 5793 -5793
 7.111e+05 -7.111e+05
 7.484e+05 -7.484e+05
 4.431e+05 -4.431e+05
 2.077e+06 -2.077e+06
 8.352e+05 -8.352e+05
 -1.386e+06 1.386e+06
 -1.854e+05 1.854e+05
 -1.149e+05 1.149e+05
 -1.109e+06 1.109e+06
 4.66e+05 -4.66e+05
 3.032e+05 -3.032e+05
 -6.772e+05 6.772e+05
 5.768e+04 -5.768e+04
 -5.594e+05 5.594e+05
 -2.992e+05 2.992e+05
 -3.164e+05 3.164e+05
 3.882e+05 -3.882e+05
 -1064 1064
 -2.29e+05 2.29e+05
 2.052e+05 -2.052e+05
 -2.273e+05 2.273e+05
 2.399e+05 -2.399e+05
 -1.813e+05 1.813e+05
 -6.572e+05 6.572e+05
 -2.624e+05 2.624e+05
 -2.501e+05 2.501e+05
 -1.139e+05 1.139e+05
 -1.024e+05 1.024e+05
 -9.8e+05 9.8e+05
 3.684e+05 -3.684e+05
 -3.943e+05 3.943e+05
 -4.405e+04 4.405e+04
 -1.044e+06 1.044e+06
 2.261e+05 -2.261e+05
 4.137e+05 -4.137e+05
 1.663e+05 -1.663e+05
 -5.646e+05 5.646e+05
 -2.045e+05 2.045e+05
 9.678e+05 -9.678e+05
 4.382e+05 -4.382e+05
 6.036e+05 -6.036e+05
 -1.02e+06 1.02e+06
 -4.795e+05 4.795e+05
 -2.093e+05 2.093e+05
 -3.877e+05 3.877e+05
 -2.359e+05 2.359e+05
 7.121e+05 -7.121e+05
 5.141e+05 -5.141e+05
 7.726e+04 -7.726e+04
 7.526e+05 -7.526e+05
 1.326e+06 -1.326e+06
 -2.625e+05 2.625e+05
 3.293e+05 -3.293e+05
 -4.739e+05 4.739e+05
 5.446e+05 -5.446e+05
 -1.405e+05 1.405e+05
 9.393e+04 -9.393e+04
 3.051e+05 -3.051e+05
 -1.128e+06 1.128e+06
 1.366e+05 -1.366e+05
 -1.82e+06 1.82e+06
 -4.988e+05 4.988e+05
 9.959e+04 -9.959e+04
 -5.872e+05 5.872e+05
 4.78e+05 -4.78e+05
 6619 -6619
 -1.056e+06 1.056e+06
 -3.568e+05 3.568e+05
 -1.581e+05 1.581e+05
 2.664e+05 -2.664e+05
 4.342e+05 -4.342e+05
 -1.272e+06 1.272e+06
 -9.927e+05 9.927e+05
 1.859e+05 -1.859e+05
 -1.623e+05 1.623e+05
 3.444e+05 -3.444e+05
 -7.707e+05 7.707e+05
 -3.701e+05 3.701e+05
 -2.624e+05 2.624e+05
 -2.276e+05 2.276e+05
 -3.462e+05 3.462e+05
 2.976e+05 -2.976e+05
 -7.655e+05 7.655e+05
 1.396e+05 -1.396e+05
 -2.44e+05 2.44e+05
 3.067e+05 -3.067e+05
 -1.717e+05 1.717e+05
 -7.151e+05 7.151e+05
 -4.21e+05 4.21e+05
 -3.83e+05 3.83e+05
 2.29e+05 -2.29e+05
 5.614e+05 -5.614e+05
 -8.795e+05 8.795e+05
 5.335e+05 -5.335e+05
 1.46e+05 -1.46e+05
 4.593e+05 -4.593e+05
 -6.244e+04 6.244e+04
 -3.535e+05 3.535e+05
 9.407e+04 -9.407e+04
 9.366e+05 -9.366e+05
 -1.65e+04 1.65e+04
 -3.234e+05 3.234e+05
 3.568e+05 -3.568e+05
 -5.296e+05 5.296e+05
 7.723e+04 -7.723e+04
 -7.426e+05 7.426e+05
 -6.094e+04 6.094e+04
 -4.615e+05 4.615e+05
 1.335e+06 -1.335e+06
 2.895e+05 -2.895e+05
 6.404e+05 -6.404e+05
 1.064e+06 -1.064e+06
 -3.327e+05 3.327e+05
 3.055e+06 -3.055e+06
 -1.729e+05 1.729e+05
 -1.101e+05 1.101e+05
 6.315e+04 -6.315e+04
 -8.219e+04 8.219e+04
 -7.179e+05 7.179e+05
 -7.409e+05 7.409e+05
 -9.042e+05 9.042e+05
 1.538e+05 -1.538e+05
 -4.793e+05 4.793e+05
 -4.995e+05 4.995e+05
 5.374e+05 -5.374e+05
 -6.97e+05 6.97e+05
 1.196e+06 -1.196e+06
 -1.589e+05 1.589e+05
 6.967e+05 -6.967e+05
 2.145e+05 -2.145e+05
 4.302e+05 -4.302e+05
 -3.9e+05 3.9e+05
 -2.027e+05 2.027e+05
 -9.678e+05 9.678e+05
 -4.445e+05 4.445e+05
 -7.648e+05 7.648e+05
 3.572e+05 -3.572e+05
 3.208e+05 -3.208e+05
 -7.422e+05 7.422e+05
 1.114e+06 -1.114e+06
 1.378e+05 -1.378e+05
 1.342e+05 -1.342e+05
 8.922e+04 -8.922e+04
 8.121e+05 -8.121e+05
 -6.551e+04 6.551e+04
 1.101e+06 -1.101e+06
 1.724e+05 -1.724e+05
 2.9e+05 -2.9e+05
 1.32e+06 -1.32e+06
 -6.263e+05 6.263e+05
 -2.089e+05 2.089e+05
 7.067e+04 -7.067e+04
 -4.345e+05 4.345e+05
 -5.179e+05 5.179e+05
 -2.015e+05 2.015e+05
 6.689e+05 -6.689e+05
 1.074e+06 -1.074e+06
 -4.766e+05 4.766e+05
 -6.451e+05 6.451e+05
 -8.397e+05 8.397e+05
 -3.744e+05 3.744e+05
 -4.383e+05 4.383e+05
 1.954e+05 -1.954e+05
 -3.014e+05 3.014e+05
 5.798e+05 -5.798e+05
 7.089e+05 -7.089e+05
 -2.077e+06 2.077e+06
 9.022e+05 -9.022e+05
 -7.116e+05 7.116e+05
 1.789e+05 -1.789e+05
 -8.214e+05 8.214e+05
 7.086e+05 -7.086e+05
 2.211e+04 -2.211e+04
 -6.527e+05 6.527e+05
 -6.975e+05 6.975e+05
 -3.235e+04 3.235e+04
 6.271e+05 -6.271e+05
 -5.065e+05 5.065e+05
 7.508e+05 -7.508e+05
 9.47e+04 -9.47e+04
 -8.471e+05 8.471e+05
 6.378e+05 -6.378e+05
 -1.089e+05 1.089e+05
 8e+05 -8e+05
 9.757e+04 -9.757e+04
 -4.547e+05 4.547e+05
 -1.112e+06 1.112e+06
 1.154e+06 -1.154e+06
 1.861e+05 -1.861e+05
 3.985e+05 -3.985e+05
 -1.568e+05 1.568e+05
 -2.475e+05 2.475e+05
 -1.547e+05 1.547e+05
 -2.168e+05 2.168e+05
 -3.91e+05 3.91e+05
 -4.399e+04 4.399e+04
 6.849e+05 -6.849e+05
 1.146e+06 -1.146e+06
 -1.535e+05 1.535e+05
 4.773e+05 -4.773e+05
 1.598e+06 -1.598e+06
 4.438e+05 -4.438e+05
 3.015e+05 -3.015e+05
 -1.239e+05 1.239e+05
 -5.172e+04 5.172e+04
 3.553e+04 -3.553e+04
 7.881e+05 -7.881e+05
 8.344e+05 -8.344e+05
 1.604e+06 -1.604e+06
 8.551e+04 -8.551e+04
 -7.454e+04 7.454e+04
 4.32e+05 -4.32e+05
 -3.998e+05 3.998e+05
 -1.598e+05 1.598e+05
 1.431e+05 -1.431e+05
 -1.094e+05 1.094e+05
 4.672e+05 -4.672e+05
 1.696e+05 -1.696e+05
 4.356e+05 -4.356e+05
 9.846e+05 -9.846e+05
 -2.257e+04 2.257e+04
 3.675e+05 -3.675e+05
 -3.408e+05 3.408e+05
 -3.436e+05 3.436e+05
 -3.973e+05 3.973e+05
 5.045e+05 -5.045e+05
 -7.331e+04 7.331e+04
 3.639e+05 -3.639e+05
 7.907e+05 -7.907e+05
 1.783e+05 -1.783e+05
 2.792e+05 -2.792e+05
 -1.8e+05 1.8e+05
 -4.614e+05 4.614e+05
 -6.17e+05 6.17e+05
 6.559e+05 -6.559e+05
 3.215e+04 -3.215e+04
 -9.343e+05 9.343e+05
 3.038e+05 -3.038e+05
 -2.142e+05 2.142e+05
 -2.608e+05 2.608e+05
 5.826e+05 -5.826e+05
 1.431e+05 -1.431e+05
 -1.084e+06 1.084e+06
 1.284e+05 -1.284e+05
 9.94e+05 -9.94e+05
 -5.187e+05 5.187e+05
 5.078e+05 -5.078e+05
 -4.388e+05 4.388e+05
 7.927e+05 -7.927e+05
 -3.028e+05 3.028e+05
 -3.403e+05 3.403e+05
 1.539e+05 -1.539e+05
 7.953e+04 -7.953e+04
 6.031e+05 -6.031e+05
 -6.15e+05 6.15e+05
 1.734e+05 -1.734e+05
 -6.195e+05 6.195e+05
 -5.534e+05 5.534e+05
 3.101e+04 -3.101e+04
 1.274e+05 -1.274e+05
 -9.429e+04 9.429e+04
 7.744e+05 -7.744e+05
 -1.616e+05 1.616e+05
 -2.213e+05 2.213e+05
 4.346e+05 -4.346e+05
 5.702e+05 -5.702e+05
 -3.511e+04 3.511e+04
 5.726e+05 -5.726e+05
 1.291e+05 -1.291e+05
 6.852e+04 -6.852e+04
 7.561e+05 -7.561e+05
 -2.364e+05 2.364e+05
 4.425e+05 -4.425e+05
 -7.724e+05 7.724e+05
 4.242e+05 -4.242e+05
 1.006e+06 -1.006e+06
 -3.236e+05 3.236e+05
 9.648e+05 -9.648e+05
 1.032e+06 -1.032e+06
 -4.598e+05 4.598e+05
 9.148e+05 -9.148e+05
 1.431e+04 -1.431e+04
 1.228e+06 -1.228e+06
 4.905e+05 -4.905e+05
 4.326e+04 -4.326e+04
 -3.771e+05 3.771e+05
 -3.789e+05 3.789e+05
 -1.09e+05 1.09e+05
 -8.284e+05 8.284e+05
 3.639e+05 -3.639e+05
 3.517e+05 -3.517e+05
 2.327e+05 -2.327e+05
 4.805e+05 -4.805e+05
 1.429e+06 -1.429e+06
 -5.694e+05 5.694e+05
 -1.958e+05 1.958e+05
 -1.802e+05 1.802e+05
 -4.072e+05 4.072e+05
 -3.637e+04 3.637e+04
 -4.096e+05 4.096e+05
 1.471e+05 -1.471e+05
 -9.424e+05 9.424e+05
 6.492e+05 -6.492e+05
 6.971e+05 -6.971e+05
 -4.818e+05 4.818e+05
 1.102e+05 -1.102e+05
 1.197e+05 -1.197e+05
 1.393e+06 -1.393e+06
 -1.188e+05 1.188e+05
 7.395e+05 -7.395e+05
 4.044e+05 -4.044e+05
 -6.542e+05 6.542e+05
 -9.22e+04 9.22e+04
 7.017e+05 -7.017e+05
 8.536e+05 -8.536e+05
 7.973e+05 -7.973e+05
 -1.45e+06 1.45e+06
 3.655e+05 -3.655e+05
 -3.56e+05 3.56e+05
 4.487e+04 -4.487e+04
 -4.629e+05 4.629e+05
 -7.582e+05 7.582e+05
 -1.186e+05 1.186e+05
 3.398e+05 -3.398e+05
 2e+04 -2e+04
 3.03e+04 -3.03e+04
 -1.363e+06 1.363e+06
 -1.64e+05 1.64e+05
 2.128e+05 -2.128e+05
 1.677e+05 -1.677e+05
 -1.326e+05 1.326e+05
 3.662e+05 -3.662e+05
 3.523e+05 -3.523e+05
 -4.236e+05 4.236e+05
 8.531e+05 -8.531e+05
 1.36e+05 -1.36e+05
 3.561e+05 -3.561e+05
 4.095e+05 -4.095e+05
 2.024e+05 -2.024e+05
 -8.623e+04 8.623e+04
 1.137e+05 -1.137e+05
 4.114e+05 -4.114e+05
 -8.859e+04 8.859e+04
 -3.304e+05 3.304e+05
 -4.01e+05 4.01e+05
 1.863e+05 -1.863e+05
 -2.287e+05 2.287e+05
 1.909e+05 -1.909e+05
 -5.511e+05 5.511e+05
 1.444e+05 -1.444e+05
 -7.739e+05 7.739e+05
 2.828e+05 -2.828e+05
 -8.88e+05 8.88e+05
 -1.067e+04 1.067e+04
 1.027e+04 -1.027e+04
 4.736e+05 -4.736e+05
 3.716e+05 -3.716e+05
 -2.208e+05 2.208e+05
 -1.114e+06 1.114e+06
 1.06e+06 -1.06e+06
 6.799e+05 -6.799e+05
 -3.255e+05 3.255e+05
 3.399e+05 -3.399e+05
 -1.314e+06 1.314e+06
 -7.898e+05 7.898e+05
 3.471e+05 -3.471e+05
 -4.125e+05 4.125e+05
 6.259e+04 -6.259e+04
 1.738e+06 -1.738e+06
 -3.987e+05 3.987e+05
 -7967 7967
 3.725e+05 -3.725e+05
 1.363e+05 -1.363e+05
 2.343e+05 -2.343e+05
 4.358e+05 -4.358e+05
 1.606e+04 -1.606e+04
 -9.19e+04 9.19e+04
 -6.604e+04 6.604e+04
 -1.947e+05 1.947e+05
 -7.98e+05 7.98e+05
 -3.062e+05 3.062e+05
 3.301e+05 -3.301e+05
 5.463e+05 -5.463e+05
 -5.395e+05 5.395e+05
 -1.853e+05 1.853e+05
 -1.189e+05 1.189e+05
 -1.502e+05 1.502e+05
 7.319e+04 -7.319e+04
 6.679e+05 -6.679e+05
 -6.179e+05 6.179e+05
 5.601e+05 -5.601e+05
 -2.157e+05 2.157e+05
 2.65e+05 -2.65e+05
 -1.408e+05 1.408e+05
 -1.744e+06 1.744e+06
 -1.592e+05 1.592e+05
 1.484e+05 -1.484e+05
 -3.8e+05 3.8e+05
 1.368e+05 -1.368e+05
 -1.029e+05 1.029e+05
 -3007 3007
 1.485e+06 -1.485e+06
 -6.644e+05 6.644e+05
 1.449e+05 -1.449e+05
 -6.92e+05 6.92e+05
 -5.668e+05 5.668e+05
 -1.835e+04 1.835e+04
 4.351e+05 -4.351e+05
 1.761e+05 -1.761e+05
 1.217e+05 -1.217e+05
 2.227e+05 -2.227e+05
 3.931e+05 -3.931e+05
 1.496e+05 -1.496e+05
 -4.248e+05 4.248e+05
 4.643e+05 -4.643e+05
 -3.21e+05 3.21e+05
 3.579e+05 -3.579e+05
 6.968e+04 -6.968e+04
 -1.063e+06 1.063e+06
 1.364e+05 -1.364e+05
 1.566e+05 -1.566e+05
 -8.367e+05 8.367e+05
 -9.215e+05 9.215e+05
 -7.189e+05 7.189e+05
 1.069e+05 -1.069e+05
 7.654e+05 -7.654e+05
 -5.86e+05 5.86e+05
 -4.344e+05 4.344e+05
 5.123e+05 -5.123e+05
 1.273e+05 -1.273e+05
 -3.168e+05 3.168e+05
 1.973e+05 -1.973e+05
 -7.409e+05 7.409e+05
 -5.035e+05 5.035e+05
 1.785e+05 -1.785e+05
 -8.393e+05 8.393e+05
 -2.863e+05 2.863e+05
 4.018e+05 -4.018e+05
 -6.833e+05 6.833e+05
 -2.526e+05 2.526e+05
 -1.23e+05 1.23e+05
 -7.427e+05 7.427e+05
 -2.451e+05 2.451e+05
 -1.596e+05 1.596e+05
 9562 -9562
 7.175e+05 -7.175e+05
 8.346e+05 -8.346e+05
 -8.604e+05 8.604e+05
 1.978e+05 -1.978e+05
 6.292e+05 -6.292e+05
 -8.513e+05 8.513e+05
 -6.594e+05 6.594e+05
 -6.42e+05 6.42e+05
 2.615e+05 -2.615e+05
 3.283e+05 -3.283e+05
 -2.897e+05 2.897e+05
 -1.22e+06 1.22e+06
 -4.576e+05 4.576e+05
 7.953e+05 -7.953e+05
 3.839e+05 -3.839e+05
 -1.032e+06 1.032e+06
 3.299e+05 -3.299e+05
 -1.769e+06 1.769e+06
 -1.894e+05 1.894e+05
 1.049e+06 -1.049e+06
 -5.064e+05 5.064e+05
 -1.5e+05 1.5e+05
 4.447e+04 -4.447e+04
 4.278e+05 -4.278e+05
 2.149e+05 -2.149e+05
 1.883e+06 -1.883e+06
 3.754e+05 -3.754e+05
 9.689e+05 -9.689e+05
 -1.147e+06 1.147e+06
 8.556e+05 -8.556e+05
 4.599e+04 -4.599e+04
 -2.591e+05 2.591e+05
 8.489e+05 -8.489e+05
 5.305e+05 -5.305e+05
 -4.36e+05 4.36e+05
 -1.117e+06 1.117e+06
 -2.771e+05 2.771e+05
 7.415e+05 -7.415e+05
 3.784e+05 -3.784e+05
 -1.313e+05 1.313e+05
 2.402e+05 -2.402e+05
 -6.783e+05 6.783e+05
 -9.203e+04 9.203e+04
 -2.391e+05 2.391e+05
 -2.327e+04 2.327e+04
 8.411e+04 -8.411e+04
 4.47e+05 -4.47e+05
 1.089e+06 -1.089e+06
 -1.135e+06 1.135e+06
 -4.055e+05 4.055e+05
 -1395 1395
 3.532e+05 -3.532e+05
 -1.201e+06 1.201e+06
 6.048e+05 -6.048e+05
 2.944e+05 -2.944e+05
 -4.408e+05 4.408e+05
 -2.679e+05 2.679e+05
 -3.57e+05 3.57e+05
 1.535e+05 -1.535e+05
 -5.646e+05 5.646e+05
 -2.512e+05 2.512e+05
 -9.884e+04 9.884e+04
 5.438e+05 -5.438e+05
 1.608e+05 -1.608e+05
 1.317e+05 -1.317e+05
 -2.969e+05 2.969e+05
 8.384e+05 -8.384e+05
 -9.445e+04 9.445e+04
 -7.505e+04 7.505e+04
 7.873e+05 -7.873e+05
 -1.33e+05 1.33e+05
 -1.626e+05 1.626e+05
 9.258e+04 -9.258e+04
 -2.481e+05 2.481e+05
 -4.321e+04 4.321e+04
 -3.309e+05 3.309e+05
 -3.435e+05 3.435e+05
 -1.254e+05 1.254e+05
 -6.094e+05 6.094e+05
 -1.556e+05 1.556e+05
 -2.256e+05 2.256e+05
 -3.208e+05 3.208e+05
 -1.802e+05 1.802e+05
 -2.612e+05 2.612e+05
 2.67e+05 -2.67e+05
 -3.981e+05 3.981e+05
 3.274e+05 -3.274e+05
 -1.505e+06 1.505e+06
 4.993e+05 -4.993e+05
 -7.04e+04 7.04e+04
 -3.8e+05 3.8e+05
 3.634e+05 -3.634e+05
 -1.396e+05 1.396e+05
 4.043e+04 -4.043e+04
 1.728e+05 -1.728e+05
 -6.216e+05 6.216e+05
 9.606e+05 -9.606e+05
 1.482e+05 -1.482e+05
 -5.131e+05 5.131e+05
 4.822e+05 -4.822e+05
 -6.64e+05 6.64e+05
 2755 -2755
 -1.758e+05 1.758e+05
 1.872e+05 -1.872e+05
 -1.13e+06 1.13e+06
 -4.326e+05 4.326e+05
 9.487e+05 -9.487e+05
 1.041e+05 -1.041e+05
 4.179e+05 -4.179e+05
 5.929e+05 -5.929e+05
 -2.645e+04 2.645e+04
 -4.745e+05 4.745e+05
 7.268e+05 -7.268e+05
 -1.212e+06 1.212e+06
 1.318e+05 -1.318e+05
 -4.326e+04 4.326e+04
 2.073e+05 -2.073e+05
 -1.243e+04 1.243e+04
 -7.303e+04 7.303e+04
 1.237e+05 -1.237e+05
 -7.486e+05 7.486e+05
 -6.99e+05 6.99e+05
 4.883e+05 -4.883e+05
 -5.617e+05 5.617e+05
 3.654e+05 -3.654e+05
 1.029e+04 -1.029e+04
 -1.886e+05 1.886e+05
 -1.032e+06 1.032e+06
 1.285e+06 -1.285e+06
 -8.495e+05 8.495e+05
 4.312e+05 -4.312e+05
 -4.346e+05 4.346e+05
 2.372e+05 -2.372e+05
 -2.905e+05 2.905e+05
 8965 -8965
 -3.644e+05 3.644e+05
 9.076e+05 -9.076e+05
 1.786e+05 -1.786e+05
 -1.146e+05 1.146e+05
 4.174e+05 -4.174e+05
 1.392e+06 -1.392e+06
 -3.743e+05 3.743e+05
 2.229e+04 -2.229e+04
 7.068e+05 -7.068e+05
 3.797e+04 -3.797e+04
 -6.203e+05 6.203e+05
 4.728e+05 -4.728e+05
 3.194e+05 -3.194e+05
 -1.619e+06 1.619e+06
 -4.859e+05 4.859e+05
 4.619e+04 -4.619e+04
 -1.811e+06 1.811e+06
 -2.123e+04 2.123e+04
 7.444e+04 -7.444e+04
 1.707e+04 -1.707e+04
 5.341e+05 -5.341e+05
 -1.229e+05 1.229e+05
 -2.79e+05 2.79e+05
 -2.416e+05 2.416e+05
 2.143e+05 -2.143e+05
 -1.41e+05 1.41e+05
 -8.927e+04 8.927e+04
 -4.6e+05 4.6e+05
 -2.312e+05 2.312e+05
 1.155e+06 -1.155e+06
 -1.697e+04 1.697e+04
 1.409e+06 -1.409e+06
 -1.044e+05 1.044e+05
 -6.773e+05 6.773e+05
 -6.434e+04 6.434e+04
 -7.387e+05 7.387e+05
 1.048e+06 -1.048e+06
 -7.47e+05 7.47e+05
 -1.573e+05 1.573e+05
 4.834e+05 -4.834e+05
 3.92e+05 -3.92e+05
 -3.319e+05 3.319e+05
 -8.769e+05 8.769e+05
 -6.051e+05 6.051e+05
 -2.193e+05 2.193e+05
 1.774e+05 -1.774e+05
 -4.461e+05 4.461e+05
 -4.891e+05 4.891e+05
 -1.341e+05 1.341e+05
 1.16e+04 -1.16e+04
 -3.159e+04 3.159e+04
 -4.907e+05 4.907e+05
 1.033e+06 -1.033e+06
 -1.061e+06 1.061e+06
 9.552e+05 -9.552e+05
 2.33e+05 -2.33e+05
 -1.292e+05 1.292e+05
 -3.83e+05 3.83e+05
 3.915e+05 -3.915e+05
 6.287e+04 -6.287e+04
 1.119e+05 -1.119e+05
 -8.678e+05 8.678e+05
 -1.04e+06 1.04e+06
 -4.692e+05 4.692e+05
 1.089e+06 -1.089e+06
 -6.599e+05 6.599e+05
 -1.16e+05 1.16e+05
 -3.713e+05 3.713e+05
 1.003e+05 -1.003e+05
 -2.77e+05 2.77e+05
 3.601e+05 -3.601e+05
 -4.822e+05 4.822e+05
 -2.41e+05 2.41e+05
 -3.128e+04 3.128e+04
 2.677e+05 -2.677e+05
 2.598e+05 -2.598e+05
 4.538e+05 -4.538e+05
 8.483e+05 -8.483e+05
 1.063e+05 -1.063e+05
 4.283e+04 -4.283e+04
 -9.002e+04 9.002e+04
 2.883e+05 -2.883e+05
 3.8e+05 -3.8e+05
 7.364e+05 -7.364e+05
 -4.996e+05 4.996e+05
 -2.655e+05 2.655e+05
 -1.478e+05 1.478e+05
 8.338e+05 -8.338e+05
 4.145e+04 -4.145e+04
 1.889e+05 -1.889e+05
 5.056e+05 -5.056e+05
 -5.023e+04 5.023e+04
 1.75e+05 -1.75e+05
 -2.201e+05 2.201e+05
 -2.001e+05 2.001e+05
 -1.186e+06 1.186e+06
 1.104e+05 -1.104e+05
 -5.56e+05 5.56e+05
 -5.616e+04 5.616e+04
 7.773e+05 -7.773e+05
 -5.11e+05 5.11e+05
 4.914e+05 -4.914e+05
 2.316e+05 -2.316e+05
 -6.644e+05 6.644e+05
 -1.066e+06 1.066e+06
 3.811e+05 -3.811e+05
 -7.437e+05 7.437e+05
 2.468e+05 -2.468e+05
 -5.831e+05 5.831e+05
 -2.822e+05 2.822e+05
 8.374e+05 -8.374e+05
 1.381e+06 -1.381e+06
 9.671e+05 -9.671e+05
 -2.964e+05 2.964e+05
 1.776e+06 -1.776e+06
 -3.237e+05 3.237e+05
 3.173e+05 -3.173e+05
 -7.187e+05 7.187e+05
 -1.484e+05 1.484e+05
 1.042e+06 -1.042e+06
 -5.165e+05 5.165e+05
 -2.184e+05 2.184e+05
 2.194e+05 -2.194e+05
 -3.209e+05 3.209e+05
 -6.589e+04 6.589e+04
 -1.058e+05 1.058e+05
 -3.311e+05 3.311e+05
 2.725e+05 -2.725e+05
 -8.639e+05 8.639e+05
 -4.915e+05 4.915e+05
 -6.305e+05 6.305e+05
 3.943e+05 -3.943e+05
 8.811e+05 -8.811e+05
 1.497e+05 -1.497e+05
 3.04e+05 -3.04e+05
 5.442e+05 -5.442e+05
 6.218e+05 -6.218e+05
 4.731e+05 -4.731e+05
 -9.084e+05 9.084e+05
 1.044e+05 -1.044e+05
 -2.432e+05 2.432e+05
 1.085e+05 -1.085e+05
 -3.284e+05 3.284e+05
 5.684e+05 -5.684e+05
 -1.508e+06 1.508e+06
 2.846e+05 -2.846e+05
 6.56e+05 -6.56e+05
 -7.092e+05 7.092e+05
 4.037e+05 -4.037e+05
 5.846e+05 -5.846e+05
 1.834e+05 -1.834e+05
 -1.768e+05 1.768e+05
 5903 -5903
 4.092e+05 -4.092e+05
 -1.297e+06 1.297e+06
 4.959e+05 -4.959e+05
 -2.11e+06 2.11e+06
 1.427e+06 -1.427e+06
 -2.323e+05 2.323e+05
 -1.582e+06 1.582e+06
 3.464e+05 -3.464e+05
 2.651e+04 -2.651e+04
 -3.138e+05 3.138e+05
 1.52e+05 -1.52e+05
 -3.415e+05 3.415e+05
 -8.507e+04 8.507e+04
 -8.742e+05 8.742e+05
 1.013e+04 -1.013e+04
 2.703e+04 -2.703e+04
 9.858e+05 -9.858e+05
 -2.966e+05 2.966e+05
 9.082e+05 -9.082e+05
 7.189e+05 -7.189e+05
 3.306e+05 -3.306e+05
 6.119e+05 -6.119e+05
 8.196e+04 -8.196e+04
 -3.496e+04 3.496e+04
 6.081e+05 -6.081e+05
 -1.192e+05 1.192e+05
 -3.643e+05 3.643e+05
 -7.019e+05 7.019e+05
 -4.704e+05 4.704e+05
 -6.455e+05 6.455e+05
 6.116e+05 -6.116e+05
 6.36e+05 -6.36e+05
 -6.689e+04 6.689e+04
 -1.67e+05 1.67e+05
 -3.348e+04 3.348e+04
 -1.073e+06 1.073e+06
 3.122e+05 -3.122e+05
 -4.446e+05 4.446e+05
 -1.986e+05 1.986e+05
 6.476e+04 -6.476e+04
 2.991e+05 -2.991e+05
 1.061e+05 -1.061e+05
 2.017e+05 -2.017e+05
 -6.346e+05 6.346e+05
 2.308e+06 -2.308e+06
 4.878e+05 -4.878e+05
 1.923e+05 -1.923e+05
 2.011e+05 -2.011e+05
 8.897e+05 -8.897e+05
 -9.751e+05 9.751e+05
 -3.382e+05 3.382e+05
 -3.413e+05 3.413e+05
 1.044e+05 -1.044e+05
 -4.262e+05 4.262e+05
 1.27e+06 -1.27e+06
 1.983e+05 -1.983e+05
 4.851e+05 -4.851e+05
 -8.735e+05 8.735e+05
 -5.531e+05 5.531e+05
 -1.561e+04 1.561e+04
 -2.099e+04 2.099e+04
 3.518e+05 -3.518e+05
 -8.932e+04 8.932e+04
 8.12e+05 -8.12e+05
 -3.515e+05 3.515e+05
 -2.155e+05 2.155e+05
 5.627e+04 -5.627e+04
 2.472e+05 -2.472e+05
 -7.28e+05 7.28e+05
 6.38e+05 -6.38e+05
 -3.842e+05 3.842e+05
 6.891e+05 -6.891e+05
 1.173e+05 -1.173e+05
 2.141e+04 -2.141e+04
 -5.521e+05 5.521e+05
 8716 -8716
 5.835e+05 -5.835e+05
 -3.507e+05 3.507e+05
 3.82e+05 -3.82e+05
 2.133e+05 -2.133e+05
 1.36e+05 -1.36e+05
 3.648e+05 -3.648e+05
 1.341e+04 -1.341e+04
 3.386e+05 -3.386e+05
 5.958e+04 -5.958e+04
 -1252 1252
 -1.846e+06 1.846e+06
 1.914e+04 -1.914e+04
 -5.566e+05 5.566e+05
 -4.928e+05 4.928e+05
 -3.212e+05 3.212e+05
 -2.776e+05 2.776e+05
 -1.727e+05 1.727e+05
 -3.489e+04 3.489e+04
 1.926e+05 -1.926e+05
 -1.18e+06 1.18e+06
 3.767e+05 -3.767e+05
 -4.994e+05 4.994e+05
 -1.131e+05 1.131e+05
 1.667e+05 -1.667e+05
 1.048e+06 -1.048e+06
 -3.002e+05 3.002e+05
 -1.073e+05 1.073e+05
 -5.318e+05 5.318e+05
 6.929e+05 -6.929e+05
 -3.624e+05 3.624e+05
 7.539e+05 -7.539e+05
 2.637e+04 -2.637e+04
 1.565e+05 -1.565e+05
 -7.725e+05 7.725e+05
 1.895e+05 -1.895e+05
 6.424e+04 -6.424e+04
 -3.324e+04 3.324e+04
 1.8e+06 -1.8e+06
 2.031e+06 -2.031e+06
 -1.1e+06 1.1e+06
 6.057e+05 -6.057e+05
 3.081e+05 -3.081e+05
 7.932e+05 -7.932e+05
 -9.32e+04 9.32e+04
 3.254e+05 -3.254e+05
 -3.269e+05 3.269e+05
 -4.554e+05 4.554e+05
 -1.121e+06 1.121e+06
 8.36e+04 -8.36e+04
 -6.318e+05 6.318e+05
 8.893e+04 -8.893e+04
 4.047e+05 -4.047e+05
 1.787e+05 -1.787e+05
 1.915e+06 -1.915e+06
 1.243e+06 -1.243e+06
 9.437e+04 -9.437e+04
 -5.449e+05 5.449e+05
 -5.011e+05 5.011e+05
 2.765e+05 -2.765e+05
 4.144e+04 -4.144e+04
 -6.404e+05 6.404e+05
 6.032e+05 -6.032e+05
 1.318e+05 -1.318e+05
 6.162e+05 -6.162e+05
 -1.082e+06 1.082e+06
 6.856e+05 -6.856e+05
 7.665e+05 -7.665e+05
 -1.302e+06 1.302e+06
 -3.162e+05 3.162e+05
 1.354e+05 -1.354e+05
 -4.846e+05 4.846e+05
 5.649e+05 -5.649e+05
 1.923e+05 -1.923e+05
 -3.385e+05 3.385e+05
 -1.639e+06 1.639e+06
 -3.876e+05 3.876e+05
 4.369e+05 -4.369e+05
 -8.642e+05 8.642e+05
 9551 -9551
 1.892e+06 -1.892e+06
 -1.637e+05 1.637e+05
 1.113e+06 -1.113e+06
 4.138e+05 -4.138e+05
 -1.739e+05 1.739e+05
 -4.665e+05 4.665e+05
 5.568e+05 -5.568e+05
 5.21e+05 -5.21e+05
 3.044e+05 -3.044e+05
 -2.983e+05 2.983e+05
 -1.701e+05 1.701e+05
 2.177e+05 -2.177e+05
 -9.988e+05 9.988e+05
 -3.804e+05 3.804e+05
 -6.539e+05 6.539e+05
 1.006e+06 -1.006e+06
 1.3e+05 -1.3e+05
 1.862e+05 -1.862e+05
 -7.079e+05 7.079e+05
 8.73e+04 -8.73e+04
 -2.146e+05 2.146e+05
 -4.881e+04 4.881e+04
 1.641e+06 -1.641e+06
 -3.162e+05 3.162e+05
 -1.822e+05 1.822e+05
 -1.038e+05 1.038e+05
 -5.768e+05 5.768e+05
 3.535e+05 -3.535e+05
 1.185e+05 -1.185e+05
 2.379e+05 -2.379e+05
 -1.156e+05 1.156e+05
 -4.087e+05 4.087e+05
 -2.296e+05 2.296e+05
 7.019e+04 -7.019e+04
 5.263e+04 -5.263e+04
 -1.118e+06 1.118e+06
 5.277e+05 -5.277e+05
 -4.277e+05 4.277e+05
 -7.015e+05 7.015e+05
 -7.628e+05 7.628e+05
 -3.46e+05 3.46e+05
 9.508e+05 -9.508e+05
 -5.511e+05 5.511e+05
 9.85e+04 -9.85e+04
 2.651e+05 -2.651e+05
 5.724e+05 -5.724e+05
 1.424e+05 -1.424e+05
 -7.376e+05 7.376e+05
 -1.461e+05 1.461e+05
 -6.34e+04 6.34e+04
 -2.138e+05 2.138e+05
 -5.041e+05 5.041e+05
 5.128e+05 -5.128e+05
 -2.013e+05 2.013e+05
 1.943e+04 -1.943e+04
 -4.843e+05 4.843e+05
 -2.924e+05 2.924e+05
 -3.264e+05 3.264e+05
 -1.297e+05 1.297e+05
 5.502e+05 -5.502e+05
 -6.331e+05 6.331e+05
 -2.205e+05 2.205e+05
 3.596e+05 -3.596e+05
 2.973e+04 -2.973e+04
 -7.459e+04 7.459e+04
 3.639e+04 -3.639e+04
 1.383e+06 -1.383e+06
 7.661e+04 -7.661e+04
 3.137e+05 -3.137e+05
 -4.012e+04 4.012e+04
 1.467e+04 -1.467e+04
 -2.48e+05 2.48e+05
 -7.307e+05 7.307e+05
 -8.361e+05 8.361e+05
 -3.035e+05 3.035e+05
 6.566e+05 -6.566e+05
 -1.112e+05 1.112e+05
 -3.166e+05 3.166e+05
 2.424e+04 -2.424e+04
 7.841e+04 -7.841e+04
 6.233e+05 -6.233e+05
 1.612e+06 -1.612e+06
 5.758e+05 -5.758e+05
 5.531e+05 -5.531e+05
 7122 -7122
 5.328e+05 -5.328e+05
 -4.726e+05 4.726e+05
 1.136e+06 -1.136e+06
 6.266e+05 -6.266e+05
 5.097e+05 -5.097e+05
 5.669e+05 -5.669e+05
 -5.091e+05 5.091e+05
 6.577e+05 -6.577e+05
 5.663e+05 -5.663e+05
 -5.685e+05 5.685e+05
 1.205e+06 -1.205e+06
 -8.797e+05 8.797e+05
 1.637e+06 -1.637e+06
 -1.644e+05 1.644e+05
 3.896e+05 -3.896e+05
 -4.799e+05 4.799e+05
 -5.488e+05 5.488e+05
 5.539e+05 -5.539e+05
 1.311e+06 -1.311e+06
 -8.604e+05 8.604e+05
 8.887e+05 -8.887e+05
 -2.205e+05 2.205e+05
 2.751e+04 -2.751e+04
 9.771e+05 -9.771e+05
 -1.204e+04 1.204e+04
 5.694e+05 -5.694e+05
 6.508e+05 -6.508e+05
 9.563e+04 -9.563e+04
 3.967e+05 -3.967e+05
 6.469e+05 -6.469e+05
 3.048e+05 -3.048e+05
 1.659e+05 -1.659e+05
 6.9e+05 -6.9e+05
 1.318e+05 -1.318e+05
 3.143e+05 -3.143e+05
 2.199e+05 -2.199e+05
 -3.428e+05 3.428e+05
 1.622e+05 -1.622e+05
 4.358e+05 -4.358e+05
 -4.379e+04 4.379e+04
 -2.687e+05 2.687e+05
 -9.134e+05 9.134e+05
 -2.394e+05 2.394e+05
 1.314e+06 -1.314e+06
 -3.497e+05 3.497e+05
 -6.078e+05 6.078e+05
 1.015e+06 -1.015e+06
 1.942e+05 -1.942e+05
 2.669e+05 -2.669e+05
 -4.123e+05 4.123e+05
 2.16e+05 -2.16e+05
 5.777e+05 -5.777e+05
 -5.584e+05 5.584e+05
 9.054e+04 -9.054e+04
 -3.286e+05 3.286e+05
 7.119e+05 -7.119e+05
 3.757e+05 -3.757e+05
 6.811e+05 -6.811e+05
 -5.821e+05 5.821e+05
 -1.638e+05 1.638e+05
 -2.677e+05 2.677e+05
 -4.202e+05 4.202e+05
 5.006e+05 -5.006e+05
 -5.494e+05 5.494e+05
 -5.408e+05 5.408e+05
 -1.189e+06 1.189e+06
 8.843e+05 -8.843e+05
 -4.634e+05 4.634e+05
 -2.49e+05 2.49e+05
 -1.304e+04 1.304e+04
 -7.211e+05 7.211e+05
 7.593e+05 -7.593e+05
 3.539e+05 -3.539e+05
 -7.373e+05 7.373e+05
 1.307e+05 -1.307e+05
 7.074e+05 -7.074e+05
 -2.75e+05 2.75e+05
 1.392e+05 -1.392e+05
 -4.211e+05 4.211e+05
 -3.984e+04 3.984e+04
 1.386e+05 -1.386e+05
 -8.353e+04 8.353e+04
 -7.996e+05 7.996e+05
 -9.515e+05 9.515e+05
 -1.149e+06 1.149e+06
 7.196e+05 -7.196e+05
 1.672e+05 -1.672e+05
 7.538e+05 -7.538e+05
 -7.853e+05 7.853e+05
 -2.175e+05 2.175e+05
 4.1e+05 -4.1e+05
 3.39e+05 -3.39e+05
 7.055e+04 -7.055e+04
 5.626e+05 -5.626e+05
 -1.384e+06 1.384e+06
 -6.363e+04 6.363e+04
 2.423e+05 -2.423e+05
 -6.787e+05 6.787e+05
 -3.271e+05 3.271e+05
 6.275e+05 -6.275e+05
 1.083e+06 -1.083e+06
 5.441e+04 -5.441e+04
 -4.019e+05 4.019e+05
 9.971e+05 -9.971e+05
 6.701e+05 -6.701e+05
 4.813e+05 -4.813e+05
 -4.165e+05 4.165e+05
 -5.395e+05 5.395e+05
 -6.463e+05 6.463e+05
 2.566e+04 -2.566e+04
 2.115e+05 -2.115e+05
 6.86e+05 -6.86e+05
 -6.641e+04 6.641e+04
 -3.129e+05 3.129e+05
 4.243e+05 -4.243e+05
 3.412e+05 -3.412e+05
 -5.042e+05 5.042e+05
 -1.942e+05 1.942e+05
 2.449e+05 -2.449e+05
 3.249e+05 -3.249e+05
 -2.499e+04 2.499e+04
 2.838e+05 -2.838e+05
 -6.992e+05 6.992e+05
 9.085e+05 -9.085e+05
 4.795e+05 -4.795e+05
 -1.012e+06 1.012e+06
 -3.441e+05 3.441e+05
 -7.813e+05 7.813e+05
 1.767e+05 -1.767e+05
 2.832e+05 -2.832e+05
 -3.548e+05 3.548e+05
 -7.827e+05 7.827e+05
 -4.12e+05 4.12e+05
 -3.711e+05 3.711e+05
 -1.005e+06 1.005e+06
 4.496e+04 -4.496e+04
 -7.898e+05 7.898e+05
 3.054e+05 -3.054e+05
 3.942e+05 -3.942e+05
 7.539e+04 -7.539e+04
 2.88e+05 -2.88e+05
 -4.44e+05 4.44e+05
 9.468e+04 -9.468e+04
 6.396e+05 -6.396e+05
 1.042e+06 -1.042e+06
 -2.575e+05 2.575e+05
 -1.074e+05 1.074e+05
 6.419e+05 -6.419e+05
 8.077e+05 -8.077e+05
 -7.069e+04 7.069e+04
 -7.137e+05 7.137e+05
 -5.685e+05 5.685e+05
 5.594e+05 -5.594e+05
 -5.456e+05 5.456e+05
 3.402e+05 -3.402e+05
 -4.415e+05 4.415e+05
 -1.08e+05 1.08e+05
 -1.146e+06 1.146e+06
 -5.125e+04 5.125e+04
 -8.936e+05 8.936e+05
 -1.505e+04 1.505e+04
 -1.579e+05 1.579e+05
 -1.792e+06 1.792e+06
 2.165e+05 -2.165e+05
 4.689e+05 -4.689e+05
 5.304e+05 -5.304e+05
 2.425e+05 -2.425e+05
 -5.274e+05 5.274e+05
 -3.248e+05 3.248e+05
 -3.189e+05 3.189e+05
 -5.183e+05 5.183e+05
 -3.567e+05 3.567e+05
 -3.767e+05 3.767e+05
 -4.378e+05 4.378e+05
 -2.056e+04 2.056e+04
 7.401e+05 -7.401e+05
 5.199e+05 -5.199e+05
 7.959e+04 -7.959e+04
 -7.827e+04 7.827e+04
 1.934e+05 -1.934e+05
 4.681e+05 -4.681e+05
 1.969e+05 -1.969e+05
 1.208e+05 -1.208e+05
 -8.789e+05 8.789e+05
 -2.369e+05 2.369e+05
 -3.84e+05 3.84e+05
 -1.248e+05 1.248e+05
 6.107e+05 -6.107e+05
 -9.141e+05 9.141e+05
 -5.639e+05 5.639e+05
 -5.131e+05 5.131e+05
 -6.888e+05 6.888e+05
 -1.122e+06 1.122e+06
 -2.252e+05 2.252e+05
 1.611e+05 -1.611e+05
 -4.536e+05 4.536e+05
 -4.005e+05 4.005e+05
 1.355e+06 -1.355e+06
 -1.004e+06 1.004e+06
 -4.377e+05 4.377e+05
 -4.053e+05 4.053e+05
 4.208e+04 -4.208e+04
 -7.732e+05 7.732e+05
 5.152e+05 -5.152e+05
 -4.514e+05 4.514e+05
 -6.02e+05 6.02e+05
 7.975e+05 -7.975e+05
 8.635e+05 -8.635e+05
 9.856e+05 -9.856e+05
 -4.11e+05 4.11e+05
 -6.723e+05 6.723e+05
 9.797e+05 -9.797e+05
 1.341e+05 -1.341e+05
 -4.867e+05 4.867e+05
 6.683e+05 -6.683e+05
 -8.975e+05 8.975e+05
 2.282e+05 -2.282e+05
 -4.128e+05 4.128e+05
 3.332e+04 -3.332e+04
 1.032e+06 -1.032e+06
 -6.301e+04 6.301e+04
 7.753e+05 -7.753e+05
 -1.594e+05 1.594e+05
 7.652e+05 -7.652e+05
 -1.051e+06 1.051e+06
 -6.81e+05 6.81e+05
 2.613e+05 -2.613e+05
 1.335e+06 -1.335e+06
 -4.238e+05 4.238e+05
 1.026e+05 -1.026e+05
 6.919e+05 -6.919e+05
 -8.614e+05 8.614e+05
 6.87e+05 -6.87e+05
 6.191e+05 -6.191e+05
 -4.358e+05 4.358e+05
 3.569e+05 -3.569e+05
 -4.231e+05 4.231e+05
 -3.861e+05 3.861e+05
 -2.066e+04 2.066e+04
 1.608e+05 -1.608e+05
 -3.605e+05 3.605e+05
 9.657e+04 -9.657e+04
 -5.062e+05 5.062e+05
 1.46e+06 -1.46e+06
 -7.694e+05 7.694e+05
 7.649e+05 -7.649e+05
 -4.711e+05 4.711e+05
 -1.174e+05 1.174e+05
 6.922e+04 -6.922e+04
 6.963e+05 -6.963e+05
 -3.265e+05 3.265e+05
 4.785e+05 -4.785e+05
 1.476e+05 -1.476e+05
 -1.65e+05 1.65e+05
 1.628e+05 -1.628e+05
 2.108e+05 -2.108e+05
 8.255e+05 -8.255e+05
 -2.443e+05 2.443e+05
 2.289e+05 -2.289e+05
 -5.894e+05 5.894e+05
 -6.214e+05 6.214e+05
 1.007e+06 -1.007e+06
 -2.662e+05 2.662e+05
 5.328e+05 -5.328e+05
 -1.716e+05 1.716e+05
 -1.877e+05 1.877e+05
 3.885e+05 -3.885e+05
 5.417e+05 -5.417e+05
 3.458e+05 -3.458e+05
 -1.8e+05 1.8e+05
 -4.654e+05 4.654e+05
 -5.772e+05 5.772e+05
 2.311e+05 -2.311e+05
 2.659e+05 -2.659e+05
 3.15e+05 -3.15e+05
 -8.844e+04 8.844e+04
 1.194e+06 -1.194e+06
 1.225e+06 -1.225e+06
 -5.122e+04 5.122e+04
 5.376e+04 -5.376e+04
 1.057e+06 -1.057e+06
 -2.442e+05 2.442e+05
 8.124e+04 -8.124e+04
 -5.409e+05 5.409e+05
 -1.448e+06 1.448e+06
 -5.277e+04 5.277e+04
 3.129e+05 -3.129e+05
 2.412e+05 -2.412e+05
 -5.559e+05 5.559e+05
 7.441e+05 -7.441e+05
 -4.602e+05 4.602e+05
 -3.636e+05 3.636e+05
 3.694e+04 -3.694e+04
 1.14e+05 -1.14e+05
 2.86e+05 -2.86e+05
 3.824e+05 -3.824e+05
 -9.311e+05 9.311e+05
 -1.012e+05 1.012e+05
 3.255e+05 -3.255e+05
 -9.946e+04 9.946e+04
 4.868e+05 -4.868e+05
 5.94e+05 -5.94e+05
 -1.531e+05 1.531e+05
 -8.775e+04 8.775e+04
 1.192e+06 -1.192e+06
 -1.248e+05 1.248e+05
 5.176e+05 -5.176e+05
 7.039e+05 -7.039e+05
 -7.045e+05 7.045e+05
 -6.401e+05 6.401e+05
 7.5e+04 -7.5e+04
 -2.498e+05 2.498e+05
 6.083e+05 -6.083e+05
 8.735e+04 -8.735e+04
 1.43e+05 -1.43e+05
 -5.871e+05 5.871e+05
 -1.656e+05 1.656e+05
 -2.326e+05 2.326e+05
 -2.739e+05 2.739e+05
 -2.823e+05 2.823e+05
 -4.111e+05 4.111e+05
 -5.258e+05 5.258e+05
 1.017e+06 -1.017e+06
 1.575e+06 -1.575e+06
 9.456e+05 -9.456e+05
 -6.886e+05 6.886e+05
 2.144e+05 -2.144e+05
 1.546e+05 -1.546e+05
 4.49e+05 -4.49e+05
 3.159e+05 -3.159e+05
 8.519e+05 -8.519e+05
 -2.504e+05 2.504e+05
 3.466e+05 -3.466e+05
 9.635e+05 -9.635e+05
 6.911e+04 -6.911e+04
 -1.597e+05 1.597e+05
 -1.994e+06 1.994e+06
 -9.349e+05 9.349e+05
 -7.245e+05 7.245e+05
 2.515e+05 -2.515e+05
 -7.226e+05 7.226e+05
 1.854e+04 -1.854e+04
 -8.155e+04 8.155e+04
 1.463e+05 -1.463e+05
 -9.818e+05 9.818e+05
 1.456e+05 -1.456e+05
 -5.993e+05 5.993e+05
 -4.799e+04 4.799e+04
 1.932e+05 -1.932e+05
 -6.107e+05 6.107e+05
 1.483e+06 -1.483e+06
 1.899e+05 -1.899e+05
 2.124e+05 -2.124e+05
 6.213e+04 -6.213e+04
 -1.529e+05 1.529e+05
 2.211e+05 -2.211e+05
 -8.892e+04 8.892e+04
 2.504e+05 -2.504e+05
 6.147e+05 -6.147e+05
 1.501e+04 -1.501e+04
 -2.091e+05 2.091e+05
 1.964e+05 -1.964e+05
 -2.08e+05 2.08e+05
 -1.327e+06 1.327e+06
 -5.911e+04 5.911e+04
 -3.974e+05 3.974e+05
 3.006e+05 -3.006e+05
 1.891e+05 -1.891e+05
 5.974e+05 -5.974e+05
 4.721e+05 -4.721e+05
 -1.83e+05 1.83e+05
 -4.181e+05 4.181e+05
 -2.057e+05 2.057e+05
 1.812e+05 -1.812e+05
 4.605e+04 -4.605e+04
 2.585e+05 -2.585e+05
 -1.153e+06 1.153e+06
 -2.292e+05 2.292e+05
 -1.562e+05 1.562e+05
 -5.36e+05 5.36e+05
 -8.754e+05 8.754e+05
 9.958e+05 -9.958e+05
 4.748e+05 -4.748e+05
 -7.48e+05 7.48e+05
 -1.654e+05 1.654e+05
 -5.292e+05 5.292e+05
 5.35e+05 -5.35e+05
 6.695e+05 -6.695e+05
 4.854e+05 -4.854e+05
 -1.032e+05 1.032e+05
 -1.27e+06 1.27e+06
 -5.845e+05 5.845e+05
 -8.234e+05 8.234e+05
 1.171e+06 -1.171e+06
 -1.335e+05 1.335e+05
 -2.949e+05 2.949e+05
 -4.6e+05 4.6e+05
 4.993e+05 -4.993e+05
 1.035e+06 -1.035e+06
 -5.129e+05 5.129e+05
 1.659e+05 -1.659e+05
 -5362 5362
 -6.594e+05 6.594e+05
 1.129e+06 -1.129e+06
 1.663e+05 -1.663e+05
 -1.389e+06 1.389e+06
 5.701e+05 -5.701e+05
 -6.367e+05 6.367e+05
 5.024e+05 -5.024e+05
 -3.632e+05 3.632e+05
 -1.966e+05 1.966e+05
 1.268e+05 -1.268e+05
 -3.378e+05 3.378e+05
 8.689e+05 -8.689e+05
 -5.861e+05 5.861e+05
 -3.409e+04 3.409e+04
 9.19e+05 -9.19e+05
 1.099e+05 -1.099e+05
 -9.387e+05 9.387e+05
 5.128e+05 -5.128e+05
 -9.846e+05 9.846e+05
 -4.874e+05 4.874e+05
 6.871e+05 -6.871e+05
 -6.253e+05 6.253e+05
 1.133e+05 -1.133e+05


