# Created by Octave 5.2.0, Fri Sep 25 00:13:48 2020 CEST <jiwidi@land>
# name: w
# type: matrix
# rows: 2001
# columns: 2
 0 0
 84.68 -84.68
 -5.222 5.222
 155.9 -155.9
 4.846 -4.846
 24.88 -24.88
 98.71 -98.71
 -15.45 15.45
 41.75 -41.75
 -19.22 19.22
 -11.47 11.47
 5.269 -5.269
 9.567 -9.567
 19.66 -19.66
 -30.58 30.58
 -76.08 76.08
 41.98 -41.98
 -60.51 60.51
 90.21 -90.21
 -11.03 11.03
 -5.605 5.605
 -67.43 67.43
 35.43 -35.43
 0.9786 -0.9786
 6.581 -6.581
 -77.23 77.23
 -19.77 19.77
 -6.135 6.135
 -29.52 29.52
 35.89 -35.89
 -48.32 48.32
 -0.5491 0.5491
 30.88 -30.88
 -3.517 3.517
 45.31 -45.31
 -150 150
 -145.4 145.4
 -34 34
 -68.31 68.31
 -21.16 21.16
 -5.484 5.484
 26.3 -26.3
 -27.74 27.74
 -74.25 74.25
 -41.15 41.15
 23.82 -23.82
 -58.23 58.23
 135.6 -135.6
 -0.567 0.567
 62.38 -62.38
 25.13 -25.13
 -29.83 29.83
 6.004 -6.004
 -62.67 62.67
 85.41 -85.41
 80.09 -80.09
 -13.23 13.23
 16.29 -16.29
 -9.448 9.448
 -98.37 98.37
 20.83 -20.83
 -25.59 25.59
 7.518 -7.518
 59.95 -59.95
 -43.89 43.89
 -17.92 17.92
 75.75 -75.75
 -16.9 16.9
 56.83 -56.83
 16.33 -16.33
 11.79 -11.79
 -121.9 121.9
 -11.83 11.83
 44.25 -44.25
 112 -112
 -61.12 61.12
 -214.1 214.1
 -62.36 62.36
 59.15 -59.15
 -97.28 97.28
 26.81 -26.81
 8.516 -8.516
 -78.39 78.39
 -14.45 14.45
 0.7071 -0.7071
 16.79 -16.79
 -106.3 106.3
 -23.04 23.04
 -47.3 47.3
 -9.113 9.113
 21.18 -21.18
 80.01 -80.01
 3.561 -3.561
 -7.467 7.467
 130.5 -130.5
 -8.155 8.155
 -28.91 28.91
 61.61 -61.61
 3.4 -3.4
 -7.653 7.653
 7.206 -7.206
 22.74 -22.74
 -48.1 48.1
 -61.24 61.24
 14.27 -14.27
 56.59 -56.59
 -11.69 11.69
 21.56 -21.56
 20.37 -20.37
 30.48 -30.48
 56.47 -56.47
 -14.83 14.83
 12.9 -12.9
 6.797 -6.797
 39.57 -39.57
 -30.18 30.18
 40.26 -40.26
 -28.52 28.52
 -67.99 67.99
 -40.93 40.93
 -2.032 2.032
 82.02 -82.02
 -186.2 186.2
 21.22 -21.22
 57.49 -57.49
 -160.6 160.6
 -34.06 34.06
 -28.53 28.53
 40.23 -40.23
 -0.7642 0.7642
 89.96 -89.96
 -36.48 36.48
 4.736 -4.736
 -29.61 29.61
 54.11 -54.11
 -3.824 3.824
 38.31 -38.31
 -173.6 173.6
 -19.91 19.91
 -20.09 20.09
 -9.972 9.972
 -18.38 18.38
 38.71 -38.71
 -30.05 30.05
 51.77 -51.77
 -31.31 31.31
 93.74 -93.74
 -8.331 8.331
 -47.44 47.44
 31.59 -31.59
 8.771 -8.771
 -97.83 97.83
 44.75 -44.75
 122.3 -122.3
 -10.7 10.7
 -33.32 33.32
 -17.99 17.99
 26.97 -26.97
 -72.51 72.51
 5.09 -5.09
 -1.32 1.32
 51.19 -51.19
 -58.46 58.46
 -93.64 93.64
 33.94 -33.94
 133.7 -133.7
 54.71 -54.71
 -4.429 4.429
 7.969 -7.969
 -41.66 41.66
 -19.64 19.64
 34.4 -34.4
 -42.57 42.57
 38.98 -38.98
 31.56 -31.56
 -5.047 5.047
 -50.16 50.16
 83.76 -83.76
 -32.93 32.93
 6.02 -6.02
 -4.079 4.079
 -61.71 61.71
 -113.9 113.9
 84.03 -84.03
 -10.11 10.11
 -31.68 31.68
 88.07 -88.07
 -51.65 51.65
 21.47 -21.47
 -87.85 87.85
 40.09 -40.09
 8.891 -8.891
 -22.32 22.32
 -6.823 6.823
 -43.12 43.12
 -49.77 49.77
 -13.55 13.55
 -56.49 56.49
 -1.034 1.034
 152.2 -152.2
 29.51 -29.51
 -36.43 36.43
 -84.41 84.41
 100.6 -100.6
 -28.45 28.45
 35.79 -35.79
 -9.025 9.025
 -36.17 36.17
 -20.51 20.51
 78.12 -78.12
 -196.6 196.6
 17.77 -17.77
 -48.91 48.91
 60.07 -60.07
 -42.49 42.49
 126 -126
 -18.34 18.34
 -50.24 50.24
 10.45 -10.45
 49.51 -49.51
 -37.44 37.44
 -2.067 2.067
 58.9 -58.9
 59.67 -59.67
 64.19 -64.19
 58.43 -58.43
 14.71 -14.71
 -11.77 11.77
 24.48 -24.48
 -74.89 74.89
 30.34 -30.34
 100.1 -100.1
 22.42 -22.42
 -71.44 71.44
 27.5 -27.5
 -18.14 18.14
 -21.87 21.87
 -67.74 67.74
 83.18 -83.18
 38.77 -38.77
 -75.2 75.2
 -19.39 19.39
 -34.76 34.76
 -3.763 3.763
 -49.74 49.74
 -64.05 64.05
 45 -45
 18.21 -18.21
 -24.55 24.55
 -72.19 72.19
 75.78 -75.78
 31.56 -31.56
 32.67 -32.67
 17.72 -17.72
 -29.15 29.15
 42.27 -42.27
 18.76 -18.76
 110.3 -110.3
 74.07 -74.07
 -5.927 5.927
 141.7 -141.7
 -30.17 30.17
 11.83 -11.83
 -48.69 48.69
 29.04 -29.04
 25.94 -25.94
 6.096 -6.096
 6.279 -6.279
 1.38 -1.38
 101.7 -101.7
 7.179 -7.179
 -52.14 52.14
 -34.96 34.96
 -7.657 7.657
 -5.718 5.718
 33.57 -33.57
 31.61 -31.61
 -8.262 8.262
 -71.52 71.52
 -25.44 25.44
 -58.7 58.7
 25.61 -25.61
 33.18 -33.18
 4.798 -4.798
 102.9 -102.9
 21.96 -21.96
 28.94 -28.94
 -21.58 21.58
 50.26 -50.26
 -94.48 94.48
 -6.172 6.172
 -154.4 154.4
 109.8 -109.8
 19.85 -19.85
 0.1689 -0.1689
 16.71 -16.71
 -134.5 134.5
 -16.96 16.96
 60.81 -60.81
 4.164 -4.164
 -57.84 57.84
 -1.328 1.328
 47.13 -47.13
 -100.3 100.3
 40.36 -40.36
 7.955 -7.955
 50.81 -50.81
 -18.03 18.03
 11 -11
 16.83 -16.83
 -1.49 1.49
 106.6 -106.6
 -74.19 74.19
 -101.1 101.1
 61.79 -61.79
 -69.14 69.14
 2.824 -2.824
 39.47 -39.47
 -18.18 18.18
 -26.23 26.23
 53.06 -53.06
 235.1 -235.1
 40.47 -40.47
 -4.126 4.126
 -50.67 50.67
 25.68 -25.68
 90.44 -90.44
 35.76 -35.76
 1.59 -1.59
 16.44 -16.44
 -63.06 63.06
 16.93 -16.93
 20.97 -20.97
 -61.28 61.28
 -46.91 46.91
 11.42 -11.42
 -6.672 6.672
 122.4 -122.4
 67.34 -67.34
 101 -101
 -4.138 4.138
 -56.16 56.16
 -40.44 40.44
 50.57 -50.57
 3.445 -3.445
 -30.53 30.53
 89.97 -89.97
 24.55 -24.55
 83.06 -83.06
 67.07 -67.07
 -26.91 26.91
 -11.7 11.7
 -117.6 117.6
 -34.05 34.05
 -28.43 28.43
 51.06 -51.06
 -46.95 46.95
 -27.62 27.62
 -6.69 6.69
 106.7 -106.7
 -84.37 84.37
 -59.52 59.52
 -62.29 62.29
 53.63 -53.63
 -18.8 18.8
 22.97 -22.97
 43.67 -43.67
 -96.49 96.49
 29.75 -29.75
 -135.1 135.1
 44.9 -44.9
 34.31 -34.31
 -36.71 36.71
 -127.9 127.9
 -127.9 127.9
 10.83 -10.83
 -9.3 9.3
 97.21 -97.21
 -4.898 4.898
 -153.9 153.9
 -33.55 33.55
 -50.54 50.54
 -4.073 4.073
 -38.77 38.77
 2.939 -2.939
 49.62 -49.62
 19.59 -19.59
 92.52 -92.52
 65.99 -65.99
 -32.05 32.05
 -20.34 20.34
 -9.087 9.087
 4.832 -4.832
 -99.74 99.74
 -5.745 5.745
 21.39 -21.39
 -26.06 26.06
 32.72 -32.72
 -8.677 8.677
 88.77 -88.77
 -10.38 10.38
 -64.44 64.44
 -40.11 40.11
 35.6 -35.6
 -32.08 32.08
 -9.582 9.582
 12.29 -12.29
 -6.884 6.884
 -29.49 29.49
 118.2 -118.2
 -45.21 45.21
 10.44 -10.44
 -15.61 15.61
 37.57 -37.57
 -99.96 99.96
 -0.04369 0.04369
 37.47 -37.47
 -25.7 25.7
 80.75 -80.75
 14 -14
 78.36 -78.36
 -64.26 64.26
 167.3 -167.3
 36.93 -36.93
 -51.19 51.19
 -27.12 27.12
 -66.54 66.54
 -14.17 14.17
 -6.373 6.373
 -24.29 24.29
 88.54 -88.54
 -56.2 56.2
 60.49 -60.49
 18.6 -18.6
 -49.65 49.65
 -13.34 13.34
 -39.53 39.53
 19.53 -19.53
 -134 134
 4.685 -4.685
 -48.08 48.08
 -14.86 14.86
 -147.8 147.8
 90.19 -90.19
 30.75 -30.75
 -67.47 67.47
 -33.51 33.51
 23.18 -23.18
 3.341 -3.341
 105.1 -105.1
 -3.022 3.022
 1.549 -1.549
 114.6 -114.6
 13.75 -13.75
 -6.059 6.059
 92.43 -92.43
 17.8 -17.8
 126.4 -126.4
 -12.98 12.98
 -0.8923 0.8923
 -7.787 7.787
 12.42 -12.42
 55.71 -55.71
 11.67 -11.67
 79.78 -79.78
 -22.02 22.02
 44.98 -44.98
 -23.92 23.92
 24.87 -24.87
 34.87 -34.87
 -47.16 47.16
 2.051 -2.051
 8.82 -8.82
 -63.68 63.68
 -3.975 3.975
 63.08 -63.08
 -46.59 46.59
 -9.876 9.876
 -44.63 44.63
 41.8 -41.8
 -10.19 10.19
 -44.71 44.71
 18.51 -18.51
 29.43 -29.43
 -7.667 7.667
 -0.4737 0.4737
 14.71 -14.71
 -119.2 119.2
 -2.865 2.865
 -29.29 29.29
 -73.13 73.13
 5.244 -5.244
 -12.12 12.12
 -41.99 41.99
 -16.61 16.61
 -86.33 86.33
 -76.45 76.45
 -10.38 10.38
 81.4 -81.4
 -156.7 156.7
 42.4 -42.4
 43.35 -43.35
 -87.96 87.96
 -6.191 6.191
 -12.29 12.29
 -109.3 109.3
 -80.32 80.32
 -6.847 6.847
 -18.52 18.52
 83.66 -83.66
 -6.901 6.901
 -22.38 22.38
 -21.86 21.86
 29.5 -29.5
 -31.8 31.8
 24.32 -24.32
 -45.54 45.54
 11.24 -11.24
 -13.62 13.62
 -88.4 88.4
 11.21 -11.21
 61.04 -61.04
 -75.71 75.71
 50.62 -50.62
 -122.9 122.9
 35.98 -35.98
 -43.22 43.22
 50.69 -50.69
 10.56 -10.56
 -10.15 10.15
 82.43 -82.43
 -13.21 13.21
 -54.33 54.33
 4.308 -4.308
 29.08 -29.08
 -140.3 140.3
 143.5 -143.5
 9.523 -9.523
 103.2 -103.2
 -5.314 5.314
 -75 75
 -50.58 50.58
 -55.25 55.25
 -28.3 28.3
 61.97 -61.97
 -121.6 121.6
 42.84 -42.84
 -49.52 49.52
 -76.46 76.46
 17.17 -17.17
 80.93 -80.93
 -31.44 31.44
 76.53 -76.53
 -53.65 53.65
 64.09 -64.09
 -9.378 9.378
 33.95 -33.95
 -75.03 75.03
 4.154 -4.154
 -7.819 7.819
 45.1 -45.1
 -7.432 7.432
 18.67 -18.67
 -21.78 21.78
 -51.65 51.65
 4.409 -4.409
 89.38 -89.38
 19.52 -19.52
 -43.34 43.34
 -36.15 36.15
 -15.78 15.78
 20.27 -20.27
 49.06 -49.06
 144.6 -144.6
 -61.31 61.31
 -8.804 8.804
 -8.77 8.77
 65.33 -65.33
 40.72 -40.72
 -13.79 13.79
 71.39 -71.39
 38.18 -38.18
 -18.4 18.4
 -49.34 49.34
 99.27 -99.27
 204.1 -204.1
 21.22 -21.22
 28.82 -28.82
 7.273 -7.273
 53.53 -53.53
 -24.52 24.52
 43.63 -43.63
 -50.62 50.62
 60.22 -60.22
 6.064 -6.064
 -76.45 76.45
 -42.44 42.44
 23.36 -23.36
 -8.925 8.925
 11.13 -11.13
 -56.36 56.36
 -19.64 19.64
 0.5793 -0.5793
 71.11 -71.11
 74.84 -74.84
 44.31 -44.31
 207.7 -207.7
 83.52 -83.52
 -138.6 138.6
 -18.54 18.54
 -11.49 11.49
 -110.9 110.9
 46.6 -46.6
 30.32 -30.32
 -67.72 67.72
 5.768 -5.768
 -55.94 55.94
 -29.92 29.92
 -31.64 31.64
 38.82 -38.82
 -0.1063 0.1063
 -22.9 22.9
 20.52 -20.52
 -22.73 22.73
 23.99 -23.99
 -18.13 18.13
 -65.72 65.72
 -26.24 26.24
 -25.01 25.01
 -11.39 11.39
 -10.24 10.24
 -98 98
 36.84 -36.84
 -39.43 39.43
 -4.405 4.405
 -104.4 104.4
 22.61 -22.61
 41.37 -41.37
 16.63 -16.63
 -56.46 56.46
 -20.45 20.45
 96.78 -96.78
 43.82 -43.82
 60.36 -60.36
 -102 102
 -47.95 47.95
 -20.93 20.93
 -38.77 38.77
 -23.59 23.59
 71.21 -71.21
 51.41 -51.41
 7.726 -7.726
 75.26 -75.26
 132.6 -132.6
 -26.25 26.25
 32.93 -32.93
 -47.39 47.39
 54.46 -54.46
 -14.05 14.05
 9.393 -9.393
 30.51 -30.51
 -112.8 112.8
 13.66 -13.66
 -182 182
 -49.88 49.88
 9.959 -9.959
 -58.72 58.72
 47.8 -47.8
 0.6619 -0.6619
 -105.6 105.6
 -35.68 35.68
 -15.81 15.81
 26.64 -26.64
 43.42 -43.42
 -127.2 127.2
 -99.27 99.27
 18.59 -18.59
 -16.23 16.23
 34.44 -34.44
 -77.07 77.07
 -37.01 37.01
 -26.24 26.24
 -22.76 22.76
 -34.62 34.62
 29.76 -29.76
 -76.55 76.55
 13.96 -13.96
 -24.4 24.4
 30.67 -30.67
 -17.17 17.17
 -71.51 71.51
 -42.1 42.1
 -38.3 38.3
 22.9 -22.9
 56.14 -56.14
 -87.95 87.95
 53.35 -53.35
 14.6 -14.6
 45.93 -45.93
 -6.244 6.244
 -35.35 35.35
 9.407 -9.407
 93.66 -93.66
 -1.65 1.65
 -32.34 32.34
 35.68 -35.68
 -52.96 52.96
 7.723 -7.723
 -74.26 74.26
 -6.094 6.094
 -46.15 46.15
 133.5 -133.5
 28.95 -28.95
 64.04 -64.04
 106.4 -106.4
 -33.27 33.27
 305.5 -305.5
 -17.29 17.29
 -11.01 11.01
 6.315 -6.315
 -8.219 8.219
 -71.79 71.79
 -74.09 74.09
 -90.42 90.42
 15.38 -15.38
 -47.93 47.93
 -49.95 49.95
 53.74 -53.74
 -69.7 69.7
 119.6 -119.6
 -15.89 15.89
 69.67 -69.67
 21.45 -21.45
 43.02 -43.02
 -39 39
 -20.27 20.27
 -96.78 96.78
 -44.45 44.45
 -76.48 76.48
 35.72 -35.72
 32.08 -32.08
 -74.22 74.22
 111.4 -111.4
 13.78 -13.78
 13.42 -13.42
 8.922 -8.922
 81.21 -81.21
 -6.551 6.551
 110.1 -110.1
 17.24 -17.24
 29 -29
 132 -132
 -62.63 62.63
 -20.89 20.89
 7.067 -7.067
 -43.45 43.45
 -51.79 51.79
 -20.15 20.15
 66.89 -66.89
 107.4 -107.4
 -47.66 47.66
 -64.51 64.51
 -83.97 83.97
 -37.44 37.44
 -43.83 43.83
 19.54 -19.54
 -30.14 30.14
 57.98 -57.98
 70.89 -70.89
 -207.7 207.7
 90.22 -90.22
 -71.16 71.16
 17.89 -17.89
 -82.14 82.14
 70.86 -70.86
 2.211 -2.211
 -65.27 65.27
 -69.75 69.75
 -3.235 3.235
 62.71 -62.71
 -50.65 50.65
 75.08 -75.08
 9.47 -9.47
 -84.71 84.71
 63.78 -63.78
 -10.89 10.89
 80 -80
 9.757 -9.757
 -45.47 45.47
 -111.2 111.2
 115.4 -115.4
 18.61 -18.61
 39.85 -39.85
 -15.68 15.68
 -24.75 24.75
 -15.47 15.47
 -21.68 21.68
 -39.1 39.1
 -4.399 4.399
 68.49 -68.49
 114.6 -114.6
 -15.35 15.35
 47.73 -47.73
 159.8 -159.8
 44.38 -44.38
 30.15 -30.15
 -12.39 12.39
 -5.172 5.172
 3.553 -3.553
 78.81 -78.81
 83.44 -83.44
 160.4 -160.4
 8.551 -8.551
 -7.454 7.454
 43.2 -43.2
 -39.98 39.98
 -15.98 15.98
 14.31 -14.31
 -10.94 10.94
 46.72 -46.72
 16.96 -16.96
 43.56 -43.56
 98.46 -98.46
 -2.257 2.257
 36.75 -36.75
 -34.08 34.08
 -34.36 34.36
 -39.73 39.73
 50.45 -50.45
 -7.331 7.331
 36.39 -36.39
 79.07 -79.07
 17.83 -17.83
 27.92 -27.92
 -18 18
 -46.14 46.14
 -61.7 61.7
 65.59 -65.59
 3.215 -3.215
 -93.43 93.43
 30.38 -30.38
 -21.42 21.42
 -26.08 26.08
 58.26 -58.26
 14.31 -14.31
 -108.4 108.4
 12.84 -12.84
 99.4 -99.4
 -51.87 51.87
 50.78 -50.78
 -43.88 43.88
 79.27 -79.27
 -30.28 30.28
 -34.03 34.03
 15.39 -15.39
 7.953 -7.953
 60.31 -60.31
 -61.5 61.5
 17.34 -17.34
 -61.95 61.95
 -55.34 55.34
 3.101 -3.101
 12.74 -12.74
 -9.429 9.429
 77.44 -77.44
 -16.16 16.16
 -22.13 22.13
 43.46 -43.46
 57.02 -57.02
 -3.511 3.511
 57.26 -57.26
 12.91 -12.91
 6.852 -6.852
 75.61 -75.61
 -23.64 23.64
 44.25 -44.25
 -77.24 77.24
 42.42 -42.42
 100.6 -100.6
 -32.36 32.36
 96.48 -96.48
 103.2 -103.2
 -45.98 45.98
 91.48 -91.48
 1.431 -1.431
 122.8 -122.8
 49.05 -49.05
 4.326 -4.326
 -37.71 37.71
 -37.89 37.89
 -10.9 10.9
 -82.84 82.84
 36.39 -36.39
 35.17 -35.17
 23.27 -23.27
 48.05 -48.05
 142.9 -142.9
 -56.94 56.94
 -19.58 19.58
 -18.02 18.02
 -40.72 40.72
 -3.637 3.637
 -40.96 40.96
 14.71 -14.71
 -94.24 94.24
 64.92 -64.92
 69.71 -69.71
 -48.18 48.18
 11.02 -11.02
 11.97 -11.97
 139.3 -139.3
 -11.88 11.88
 73.95 -73.95
 40.44 -40.44
 -65.42 65.42
 -9.22 9.22
 70.17 -70.17
 85.36 -85.36
 79.73 -79.73
 -145 145
 36.55 -36.55
 -35.6 35.6
 4.487 -4.487
 -46.29 46.29
 -75.82 75.82
 -11.86 11.86
 33.98 -33.98
 2 -2
 3.03 -3.03
 -136.3 136.3
 -16.4 16.4
 21.28 -21.28
 16.77 -16.77
 -13.26 13.26
 36.62 -36.62
 35.23 -35.23
 -42.36 42.36
 85.31 -85.31
 13.6 -13.6
 35.61 -35.61
 40.95 -40.95
 20.24 -20.24
 -8.623 8.623
 11.37 -11.37
 41.14 -41.14
 -8.859 8.859
 -33.04 33.04
 -40.1 40.1
 18.63 -18.63
 -22.87 22.87
 19.09 -19.09
 -55.11 55.11
 14.44 -14.44
 -77.39 77.39
 28.28 -28.28
 -88.8 88.8
 -1.067 1.067
 1.027 -1.027
 47.36 -47.36
 37.16 -37.16
 -22.08 22.08
 -111.4 111.4
 106 -106
 67.99 -67.99
 -32.55 32.55
 33.99 -33.99
 -131.4 131.4
 -78.98 78.98
 34.71 -34.71
 -41.25 41.25
 6.259 -6.259
 173.8 -173.8
 -39.87 39.87
 -0.7967 0.7967
 37.25 -37.25
 13.63 -13.63
 23.43 -23.43
 43.58 -43.58
 1.606 -1.606
 -9.19 9.19
 -6.604 6.604
 -19.47 19.47
 -79.8 79.8
 -30.62 30.62
 33.01 -33.01
 54.63 -54.63
 -53.95 53.95
 -18.53 18.53
 -11.89 11.89
 -15.02 15.02
 7.319 -7.319
 66.79 -66.79
 -61.79 61.79
 56.01 -56.01
 -21.57 21.57
 26.5 -26.5
 -14.08 14.08
 -174.4 174.4
 -15.92 15.92
 14.84 -14.84
 -38 38
 13.68 -13.68
 -10.29 10.29
 -0.3007 0.3007
 148.5 -148.5
 -66.44 66.44
 14.49 -14.49
 -69.2 69.2
 -56.68 56.68
 -1.835 1.835
 43.51 -43.51
 17.61 -17.61
 12.17 -12.17
 22.27 -22.27
 39.31 -39.31
 14.96 -14.96
 -42.48 42.48
 46.43 -46.43
 -32.1 32.1
 35.79 -35.79
 6.968 -6.968
 -106.3 106.3
 13.64 -13.64
 15.66 -15.66
 -83.67 83.67
 -92.15 92.15
 -71.89 71.89
 10.69 -10.69
 76.54 -76.54
 -58.6 58.6
 -43.44 43.44
 51.23 -51.23
 12.73 -12.73
 -31.68 31.68
 19.73 -19.73
 -74.09 74.09
 -50.35 50.35
 17.85 -17.85
 -83.93 83.93
 -28.63 28.63
 40.18 -40.18
 -68.33 68.33
 -25.26 25.26
 -12.3 12.3
 -74.27 74.27
 -24.51 24.51
 -15.96 15.96
 0.9562 -0.9562
 71.75 -71.75
 83.46 -83.46
 -86.04 86.04
 19.78 -19.78
 62.92 -62.92
 -85.13 85.13
 -65.94 65.94
 -64.2 64.2
 26.15 -26.15
 32.83 -32.83
 -28.97 28.97
 -122 122
 -45.76 45.76
 79.53 -79.53
 38.39 -38.39
 -103.2 103.2
 32.99 -32.99
 -176.9 176.9
 -18.94 18.94
 104.9 -104.9
 -50.64 50.64
 -15 15
 4.447 -4.447
 42.78 -42.78
 21.49 -21.49
 188.3 -188.3
 37.54 -37.54
 96.89 -96.89
 -114.7 114.7
 85.56 -85.56
 4.599 -4.599
 -25.91 25.91
 84.89 -84.89
 53.05 -53.05
 -43.6 43.6
 -111.7 111.7
 -27.71 27.71
 74.15 -74.15
 37.84 -37.84
 -13.13 13.13
 24.02 -24.02
 -67.83 67.83
 -9.203 9.203
 -23.91 23.91
 -2.327 2.327
 8.411 -8.411
 44.7 -44.7
 108.9 -108.9
 -113.5 113.5
 -40.55 40.55
 -0.1395 0.1395
 35.32 -35.32
 -120.1 120.1
 60.48 -60.48
 29.44 -29.44
 -44.08 44.08
 -26.79 26.79
 -35.7 35.7
 15.35 -15.35
 -56.46 56.46
 -25.12 25.12
 -9.884 9.884
 54.38 -54.38
 16.08 -16.08
 13.17 -13.17
 -29.69 29.69
 83.84 -83.84
 -9.445 9.445
 -7.505 7.505
 78.73 -78.73
 -13.3 13.3
 -16.26 16.26
 9.258 -9.258
 -24.81 24.81
 -4.321 4.321
 -33.09 33.09
 -34.35 34.35
 -12.54 12.54
 -60.94 60.94
 -15.56 15.56
 -22.56 22.56
 -32.08 32.08
 -18.02 18.02
 -26.12 26.12
 26.7 -26.7
 -39.81 39.81
 32.74 -32.74
 -150.5 150.5
 49.93 -49.93
 -7.04 7.04
 -38 38
 36.34 -36.34
 -13.96 13.96
 4.043 -4.043
 17.28 -17.28
 -62.16 62.16
 96.06 -96.06
 14.82 -14.82
 -51.31 51.31
 48.22 -48.22
 -66.4 66.4
 0.2755 -0.2755
 -17.58 17.58
 18.72 -18.72
 -113 113
 -43.26 43.26
 94.87 -94.87
 10.41 -10.41
 41.79 -41.79
 59.29 -59.29
 -2.645 2.645
 -47.45 47.45
 72.68 -72.68
 -121.2 121.2
 13.18 -13.18
 -4.326 4.326
 20.73 -20.73
 -1.243 1.243
 -7.303 7.303
 12.37 -12.37
 -74.86 74.86
 -69.9 69.9
 48.83 -48.83
 -56.17 56.17
 36.54 -36.54
 1.029 -1.029
 -18.86 18.86
 -103.2 103.2
 128.5 -128.5
 -84.95 84.95
 43.12 -43.12
 -43.46 43.46
 23.72 -23.72
 -29.05 29.05
 0.8965 -0.8965
 -36.44 36.44
 90.76 -90.76
 17.86 -17.86
 -11.46 11.46
 41.74 -41.74
 139.2 -139.2
 -37.43 37.43
 2.229 -2.229
 70.68 -70.68
 3.797 -3.797
 -62.03 62.03
 47.28 -47.28
 31.94 -31.94
 -161.9 161.9
 -48.59 48.59
 4.619 -4.619
 -181.1 181.1
 -2.123 2.123
 7.444 -7.444
 1.707 -1.707
 53.41 -53.41
 -12.29 12.29
 -27.9 27.9
 -24.16 24.16
 21.43 -21.43
 -14.1 14.1
 -8.927 8.927
 -46 46
 -23.12 23.12
 115.5 -115.5
 -1.697 1.697
 140.9 -140.9
 -10.44 10.44
 -67.73 67.73
 -6.434 6.434
 -73.87 73.87
 104.8 -104.8
 -74.7 74.7
 -15.73 15.73
 48.34 -48.34
 39.2 -39.2
 -33.19 33.19
 -87.69 87.69
 -60.51 60.51
 -21.93 21.93
 17.74 -17.74
 -44.61 44.61
 -48.91 48.91
 -13.41 13.41
 1.16 -1.16
 -3.159 3.159
 -49.07 49.07
 103.3 -103.3
 -106.1 106.1
 95.52 -95.52
 23.3 -23.3
 -12.92 12.92
 -38.3 38.3
 39.15 -39.15
 6.287 -6.287
 11.19 -11.19
 -86.78 86.78
 -104 104
 -46.92 46.92
 108.9 -108.9
 -65.99 65.99
 -11.6 11.6
 -37.13 37.13
 10.03 -10.03
 -27.7 27.7
 36.01 -36.01
 -48.22 48.22
 -24.1 24.1
 -3.128 3.128
 26.77 -26.77
 25.98 -25.98
 45.38 -45.38
 84.83 -84.83
 10.63 -10.63
 4.283 -4.283
 -9.002 9.002
 28.83 -28.83
 38 -38
 73.64 -73.64
 -49.96 49.96
 -26.55 26.55
 -14.78 14.78
 83.38 -83.38
 4.145 -4.145
 18.89 -18.89
 50.56 -50.56
 -5.023 5.023
 17.5 -17.5
 -22.01 22.01
 -20.01 20.01
 -118.6 118.6
 11.04 -11.04
 -55.6 55.6
 -5.616 5.616
 77.73 -77.73
 -51.1 51.1
 49.14 -49.14
 23.16 -23.16
 -66.44 66.44
 -106.6 106.6
 38.11 -38.11
 -74.37 74.37
 24.68 -24.68
 -58.31 58.31
 -28.22 28.22
 83.74 -83.74
 138.1 -138.1
 96.71 -96.71
 -29.64 29.64
 177.6 -177.6
 -32.37 32.37
 31.73 -31.73
 -71.87 71.87
 -14.84 14.84
 104.2 -104.2
 -51.65 51.65
 -21.84 21.84
 21.94 -21.94
 -32.09 32.09
 -6.589 6.589
 -10.58 10.58
 -33.11 33.11
 27.25 -27.25
 -86.39 86.39
 -49.15 49.15
 -63.05 63.05
 39.43 -39.43
 88.11 -88.11
 14.97 -14.97
 30.4 -30.4
 54.42 -54.42
 62.18 -62.18
 47.31 -47.31
 -90.84 90.84
 10.44 -10.44
 -24.32 24.32
 10.85 -10.85
 -32.84 32.84
 56.84 -56.84
 -150.8 150.8
 28.46 -28.46
 65.6 -65.6
 -70.92 70.92
 40.37 -40.37
 58.46 -58.46
 18.34 -18.34
 -17.68 17.68
 0.5903 -0.5903
 40.92 -40.92
 -129.7 129.7
 49.59 -49.59
 -211 211
 142.7 -142.7
 -23.23 23.23
 -158.2 158.2
 34.64 -34.64
 2.651 -2.651
 -31.38 31.38
 15.2 -15.2
 -34.15 34.15
 -8.507 8.507
 -87.42 87.42
 1.013 -1.013
 2.703 -2.703
 98.58 -98.58
 -29.66 29.66
 90.82 -90.82
 71.89 -71.89
 33.06 -33.06
 61.19 -61.19
 8.196 -8.196
 -3.496 3.496
 60.81 -60.81
 -11.92 11.92
 -36.43 36.43
 -70.19 70.19
 -47.04 47.04
 -64.55 64.55
 61.16 -61.16
 63.6 -63.6
 -6.689 6.689
 -16.7 16.7
 -3.348 3.348
 -107.3 107.3
 31.22 -31.22
 -44.46 44.46
 -19.86 19.86
 6.476 -6.476
 29.91 -29.91
 10.61 -10.61
 20.17 -20.17
 -63.46 63.46
 230.8 -230.8
 48.78 -48.78
 19.23 -19.23
 20.11 -20.11
 88.97 -88.97
 -97.51 97.51
 -33.82 33.82
 -34.13 34.13
 10.44 -10.44
 -42.62 42.62
 127 -127
 19.83 -19.83
 48.51 -48.51
 -87.35 87.35
 -55.31 55.31
 -1.561 1.561
 -2.099 2.099
 35.18 -35.18
 -8.932 8.932
 81.2 -81.2
 -35.15 35.15
 -21.55 21.55
 5.627 -5.627
 24.72 -24.72
 -72.8 72.8
 63.8 -63.8
 -38.42 38.42
 68.91 -68.91
 11.73 -11.73
 2.141 -2.141
 -55.21 55.21
 0.8716 -0.8716
 58.35 -58.35
 -35.07 35.07
 38.2 -38.2
 21.33 -21.33
 13.6 -13.6
 36.48 -36.48
 1.341 -1.341
 33.86 -33.86
 5.958 -5.958
 -0.1252 0.1252
 -184.6 184.6
 1.914 -1.914
 -55.66 55.66
 -49.28 49.28
 -32.12 32.12
 -27.76 27.76
 -17.27 17.27
 -3.489 3.489
 19.26 -19.26
 -118 118
 37.67 -37.67
 -49.94 49.94
 -11.31 11.31
 16.67 -16.67
 104.8 -104.8
 -30.02 30.02
 -10.73 10.73
 -53.18 53.18
 69.29 -69.29
 -36.24 36.24
 75.39 -75.39
 2.637 -2.637
 15.65 -15.65
 -77.25 77.25
 18.95 -18.95
 6.424 -6.424
 -3.324 3.324
 180 -180
 203.1 -203.1
 -110 110
 60.57 -60.57
 30.81 -30.81
 79.32 -79.32
 -9.32 9.32
 32.54 -32.54
 -32.69 32.69
 -45.54 45.54
 -112.1 112.1
 8.36 -8.36
 -63.18 63.18
 8.893 -8.893
 40.47 -40.47
 17.87 -17.87
 191.5 -191.5
 124.3 -124.3
 9.437 -9.437
 -54.49 54.49
 -50.11 50.11
 27.65 -27.65
 4.144 -4.144
 -64.04 64.04
 60.32 -60.32
 13.18 -13.18
 61.62 -61.62
 -108.2 108.2
 68.56 -68.56
 76.65 -76.65
 -130.2 130.2
 -31.62 31.62
 13.54 -13.54
 -48.46 48.46
 56.49 -56.49
 19.23 -19.23
 -33.85 33.85
 -163.9 163.9
 -38.76 38.76
 43.69 -43.69
 -86.42 86.42
 0.9551 -0.9551
 189.2 -189.2
 -16.37 16.37
 111.3 -111.3
 41.38 -41.38
 -17.39 17.39
 -46.65 46.65
 55.68 -55.68
 52.1 -52.1
 30.44 -30.44
 -29.83 29.83
 -17.01 17.01
 21.77 -21.77
 -99.88 99.88
 -38.04 38.04
 -65.39 65.39
 100.6 -100.6
 13 -13
 18.62 -18.62
 -70.79 70.79
 8.73 -8.73
 -21.46 21.46
 -4.881 4.881
 164.1 -164.1
 -31.62 31.62
 -18.22 18.22
 -10.38 10.38
 -57.68 57.68
 35.35 -35.35
 11.85 -11.85
 23.79 -23.79
 -11.56 11.56
 -40.87 40.87
 -22.96 22.96
 7.019 -7.019
 5.263 -5.263
 -111.8 111.8
 52.77 -52.77
 -42.77 42.77
 -70.15 70.15
 -76.28 76.28
 -34.6 34.6
 95.08 -95.08
 -55.11 55.11
 9.85 -9.85
 26.51 -26.51
 57.24 -57.24
 14.24 -14.24
 -73.76 73.76
 -14.61 14.61
 -6.34 6.34
 -21.38 21.38
 -50.41 50.41
 51.28 -51.28
 -20.13 20.13
 1.943 -1.943
 -48.43 48.43
 -29.24 29.24
 -32.64 32.64
 -12.97 12.97
 55.02 -55.02
 -63.31 63.31
 -22.05 22.05
 35.96 -35.96
 2.973 -2.973
 -7.459 7.459
 3.639 -3.639
 138.3 -138.3
 7.661 -7.661
 31.37 -31.37
 -4.012 4.012
 1.467 -1.467
 -24.8 24.8
 -73.07 73.07
 -83.61 83.61
 -30.35 30.35
 65.66 -65.66
 -11.12 11.12
 -31.66 31.66
 2.424 -2.424
 7.841 -7.841
 62.33 -62.33
 161.2 -161.2
 57.58 -57.58
 55.31 -55.31
 0.7122 -0.7122
 53.28 -53.28
 -47.26 47.26
 113.6 -113.6
 62.66 -62.66
 50.97 -50.97
 56.69 -56.69
 -50.91 50.91
 65.77 -65.77
 56.63 -56.63
 -56.85 56.85
 120.5 -120.5
 -87.97 87.97
 163.7 -163.7
 -16.44 16.44
 38.96 -38.96
 -47.99 47.99
 -54.88 54.88
 55.39 -55.39
 131.1 -131.1
 -86.04 86.04
 88.87 -88.87
 -22.05 22.05
 2.751 -2.751
 97.71 -97.71
 -1.204 1.204
 56.94 -56.94
 65.08 -65.08
 9.563 -9.563
 39.67 -39.67
 64.69 -64.69
 30.48 -30.48
 16.59 -16.59
 69 -69
 13.18 -13.18
 31.43 -31.43
 21.99 -21.99
 -34.28 34.28
 16.22 -16.22
 43.58 -43.58
 -4.379 4.379
 -26.87 26.87
 -91.34 91.34
 -23.94 23.94
 131.4 -131.4
 -34.97 34.97
 -60.78 60.78
 101.5 -101.5
 19.42 -19.42
 26.69 -26.69
 -41.23 41.23
 21.6 -21.6
 57.77 -57.77
 -55.84 55.84
 9.054 -9.054
 -32.86 32.86
 71.19 -71.19
 37.57 -37.57
 68.11 -68.11
 -58.21 58.21
 -16.38 16.38
 -26.77 26.77
 -42.02 42.02
 50.06 -50.06
 -54.94 54.94
 -54.08 54.08
 -118.9 118.9
 88.43 -88.43
 -46.34 46.34
 -24.9 24.9
 -1.304 1.304
 -72.11 72.11
 75.93 -75.93
 35.39 -35.39
 -73.73 73.73
 13.07 -13.07
 70.74 -70.74
 -27.5 27.5
 13.92 -13.92
 -42.11 42.11
 -3.984 3.984
 13.86 -13.86
 -8.353 8.353
 -79.96 79.96
 -95.15 95.15
 -114.9 114.9
 71.96 -71.96
 16.72 -16.72
 75.38 -75.38
 -78.53 78.53
 -21.75 21.75
 41 -41
 33.9 -33.9
 7.055 -7.055
 56.26 -56.26
 -138.4 138.4
 -6.363 6.363
 24.23 -24.23
 -67.87 67.87
 -32.71 32.71
 62.75 -62.75
 108.3 -108.3
 5.441 -5.441
 -40.19 40.19
 99.71 -99.71
 67.01 -67.01
 48.13 -48.13
 -41.65 41.65
 -53.95 53.95
 -64.63 64.63
 2.566 -2.566
 21.15 -21.15
 68.6 -68.6
 -6.641 6.641
 -31.29 31.29
 42.43 -42.43
 34.12 -34.12
 -50.42 50.42
 -19.42 19.42
 24.49 -24.49
 32.49 -32.49
 -2.499 2.499
 28.38 -28.38
 -69.92 69.92
 90.85 -90.85
 47.95 -47.95
 -101.2 101.2
 -34.41 34.41
 -78.13 78.13
 17.67 -17.67
 28.32 -28.32
 -35.48 35.48
 -78.27 78.27
 -41.2 41.2
 -37.11 37.11
 -100.5 100.5
 4.496 -4.496
 -78.98 78.98
 30.54 -30.54
 39.42 -39.42
 7.539 -7.539
 28.8 -28.8
 -44.4 44.4
 9.468 -9.468
 63.96 -63.96
 104.2 -104.2
 -25.75 25.75
 -10.74 10.74
 64.19 -64.19
 80.77 -80.77
 -7.069 7.069
 -71.37 71.37
 -56.85 56.85
 55.94 -55.94
 -54.56 54.56
 34.02 -34.02
 -44.15 44.15
 -10.8 10.8
 -114.6 114.6
 -5.125 5.125
 -89.36 89.36
 -1.505 1.505
 -15.79 15.79
 -179.2 179.2
 21.65 -21.65
 46.89 -46.89
 53.04 -53.04
 24.25 -24.25
 -52.74 52.74
 -32.48 32.48
 -31.89 31.89
 -51.83 51.83
 -35.67 35.67
 -37.67 37.67
 -43.78 43.78
 -2.056 2.056
 74.01 -74.01
 51.99 -51.99
 7.959 -7.959
 -7.827 7.827
 19.34 -19.34
 46.81 -46.81
 19.69 -19.69
 12.08 -12.08
 -87.89 87.89
 -23.69 23.69
 -38.4 38.4
 -12.48 12.48
 61.07 -61.07
 -91.41 91.41
 -56.39 56.39
 -51.31 51.31
 -68.88 68.88
 -112.2 112.2
 -22.52 22.52
 16.11 -16.11
 -45.36 45.36
 -40.05 40.05
 135.5 -135.5
 -100.4 100.4
 -43.77 43.77
 -40.53 40.53
 4.208 -4.208
 -77.32 77.32
 51.52 -51.52
 -45.14 45.14
 -60.2 60.2
 79.75 -79.75
 86.35 -86.35
 98.56 -98.56
 -41.1 41.1
 -67.23 67.23
 97.97 -97.97
 13.41 -13.41
 -48.67 48.67
 66.83 -66.83
 -89.75 89.75
 22.82 -22.82
 -41.28 41.28
 3.332 -3.332
 103.2 -103.2
 -6.301 6.301
 77.53 -77.53
 -15.94 15.94
 76.52 -76.52
 -105.1 105.1
 -68.1 68.1
 26.13 -26.13
 133.5 -133.5
 -42.38 42.38
 10.26 -10.26
 69.19 -69.19
 -86.14 86.14
 68.7 -68.7
 61.91 -61.91
 -43.58 43.58
 35.69 -35.69
 -42.31 42.31
 -38.61 38.61
 -2.066 2.066
 16.08 -16.08
 -36.05 36.05
 9.657 -9.657
 -50.62 50.62
 146 -146
 -76.94 76.94
 76.49 -76.49
 -47.11 47.11
 -11.74 11.74
 6.922 -6.922
 69.63 -69.63
 -32.65 32.65
 47.85 -47.85
 14.76 -14.76
 -16.5 16.5
 16.28 -16.28
 21.08 -21.08
 82.55 -82.55
 -24.43 24.43
 22.89 -22.89
 -58.94 58.94
 -62.14 62.14
 100.7 -100.7
 -26.62 26.62
 53.28 -53.28
 -17.16 17.16
 -18.77 18.77
 38.85 -38.85
 54.17 -54.17
 34.58 -34.58
 -18 18
 -46.54 46.54
 -57.72 57.72
 23.11 -23.11
 26.59 -26.59
 31.5 -31.5
 -8.844 8.844
 119.4 -119.4
 122.5 -122.5
 -5.122 5.122
 5.376 -5.376
 105.7 -105.7
 -24.42 24.42
 8.124 -8.124
 -54.09 54.09
 -144.8 144.8
 -5.277 5.277
 31.29 -31.29
 24.12 -24.12
 -55.59 55.59
 74.41 -74.41
 -46.02 46.02
 -36.36 36.36
 3.694 -3.694
 11.4 -11.4
 28.6 -28.6
 38.24 -38.24
 -93.11 93.11
 -10.12 10.12
 32.55 -32.55
 -9.946 9.946
 48.68 -48.68
 59.4 -59.4
 -15.31 15.31
 -8.775 8.775
 119.2 -119.2
 -12.48 12.48
 51.76 -51.76
 70.39 -70.39
 -70.45 70.45
 -64.01 64.01
 7.5 -7.5
 -24.98 24.98
 60.83 -60.83
 8.735 -8.735
 14.3 -14.3
 -58.71 58.71
 -16.56 16.56
 -23.26 23.26
 -27.39 27.39
 -28.23 28.23
 -41.11 41.11
 -52.58 52.58
 101.7 -101.7
 157.5 -157.5
 94.56 -94.56
 -68.86 68.86
 21.44 -21.44
 15.46 -15.46
 44.9 -44.9
 31.59 -31.59
 85.19 -85.19
 -25.04 25.04
 34.66 -34.66
 96.35 -96.35
 6.911 -6.911
 -15.97 15.97
 -199.4 199.4
 -93.49 93.49
 -72.45 72.45
 25.15 -25.15
 -72.26 72.26
 1.854 -1.854
 -8.155 8.155
 14.63 -14.63
 -98.18 98.18
 14.56 -14.56
 -59.93 59.93
 -4.799 4.799
 19.32 -19.32
 -61.07 61.07
 148.3 -148.3
 18.99 -18.99
 21.24 -21.24
 6.213 -6.213
 -15.29 15.29
 22.11 -22.11
 -8.892 8.892
 25.04 -25.04
 61.47 -61.47
 1.501 -1.501
 -20.91 20.91
 19.64 -19.64
 -20.8 20.8
 -132.7 132.7
 -5.911 5.911
 -39.74 39.74
 30.06 -30.06
 18.91 -18.91
 59.74 -59.74
 47.21 -47.21
 -18.3 18.3
 -41.81 41.81
 -20.57 20.57
 18.12 -18.12
 4.605 -4.605
 25.85 -25.85
 -115.3 115.3
 -22.92 22.92
 -15.62 15.62
 -53.6 53.6
 -87.54 87.54
 99.58 -99.58
 47.48 -47.48
 -74.8 74.8
 -16.54 16.54
 -52.92 52.92
 53.5 -53.5
 66.95 -66.95
 48.54 -48.54
 -10.32 10.32
 -127 127
 -58.45 58.45
 -82.34 82.34
 117.1 -117.1
 -13.35 13.35
 -29.49 29.49
 -46 46
 49.93 -49.93
 103.5 -103.5
 -51.29 51.29
 16.59 -16.59
 -0.5362 0.5362
 -65.94 65.94
 112.9 -112.9
 16.63 -16.63
 -138.9 138.9
 57.01 -57.01
 -63.67 63.67
 50.24 -50.24
 -36.32 36.32
 -19.66 19.66
 12.68 -12.68
 -33.78 33.78
 86.89 -86.89
 -58.61 58.61
 -3.409 3.409
 91.9 -91.9
 10.99 -10.99
 -93.87 93.87
 51.28 -51.28
 -98.46 98.46
 -48.74 48.74
 68.71 -68.71
 -62.53 62.53
 11.33 -11.33


