# Created by Octave 5.2.0, Fri Sep 25 00:50:06 2020 CEST <jiwidi@land>
# name: w
# type: matrix
# rows: 2001
# columns: 2
 0 0
 1.177e+06 -1.177e+06
 -7.8e+05 7.8e+05
 1.495e+06 -1.495e+06
 -1.295e+05 1.295e+05
 4.47e+05 -4.47e+05
 1.463e+06 -1.463e+06
 -4.178e+05 4.178e+05
 3.618e+05 -3.618e+05
 -5.175e+05 5.175e+05
 3.808e+05 -3.808e+05
 1.304e+05 -1.304e+05
 7.089e+04 -7.089e+04
 3.916e+05 -3.916e+05
 -3.829e+05 3.829e+05
 -1.241e+06 1.241e+06
 7.801e+05 -7.801e+05
 -7.032e+05 7.032e+05
 1.304e+06 -1.304e+06
 5724 -5724
 -2.404e+05 2.404e+05
 -9.108e+05 9.108e+05
 2.402e+05 -2.402e+05
 -2.399e+05 2.399e+05
 4.511e+05 -4.511e+05
 -1.412e+06 1.412e+06
 3.384e+04 -3.384e+04
 4.135e+05 -4.135e+05
 -3.839e+05 3.839e+05
 4.102e+04 -4.102e+04
 -3.554e+05 3.554e+05
 5.838e+05 -5.838e+05
 2.768e+05 -2.768e+05
 1.891e+05 -1.891e+05
 5.714e+05 -5.714e+05
 -2.494e+06 2.494e+06
 -1.683e+06 1.683e+06
 -2.934e+05 2.934e+05
 -8.044e+05 8.044e+05
 -3.665e+05 3.665e+05
 -6.969e+05 6.969e+05
 1.144e+06 -1.144e+06
 -1.661e+05 1.661e+05
 -8.866e+05 8.866e+05
 2.213e+05 -2.213e+05
 7.122e+05 -7.122e+05
 -4.802e+05 4.802e+05
 1.964e+06 -1.964e+06
 -2.754e+05 2.754e+05
 8.433e+05 -8.433e+05
 6.777e+05 -6.777e+05
 1.433e+05 -1.433e+05
 1.541e+05 -1.541e+05
 -9.299e+05 9.299e+05
 2.261e+06 -2.261e+06
 1.537e+06 -1.537e+06
 1.704e+05 -1.704e+05
 2.263e+05 -2.263e+05
 -1.834e+04 1.834e+04
 -1.359e+06 1.359e+06
 4.867e+05 -4.867e+05
 -7.119e+05 7.119e+05
 -4.113e+04 4.113e+04
 5.975e+05 -5.975e+05
 -7.383e+05 7.383e+05
 9.073e+04 -9.073e+04
 1.157e+06 -1.157e+06
 7.115e+04 -7.115e+04
 1.009e+06 -1.009e+06
 5.357e+05 -5.357e+05
 -1.175e+06 1.175e+06
 -1.272e+06 1.272e+06
 -2.24e+05 2.24e+05
 1.271e+06 -1.271e+06
 1.857e+06 -1.857e+06
 -7.035e+05 7.035e+05
 -3.618e+06 3.618e+06
 -8.384e+05 8.384e+05
 7.533e+05 -7.533e+05
 -4.59e+05 4.59e+05
 1.842e+05 -1.842e+05
 2.846e+05 -2.846e+05
 -7.185e+05 7.185e+05
 3.202e+05 -3.202e+05
 7.84e+05 -7.84e+05
 1.59e+05 -1.59e+05
 -9.254e+05 9.254e+05
 -5.269e+05 5.269e+05
 -3.24e+05 3.24e+05
 -8.594e+05 8.594e+05
 1.988e+05 -1.988e+05
 9.256e+05 -9.256e+05
 4.49e+05 -4.49e+05
 -9.328e+04 9.328e+04
 1.031e+06 -1.031e+06
 -1.177e+05 1.177e+05
 -2.39e+05 2.39e+05
 1.259e+05 -1.259e+05
 -4.612e+05 4.612e+05
 -1.292e+05 1.292e+05
 6.032e+05 -6.032e+05
 9.915e+05 -9.915e+05
 -5.213e+05 5.213e+05
 -1.42e+06 1.42e+06
 6.963e+05 -6.963e+05
 5.189e+05 -5.189e+05
 9.681e+04 -9.681e+04
 3.043e+05 -3.043e+05
 7.175e+05 -7.175e+05
 2.877e+05 -2.877e+05
 1.813e+06 -1.813e+06
 -8.851e+05 8.851e+05
 3.278e+05 -3.278e+05
 3.858e+04 -3.858e+04
 -3.556e+05 3.556e+05
 -5.715e+05 5.715e+05
 1.666e+05 -1.666e+05
 -2.758e+05 2.758e+05
 -1.182e+06 1.182e+06
 -4.816e+05 4.816e+05
 3.09e+05 -3.09e+05
 1.971e+06 -1.971e+06
 -1.724e+06 1.724e+06
 3.117e+05 -3.117e+05
 6.569e+05 -6.569e+05
 -2.529e+06 2.529e+06
 -5.417e+05 5.417e+05
 3.574e+04 -3.574e+04
 2.595e+05 -2.595e+05
 -5.32e+05 5.32e+05
 2.15e+06 -2.15e+06
 1.173e+05 -1.173e+05
 4.739e+05 -4.739e+05
 -5.419e+05 5.419e+05
 9.672e+05 -9.672e+05
 -6.314e+05 6.314e+05
 3.08e+05 -3.08e+05
 -2.432e+06 2.432e+06
 -4.596e+05 4.596e+05
 -9.19e+04 9.19e+04
 -6.98e+05 6.98e+05
 -5.855e+05 5.855e+05
 2.705e+05 -2.705e+05
 2.807e+05 -2.807e+05
 5.76e+05 -5.76e+05
 -3.555e+05 3.555e+05
 1.224e+06 -1.224e+06
 -1.507e+05 1.507e+05
 -1.103e+06 1.103e+06
 1.893e+05 -1.893e+05
 3.985e+05 -3.985e+05
 -1.508e+06 1.508e+06
 1.048e+06 -1.048e+06
 1.596e+06 -1.596e+06
 1.159e+05 -1.159e+05
 -2.218e+05 2.218e+05
 -7.076e+05 7.076e+05
 4.506e+05 -4.506e+05
 -1.507e+06 1.507e+06
 1.174e+05 -1.174e+05
 7.692e+04 -7.692e+04
 1.17e+06 -1.17e+06
 -9.099e+05 9.099e+05
 -1.959e+06 1.959e+06
 1.153e+06 -1.153e+06
 2.316e+06 -2.316e+06
 1.289e+06 -1.289e+06
 1.073e+05 -1.073e+05
 1.243e+05 -1.243e+05
 -7.987e+05 7.987e+05
 5.606e+04 -5.606e+04
 1.148e+06 -1.148e+06
 -2.183e+05 2.183e+05
 3.265e+05 -3.265e+05
 8.524e+05 -8.524e+05
 1.349e+05 -1.349e+05
 -1.274e+06 1.274e+06
 1.289e+06 -1.289e+06
 -8.924e+05 8.924e+05
 -1.188e+05 1.188e+05
 2.053e+05 -2.053e+05
 -7.279e+05 7.279e+05
 -1.496e+06 1.496e+06
 9.224e+05 -9.224e+05
 3.07e+05 -3.07e+05
 -5.085e+05 5.085e+05
 1.52e+06 -1.52e+06
 -6.857e+05 6.857e+05
 -1.082e+04 1.082e+04
 -1.821e+06 1.821e+06
 5.389e+05 -5.389e+05
 2.711e+05 -2.711e+05
 -9.3e+04 9.3e+04
 1.141e+05 -1.141e+05
 -5.823e+05 5.823e+05
 -9.774e+05 9.774e+05
 3.325e+05 -3.325e+05
 -5.861e+05 5.861e+05
 -2.334e+05 2.334e+05
 2.277e+06 -2.277e+06
 3.76e+05 -3.76e+05
 -8.982e+05 8.982e+05
 -8.54e+05 8.54e+05
 6.944e+05 -6.944e+05
 -4.315e+05 4.315e+05
 -1.393e+05 1.393e+05
 -8.68e+05 8.68e+05
 -1.378e+06 1.378e+06
 -5.031e+05 5.031e+05
 1.756e+06 -1.756e+06
 -2.541e+06 2.541e+06
 3.579e+05 -3.579e+05
 -5.993e+05 5.993e+05
 3.223e+05 -3.223e+05
 -8.228e+05 8.228e+05
 1.727e+06 -1.727e+06
 -2.454e+05 2.454e+05
 -1.22e+06 1.22e+06
 9.825e+05 -9.825e+05
 2.534e+05 -2.534e+05
 -6.515e+05 6.515e+05
 2.569e+04 -2.569e+04
 9.902e+05 -9.902e+05
 9.266e+05 -9.266e+05
 4.835e+05 -4.835e+05
 9.538e+05 -9.538e+05
 -6.478e+04 6.478e+04
 -9.961e+05 9.961e+05
 1.619e+05 -1.619e+05
 -1.104e+06 1.104e+06
 1.001e+06 -1.001e+06
 9.74e+05 -9.74e+05
 1.482e+05 -1.482e+05
 -1.205e+06 1.205e+06
 2.909e+05 -2.909e+05
 -4.888e+05 4.888e+05
 -2.734e+05 2.734e+05
 -6.82e+05 6.82e+05
 1.178e+06 -1.178e+06
 7.358e+05 -7.358e+05
 -7.241e+05 7.241e+05
 1.055e+05 -1.055e+05
 -5.634e+05 5.634e+05
 3.844e+04 -3.844e+04
 -7.922e+05 7.922e+05
 -3.455e+05 3.455e+05
 6.274e+05 -6.274e+05
 6.715e+04 -6.715e+04
 -4.449e+05 4.449e+05
 -9.593e+05 9.593e+05
 9.325e+05 -9.325e+05
 4.525e+05 -4.525e+05
 5.38e+05 -5.38e+05
 6.705e+05 -6.705e+05
 -2.282e+05 2.282e+05
 8.323e+05 -8.323e+05
 4.86e+05 -4.86e+05
 1.619e+06 -1.619e+06
 9.28e+05 -9.28e+05
 -3.219e+04 3.219e+04
 2.044e+06 -2.044e+06
 -5.135e+05 5.135e+05
 2.102e+05 -2.102e+05
 -1.1e+06 1.1e+06
 5.774e+05 -5.774e+05
 3.431e+05 -3.431e+05
 4.626e+05 -4.626e+05
 -3.312e+05 3.312e+05
 4.411e+05 -4.411e+05
 1.402e+06 -1.402e+06
 -3.91e+05 3.91e+05
 2.208e+05 -2.208e+05
 -2.233e+05 2.233e+05
 1.805e+05 -1.805e+05
 1.982e+05 -1.982e+05
 4.914e+05 -4.914e+05
 5.828e+05 -5.828e+05
 5.272e+05 -5.272e+05
 -1.027e+06 1.027e+06
 -1.027e+06 1.027e+06
 -6.335e+05 6.335e+05
 5.345e+05 -5.345e+05
 4.04e+05 -4.04e+05
 9.455e+04 -9.455e+04
 1.338e+06 -1.338e+06
 1.534e+05 -1.534e+05
 -1.96e+05 1.96e+05
 9775 -9775
 3.616e+05 -3.616e+05
 -1.105e+06 1.105e+06
 -4.081e+05 4.081e+05
 -2.095e+06 2.095e+06
 2.097e+06 -2.097e+06
 3.924e+05 -3.924e+05
 -2.364e+05 2.364e+05
 5.83e+05 -5.83e+05
 -2.917e+06 2.917e+06
 -2.259e+05 2.259e+05
 1.017e+06 -1.017e+06
 1.448e+05 -1.448e+05
 -1.139e+06 1.139e+06
 -1.186e+05 1.186e+05
 1.595e+05 -1.595e+05
 -1.454e+06 1.454e+06
 3.133e+05 -3.133e+05
 3.4e+05 -3.4e+05
 6.372e+05 -6.372e+05
 -4.645e+05 4.645e+05
 -9.365e+05 9.365e+05
 2.391e+05 -2.391e+05
 3.732e+05 -3.732e+05
 1.772e+06 -1.772e+06
 -1.14e+06 1.14e+06
 -6.184e+05 6.184e+05
 1.167e+06 -1.167e+06
 -1.317e+06 1.317e+06
 1.03e+05 -1.03e+05
 1.338e+06 -1.338e+06
 -4.685e+05 4.685e+05
 -1.079e+05 1.079e+05
 5.915e+05 -5.915e+05
 3.629e+06 -3.629e+06
 6.393e+05 -6.393e+05
 2.619e+05 -2.619e+05
 -1.627e+05 1.627e+05
 2.513e+05 -2.513e+05
 1.514e+06 -1.514e+06
 -7.28e+04 7.28e+04
 4.926e+04 -4.926e+04
 3.717e+05 -3.717e+05
 -4.53e+05 4.53e+05
 2.452e+05 -2.452e+05
 -6.753e+05 6.753e+05
 -6.873e+05 6.873e+05
 -5.305e+05 5.305e+05
 6.993e+05 -6.993e+05
 -1.795e+05 1.795e+05
 1.055e+06 -1.055e+06
 3.515e+05 -3.515e+05
 1.81e+06 -1.81e+06
 5.966e+04 -5.966e+04
 -7.448e+05 7.448e+05
 -8.972e+05 8.972e+05
 7.469e+05 -7.469e+05
 -8.743e+04 8.743e+04
 -2.316e+05 2.316e+05
 1.21e+06 -1.21e+06
 7.896e+05 -7.896e+05
 1.565e+06 -1.565e+06
 1.328e+06 -1.328e+06
 -3.817e+05 3.817e+05
 -3.512e+05 3.512e+05
 -2.109e+06 2.109e+06
 -6.813e+05 6.813e+05
 2.162e+05 -2.162e+05
 7.963e+05 -7.963e+05
 -1.364e+06 1.364e+06
 9.312e+04 -9.312e+04
 -3.452e+04 3.452e+04
 1.653e+06 -1.653e+06
 -1.53e+06 1.53e+06
 -1.237e+06 1.237e+06
 -6.974e+05 6.974e+05
 1.015e+06 -1.015e+06
 3.177e+05 -3.177e+05
 1.458e+05 -1.458e+05
 1.092e+06 -1.092e+06
 -2.049e+06 2.049e+06
 5.944e+05 -5.944e+05
 -3.122e+06 3.122e+06
 7.834e+05 -7.834e+05
 7.334e+05 -7.334e+05
 -4.682e+05 4.682e+05
 -1.256e+06 1.256e+06
 -1.69e+06 1.69e+06
 6.491e+04 -6.491e+04
 5.274e+05 -5.274e+05
 1.663e+06 -1.663e+06
 -2.291e+05 2.291e+05
 -2.07e+06 2.07e+06
 -1.596e+05 1.596e+05
 -1.41e+06 1.41e+06
 -8.042e+04 8.042e+04
 -1.066e+06 1.066e+06
 5.696e+05 -5.696e+05
 1.383e+06 -1.383e+06
 -3.611e+04 3.611e+04
 1.246e+06 -1.246e+06
 4.889e+05 -4.889e+05
 -2.991e+05 2.991e+05
 -2.835e+05 2.835e+05
 -8.25e+05 8.25e+05
 3.494e+05 -3.494e+05
 -1.232e+06 1.232e+06
 2.647e+05 -2.647e+05
 -5.938e+05 5.938e+05
 -1.717e+04 1.717e+04
 3.754e+05 -3.754e+05
 -1.821e+05 1.821e+05
 1.943e+06 -1.943e+06
 -6.614e+04 6.614e+04
 -1.235e+06 1.235e+06
 -6.926e+05 6.926e+05
 -1.706e+05 1.706e+05
 -8.955e+05 8.955e+05
 -9.379e+05 9.379e+05
 1.52e+05 -1.52e+05
 1.399e+05 -1.399e+05
 -6.809e+05 6.809e+05
 1.841e+06 -1.841e+06
 -6.145e+05 6.145e+05
 8.062e+04 -8.062e+04
 -3.707e+05 3.707e+05
 1.549e+05 -1.549e+05
 -2.332e+06 2.332e+06
 1.787e+05 -1.787e+05
 1.245e+06 -1.245e+06
 -9.137e+05 9.137e+05
 1.11e+06 -1.11e+06
 4.215e+05 -4.215e+05
 1.798e+06 -1.798e+06
 -6.532e+05 6.532e+05
 2.67e+06 -2.67e+06
 4.699e+05 -4.699e+05
 -9.818e+05 9.818e+05
 -6.942e+05 6.942e+05
 -6.281e+05 6.281e+05
 -3.313e+05 3.313e+05
 -3.186e+05 3.186e+05
 -2947 2947
 1.761e+06 -1.761e+06
 -6.526e+05 6.526e+05
 1.402e+06 -1.402e+06
 -1.475e+05 1.475e+05
 -1.615e+06 1.615e+06
 -3.574e+05 3.574e+05
 -6.33e+05 6.33e+05
 4.401e+05 -4.401e+05
 -1.288e+06 1.288e+06
 -1.223e+05 1.223e+05
 -6.581e+05 6.581e+05
 -1.481e+05 1.481e+05
 -1.874e+06 1.874e+06
 1.542e+06 -1.542e+06
 1.703e+05 -1.703e+05
 -8.288e+05 8.288e+05
 -1.889e+05 1.889e+05
 -2.777e+05 2.777e+05
 4.644e+05 -4.644e+05
 1.79e+06 -1.79e+06
 -6.564e+05 6.564e+05
 -1.509e+05 1.509e+05
 1.668e+06 -1.668e+06
 3.542e+05 -3.542e+05
 6.378e+05 -6.378e+05
 1.509e+06 -1.509e+06
 -4.489e+05 4.489e+05
 1.796e+06 -1.796e+06
 9632 -9632
 7.09e+05 -7.09e+05
 -3.647e+05 3.647e+05
 5.862e+05 -5.862e+05
 1.008e+06 -1.008e+06
 -2.158e+04 2.158e+04
 1.601e+06 -1.601e+06
 2.874e+05 -2.874e+05
 5.256e+05 -5.256e+05
 -8.174e+04 8.174e+04
 1.796e+05 -1.796e+05
 7.092e+04 -7.092e+04
 -9.137e+05 9.137e+05
 3652 -3652
 1.025e+05 -1.025e+05
 -8.83e+05 8.83e+05
 3.906e+05 -3.906e+05
 1.727e+06 -1.727e+06
 1.036e+05 -1.036e+05
 -2.602e+05 2.602e+05
 -8.697e+04 8.697e+04
 2.238e+05 -2.238e+05
 -1.867e+05 1.867e+05
 -2.399e+05 2.399e+05
 2.967e+05 -2.967e+05
 -4.12e+04 4.12e+04
 -2.814e+05 2.814e+05
 -2.607e+04 2.607e+04
 -3.245e+04 3.245e+04
 -2.63e+06 2.63e+06
 -2.474e+05 2.474e+05
 -2.125e+05 2.125e+05
 -4.762e+05 4.762e+05
 2.357e+05 -2.357e+05
 -4.017e+04 4.017e+04
 -4.783e+05 4.783e+05
 -2.519e+05 2.519e+05
 -1.528e+06 1.528e+06
 -1.19e+06 1.19e+06
 -7.161e+05 7.161e+05
 8.665e+05 -8.665e+05
 -2.419e+06 2.419e+06
 2.85e+05 -2.85e+05
 1.334e+06 -1.334e+06
 -1.341e+06 1.341e+06
 -2.801e+05 2.801e+05
 -4.312e+05 4.312e+05
 -1.797e+06 1.797e+06
 -7.217e+05 7.217e+05
 7.916e+05 -7.916e+05
 1.964e+05 -1.964e+05
 1.757e+06 -1.757e+06
 -1.956e+05 1.956e+05
 -2.803e+05 2.803e+05
 -7.21e+05 7.21e+05
 5.446e+04 -5.446e+04
 -6.226e+05 6.226e+05
 -1.227e+06 1.227e+06
 -6.471e+05 6.471e+05
 -6.537e+04 6.537e+04
 -3.638e+05 3.638e+05
 -1.61e+06 1.61e+06
 -1.121e+04 1.121e+04
 1.394e+06 -1.394e+06
 -1.242e+06 1.242e+06
 3.956e+05 -3.956e+05
 -2.857e+06 2.857e+06
 6.976e+05 -6.976e+05
 -6917 6917
 1.223e+05 -1.223e+05
 8.619e+04 -8.619e+04
 -5.306e+04 5.306e+04
 1.791e+06 -1.791e+06
 -1.924e+05 1.924e+05
 -1.239e+06 1.239e+06
 8.135e+05 -8.135e+05
 4.448e+05 -4.448e+05
 -1.963e+06 1.963e+06
 1.86e+06 -1.86e+06
 -5.174e+04 5.174e+04
 1.138e+06 -1.138e+06
 -1.262e+05 1.262e+05
 -1.479e+06 1.479e+06
 -8.052e+05 8.052e+05
 1.999e+05 -1.999e+05
 -4.925e+05 4.925e+05
 1.288e+06 -1.288e+06
 -1.616e+06 1.616e+06
 1.033e+06 -1.033e+06
 -9.056e+05 9.056e+05
 -1.385e+06 1.385e+06
 -3.454e+05 3.454e+05
 1.811e+06 -1.811e+06
 -5.693e+05 5.693e+05
 1.767e+06 -1.767e+06
 -8.172e+05 8.172e+05
 8.288e+05 -8.288e+05
 6666 -6666
 3.563e+05 -3.563e+05
 -1.33e+06 1.33e+06
 -2.866e+05 2.866e+05
 -3.378e+04 3.378e+04
 8.444e+05 -8.444e+05
 -3.953e+05 3.953e+05
 3.705e+05 -3.705e+05
 -5.117e+04 5.117e+04
 -4.426e+05 4.426e+05
 -5.22e+05 5.22e+05
 1.159e+06 -1.159e+06
 2.518e+04 -2.518e+04
 2.878e+05 -2.878e+05
 -4.696e+05 4.696e+05
 3.025e+05 -3.025e+05
 3.083e+05 -3.083e+05
 -7362 7362
 2.523e+06 -2.523e+06
 -1.008e+06 1.008e+06
 -1.153e+05 1.153e+05
 -9.235e+04 9.235e+04
 1.006e+06 -1.006e+06
 1.045e+06 -1.045e+06
 -7.909e+04 7.909e+04
 5.86e+05 -5.86e+05
 1.481e+05 -1.481e+05
 -2.136e+05 2.136e+05
 -4.001e+05 4.001e+05
 1.617e+06 -1.617e+06
 2.869e+06 -2.869e+06
 2.796e+05 -2.796e+05
 4.827e+05 -4.827e+05
 -3.611e+05 3.611e+05
 7.442e+05 -7.442e+05
 -2.505e+05 2.505e+05
 5.339e+05 -5.339e+05
 -1.369e+06 1.369e+06
 5.377e+05 -5.377e+05
 3.547e+05 -3.547e+05
 -7.025e+05 7.025e+05
 -6.423e+05 6.423e+05
 1.122e+05 -1.122e+05
 -3.578e+05 3.578e+05
 9.358e+04 -9.358e+04
 -6.925e+05 6.925e+05
 -2.735e+04 2.735e+04
 1.628e+05 -1.628e+05
 9.237e+05 -9.237e+05
 1.137e+06 -1.137e+06
 3.372e+05 -3.372e+05
 3.441e+06 -3.441e+06
 1.146e+06 -1.146e+06
 -2.13e+06 2.13e+06
 1.555e+04 -1.555e+04
 -2.132e+05 2.132e+05
 -1.46e+06 1.46e+06
 2.968e+05 -2.968e+05
 4.177e+05 -4.177e+05
 -9.318e+05 9.318e+05
 -2.092e+05 2.092e+05
 -1.033e+06 1.033e+06
 -9.597e+05 9.597e+05
 1.103e+05 -1.103e+05
 1.224e+05 -1.224e+05
 -2.129e+05 2.129e+05
 -6.459e+05 6.459e+05
 5.382e+04 -5.382e+04
 -2.178e+05 2.178e+05
 3.598e+04 -3.598e+04
 -1.889e+05 1.889e+05
 -1.312e+06 1.312e+06
 -1.745e+05 1.745e+05
 -4.656e+05 4.656e+05
 3.008e+05 -3.008e+05
 -1.431e+05 1.431e+05
 -1.068e+06 1.068e+06
 4.623e+05 -4.623e+05
 -5.086e+05 5.086e+05
 -8.801e+04 8.801e+04
 -1.922e+06 1.922e+06
 1.966e+05 -1.966e+05
 3.733e+05 -3.733e+05
 5.399e+05 -5.399e+05
 -1.019e+06 1.019e+06
 -5.806e+05 5.806e+05
 1.274e+06 -1.274e+06
 -1.418e+05 1.418e+05
 5.709e+05 -5.709e+05
 -2.04e+06 2.04e+06
 -4.449e+05 4.449e+05
 4.418e+05 -4.418e+05
 -7.263e+05 7.263e+05
 -1.073e+06 1.073e+06
 9.309e+05 -9.309e+05
 1.139e+06 -1.139e+06
 5.428e+05 -5.428e+05
 1.014e+06 -1.014e+06
 2.197e+06 -2.197e+06
 -3.746e+05 3.746e+05
 4.682e+05 -4.682e+05
 -1.306e+06 1.306e+06
 9.767e+05 -9.767e+05
 -4.897e+05 4.897e+05
 2.941e+05 -2.941e+05
 4.32e+05 -4.32e+05
 -1.844e+06 1.844e+06
 -3.671e+04 3.671e+04
 -2.276e+06 2.276e+06
 -7.791e+04 7.791e+04
 1.951e+05 -1.951e+05
 -1.356e+06 1.356e+06
 6.901e+05 -6.901e+05
 -1.54e+05 1.54e+05
 -9.932e+05 9.932e+05
 -6.944e+05 6.944e+05
 -3.95e+05 3.95e+05
 2.112e+05 -2.112e+05
 2.904e+05 -2.904e+05
 -2.071e+06 2.071e+06
 -1.154e+06 1.154e+06
 4.049e+05 -4.049e+05
 9.621e+04 -9.621e+04
 7.23e+05 -7.23e+05
 -1.167e+06 1.167e+06
 -3.673e+05 3.673e+05
 -4.837e+05 4.837e+05
 -3.856e+05 3.856e+05
 -6.956e+05 6.956e+05
 6.225e+05 -6.225e+05
 -9.814e+05 9.814e+05
 -8594 8594
 -6.669e+05 6.669e+05
 2.51e+05 -2.51e+05
 -8.868e+05 8.868e+05
 -8.971e+05 8.971e+05
 -1.215e+05 1.215e+05
 -5.005e+05 5.005e+05
 2.095e+05 -2.095e+05
 9.46e+05 -9.46e+05
 -1.91e+06 1.91e+06
 5.016e+05 -5.016e+05
 2.813e+05 -2.813e+05
 6.606e+05 -6.606e+05
 2.654e+05 -2.654e+05
 -8.744e+05 8.744e+05
 5.064e+04 -5.064e+04
 1.566e+06 -1.566e+06
 -8.175e+04 8.175e+04
 9.596e+04 -9.596e+04
 6.038e+05 -6.038e+05
 -1.096e+06 1.096e+06
 2.348e+05 -2.348e+05
 -8.222e+05 8.222e+05
 -1.681e+05 1.681e+05
 -1.133e+06 1.133e+06
 2.389e+06 -2.389e+06
 -2.462e+05 2.462e+05
 1.093e+06 -1.093e+06
 1.647e+06 -1.647e+06
 -5.964e+05 5.964e+05
 4.944e+06 -4.944e+06
 -1.511e+06 1.511e+06
 -4.302e+04 4.302e+04
 -2.189e+05 2.189e+05
 1.755e+05 -1.755e+05
 -1.785e+06 1.785e+06
 -9.988e+05 9.988e+05
 -9.577e+05 9.577e+05
 2.032e+05 -2.032e+05
 -8.733e+05 8.733e+05
 -1.127e+05 1.127e+05
 1.341e+06 -1.341e+06
 -1.154e+06 1.154e+06
 2.914e+06 -2.914e+06
 -5.714e+05 5.714e+05
 1.065e+06 -1.065e+06
 4.651e+05 -4.651e+05
 4.047e+05 -4.047e+05
 -1.441e+06 1.441e+06
 -2.034e+05 2.034e+05
 -9.221e+05 9.221e+05
 -9.661e+04 9.661e+04
 -1.156e+06 1.156e+06
 -1.012e+05 1.012e+05
 1.632e+05 -1.632e+05
 -1.074e+06 1.074e+06
 1.948e+06 -1.948e+06
 2.778e+05 -2.778e+05
 -2.65e+04 2.65e+04
 1.259e+05 -1.259e+05
 1.212e+06 -1.212e+06
 -4.992e+05 4.992e+05
 1.657e+06 -1.657e+06
 -2.112e+05 2.112e+05
 4.634e+05 -4.634e+05
 2.005e+06 -2.005e+06
 -1.016e+06 1.016e+06
 -1.488e+05 1.488e+05
 2.044e+05 -2.044e+05
 -9.191e+05 9.191e+05
 -4.035e+05 4.035e+05
 -4.675e+05 4.675e+05
 9.796e+05 -9.796e+05
 2.071e+06 -2.071e+06
 -1.009e+06 1.009e+06
 -1.327e+06 1.327e+06
 -1.09e+06 1.09e+06
 -1.443e+05 1.443e+05
 -5.203e+05 5.203e+05
 8.946e+05 -8.946e+05
 -5.386e+05 5.386e+05
 4.737e+05 -4.737e+05
 5.151e+05 -5.151e+05
 -3.198e+06 3.198e+06
 1.461e+06 -1.461e+06
 -1.408e+06 1.408e+06
 5.265e+05 -5.265e+05
 -7.582e+05 7.582e+05
 3.484e+05 -3.484e+05
 5.519e+05 -5.519e+05
 -8.863e+05 8.863e+05
 -8.86e+05 8.86e+05
 -7.516e+05 7.516e+05
 1.317e+06 -1.317e+06
 2.391e+05 -2.391e+05
 1.836e+06 -1.836e+06
 1.035e+06 -1.035e+06
 -7.186e+05 7.186e+05
 7.654e+05 -7.654e+05
 -3.75e+04 3.75e+04
 9.507e+05 -9.507e+05
 1.265e+05 -1.265e+05
 -3.408e+05 3.408e+05
 -1.809e+06 1.809e+06
 1.433e+06 -1.433e+06
 1.747e+05 -1.747e+05
 8.591e+05 -8.591e+05
 -1.997e+05 1.997e+05
 -4.642e+05 4.642e+05
 3.324e+05 -3.324e+05
 -3.338e+05 3.338e+05
 -4.961e+05 4.961e+05
 -1.667e+05 1.667e+05
 7.537e+05 -7.537e+05
 1.772e+06 -1.772e+06
 -6.785e+04 6.785e+04
 6.768e+05 -6.768e+05
 1.962e+06 -1.962e+06
 7.368e+05 -7.368e+05
 7.929e+05 -7.929e+05
 -4.072e+05 4.072e+05
 7.417e+04 -7.417e+04
 -7.562e+04 7.562e+04
 1.006e+06 -1.006e+06
 7.243e+05 -7.243e+05
 1.357e+06 -1.357e+06
 3.723e+05 -3.723e+05
 -4.879e+05 4.879e+05
 3.621e+05 -3.621e+05
 -8.587e+05 8.587e+05
 -2.279e+05 2.279e+05
 4.017e+05 -4.017e+05
 -4.236e+05 4.236e+05
 1.014e+06 -1.014e+06
 8.023e+05 -8.023e+05
 -1.158e+05 1.158e+05
 1.612e+06 -1.612e+06
 -1.342e+05 1.342e+05
 9.064e+05 -9.064e+05
 -4.083e+05 4.083e+05
 -3.954e+05 3.954e+05
 -4.006e+05 4.006e+05
 4.342e+05 -4.342e+05
 -4.443e+05 4.443e+05
 1.134e+06 -1.134e+06
 1.179e+06 -1.179e+06
 6.231e+05 -6.231e+05
 -1.347e+05 1.347e+05
 -5.882e+05 5.882e+05
 -1.049e+06 1.049e+06
 -5.431e+05 5.431e+05
 1.408e+06 -1.408e+06
 4.034e+05 -4.034e+05
 -1.71e+06 1.71e+06
 1.826e+05 -1.826e+05
 -2.393e+05 2.393e+05
 -5.005e+05 5.005e+05
 9.737e+05 -9.737e+05
 2.612e+05 -2.612e+05
 -1.972e+06 1.972e+06
 1.289e+05 -1.289e+05
 1.487e+06 -1.487e+06
 -9.063e+05 9.063e+05
 4.095e+05 -4.095e+05
 -4.078e+05 4.078e+05
 6.133e+05 -6.133e+05
 -1.277e+06 1.277e+06
 -3.968e+05 3.968e+05
 -7.77e+05 7.77e+05
 5.561e+05 -5.561e+05
 9.651e+05 -9.651e+05
 -8.276e+05 8.276e+05
 2.398e+05 -2.398e+05
 -2.461e+05 2.461e+05
 -6.653e+05 6.653e+05
 -3.33e+05 3.33e+05
 5.454e+05 -5.454e+05
 7.741e+04 -7.741e+04
 1.625e+06 -1.625e+06
 -2.208e+05 2.208e+05
 -5.819e+05 5.819e+05
 5.426e+05 -5.426e+05
 3.286e+05 -3.286e+05
 -2.634e+05 2.634e+05
 1.277e+06 -1.277e+06
 7.047e+05 -7.047e+05
 2.688e+05 -2.688e+05
 1.787e+06 -1.787e+06
 -9.539e+05 9.539e+05
 5.853e+05 -5.853e+05
 -9.73e+05 9.73e+05
 8.87e+05 -8.87e+05
 1.985e+06 -1.985e+06
 1.921e+05 -1.921e+05
 1.719e+06 -1.719e+06
 1.664e+06 -1.664e+06
 -6.14e+05 6.14e+05
 1.966e+06 -1.966e+06
 -2.863e+05 2.863e+05
 1.835e+06 -1.835e+06
 4.858e+05 -4.858e+05
 1.896e+05 -1.896e+05
 -6.168e+05 6.168e+05
 6.7e+04 -6.7e+04
 -2.158e+05 2.158e+05
 -1.336e+06 1.336e+06
 4.12e+05 -4.12e+05
 5.645e+05 -5.645e+05
 6.481e+05 -6.481e+05
 -1.428e+05 1.428e+05
 2.274e+06 -2.274e+06
 -1.045e+06 1.045e+06
 9813 -9813
 -3.142e+04 3.142e+04
 -7.386e+05 7.386e+05
 7.042e+04 -7.042e+04
 4.017e+05 -4.017e+05
 7.968e+05 -7.968e+05
 -1.544e+06 1.544e+06
 7.611e+05 -7.611e+05
 7.175e+05 -7.175e+05
 -3.448e+05 3.448e+05
 -3.852e+05 3.852e+05
 6.339e+05 -6.339e+05
 1.841e+06 -1.841e+06
 2.856e+05 -2.856e+05
 1.712e+06 -1.712e+06
 2.659e+05 -2.659e+05
 -7.452e+05 7.452e+05
 -2.487e+05 2.487e+05
 1.148e+06 -1.148e+06
 1.21e+06 -1.21e+06
 1.261e+06 -1.261e+06
 -1.593e+06 1.593e+06
 -6.363e+04 6.363e+04
 -3.031e+05 3.031e+05
 -1.167e+05 1.167e+05
 -8.691e+05 8.691e+05
 -1.22e+06 1.22e+06
 5.879e+04 -5.879e+04
 8.519e+05 -8.519e+05
 -3.699e+04 3.699e+04
 -5.374e+04 5.374e+04
 -2.367e+06 2.367e+06
 -5.861e+04 5.861e+04
 -1.084e+04 1.084e+04
 -3.855e+04 3.855e+04
 -4.176e+05 4.176e+05
 6.395e+05 -6.395e+05
 4.234e+05 -4.234e+05
 -2.734e+05 2.734e+05
 1.491e+06 -1.491e+06
 4.728e+05 -4.728e+05
 9.406e+05 -9.406e+05
 1.377e+05 -1.377e+05
 -2.438e+05 2.438e+05
 -4.704e+05 4.704e+05
 1.448e+05 -1.448e+05
 -6.7e+04 6.7e+04
 -7647 7647
 -2.153e+05 2.153e+05
 -5.164e+05 5.164e+05
 -8.344e+04 8.344e+04
 -7.055e+05 7.055e+05
 2.799e+05 -2.799e+05
 -3.458e+05 3.458e+05
 2.02e+05 -2.02e+05
 -1.142e+06 1.142e+06
 5.704e+05 -5.704e+05
 -1.347e+06 1.347e+06
 2.944e+05 -2.944e+05
 3.617e+04 -3.617e+04
 6.119e+05 -6.119e+05
 2.909e+05 -2.909e+05
 2.957e+05 -2.957e+05
 -1.359e+06 1.359e+06
 1.695e+06 -1.695e+06
 2.293e+05 -2.293e+05
 2.524e+04 -2.524e+04
 5.872e+05 -5.872e+05
 -1.702e+06 1.702e+06
 -1.369e+06 1.369e+06
 -4.672e+05 4.672e+05
 -4.855e+05 4.855e+05
 3.872e+04 -3.872e+04
 2.802e+06 -2.802e+06
 -1.815e+05 1.815e+05
 -1.743e+05 1.743e+05
 -2.491e+05 2.491e+05
 -3.937e+04 3.937e+04
 -6.077e+04 6.077e+04
 8.103e+05 -8.103e+05
 -8.451e+04 8.451e+04
 -2628 2628
 -2.858e+05 2.858e+05
 2.727e+05 -2.727e+05
 -1.214e+06 1.214e+06
 -5.792e+05 5.792e+05
 1.234e+05 -1.234e+05
 6.018e+05 -6.018e+05
 -2.735e+05 2.735e+05
 -2.625e+05 2.625e+05
 2.582e+05 -2.582e+05
 7.886e+04 -7.886e+04
 -3.559e+05 3.559e+05
 9.031e+05 -9.031e+05
 -6.465e+05 6.465e+05
 1.075e+06 -1.075e+06
 8.882e+04 -8.882e+04
 1.341e+05 -1.341e+05
 -6.78e+05 6.78e+05
 -2.394e+06 2.394e+06
 -7.741e+04 7.741e+04
 7.147e+05 -7.147e+05
 -3.555e+05 3.555e+05
 1.612e+04 -1.612e+04
 -5.664e+05 5.664e+05
 -2.116e+05 2.116e+05
 1.908e+06 -1.908e+06
 -1.386e+06 1.386e+06
 4.818e+05 -4.818e+05
 -9.322e+05 9.322e+05
 -6.973e+05 6.973e+05
 2.276e+04 -2.276e+04
 3.302e+05 -3.302e+05
 8.631e+04 -8.631e+04
 2.988e+05 -2.988e+05
 2.668e+05 -2.668e+05
 4.842e+05 -4.842e+05
 4.778e+05 -4.778e+05
 -7.151e+05 7.151e+05
 6.727e+05 -6.727e+05
 4.253e+05 -4.253e+05
 3.104e+05 -3.104e+05
 9.612e+04 -9.612e+04
 -1.656e+06 1.656e+06
 9.402e+05 -9.402e+05
 1.016e+05 -1.016e+05
 -1.072e+06 1.072e+06
 -9.196e+05 9.196e+05
 -6.512e+05 6.512e+05
 -2.637e+05 2.637e+05
 6.99e+05 -6.99e+05
 -6.947e+05 6.947e+05
 -8.671e+05 8.671e+05
 5.41e+05 -5.41e+05
 7.74e+05 -7.74e+05
 -6.264e+05 6.264e+05
 2.294e+05 -2.294e+05
 -4.541e+05 4.541e+05
 -8.183e+05 8.183e+05
 -4.408e+05 4.408e+05
 -9.777e+05 9.777e+05
 -1.027e+06 1.027e+06
 3.003e+05 -3.003e+05
 -1.324e+06 1.324e+06
 -4.869e+05 4.869e+05
 -7.939e+05 7.939e+05
 -9.684e+05 9.684e+05
 -1.221e+05 1.221e+05
 5.055e+05 -5.055e+05
 -1.475e+05 1.475e+05
 1.046e+06 -1.046e+06
 1.165e+06 -1.165e+06
 -1.742e+06 1.742e+06
 2.622e+05 -2.622e+05
 1.194e+06 -1.194e+06
 -1.238e+06 1.238e+06
 -8.435e+05 8.435e+05
 -1.101e+06 1.101e+06
 -2.055e+05 2.055e+05
 -5.569e+04 5.569e+04
 -4.729e+05 4.729e+05
 -2.066e+06 2.066e+06
 -7.42e+05 7.42e+05
 8.775e+05 -8.775e+05
 8.233e+05 -8.233e+05
 -1.33e+06 1.33e+06
 4.69e+05 -4.69e+05
 -2.222e+06 2.222e+06
 -2.809e+05 2.809e+05
 1.072e+06 -1.072e+06
 -1.253e+06 1.253e+06
 5.076e+04 -5.076e+04
 6.593e+05 -6.593e+05
 3.927e+05 -3.927e+05
 2.813e+04 -2.813e+04
 2.375e+06 -2.375e+06
 -3.648e+04 3.648e+04
 1.458e+06 -1.458e+06
 -9.508e+05 9.508e+05
 1.419e+06 -1.419e+06
 -1.293e+05 1.293e+05
 -8.111e+05 8.111e+05
 1.08e+06 -1.08e+06
 8.102e+05 -8.102e+05
 -5.63e+05 5.63e+05
 -1.816e+06 1.816e+06
 -4.606e+04 4.606e+04
 9.401e+05 -9.401e+05
 1.084e+05 -1.084e+05
 -3.431e+05 3.431e+05
 2.519e+05 -2.519e+05
 -6.794e+05 6.794e+05
 1.467e+05 -1.467e+05
 -1.235e+05 1.235e+05
 -1745 1745
 4.921e+05 -4.921e+05
 1.198e+06 -1.198e+06
 2.165e+06 -2.165e+06
 -2.261e+06 2.261e+06
 -3.538e+05 3.538e+05
 -8.454e+05 8.454e+05
 4.108e+05 -4.108e+05
 -1.426e+06 1.426e+06
 7.9e+05 -7.9e+05
 6.729e+05 -6.729e+05
 -7.457e+05 7.457e+05
 -5.467e+05 5.467e+05
 -8.587e+05 8.587e+05
 6.203e+05 -6.203e+05
 -8.818e+05 8.818e+05
 1.911e+04 -1.911e+04
 -5.854e+05 5.854e+05
 1.17e+06 -1.17e+06
 -2.251e+05 2.251e+05
 -6.277e+04 6.277e+04
 -8.959e+05 8.959e+05
 1.591e+06 -1.591e+06
 -1.278e+05 1.278e+05
 -2.833e+05 2.833e+05
 1.263e+06 -1.263e+06
 -1.324e+05 1.324e+05
 -1.666e+05 1.666e+05
 7.131e+05 -7.131e+05
 -5.5e+05 5.5e+05
 -633.8 633.8
 -8.4e+05 8.4e+05
 -4.754e+05 4.754e+05
 -3.448e+05 3.448e+05
 -7.414e+05 7.414e+05
 1.002e+05 -1.002e+05
 -3.517e+05 3.517e+05
 -7.316e+05 7.316e+05
 3.293e+05 -3.293e+05
 -9.377e+05 9.377e+05
 8.17e+05 -8.17e+05
 -7.165e+05 7.165e+05
 4.537e+05 -4.537e+05
 -1.115e+06 1.115e+06
 6.475e+05 -6.475e+05
 -1.811e+05 1.811e+05
 -1.094e+06 1.094e+06
 7.1e+05 -7.1e+05
 -7.987e+05 7.987e+05
 3.528e+05 -3.528e+05
 1.175e+05 -1.175e+05
 -3.648e+05 3.648e+05
 1.215e+06 -1.215e+06
 2.732e+05 -2.732e+05
 -8.868e+05 8.868e+05
 6.047e+05 -6.047e+05
 -1.25e+06 1.25e+06
 -4.417e+05 4.417e+05
 -5.086e+05 5.086e+05
 -5.538e+05 5.538e+05
 -8.118e+05 8.118e+05
 -9.007e+04 9.007e+04
 1.182e+06 -1.182e+06
 3.518e+04 -3.518e+04
 8.214e+05 -8.214e+05
 1.503e+06 -1.503e+06
 2.18e+05 -2.18e+05
 -5.024e+05 5.024e+05
 2.206e+06 -2.206e+06
 -6.38e+05 6.38e+05
 7.044e+05 -7.044e+05
 -4.31e+05 4.31e+05
 4.267e+05 -4.267e+05
 -1.877e+04 1.877e+04
 1.735e+05 -1.735e+05
 3.277e+04 -3.277e+04
 -1.449e+06 1.449e+06
 -5.837e+05 5.837e+05
 4.786e+05 -4.786e+05
 -1.007e+06 1.007e+06
 4.832e+05 -4.832e+05
 -3.202e+05 3.202e+05
 -2.141e+05 2.141e+05
 -2.148e+06 2.148e+06
 2.392e+06 -2.392e+06
 -1.08e+06 1.08e+06
 2.442e+04 -2.442e+04
 -4.226e+05 4.226e+05
 1.512e+05 -1.512e+05
 -9.662e+05 9.662e+05
 -1.834e+05 1.834e+05
 -6.316e+05 6.316e+05
 2.022e+06 -2.022e+06
 -1.796e+05 1.796e+05
 -2.995e+05 2.995e+05
 3.481e+05 -3.481e+05
 2.129e+06 -2.129e+06
 -7.382e+05 7.382e+05
 1.318e+05 -1.318e+05
 1.093e+06 -1.093e+06
 3.751e+05 -3.751e+05
 -6.09e+05 6.09e+05
 5.458e+05 -5.458e+05
 8.046e+05 -8.046e+05
 -2.344e+06 2.344e+06
 -5.214e+05 5.214e+05
 -4.111e+05 4.111e+05
 -3.186e+06 3.186e+06
 -1.282e+04 1.282e+04
 4.708e+04 -4.708e+04
 -4.607e+05 4.607e+05
 3.968e+05 -3.968e+05
 1.379e+04 -1.379e+04
 1.787e+05 -1.787e+05
 -5.779e+05 5.779e+05
 1.516e+05 -1.516e+05
 -4.248e+05 4.248e+05
 -5.211e+04 5.211e+04
 -9.603e+05 9.603e+05
 -7.005e+05 7.005e+05
 1.412e+06 -1.412e+06
 2.087e+05 -2.087e+05
 1.735e+06 -1.735e+06
 -2.585e+05 2.585e+05
 -6.572e+05 6.572e+05
 -1.027e+05 1.027e+05
 -7.38e+05 7.38e+05
 1.474e+06 -1.474e+06
 -9.781e+05 9.781e+05
 -6.651e+05 6.651e+05
 8.711e+05 -8.711e+05
 9.212e+05 -9.212e+05
 -7.166e+05 7.166e+05
 -7.032e+05 7.032e+05
 -1.199e+06 1.199e+06
 2.71e+04 -2.71e+04
 5.947e+04 -5.947e+04
 -6.478e+05 6.478e+05
 -1.159e+06 1.159e+06
 -1.439e+05 1.439e+05
 -4.501e+05 4.501e+05
 -4654 4654
 -7.829e+05 7.829e+05
 1.238e+06 -1.238e+06
 -1.345e+06 1.345e+06
 1.704e+06 -1.704e+06
 -4.087e+05 4.087e+05
 -2.523e+05 2.523e+05
 -1.447e+06 1.447e+06
 2.162e+05 -2.162e+05
 7.95e+05 -7.95e+05
 -1.302e+05 1.302e+05
 -8.132e+05 8.132e+05
 -1.55e+06 1.55e+06
 -1.375e+05 1.375e+05
 1.757e+06 -1.757e+06
 -1.373e+06 1.373e+06
 -1.102e+04 1.102e+04
 -5.152e+05 5.152e+05
 2.407e+05 -2.407e+05
 -1.416e+05 1.416e+05
 4.553e+05 -4.553e+05
 -5.94e+05 5.94e+05
 -1.869e+05 1.869e+05
 3.314e+05 -3.314e+05
 3.881e+05 -3.881e+05
 1.408e+06 -1.408e+06
 8.119e+05 -8.119e+05
 1.088e+06 -1.088e+06
 -2.572e+05 2.572e+05
 -6.52e+05 6.52e+05
 2.579e+04 -2.579e+04
 5.385e+05 -5.385e+05
 1.002e+06 -1.002e+06
 5.64e+05 -5.64e+05
 -6.781e+05 6.781e+05
 3.616e+05 -3.616e+05
 -3.832e+04 3.832e+04
 1.283e+06 -1.283e+06
 6.022e+05 -6.022e+05
 2.108e+05 -2.108e+05
 -7.326e+04 7.326e+04
 -1.85e+05 1.85e+05
 2.214e+05 -2.214e+05
 1.986e+05 -1.986e+05
 -1.581e+05 1.581e+05
 -1.643e+06 1.643e+06
 1.066e+05 -1.066e+05
 -1.043e+06 1.043e+06
 -9.868e+04 9.868e+04
 1.42e+06 -1.42e+06
 -7.567e+05 7.567e+05
 7.718e+05 -7.718e+05
 6.095e+05 -6.095e+05
 -1.312e+06 1.312e+06
 -2.254e+06 2.254e+06
 6.762e+05 -6.762e+05
 -1.17e+06 1.17e+06
 7.332e+04 -7.332e+04
 -1.03e+06 1.03e+06
 -4.95e+05 4.95e+05
 1.252e+06 -1.252e+06
 2.612e+06 -2.612e+06
 1.222e+06 -1.222e+06
 -5.596e+04 5.596e+04
 2.821e+06 -2.821e+06
 2.406e+05 -2.406e+05
 2.542e+05 -2.542e+05
 -7.585e+05 7.585e+05
 -3.985e+05 3.985e+05
 1.744e+06 -1.744e+06
 -5.939e+05 5.939e+05
 -1.137e+06 1.137e+06
 3.431e+05 -3.431e+05
 -1.285e+06 1.285e+06
 -3.993e+05 3.993e+05
 -4.551e+05 4.551e+05
 1.497e+05 -1.497e+05
 9.592e+04 -9.592e+04
 -9.359e+05 9.359e+05
 -7.533e+05 7.533e+05
 -2.576e+05 2.576e+05
 1.169e+06 -1.169e+06
 1.199e+06 -1.199e+06
 4.015e+05 -4.015e+05
 7.797e+05 -7.797e+05
 1.061e+06 -1.061e+06
 7.737e+05 -7.737e+05
 1.8e+05 -1.8e+05
 -1.414e+06 1.414e+06
 -1.447e+05 1.447e+05
 -4.23e+05 4.23e+05
 -4.924e+05 4.924e+05
 -7.438e+05 7.438e+05
 5.434e+05 -5.434e+05
 -2.918e+06 2.918e+06
 4.423e+05 -4.423e+05
 4.734e+05 -4.734e+05
 -1.368e+06 1.368e+06
 1.256e+06 -1.256e+06
 2.056e+05 -2.056e+05
 -3.066e+05 3.066e+05
 -2.721e+05 2.721e+05
 -2.796e+05 2.796e+05
 5.619e+05 -5.619e+05
 -2.594e+06 2.594e+06
 9.237e+05 -9.237e+05
 -2.771e+06 2.771e+06
 2.104e+06 -2.104e+06
 -3.559e+05 3.559e+05
 -2.076e+06 2.076e+06
 4.721e+05 -4.721e+05
 -1.222e+05 1.222e+05
 -9.987e+05 9.987e+05
 -1.867e+05 1.867e+05
 -7.227e+05 7.227e+05
 -2.256e+05 2.256e+05
 -1.661e+06 1.661e+06
 -2.534e+05 2.534e+05
 2.485e+04 -2.485e+04
 1.348e+06 -1.348e+06
 -1.984e+05 1.984e+05
 1.494e+06 -1.494e+06
 8.765e+05 -8.765e+05
 7.569e+05 -7.569e+05
 1.36e+06 -1.36e+06
 -4.547e+05 4.547e+05
 -1.304e+05 1.304e+05
 9.713e+05 -9.713e+05
 -1.229e+05 1.229e+05
 -2.526e+05 2.526e+05
 -6.396e+05 6.396e+05
 -5.611e+05 5.611e+05
 -8.808e+05 8.808e+05
 4.871e+05 -4.871e+05
 -2.486e+05 2.486e+05
 -1.386e+05 1.386e+05
 -4.29e+05 4.29e+05
 -2.818e+05 2.818e+05
 -2.147e+06 2.147e+06
 -4.989e+04 4.989e+04
 -1.669e+05 1.669e+05
 -7.374e+04 7.374e+04
 -1.002e+05 1.002e+05
 9.562e+05 -9.562e+05
 -1.465e+05 1.465e+05
 5.395e+05 -5.395e+05
 -1.023e+06 1.023e+06
 3.969e+06 -3.969e+06
 1.115e+06 -1.115e+06
 -1.389e+05 1.389e+05
 5.197e+05 -5.197e+05
 1.557e+06 -1.557e+06
 -1.436e+06 1.436e+06
 -5.417e+05 5.417e+05
 -1.045e+06 1.045e+06
 4.807e+05 -4.807e+05
 -1.354e+05 1.354e+05
 1.628e+06 -1.628e+06
 1.063e+05 -1.063e+05
 6.473e+05 -6.473e+05
 -1.209e+06 1.209e+06
 -9.388e+05 9.388e+05
 5.781e+04 -5.781e+04
 -2.88e+04 2.88e+04
 4.638e+05 -4.638e+05
 -3.994e+04 3.994e+04
 1.692e+06 -1.692e+06
 -2.234e+05 2.234e+05
 -1.923e+05 1.923e+05
 -2.061e+05 2.061e+05
 1.404e+05 -1.404e+05
 -5.239e+05 5.239e+05
 1.435e+06 -1.435e+06
 -4.808e+05 4.808e+05
 1.047e+06 -1.047e+06
 8.07e+05 -8.07e+05
 4.559e+05 -4.559e+05
 -1.28e+06 1.28e+06
 -1.63e+04 1.63e+04
 7.566e+05 -7.566e+05
 -9.816e+05 9.816e+05
 3.235e+05 -3.235e+05
 5.88e+05 -5.88e+05
 -3.576e+05 3.576e+05
 4.75e+05 -4.75e+05
 -2.35e+04 2.35e+04
 9.551e+05 -9.551e+05
 -2.296e+05 2.296e+05
 -3.054e+04 3.054e+04
 -2.877e+06 2.877e+06
 1.151e+05 -1.151e+05
 -9.72e+05 9.72e+05
 -7.004e+05 7.004e+05
 -2.74e+05 2.74e+05
 -1.665e+05 1.665e+05
 -3.802e+05 3.802e+05
 -3.037e+05 3.037e+05
 1.153e+05 -1.153e+05
 -2.002e+06 2.002e+06
 8.51e+05 -8.51e+05
 -8.192e+05 8.192e+05
 -4.465e+05 4.465e+05
 1.951e+05 -1.951e+05
 7.654e+05 -7.654e+05
 -3.703e+05 3.703e+05
 2.399e+05 -2.399e+05
 -1.022e+06 1.022e+06
 9.364e+05 -9.364e+05
 -9.217e+05 9.217e+05
 1.333e+06 -1.333e+06
 1.246e+05 -1.246e+05
 3.811e+05 -3.811e+05
 -1.071e+06 1.071e+06
 4.246e+05 -4.246e+05
 1.459e+05 -1.459e+05
 -1.457e+05 1.457e+05
 2.252e+06 -2.252e+06
 3.002e+06 -3.002e+06
 -1.566e+06 1.566e+06
 9.199e+05 -9.199e+05
 4.157e+05 -4.157e+05
 7.982e+05 -7.982e+05
 -5.592e+05 5.592e+05
 2.671e+05 -2.671e+05
 -2.879e+05 2.879e+05
 7.179e+04 -7.179e+04
 -1.743e+06 1.743e+06
 9.804e+05 -9.804e+05
 -1.004e+06 1.004e+06
 -3.407e+05 3.407e+05
 1.554e+05 -1.554e+05
 -1.503e+05 1.503e+05
 3.136e+06 -3.136e+06
 1.028e+06 -1.028e+06
 1.501e+05 -1.501e+05
 -1.043e+06 1.043e+06
 -9.105e+05 9.105e+05
 5.294e+05 -5.294e+05
 1.551e+05 -1.551e+05
 -8.712e+05 8.712e+05
 9.342e+05 -9.342e+05
 -3.641e+05 3.641e+05
 1.456e+06 -1.456e+06
 -1.46e+06 1.46e+06
 1.201e+06 -1.201e+06
 1.525e+06 -1.525e+06
 -2.5e+06 2.5e+06
 -9.484e+05 9.484e+05
 4.919e+05 -4.919e+05
 -5.149e+05 5.149e+05
 6.727e+05 -6.727e+05
 -9.201e+04 9.201e+04
 -4.245e+05 4.245e+05
 -2.468e+06 2.468e+06
 -2.733e+05 2.733e+05
 9.018e+05 -9.018e+05
 -1.348e+06 1.348e+06
 3.552e+05 -3.552e+05
 3.355e+06 -3.355e+06
 -2.587e+05 2.587e+05
 9.646e+05 -9.646e+05
 1.242e+06 -1.242e+06
 -8.133e+05 8.133e+05
 -8.068e+05 8.068e+05
 1.596e+06 -1.596e+06
 3.962e+05 -3.962e+05
 -2.543e+04 2.543e+04
 3.208e+05 -3.208e+05
 -4.21e+05 4.21e+05
 4.346e+05 -4.346e+05
 -9.4e+05 9.4e+05
 -9.253e+05 9.253e+05
 -1.08e+06 1.08e+06
 1.856e+06 -1.856e+06
 -1.262e+05 1.262e+05
 5.905e+05 -5.905e+05
 -2.43e+05 2.43e+05
 4.624e+05 -4.624e+05
 1.106e+05 -1.106e+05
 5.097e+05 -5.097e+05
 2.485e+06 -2.485e+06
 -7.268e+05 7.268e+05
 -1.024e+06 1.024e+06
 -4.349e+05 4.349e+05
 -1.782e+06 1.782e+06
 7.603e+05 -7.603e+05
 2.415e+05 -2.415e+05
 2.477e+05 -2.477e+05
 -2.942e+05 2.942e+05
 -3.573e+04 3.573e+04
 -5.335e+05 5.335e+05
 -2.192e+04 2.192e+04
 -3.599e+05 3.599e+05
 -1.357e+06 1.357e+06
 1.012e+06 -1.012e+06
 -4.6e+05 4.6e+05
 -1.286e+06 1.286e+06
 -1.449e+06 1.449e+06
 -3.898e+05 3.898e+05
 1.115e+06 -1.115e+06
 -6.696e+05 6.696e+05
 1.733e+05 -1.733e+05
 4.997e+05 -4.997e+05
 1.141e+06 -1.141e+06
 -1.892e+05 1.892e+05
 -2.203e+06 2.203e+06
 -2.032e+05 2.032e+05
 3.053e+05 -3.053e+05
 -1.689e+05 1.689e+05
 -1.289e+06 1.289e+06
 1.405e+06 -1.405e+06
 -1.253e+05 1.253e+05
 -6.274e+04 6.274e+04
 -2.745e+05 2.745e+05
 -1.194e+04 1.194e+04
 -4.51e+05 4.51e+05
 -5.26e+05 5.26e+05
 9.923e+05 -9.923e+05
 -7.85e+05 7.85e+05
 -7.143e+05 7.143e+05
 5.914e+05 -5.914e+05
 5.323e+05 -5.323e+05
 -1.019e+05 1.019e+05
 5.879e+05 -5.879e+05
 1.768e+06 -1.768e+06
 2.12e+05 -2.12e+05
 5.604e+05 -5.604e+05
 -3.218e+05 3.218e+05
 4.805e+05 -4.805e+05
 -1.339e+06 1.339e+06
 -3.56e+05 3.56e+05
 -8.478e+05 8.478e+05
 -8.81e+05 8.81e+05
 1.048e+06 -1.048e+06
 8.449e+04 -8.449e+04
 -3.661e+05 3.661e+05
 6.545e+05 -6.545e+05
 2.661e+05 -2.661e+05
 4.678e+05 -4.678e+05
 2.234e+06 -2.234e+06
 5.847e+05 -5.847e+05
 4.571e+05 -4.571e+05
 2.935e+05 -2.935e+05
 1.28e+06 -1.28e+06
 -7.522e+05 7.522e+05
 8.299e+05 -8.299e+05
 1.053e+06 -1.053e+06
 5.302e+05 -5.302e+05
 9.996e+05 -9.996e+05
 -3.209e+05 3.209e+05
 7.413e+05 -7.413e+05
 1.607e+06 -1.607e+06
 -1.357e+06 1.357e+06
 1.46e+06 -1.46e+06
 -1.292e+06 1.292e+06
 1.861e+06 -1.861e+06
 -1.088e+06 1.088e+06
 9.643e+05 -9.643e+05
 -1.215e+06 1.215e+06
 -6.818e+05 6.818e+05
 6.361e+05 -6.361e+05
 1.86e+06 -1.86e+06
 -1.025e+06 1.025e+06
 1.494e+06 -1.494e+06
 -3.86e+05 3.86e+05
 -4.956e+05 4.956e+05
 1.262e+06 -1.262e+06
 -5.109e+05 5.109e+05
 1.003e+06 -1.003e+06
 8.096e+05 -8.096e+05
 2.359e+05 -2.359e+05
 5.359e+05 -5.359e+05
 6.059e+05 -6.059e+05
 3.352e+05 -3.352e+05
 1.344e+05 -1.344e+05
 1.283e+06 -1.283e+06
 6.518e+05 -6.518e+05
 4.426e+05 -4.426e+05
 8.509e+05 -8.509e+05
 -5.786e+05 5.786e+05
 -4.189e+05 4.189e+05
 1.118e+06 -1.118e+06
 1.254e+05 -1.254e+05
 -2.336e+05 2.336e+05
 -1.084e+06 1.084e+06
 1.774e+05 -1.774e+05
 1.699e+06 -1.699e+06
 -4.582e+05 4.582e+05
 -1.495e+06 1.495e+06
 1.611e+06 -1.611e+06
 8.775e+05 -8.775e+05
 3.915e+04 -3.915e+04
 -3.766e+05 3.766e+05
 -3.185e+05 3.185e+05
 8.051e+05 -8.051e+05
 -6.782e+05 6.782e+05
 3.488e+05 -3.488e+05
 -1.615e+06 1.615e+06
 1.565e+06 -1.565e+06
 1.026e+06 -1.026e+06
 1.329e+06 -1.329e+06
 -4.459e+05 4.459e+05
 -2.262e+05 2.262e+05
 -6.061e+05 6.061e+05
 -5.002e+05 5.002e+05
 4.321e+05 -4.321e+05
 -8.216e+05 8.216e+05
 -1.05e+06 1.05e+06
 -1.193e+06 1.193e+06
 9.622e+05 -9.622e+05
 -7.985e+05 7.985e+05
 -3.014e+05 3.014e+05
 2.924e+05 -2.924e+05
 -8.576e+05 8.576e+05
 8.432e+05 -8.432e+05
 1055 -1055
 -9.521e+05 9.521e+05
 6.892e+05 -6.892e+05
 9.72e+05 -9.72e+05
 -6.697e+05 6.697e+05
 2.104e+05 -2.104e+05
 -3.805e+05 3.805e+05
 2.456e+04 -2.456e+04
 2.761e+04 -2.761e+04
 -4.297e+05 4.297e+05
 -4.768e+05 4.768e+05
 -1.367e+06 1.367e+06
 -2.574e+06 2.574e+06
 7.082e+05 -7.082e+05
 1.401e+05 -1.401e+05
 1.52e+06 -1.52e+06
 -8.411e+05 8.411e+05
 4878 -4878
 1.733e+05 -1.733e+05
 6.67e+05 -6.67e+05
 3.451e+04 -3.451e+04
 2.781e+05 -2.781e+05
 -1.483e+06 1.483e+06
 -7.93e+05 7.93e+05
 4.504e+05 -4.504e+05
 -9.882e+05 9.882e+05
 -2.328e+05 2.328e+05
 7.033e+05 -7.033e+05
 1.089e+06 -1.089e+06
 2.295e+05 -2.295e+05
 -1.337e+05 1.337e+05
 6.929e+05 -6.929e+05
 1.429e+06 -1.429e+06
 1.254e+05 -1.254e+05
 -2.776e+05 2.776e+05
 -5.74e+05 5.74e+05
 -1.321e+06 1.321e+06
 -1.816e+04 1.816e+04
 -1.101e+05 1.101e+05
 9.601e+05 -9.601e+05
 -2.246e+05 2.246e+05
 -8.547e+05 8.547e+05
 5.097e+05 -5.097e+05
 2.389e+05 -2.389e+05
 -3.653e+05 3.653e+05
 -2.629e+05 2.629e+05
 -1.291e+05 1.291e+05
 6.981e+05 -6.981e+05
 -2.837e+04 2.837e+04
 3.672e+05 -3.672e+05
 -1.466e+06 1.466e+06
 9.433e+05 -9.433e+05
 8.444e+04 -8.444e+04
 -1.312e+06 1.312e+06
 -5.871e+05 5.871e+05
 -9.673e+05 9.673e+05
 -5.461e+04 5.461e+04
 1.03e+06 -1.03e+06
 -1.049e+06 1.049e+06
 -1.097e+06 1.097e+06
 -4.746e+05 4.746e+05
 -3.975e+05 3.975e+05
 -9.235e+05 9.235e+05
 3.607e+05 -3.607e+05
 -1.263e+06 1.263e+06
 4.607e+05 -4.607e+05
 2.328e+05 -2.328e+05
 3.799e+05 -3.799e+05
 2.799e+05 -2.799e+05
 -4.516e+05 4.516e+05
 -1.875e+05 1.875e+05
 1.092e+06 -1.092e+06
 1.65e+06 -1.65e+06
 -5.463e+05 5.463e+05
 -2.849e+05 2.849e+05
 5.873e+05 -5.873e+05
 1.047e+06 -1.047e+06
 -772.1 772.1
 -1.597e+06 1.597e+06
 -1.001e+06 1.001e+06
 2.029e+06 -2.029e+06
 -5.797e+05 5.797e+05
 3.821e+05 -3.821e+05
 -2.837e+05 2.837e+05
 -1.771e+05 1.771e+05
 -1.577e+06 1.577e+06
 1.996e+05 -1.996e+05
 -1.221e+06 1.221e+06
 -7.308e+05 7.308e+05
 2.804e+05 -2.804e+05
 -2.987e+06 2.987e+06
 7.176e+05 -7.176e+05
 5.813e+05 -5.813e+05
 6.954e+05 -6.954e+05
 6.613e+05 -6.613e+05
 -7.916e+05 7.916e+05
 -1.927e+05 1.927e+05
 -6.248e+05 6.248e+05
 -7.619e+05 7.619e+05
 -5.742e+05 5.742e+05
 -7.134e+05 7.134e+05
 -5.617e+05 5.617e+05
 2.209e+05 -2.209e+05
 1.575e+06 -1.575e+06
 1.4e+06 -1.4e+06
 -3.616e+05 3.616e+05
 1.245e+05 -1.245e+05
 1759 -1759
 9.962e+05 -9.962e+05
 3.631e+05 -3.631e+05
 4.981e+05 -4.981e+05
 -6.96e+05 6.96e+05
 -3.857e+05 3.857e+05
 -6.664e+05 6.664e+05
 5.728e+04 -5.728e+04
 8.001e+05 -8.001e+05
 -2.14e+06 2.14e+06
 -8.175e+05 8.175e+05
 -7.138e+05 7.138e+05
 -9.169e+05 9.169e+05
 -1.584e+06 1.584e+06
 3.518e+05 -3.518e+05
 -1.16e+05 1.16e+05
 -3.331e+05 3.331e+05
 -6.897e+05 6.897e+05
 2.559e+06 -2.559e+06
 -1.745e+06 1.745e+06
 -7.243e+05 7.243e+05
 -6.995e+05 6.995e+05
 -1.086e+05 1.086e+05
 -1.326e+06 1.326e+06
 1.34e+06 -1.34e+06
 -1.267e+06 1.267e+06
 -5.166e+05 5.166e+05
 5.488e+05 -5.488e+05
 1.93e+06 -1.93e+06
 1.973e+06 -1.973e+06
 -6.881e+05 6.881e+05
 -5.126e+05 5.126e+05
 9.11e+05 -9.11e+05
 8.567e+04 -8.567e+04
 -2.305e+05 2.305e+05
 1.75e+06 -1.75e+06
 -1.615e+06 1.615e+06
 3.559e+05 -3.559e+05
 -9.099e+05 9.099e+05
 -3.809e+04 3.809e+04
 1.775e+06 -1.775e+06
 8.3e+05 -8.3e+05
 1.016e+06 -1.016e+06
 -1.723e+05 1.723e+05
 1.143e+06 -1.143e+06
 -1.662e+06 1.662e+06
 -4.078e+05 4.078e+05
 5.159e+05 -5.159e+05
 2.006e+06 -2.006e+06
 -9.666e+05 9.666e+05
 -3.127e+05 3.127e+05
 9.858e+05 -9.858e+05
 -1.153e+06 1.153e+06
 1.525e+06 -1.525e+06
 8.009e+05 -8.009e+05
 -3.182e+05 3.182e+05
 7.753e+05 -7.753e+05
 -1.428e+06 1.428e+06
 -8.166e+05 8.166e+05
 5.432e+05 -5.432e+05
 5.296e+05 -5.296e+05
 -3.897e+05 3.897e+05
 2.55e+05 -2.55e+05
 -6.114e+05 6.114e+05
 1.866e+06 -1.866e+06
 -1.14e+06 1.14e+06
 9.132e+05 -9.132e+05
 -3.652e+05 3.652e+05
 1.086e+05 -1.086e+05
 4.121e+05 -4.121e+05
 5.695e+05 -5.695e+05
 -9.314e+05 9.314e+05
 8.478e+05 -8.478e+05
 -6.545e+05 6.545e+05
 -6518 6518
 7.019e+05 -7.019e+05
 3.303e+05 -3.303e+05
 7.881e+05 -7.881e+05
 1.43e+05 -1.43e+05
 2.688e+05 -2.688e+05
 -5.996e+05 5.996e+05
 -9.215e+05 9.215e+05
 1.508e+06 -1.508e+06
 -6.054e+05 6.054e+05
 7.547e+05 -7.547e+05
 -2.665e+05 2.665e+05
 -6541 6541
 7.114e+05 -7.114e+05
 9.552e+05 -9.552e+05
 7.979e+05 -7.979e+05
 2.646e+05 -2.646e+05
 -1.143e+06 1.143e+06
 -7.107e+05 7.107e+05
 -3.041e+05 3.041e+05
 3.036e+05 -3.036e+05
 4.264e+05 -4.264e+05
 -2.364e+05 2.364e+05
 1.487e+06 -1.487e+06
 2.021e+06 -2.021e+06
 -4.503e+05 4.503e+05
 -1.542e+05 1.542e+05
 1.561e+06 -1.561e+06
 -1.723e+05 1.723e+05
 -9.652e+04 9.652e+04
 -6.199e+05 6.199e+05
 -2.217e+06 2.217e+06
 3.575e+05 -3.575e+05
 2.993e+05 -2.993e+05
 2.035e+05 -2.035e+05
 -9.926e+05 9.926e+05
 1.009e+06 -1.009e+06
 -1.048e+06 1.048e+06
 -5.219e+05 5.219e+05
 6.198e+05 -6.198e+05
 -1.46e+05 1.46e+05
 1.244e+05 -1.244e+05
 5.931e+05 -5.931e+05
 -1.272e+06 1.272e+06
 7.446e+04 -7.446e+04
 6.253e+05 -6.253e+05
 2.043e+05 -2.043e+05
 1.185e+06 -1.185e+06
 1.096e+06 -1.096e+06
 -1.122e+05 1.122e+05
 -1.41e+05 1.41e+05
 1.02e+06 -1.02e+06
 -5.357e+05 5.357e+05
 3.004e+05 -3.004e+05
 8.807e+05 -8.807e+05
 -1.179e+06 1.179e+06
 -6.115e+04 6.115e+04
 2.717e+05 -2.717e+05
 -5.385e+05 5.385e+05
 8.618e+05 -8.618e+05
 -3.318e+05 3.318e+05
 -5.11e+04 5.11e+04
 -9.055e+05 9.055e+05
 -5.186e+05 5.186e+05
 -4.078e+04 4.078e+04
 -4.751e+05 4.751e+05
 -6.657e+05 6.657e+05
 -4.329e+04 4.329e+04
 -6.376e+05 6.376e+05
 1.917e+06 -1.917e+06
 2.003e+06 -2.003e+06
 1.483e+06 -1.483e+06
 -1.674e+06 1.674e+06
 2.521e+05 -2.521e+05
 8.434e+04 -8.434e+04
 1.035e+06 -1.035e+06
 5.015e+05 -5.015e+05
 8.262e+05 -8.262e+05
 -3.198e+05 3.198e+05
 4.332e+05 -4.332e+05
 1.617e+06 -1.617e+06
 4.548e+04 -4.548e+04
 -1.127e+05 1.127e+05
 -2.491e+06 2.491e+06
 -1.196e+06 1.196e+06
 -1.017e+06 1.017e+06
 2.528e+05 -2.528e+05
 -8.35e+05 8.35e+05
 4.414e+05 -4.414e+05
 -6.907e+04 6.907e+04
 1.728e+05 -1.728e+05
 -1.609e+06 1.609e+06
 3.94e+05 -3.94e+05
 -9.068e+05 9.068e+05
 1.434e+05 -1.434e+05
 1.442e+05 -1.442e+05
 -1.232e+06 1.232e+06
 1.852e+06 -1.852e+06
 3.137e+05 -3.137e+05
 4.866e+05 -4.866e+05
 -2.663e+05 2.663e+05
 -6.019e+05 6.019e+05
 4.817e+05 -4.817e+05
 -4.068e+05 4.068e+05
 5.471e+05 -5.471e+05
 5.724e+05 -5.724e+05
 -1.892e+05 1.892e+05
 -2.032e+05 2.032e+05
 1.416e+05 -1.416e+05
 -1.722e+05 1.722e+05
 -6.759e+05 6.759e+05
 -4.571e+05 4.571e+05
 -4.38e+05 4.38e+05
 1.4e+05 -1.4e+05
 2.169e+04 -2.169e+04
 1.293e+06 -1.293e+06
 6.252e+05 -6.252e+05
 -3e+05 3e+05
 -6.503e+05 6.503e+05
 -2.93e+05 2.93e+05
 5.564e+04 -5.564e+04
 4.767e+05 -4.767e+05
 9.228e+05 -9.228e+05
 -1.915e+06 1.915e+06
 -1.786e+05 1.786e+05
 -8.314e+05 8.314e+05
 -1.187e+06 1.187e+06
 -1.329e+06 1.329e+06
 1.58e+06 -1.58e+06
 -1.221e+05 1.221e+05
 -1.445e+06 1.445e+06
 -3.813e+05 3.813e+05
 -6.195e+05 6.195e+05
 1.059e+06 -1.059e+06
 9.825e+05 -9.825e+05
 8.117e+05 -8.117e+05
 -3.095e+05 3.095e+05
 -2.139e+06 2.139e+06
 -1.161e+06 1.161e+06
 -1.421e+06 1.421e+06
 1.4e+06 -1.4e+06
 -1.403e+05 1.403e+05
 -7.883e+04 7.883e+04
 -1.572e+06 1.572e+06
 2.817e+05 -2.817e+05
 1.221e+06 -1.221e+06
 -5.674e+05 5.674e+05
 -1.407e+05 1.407e+05
 -3.553e+05 3.553e+05
 -1.27e+06 1.27e+06
 1.881e+06 -1.881e+06
 2.106e+05 -2.106e+05
 -1.963e+06 1.963e+06
 3.63e+05 -3.63e+05
 -1.12e+06 1.12e+06
 5.277e+05 -5.277e+05
 -6.478e+05 6.478e+05
 -4.741e+05 4.741e+05
 6.432e+05 -6.432e+05
 -4.87e+05 4.87e+05
 1.266e+06 -1.266e+06
 -8.222e+05 8.222e+05
 2.224e+05 -2.224e+05
 2.309e+06 -2.309e+06
 -4.622e+04 4.622e+04
 -1.343e+06 1.343e+06
 7.999e+05 -7.999e+05
 -1.361e+06 1.361e+06
 -7.819e+05 7.819e+05
 6.788e+05 -6.788e+05
 -1.051e+06 1.051e+06
 6.602e+05 -6.602e+05


