# Created by Octave 5.2.0, Fri Sep 25 00:14:53 2020 CEST <jiwidi@land>
# name: w
# type: matrix
# rows: 2001
# columns: 2
 0 0
 117.7 -117.7
 -78 78
 149.5 -149.5
 -12.95 12.95
 44.7 -44.7
 146.3 -146.3
 -41.78 41.78
 36.18 -36.18
 -51.75 51.75
 38.08 -38.08
 13.04 -13.04
 7.089 -7.089
 39.16 -39.16
 -38.29 38.29
 -124.1 124.1
 78.01 -78.01
 -70.32 70.32
 130.4 -130.4
 0.5724 -0.5724
 -24.04 24.04
 -91.08 91.08
 24.02 -24.02
 -23.99 23.99
 45.11 -45.11
 -141.2 141.2
 3.384 -3.384
 41.35 -41.35
 -38.39 38.39
 4.102 -4.102
 -35.54 35.54
 58.38 -58.38
 27.68 -27.68
 18.91 -18.91
 57.14 -57.14
 -249.4 249.4
 -168.3 168.3
 -29.34 29.34
 -80.44 80.44
 -36.65 36.65
 -69.69 69.69
 114.4 -114.4
 -16.61 16.61
 -88.66 88.66
 22.13 -22.13
 71.22 -71.22
 -48.02 48.02
 196.4 -196.4
 -27.54 27.54
 84.33 -84.33
 67.77 -67.77
 14.33 -14.33
 15.41 -15.41
 -92.99 92.99
 226.1 -226.1
 153.7 -153.7
 17.04 -17.04
 22.63 -22.63
 -1.834 1.834
 -135.9 135.9
 48.67 -48.67
 -71.19 71.19
 -4.113 4.113
 59.75 -59.75
 -73.83 73.83
 9.073 -9.073
 115.7 -115.7
 7.115 -7.115
 100.9 -100.9
 53.57 -53.57
 -117.5 117.5
 -127.2 127.2
 -22.4 22.4
 127.1 -127.1
 185.7 -185.7
 -70.35 70.35
 -361.8 361.8
 -83.84 83.84
 75.33 -75.33
 -45.9 45.9
 18.42 -18.42
 28.46 -28.46
 -71.85 71.85
 32.02 -32.02
 78.4 -78.4
 15.9 -15.9
 -92.54 92.54
 -52.69 52.69
 -32.4 32.4
 -85.94 85.94
 19.88 -19.88
 92.56 -92.56
 44.9 -44.9
 -9.328 9.328
 103.1 -103.1
 -11.77 11.77
 -23.9 23.9
 12.59 -12.59
 -46.12 46.12
 -12.92 12.92
 60.32 -60.32
 99.15 -99.15
 -52.13 52.13
 -142 142
 69.63 -69.63
 51.89 -51.89
 9.681 -9.681
 30.43 -30.43
 71.75 -71.75
 28.77 -28.77
 181.3 -181.3
 -88.51 88.51
 32.78 -32.78
 3.858 -3.858
 -35.56 35.56
 -57.15 57.15
 16.66 -16.66
 -27.58 27.58
 -118.2 118.2
 -48.16 48.16
 30.9 -30.9
 197.1 -197.1
 -172.4 172.4
 31.17 -31.17
 65.69 -65.69
 -252.9 252.9
 -54.17 54.17
 3.574 -3.574
 25.95 -25.95
 -53.2 53.2
 215 -215
 11.73 -11.73
 47.39 -47.39
 -54.19 54.19
 96.72 -96.72
 -63.14 63.14
 30.8 -30.8
 -243.2 243.2
 -45.96 45.96
 -9.19 9.19
 -69.8 69.8
 -58.55 58.55
 27.05 -27.05
 28.07 -28.07
 57.6 -57.6
 -35.55 35.55
 122.4 -122.4
 -15.07 15.07
 -110.3 110.3
 18.93 -18.93
 39.85 -39.85
 -150.8 150.8
 104.8 -104.8
 159.6 -159.6
 11.59 -11.59
 -22.18 22.18
 -70.76 70.76
 45.06 -45.06
 -150.7 150.7
 11.74 -11.74
 7.692 -7.692
 117 -117
 -90.99 90.99
 -195.9 195.9
 115.3 -115.3
 231.6 -231.6
 128.9 -128.9
 10.73 -10.73
 12.43 -12.43
 -79.87 79.87
 5.606 -5.606
 114.8 -114.8
 -21.83 21.83
 32.65 -32.65
 85.24 -85.24
 13.49 -13.49
 -127.4 127.4
 128.9 -128.9
 -89.24 89.24
 -11.88 11.88
 20.53 -20.53
 -72.79 72.79
 -149.6 149.6
 92.24 -92.24
 30.7 -30.7
 -50.85 50.85
 152 -152
 -68.57 68.57
 -1.082 1.082
 -182.1 182.1
 53.89 -53.89
 27.11 -27.11
 -9.3 9.3
 11.41 -11.41
 -58.23 58.23
 -97.74 97.74
 33.25 -33.25
 -58.61 58.61
 -23.34 23.34
 227.7 -227.7
 37.6 -37.6
 -89.82 89.82
 -85.4 85.4
 69.44 -69.44
 -43.15 43.15
 -13.93 13.93
 -86.8 86.8
 -137.8 137.8
 -50.31 50.31
 175.6 -175.6
 -254.1 254.1
 35.79 -35.79
 -59.93 59.93
 32.23 -32.23
 -82.28 82.28
 172.7 -172.7
 -24.54 24.54
 -122 122
 98.25 -98.25
 25.34 -25.34
 -65.15 65.15
 2.569 -2.569
 99.02 -99.02
 92.66 -92.66
 48.35 -48.35
 95.38 -95.38
 -6.478 6.478
 -99.61 99.61
 16.19 -16.19
 -110.4 110.4
 100.1 -100.1
 97.4 -97.4
 14.82 -14.82
 -120.5 120.5
 29.09 -29.09
 -48.88 48.88
 -27.34 27.34
 -68.2 68.2
 117.8 -117.8
 73.58 -73.58
 -72.41 72.41
 10.55 -10.55
 -56.34 56.34
 3.844 -3.844
 -79.22 79.22
 -34.55 34.55
 62.74 -62.74
 6.715 -6.715
 -44.49 44.49
 -95.93 95.93
 93.25 -93.25
 45.25 -45.25
 53.8 -53.8
 67.05 -67.05
 -22.82 22.82
 83.23 -83.23
 48.6 -48.6
 161.9 -161.9
 92.8 -92.8
 -3.219 3.219
 204.4 -204.4
 -51.35 51.35
 21.02 -21.02
 -110 110
 57.74 -57.74
 34.31 -34.31
 46.26 -46.26
 -33.12 33.12
 44.11 -44.11
 140.2 -140.2
 -39.1 39.1
 22.08 -22.08
 -22.33 22.33
 18.05 -18.05
 19.82 -19.82
 49.14 -49.14
 58.28 -58.28
 52.72 -52.72
 -102.7 102.7
 -102.7 102.7
 -63.35 63.35
 53.45 -53.45
 40.4 -40.4
 9.455 -9.455
 133.8 -133.8
 15.34 -15.34
 -19.6 19.6
 0.9775 -0.9775
 36.16 -36.16
 -110.5 110.5
 -40.81 40.81
 -209.5 209.5
 209.7 -209.7
 39.24 -39.24
 -23.64 23.64
 58.3 -58.3
 -291.7 291.7
 -22.59 22.59
 101.7 -101.7
 14.48 -14.48
 -113.9 113.9
 -11.86 11.86
 15.95 -15.95
 -145.4 145.4
 31.33 -31.33
 34 -34
 63.72 -63.72
 -46.45 46.45
 -93.65 93.65
 23.91 -23.91
 37.32 -37.32
 177.2 -177.2
 -114 114
 -61.84 61.84
 116.7 -116.7
 -131.7 131.7
 10.3 -10.3
 133.8 -133.8
 -46.85 46.85
 -10.79 10.79
 59.15 -59.15
 362.9 -362.9
 63.93 -63.93
 26.19 -26.19
 -16.27 16.27
 25.13 -25.13
 151.4 -151.4
 -7.28 7.28
 4.926 -4.926
 37.17 -37.17
 -45.3 45.3
 24.52 -24.52
 -67.53 67.53
 -68.73 68.73
 -53.05 53.05
 69.93 -69.93
 -17.95 17.95
 105.5 -105.5
 35.15 -35.15
 181 -181
 5.966 -5.966
 -74.48 74.48
 -89.72 89.72
 74.69 -74.69
 -8.743 8.743
 -23.16 23.16
 121 -121
 78.96 -78.96
 156.5 -156.5
 132.8 -132.8
 -38.17 38.17
 -35.12 35.12
 -210.9 210.9
 -68.13 68.13
 21.62 -21.62
 79.63 -79.63
 -136.4 136.4
 9.312 -9.312
 -3.452 3.452
 165.3 -165.3
 -153 153
 -123.7 123.7
 -69.74 69.74
 101.5 -101.5
 31.77 -31.77
 14.58 -14.58
 109.2 -109.2
 -204.9 204.9
 59.44 -59.44
 -312.2 312.2
 78.34 -78.34
 73.34 -73.34
 -46.82 46.82
 -125.6 125.6
 -169 169
 6.491 -6.491
 52.74 -52.74
 166.3 -166.3
 -22.91 22.91
 -207 207
 -15.96 15.96
 -141 141
 -8.042 8.042
 -106.6 106.6
 56.96 -56.96
 138.3 -138.3
 -3.611 3.611
 124.6 -124.6
 48.89 -48.89
 -29.91 29.91
 -28.35 28.35
 -82.5 82.5
 34.94 -34.94
 -123.2 123.2
 26.47 -26.47
 -59.38 59.38
 -1.717 1.717
 37.54 -37.54
 -18.21 18.21
 194.3 -194.3
 -6.614 6.614
 -123.5 123.5
 -69.26 69.26
 -17.06 17.06
 -89.55 89.55
 -93.79 93.79
 15.2 -15.2
 13.99 -13.99
 -68.09 68.09
 184.1 -184.1
 -61.45 61.45
 8.062 -8.062
 -37.07 37.07
 15.49 -15.49
 -233.2 233.2
 17.87 -17.87
 124.5 -124.5
 -91.37 91.37
 111 -111
 42.15 -42.15
 179.8 -179.8
 -65.32 65.32
 267 -267
 46.99 -46.99
 -98.18 98.18
 -69.42 69.42
 -62.81 62.81
 -33.13 33.13
 -31.86 31.86
 -0.2947 0.2947
 176.1 -176.1
 -65.26 65.26
 140.2 -140.2
 -14.75 14.75
 -161.5 161.5
 -35.74 35.74
 -63.3 63.3
 44.01 -44.01
 -128.8 128.8
 -12.23 12.23
 -65.81 65.81
 -14.81 14.81
 -187.4 187.4
 154.2 -154.2
 17.03 -17.03
 -82.88 82.88
 -18.89 18.89
 -27.77 27.77
 46.44 -46.44
 179 -179
 -65.64 65.64
 -15.09 15.09
 166.8 -166.8
 35.42 -35.42
 63.78 -63.78
 150.9 -150.9
 -44.89 44.89
 179.6 -179.6
 0.9632 -0.9632
 70.9 -70.9
 -36.47 36.47
 58.62 -58.62
 100.8 -100.8
 -2.158 2.158
 160.1 -160.1
 28.74 -28.74
 52.56 -52.56
 -8.174 8.174
 17.96 -17.96
 7.092 -7.092
 -91.37 91.37
 0.3652 -0.3652
 10.25 -10.25
 -88.3 88.3
 39.06 -39.06
 172.7 -172.7
 10.36 -10.36
 -26.02 26.02
 -8.697 8.697
 22.38 -22.38
 -18.67 18.67
 -23.99 23.99
 29.67 -29.67
 -4.12 4.12
 -28.14 28.14
 -2.607 2.607
 -3.245 3.245
 -263 263
 -24.74 24.74
 -21.25 21.25
 -47.62 47.62
 23.57 -23.57
 -4.017 4.017
 -47.83 47.83
 -25.19 25.19
 -152.8 152.8
 -119 119
 -71.61 71.61
 86.65 -86.65
 -241.9 241.9
 28.5 -28.5
 133.4 -133.4
 -134.1 134.1
 -28.01 28.01
 -43.12 43.12
 -179.7 179.7
 -72.17 72.17
 79.16 -79.16
 19.64 -19.64
 175.7 -175.7
 -19.56 19.56
 -28.03 28.03
 -72.1 72.1
 5.446 -5.446
 -62.26 62.26
 -122.7 122.7
 -64.71 64.71
 -6.537 6.537
 -36.38 36.38
 -161 161
 -1.121 1.121
 139.4 -139.4
 -124.2 124.2
 39.56 -39.56
 -285.7 285.7
 69.76 -69.76
 -0.6917 0.6917
 12.23 -12.23
 8.619 -8.619
 -5.306 5.306
 179.1 -179.1
 -19.24 19.24
 -123.9 123.9
 81.35 -81.35
 44.48 -44.48
 -196.3 196.3
 186 -186
 -5.174 5.174
 113.8 -113.8
 -12.62 12.62
 -147.9 147.9
 -80.52 80.52
 19.99 -19.99
 -49.25 49.25
 128.8 -128.8
 -161.6 161.6
 103.3 -103.3
 -90.56 90.56
 -138.5 138.5
 -34.54 34.54
 181.1 -181.1
 -56.93 56.93
 176.7 -176.7
 -81.72 81.72
 82.88 -82.88
 0.6666 -0.6666
 35.63 -35.63
 -133 133
 -28.66 28.66
 -3.378 3.378
 84.44 -84.44
 -39.53 39.53
 37.05 -37.05
 -5.117 5.117
 -44.26 44.26
 -52.2 52.2
 115.9 -115.9
 2.518 -2.518
 28.78 -28.78
 -46.96 46.96
 30.25 -30.25
 30.83 -30.83
 -0.7362 0.7362
 252.3 -252.3
 -100.8 100.8
 -11.53 11.53
 -9.235 9.235
 100.6 -100.6
 104.5 -104.5
 -7.909 7.909
 58.6 -58.6
 14.81 -14.81
 -21.36 21.36
 -40.01 40.01
 161.7 -161.7
 286.9 -286.9
 27.96 -27.96
 48.27 -48.27
 -36.11 36.11
 74.42 -74.42
 -25.05 25.05
 53.39 -53.39
 -136.9 136.9
 53.77 -53.77
 35.47 -35.47
 -70.25 70.25
 -64.23 64.23
 11.22 -11.22
 -35.78 35.78
 9.358 -9.358
 -69.25 69.25
 -2.735 2.735
 16.28 -16.28
 92.37 -92.37
 113.7 -113.7
 33.72 -33.72
 344.1 -344.1
 114.6 -114.6
 -213 213
 1.555 -1.555
 -21.32 21.32
 -146 146
 29.68 -29.68
 41.77 -41.77
 -93.18 93.18
 -20.92 20.92
 -103.3 103.3
 -95.97 95.97
 11.03 -11.03
 12.24 -12.24
 -21.29 21.29
 -64.59 64.59
 5.382 -5.382
 -21.78 21.78
 3.598 -3.598
 -18.89 18.89
 -131.2 131.2
 -17.45 17.45
 -46.56 46.56
 30.08 -30.08
 -14.31 14.31
 -106.8 106.8
 46.23 -46.23
 -50.86 50.86
 -8.801 8.801
 -192.2 192.2
 19.66 -19.66
 37.33 -37.33
 53.99 -53.99
 -101.9 101.9
 -58.06 58.06
 127.4 -127.4
 -14.18 14.18
 57.09 -57.09
 -204 204
 -44.49 44.49
 44.18 -44.18
 -72.63 72.63
 -107.3 107.3
 93.09 -93.09
 113.9 -113.9
 54.28 -54.28
 101.4 -101.4
 219.7 -219.7
 -37.46 37.46
 46.82 -46.82
 -130.6 130.6
 97.67 -97.67
 -48.97 48.97
 29.41 -29.41
 43.2 -43.2
 -184.4 184.4
 -3.671 3.671
 -227.6 227.6
 -7.791 7.791
 19.51 -19.51
 -135.6 135.6
 69.01 -69.01
 -15.4 15.4
 -99.32 99.32
 -69.44 69.44
 -39.5 39.5
 21.12 -21.12
 29.04 -29.04
 -207.1 207.1
 -115.4 115.4
 40.49 -40.49
 9.621 -9.621
 72.3 -72.3
 -116.7 116.7
 -36.73 36.73
 -48.37 48.37
 -38.56 38.56
 -69.56 69.56
 62.25 -62.25
 -98.14 98.14
 -0.8594 0.8594
 -66.69 66.69
 25.1 -25.1
 -88.68 88.68
 -89.71 89.71
 -12.15 12.15
 -50.05 50.05
 20.95 -20.95
 94.6 -94.6
 -191 191
 50.16 -50.16
 28.13 -28.13
 66.06 -66.06
 26.54 -26.54
 -87.44 87.44
 5.064 -5.064
 156.6 -156.6
 -8.175 8.175
 9.596 -9.596
 60.38 -60.38
 -109.6 109.6
 23.48 -23.48
 -82.22 82.22
 -16.81 16.81
 -113.3 113.3
 238.9 -238.9
 -24.62 24.62
 109.3 -109.3
 164.7 -164.7
 -59.64 59.64
 494.4 -494.4
 -151.1 151.1
 -4.302 4.302
 -21.89 21.89
 17.55 -17.55
 -178.5 178.5
 -99.88 99.88
 -95.77 95.77
 20.32 -20.32
 -87.33 87.33
 -11.27 11.27
 134.1 -134.1
 -115.4 115.4
 291.4 -291.4
 -57.14 57.14
 106.5 -106.5
 46.51 -46.51
 40.47 -40.47
 -144.1 144.1
 -20.34 20.34
 -92.21 92.21
 -9.661 9.661
 -115.6 115.6
 -10.12 10.12
 16.32 -16.32
 -107.4 107.4
 194.8 -194.8
 27.78 -27.78
 -2.65 2.65
 12.59 -12.59
 121.2 -121.2
 -49.92 49.92
 165.7 -165.7
 -21.12 21.12
 46.34 -46.34
 200.5 -200.5
 -101.6 101.6
 -14.88 14.88
 20.44 -20.44
 -91.91 91.91
 -40.35 40.35
 -46.75 46.75
 97.96 -97.96
 207.1 -207.1
 -100.9 100.9
 -132.7 132.7
 -109 109
 -14.43 14.43
 -52.03 52.03
 89.46 -89.46
 -53.86 53.86
 47.37 -47.37
 51.51 -51.51
 -319.8 319.8
 146.1 -146.1
 -140.8 140.8
 52.65 -52.65
 -75.82 75.82
 34.84 -34.84
 55.19 -55.19
 -88.63 88.63
 -88.6 88.6
 -75.16 75.16
 131.7 -131.7
 23.91 -23.91
 183.6 -183.6
 103.5 -103.5
 -71.86 71.86
 76.54 -76.54
 -3.75 3.75
 95.07 -95.07
 12.65 -12.65
 -34.08 34.08
 -180.9 180.9
 143.3 -143.3
 17.47 -17.47
 85.91 -85.91
 -19.97 19.97
 -46.42 46.42
 33.24 -33.24
 -33.38 33.38
 -49.61 49.61
 -16.67 16.67
 75.37 -75.37
 177.2 -177.2
 -6.785 6.785
 67.68 -67.68
 196.2 -196.2
 73.68 -73.68
 79.29 -79.29
 -40.72 40.72
 7.417 -7.417
 -7.562 7.562
 100.6 -100.6
 72.43 -72.43
 135.7 -135.7
 37.23 -37.23
 -48.79 48.79
 36.21 -36.21
 -85.87 85.87
 -22.79 22.79
 40.17 -40.17
 -42.36 42.36
 101.4 -101.4
 80.23 -80.23
 -11.58 11.58
 161.2 -161.2
 -13.42 13.42
 90.64 -90.64
 -40.83 40.83
 -39.54 39.54
 -40.06 40.06
 43.42 -43.42
 -44.43 44.43
 113.4 -113.4
 117.9 -117.9
 62.31 -62.31
 -13.47 13.47
 -58.82 58.82
 -104.9 104.9
 -54.31 54.31
 140.8 -140.8
 40.34 -40.34
 -171 171
 18.26 -18.26
 -23.93 23.93
 -50.05 50.05
 97.37 -97.37
 26.12 -26.12
 -197.2 197.2
 12.89 -12.89
 148.7 -148.7
 -90.63 90.63
 40.95 -40.95
 -40.78 40.78
 61.33 -61.33
 -127.7 127.7
 -39.68 39.68
 -77.7 77.7
 55.61 -55.61
 96.51 -96.51
 -82.76 82.76
 23.98 -23.98
 -24.61 24.61
 -66.53 66.53
 -33.3 33.3
 54.54 -54.54
 7.741 -7.741
 162.5 -162.5
 -22.08 22.08
 -58.19 58.19
 54.26 -54.26
 32.86 -32.86
 -26.34 26.34
 127.7 -127.7
 70.47 -70.47
 26.88 -26.88
 178.7 -178.7
 -95.39 95.39
 58.53 -58.53
 -97.3 97.3
 88.7 -88.7
 198.5 -198.5
 19.2 -19.2
 171.9 -171.9
 166.4 -166.4
 -61.4 61.4
 196.6 -196.6
 -28.63 28.63
 183.5 -183.5
 48.58 -48.58
 18.96 -18.96
 -61.68 61.68
 6.7 -6.7
 -21.58 21.58
 -133.6 133.6
 41.2 -41.2
 56.45 -56.45
 64.81 -64.81
 -14.28 14.28
 227.4 -227.4
 -104.5 104.5
 0.9813 -0.9813
 -3.142 3.142
 -73.86 73.86
 7.042 -7.042
 40.17 -40.17
 79.68 -79.68
 -154.4 154.4
 76.11 -76.11
 71.75 -71.75
 -34.48 34.48
 -38.52 38.52
 63.39 -63.39
 184.1 -184.1
 28.56 -28.56
 171.2 -171.2
 26.59 -26.59
 -74.52 74.52
 -24.87 24.87
 114.8 -114.8
 121 -121
 126.1 -126.1
 -159.3 159.3
 -6.363 6.363
 -30.31 30.31
 -11.67 11.67
 -86.91 86.91
 -122 122
 5.879 -5.879
 85.19 -85.19
 -3.699 3.699
 -5.374 5.374
 -236.7 236.7
 -5.861 5.861
 -1.084 1.084
 -3.855 3.855
 -41.76 41.76
 63.95 -63.95
 42.34 -42.34
 -27.34 27.34
 149.1 -149.1
 47.28 -47.28
 94.06 -94.06
 13.77 -13.77
 -24.38 24.38
 -47.04 47.04
 14.48 -14.48
 -6.7 6.7
 -0.7647 0.7647
 -21.53 21.53
 -51.64 51.64
 -8.344 8.344
 -70.55 70.55
 27.99 -27.99
 -34.58 34.58
 20.2 -20.2
 -114.2 114.2
 57.04 -57.04
 -134.7 134.7
 29.44 -29.44
 3.617 -3.617
 61.19 -61.19
 29.09 -29.09
 29.57 -29.57
 -135.9 135.9
 169.5 -169.5
 22.93 -22.93
 2.524 -2.524
 58.72 -58.72
 -170.2 170.2
 -136.9 136.9
 -46.72 46.72
 -48.55 48.55
 3.872 -3.872
 280.2 -280.2
 -18.15 18.15
 -17.43 17.43
 -24.91 24.91
 -3.937 3.937
 -6.077 6.077
 81.03 -81.03
 -8.451 8.451
 -0.2628 0.2628
 -28.58 28.58
 27.27 -27.27
 -121.4 121.4
 -57.92 57.92
 12.34 -12.34
 60.18 -60.18
 -27.35 27.35
 -26.25 26.25
 25.82 -25.82
 7.886 -7.886
 -35.59 35.59
 90.31 -90.31
 -64.65 64.65
 107.5 -107.5
 8.882 -8.882
 13.41 -13.41
 -67.8 67.8
 -239.4 239.4
 -7.741 7.741
 71.47 -71.47
 -35.55 35.55
 1.612 -1.612
 -56.64 56.64
 -21.16 21.16
 190.8 -190.8
 -138.6 138.6
 48.18 -48.18
 -93.22 93.22
 -69.73 69.73
 2.276 -2.276
 33.02 -33.02
 8.631 -8.631
 29.88 -29.88
 26.68 -26.68
 48.42 -48.42
 47.78 -47.78
 -71.51 71.51
 67.27 -67.27
 42.53 -42.53
 31.04 -31.04
 9.612 -9.612
 -165.6 165.6
 94.02 -94.02
 10.16 -10.16
 -107.2 107.2
 -91.96 91.96
 -65.12 65.12
 -26.37 26.37
 69.9 -69.9
 -69.47 69.47
 -86.71 86.71
 54.1 -54.1
 77.4 -77.4
 -62.64 62.64
 22.94 -22.94
 -45.41 45.41
 -81.83 81.83
 -44.08 44.08
 -97.77 97.77
 -102.7 102.7
 30.03 -30.03
 -132.4 132.4
 -48.69 48.69
 -79.39 79.39
 -96.84 96.84
 -12.21 12.21
 50.55 -50.55
 -14.75 14.75
 104.6 -104.6
 116.5 -116.5
 -174.2 174.2
 26.22 -26.22
 119.4 -119.4
 -123.8 123.8
 -84.35 84.35
 -110.1 110.1
 -20.55 20.55
 -5.569 5.569
 -47.29 47.29
 -206.6 206.6
 -74.2 74.2
 87.75 -87.75
 82.33 -82.33
 -133 133
 46.9 -46.9
 -222.2 222.2
 -28.09 28.09
 107.2 -107.2
 -125.3 125.3
 5.076 -5.076
 65.93 -65.93
 39.27 -39.27
 2.813 -2.813
 237.5 -237.5
 -3.648 3.648
 145.8 -145.8
 -95.08 95.08
 141.9 -141.9
 -12.93 12.93
 -81.11 81.11
 108 -108
 81.02 -81.02
 -56.3 56.3
 -181.6 181.6
 -4.606 4.606
 94.01 -94.01
 10.84 -10.84
 -34.31 34.31
 25.19 -25.19
 -67.94 67.94
 14.67 -14.67
 -12.35 12.35
 -0.1745 0.1745
 49.21 -49.21
 119.8 -119.8
 216.5 -216.5
 -226.1 226.1
 -35.38 35.38
 -84.54 84.54
 41.08 -41.08
 -142.6 142.6
 79 -79
 67.29 -67.29
 -74.57 74.57
 -54.67 54.67
 -85.87 85.87
 62.03 -62.03
 -88.18 88.18
 1.911 -1.911
 -58.54 58.54
 117 -117
 -22.51 22.51
 -6.277 6.277
 -89.59 89.59
 159.1 -159.1
 -12.78 12.78
 -28.33 28.33
 126.3 -126.3
 -13.24 13.24
 -16.66 16.66
 71.31 -71.31
 -55 55
 -0.06338 0.06338
 -84 84
 -47.54 47.54
 -34.48 34.48
 -74.14 74.14
 10.02 -10.02
 -35.17 35.17
 -73.16 73.16
 32.93 -32.93
 -93.77 93.77
 81.7 -81.7
 -71.65 71.65
 45.37 -45.37
 -111.5 111.5
 64.75 -64.75
 -18.11 18.11
 -109.4 109.4
 71 -71
 -79.87 79.87
 35.28 -35.28
 11.75 -11.75
 -36.48 36.48
 121.5 -121.5
 27.32 -27.32
 -88.68 88.68
 60.47 -60.47
 -125 125
 -44.17 44.17
 -50.86 50.86
 -55.38 55.38
 -81.18 81.18
 -9.007 9.007
 118.2 -118.2
 3.518 -3.518
 82.14 -82.14
 150.3 -150.3
 21.8 -21.8
 -50.24 50.24
 220.6 -220.6
 -63.8 63.8
 70.44 -70.44
 -43.1 43.1
 42.67 -42.67
 -1.877 1.877
 17.35 -17.35
 3.277 -3.277
 -144.9 144.9
 -58.37 58.37
 47.86 -47.86
 -100.7 100.7
 48.32 -48.32
 -32.02 32.02
 -21.41 21.41
 -214.8 214.8
 239.2 -239.2
 -108 108
 2.442 -2.442
 -42.26 42.26
 15.12 -15.12
 -96.62 96.62
 -18.34 18.34
 -63.16 63.16
 202.2 -202.2
 -17.96 17.96
 -29.95 29.95
 34.81 -34.81
 212.9 -212.9
 -73.82 73.82
 13.18 -13.18
 109.3 -109.3
 37.51 -37.51
 -60.9 60.9
 54.58 -54.58
 80.46 -80.46
 -234.4 234.4
 -52.14 52.14
 -41.11 41.11
 -318.6 318.6
 -1.282 1.282
 4.708 -4.708
 -46.07 46.07
 39.68 -39.68
 1.379 -1.379
 17.87 -17.87
 -57.79 57.79
 15.16 -15.16
 -42.48 42.48
 -5.211 5.211
 -96.03 96.03
 -70.05 70.05
 141.2 -141.2
 20.87 -20.87
 173.5 -173.5
 -25.85 25.85
 -65.72 65.72
 -10.27 10.27
 -73.8 73.8
 147.4 -147.4
 -97.81 97.81
 -66.51 66.51
 87.11 -87.11
 92.12 -92.12
 -71.66 71.66
 -70.32 70.32
 -119.9 119.9
 2.71 -2.71
 5.947 -5.947
 -64.78 64.78
 -115.9 115.9
 -14.39 14.39
 -45.01 45.01
 -0.4654 0.4654
 -78.29 78.29
 123.8 -123.8
 -134.5 134.5
 170.4 -170.4
 -40.87 40.87
 -25.23 25.23
 -144.7 144.7
 21.62 -21.62
 79.5 -79.5
 -13.02 13.02
 -81.32 81.32
 -155 155
 -13.75 13.75
 175.7 -175.7
 -137.3 137.3
 -1.102 1.102
 -51.52 51.52
 24.07 -24.07
 -14.16 14.16
 45.53 -45.53
 -59.4 59.4
 -18.69 18.69
 33.14 -33.14
 38.81 -38.81
 140.8 -140.8
 81.19 -81.19
 108.8 -108.8
 -25.72 25.72
 -65.2 65.2
 2.579 -2.579
 53.85 -53.85
 100.2 -100.2
 56.4 -56.4
 -67.81 67.81
 36.16 -36.16
 -3.832 3.832
 128.3 -128.3
 60.22 -60.22
 21.08 -21.08
 -7.326 7.326
 -18.5 18.5
 22.14 -22.14
 19.86 -19.86
 -15.81 15.81
 -164.3 164.3
 10.66 -10.66
 -104.3 104.3
 -9.868 9.868
 142 -142
 -75.67 75.67
 77.18 -77.18
 60.95 -60.95
 -131.2 131.2
 -225.4 225.4
 67.62 -67.62
 -117 117
 7.332 -7.332
 -103 103
 -49.5 49.5
 125.2 -125.2
 261.2 -261.2
 122.2 -122.2
 -5.596 5.596
 282.1 -282.1
 24.06 -24.06
 25.42 -25.42
 -75.85 75.85
 -39.85 39.85
 174.4 -174.4
 -59.39 59.39
 -113.7 113.7
 34.31 -34.31
 -128.5 128.5
 -39.93 39.93
 -45.51 45.51
 14.97 -14.97
 9.592 -9.592
 -93.59 93.59
 -75.33 75.33
 -25.76 25.76
 116.9 -116.9
 119.9 -119.9
 40.15 -40.15
 77.97 -77.97
 106.1 -106.1
 77.37 -77.37
 18 -18
 -141.4 141.4
 -14.47 14.47
 -42.3 42.3
 -49.24 49.24
 -74.38 74.38
 54.34 -54.34
 -291.8 291.8
 44.23 -44.23
 47.34 -47.34
 -136.8 136.8
 125.6 -125.6
 20.56 -20.56
 -30.66 30.66
 -27.21 27.21
 -27.96 27.96
 56.19 -56.19
 -259.4 259.4
 92.37 -92.37
 -277.1 277.1
 210.4 -210.4
 -35.59 35.59
 -207.6 207.6
 47.21 -47.21
 -12.22 12.22
 -99.87 99.87
 -18.67 18.67
 -72.27 72.27
 -22.56 22.56
 -166.1 166.1
 -25.34 25.34
 2.485 -2.485
 134.8 -134.8
 -19.84 19.84
 149.4 -149.4
 87.65 -87.65
 75.69 -75.69
 136 -136
 -45.47 45.47
 -13.04 13.04
 97.13 -97.13
 -12.29 12.29
 -25.26 25.26
 -63.96 63.96
 -56.11 56.11
 -88.08 88.08
 48.71 -48.71
 -24.86 24.86
 -13.86 13.86
 -42.9 42.9
 -28.18 28.18
 -214.7 214.7
 -4.989 4.989
 -16.69 16.69
 -7.374 7.374
 -10.02 10.02
 95.62 -95.62
 -14.65 14.65
 53.95 -53.95
 -102.3 102.3
 396.9 -396.9
 111.5 -111.5
 -13.89 13.89
 51.97 -51.97
 155.7 -155.7
 -143.6 143.6
 -54.17 54.17
 -104.5 104.5
 48.07 -48.07
 -13.54 13.54
 162.8 -162.8
 10.63 -10.63
 64.73 -64.73
 -120.9 120.9
 -93.88 93.88
 5.781 -5.781
 -2.88 2.88
 46.38 -46.38
 -3.994 3.994
 169.2 -169.2
 -22.34 22.34
 -19.23 19.23
 -20.61 20.61
 14.04 -14.04
 -52.39 52.39
 143.5 -143.5
 -48.08 48.08
 104.7 -104.7
 80.7 -80.7
 45.59 -45.59
 -128 128
 -1.63 1.63
 75.66 -75.66
 -98.16 98.16
 32.35 -32.35
 58.8 -58.8
 -35.76 35.76
 47.5 -47.5
 -2.35 2.35
 95.51 -95.51
 -22.96 22.96
 -3.054 3.054
 -287.7 287.7
 11.51 -11.51
 -97.2 97.2
 -70.04 70.04
 -27.4 27.4
 -16.65 16.65
 -38.02 38.02
 -30.37 30.37
 11.53 -11.53
 -200.2 200.2
 85.1 -85.1
 -81.92 81.92
 -44.65 44.65
 19.51 -19.51
 76.54 -76.54
 -37.03 37.03
 23.99 -23.99
 -102.2 102.2
 93.64 -93.64
 -92.17 92.17
 133.3 -133.3
 12.46 -12.46
 38.11 -38.11
 -107.1 107.1
 42.46 -42.46
 14.59 -14.59
 -14.57 14.57
 225.2 -225.2
 300.2 -300.2
 -156.6 156.6
 91.99 -91.99
 41.57 -41.57
 79.82 -79.82
 -55.92 55.92
 26.71 -26.71
 -28.79 28.79
 7.179 -7.179
 -174.3 174.3
 98.04 -98.04
 -100.4 100.4
 -34.07 34.07
 15.54 -15.54
 -15.03 15.03
 313.6 -313.6
 102.8 -102.8
 15.01 -15.01
 -104.3 104.3
 -91.05 91.05
 52.94 -52.94
 15.51 -15.51
 -87.12 87.12
 93.42 -93.42
 -36.41 36.41
 145.6 -145.6
 -146 146
 120.1 -120.1
 152.5 -152.5
 -250 250
 -94.84 94.84
 49.19 -49.19
 -51.49 51.49
 67.27 -67.27
 -9.201 9.201
 -42.45 42.45
 -246.8 246.8
 -27.33 27.33
 90.18 -90.18
 -134.8 134.8
 35.52 -35.52
 335.5 -335.5
 -25.87 25.87
 96.46 -96.46
 124.2 -124.2
 -81.33 81.33
 -80.68 80.68
 159.6 -159.6
 39.62 -39.62
 -2.543 2.543
 32.08 -32.08
 -42.1 42.1
 43.46 -43.46
 -94 94
 -92.53 92.53
 -108 108
 185.6 -185.6
 -12.62 12.62
 59.05 -59.05
 -24.3 24.3
 46.24 -46.24
 11.06 -11.06
 50.97 -50.97
 248.5 -248.5
 -72.68 72.68
 -102.4 102.4
 -43.49 43.49
 -178.2 178.2
 76.03 -76.03
 24.15 -24.15
 24.77 -24.77
 -29.42 29.42
 -3.573 3.573
 -53.35 53.35
 -2.192 2.192
 -35.99 35.99
 -135.7 135.7
 101.2 -101.2
 -46 46
 -128.6 128.6
 -144.9 144.9
 -38.98 38.98
 111.5 -111.5
 -66.96 66.96
 17.33 -17.33
 49.97 -49.97
 114.1 -114.1
 -18.92 18.92
 -220.3 220.3
 -20.32 20.32
 30.53 -30.53
 -16.89 16.89
 -128.9 128.9
 140.5 -140.5
 -12.53 12.53
 -6.274 6.274
 -27.45 27.45
 -1.194 1.194
 -45.1 45.1
 -52.6 52.6
 99.23 -99.23
 -78.5 78.5
 -71.43 71.43
 59.14 -59.14
 53.23 -53.23
 -10.19 10.19
 58.79 -58.79
 176.8 -176.8
 21.2 -21.2
 56.04 -56.04
 -32.18 32.18
 48.05 -48.05
 -133.9 133.9
 -35.6 35.6
 -84.78 84.78
 -88.1 88.1
 104.8 -104.8
 8.449 -8.449
 -36.61 36.61
 65.45 -65.45
 26.61 -26.61
 46.78 -46.78
 223.4 -223.4
 58.47 -58.47
 45.71 -45.71
 29.35 -29.35
 128 -128
 -75.22 75.22
 82.99 -82.99
 105.3 -105.3
 53.02 -53.02
 99.96 -99.96
 -32.09 32.09
 74.13 -74.13
 160.7 -160.7
 -135.7 135.7
 146 -146
 -129.2 129.2
 186.1 -186.1
 -108.8 108.8
 96.43 -96.43
 -121.5 121.5
 -68.18 68.18
 63.61 -63.61
 186 -186
 -102.5 102.5
 149.4 -149.4
 -38.6 38.6
 -49.56 49.56
 126.2 -126.2
 -51.09 51.09
 100.3 -100.3
 80.96 -80.96
 23.59 -23.59
 53.59 -53.59
 60.59 -60.59
 33.52 -33.52
 13.44 -13.44
 128.3 -128.3
 65.18 -65.18
 44.26 -44.26
 85.09 -85.09
 -57.86 57.86
 -41.89 41.89
 111.8 -111.8
 12.54 -12.54
 -23.36 23.36
 -108.4 108.4
 17.74 -17.74
 169.9 -169.9
 -45.82 45.82
 -149.5 149.5
 161.1 -161.1
 87.75 -87.75
 3.915 -3.915
 -37.66 37.66
 -31.85 31.85
 80.51 -80.51
 -67.82 67.82
 34.88 -34.88
 -161.5 161.5
 156.5 -156.5
 102.6 -102.6
 132.9 -132.9
 -44.59 44.59
 -22.62 22.62
 -60.61 60.61
 -50.02 50.02
 43.21 -43.21
 -82.16 82.16
 -105 105
 -119.3 119.3
 96.22 -96.22
 -79.85 79.85
 -30.14 30.14
 29.24 -29.24
 -85.76 85.76
 84.32 -84.32
 0.1055 -0.1055
 -95.21 95.21
 68.92 -68.92
 97.2 -97.2
 -66.97 66.97
 21.04 -21.04
 -38.05 38.05
 2.456 -2.456
 2.761 -2.761
 -42.97 42.97
 -47.68 47.68
 -136.7 136.7
 -257.4 257.4
 70.82 -70.82
 14.01 -14.01
 152 -152
 -84.11 84.11
 0.4878 -0.4878
 17.33 -17.33
 66.7 -66.7
 3.451 -3.451
 27.81 -27.81
 -148.3 148.3
 -79.3 79.3
 45.04 -45.04
 -98.82 98.82
 -23.28 23.28
 70.33 -70.33
 108.9 -108.9
 22.95 -22.95
 -13.37 13.37
 69.29 -69.29
 142.9 -142.9
 12.54 -12.54
 -27.76 27.76
 -57.4 57.4
 -132.1 132.1
 -1.816 1.816
 -11.01 11.01
 96.01 -96.01
 -22.46 22.46
 -85.47 85.47
 50.97 -50.97
 23.89 -23.89
 -36.53 36.53
 -26.29 26.29
 -12.91 12.91
 69.81 -69.81
 -2.837 2.837
 36.72 -36.72
 -146.6 146.6
 94.33 -94.33
 8.444 -8.444
 -131.2 131.2
 -58.71 58.71
 -96.73 96.73
 -5.461 5.461
 103 -103
 -104.9 104.9
 -109.7 109.7
 -47.46 47.46
 -39.75 39.75
 -92.35 92.35
 36.07 -36.07
 -126.3 126.3
 46.07 -46.07
 23.28 -23.28
 37.99 -37.99
 27.99 -27.99
 -45.16 45.16
 -18.75 18.75
 109.2 -109.2
 165 -165
 -54.63 54.63
 -28.49 28.49
 58.73 -58.73
 104.7 -104.7
 -0.07721 0.07721
 -159.7 159.7
 -100.1 100.1
 202.9 -202.9
 -57.97 57.97
 38.21 -38.21
 -28.37 28.37
 -17.71 17.71
 -157.7 157.7
 19.96 -19.96
 -122.1 122.1
 -73.08 73.08
 28.04 -28.04
 -298.7 298.7
 71.76 -71.76
 58.13 -58.13
 69.54 -69.54
 66.13 -66.13
 -79.16 79.16
 -19.27 19.27
 -62.48 62.48
 -76.19 76.19
 -57.42 57.42
 -71.34 71.34
 -56.17 56.17
 22.09 -22.09
 157.5 -157.5
 140 -140
 -36.16 36.16
 12.45 -12.45
 0.1759 -0.1759
 99.62 -99.62
 36.31 -36.31
 49.81 -49.81
 -69.6 69.6
 -38.57 38.57
 -66.64 66.64
 5.728 -5.728
 80.01 -80.01
 -214 214
 -81.75 81.75
 -71.38 71.38
 -91.69 91.69
 -158.4 158.4
 35.18 -35.18
 -11.6 11.6
 -33.31 33.31
 -68.97 68.97
 255.9 -255.9
 -174.5 174.5
 -72.43 72.43
 -69.95 69.95
 -10.86 10.86
 -132.6 132.6
 134 -134
 -126.7 126.7
 -51.66 51.66
 54.88 -54.88
 193 -193
 197.3 -197.3
 -68.81 68.81
 -51.26 51.26
 91.1 -91.1
 8.567 -8.567
 -23.05 23.05
 175 -175
 -161.5 161.5
 35.59 -35.59
 -90.99 90.99
 -3.809 3.809
 177.5 -177.5
 83 -83
 101.6 -101.6
 -17.23 17.23
 114.3 -114.3
 -166.2 166.2
 -40.78 40.78
 51.59 -51.59
 200.6 -200.6
 -96.66 96.66
 -31.27 31.27
 98.58 -98.58
 -115.3 115.3
 152.5 -152.5
 80.09 -80.09
 -31.82 31.82
 77.53 -77.53
 -142.8 142.8
 -81.66 81.66
 54.32 -54.32
 52.96 -52.96
 -38.97 38.97
 25.5 -25.5
 -61.14 61.14
 186.6 -186.6
 -114 114
 91.32 -91.32
 -36.52 36.52
 10.86 -10.86
 41.21 -41.21
 56.95 -56.95
 -93.14 93.14
 84.78 -84.78
 -65.45 65.45
 -0.6518 0.6518
 70.19 -70.19
 33.03 -33.03
 78.81 -78.81
 14.3 -14.3
 26.88 -26.88
 -59.96 59.96
 -92.15 92.15
 150.8 -150.8
 -60.54 60.54
 75.47 -75.47
 -26.65 26.65
 -0.6541 0.6541
 71.14 -71.14
 95.52 -95.52
 79.79 -79.79
 26.46 -26.46
 -114.3 114.3
 -71.07 71.07
 -30.41 30.41
 30.36 -30.36
 42.64 -42.64
 -23.64 23.64
 148.7 -148.7
 202.1 -202.1
 -45.03 45.03
 -15.42 15.42
 156.1 -156.1
 -17.23 17.23
 -9.652 9.652
 -61.99 61.99
 -221.7 221.7
 35.75 -35.75
 29.93 -29.93
 20.35 -20.35
 -99.26 99.26
 100.9 -100.9
 -104.8 104.8
 -52.19 52.19
 61.98 -61.98
 -14.6 14.6
 12.44 -12.44
 59.31 -59.31
 -127.2 127.2
 7.446 -7.446
 62.53 -62.53
 20.43 -20.43
 118.5 -118.5
 109.6 -109.6
 -11.22 11.22
 -14.1 14.1
 102 -102
 -53.57 53.57
 30.04 -30.04
 88.07 -88.07
 -117.9 117.9
 -6.115 6.115
 27.17 -27.17
 -53.85 53.85
 86.18 -86.18
 -33.18 33.18
 -5.11 5.11
 -90.55 90.55
 -51.86 51.86
 -4.078 4.078
 -47.51 47.51
 -66.57 66.57
 -4.329 4.329
 -63.76 63.76
 191.7 -191.7
 200.3 -200.3
 148.3 -148.3
 -167.4 167.4
 25.21 -25.21
 8.434 -8.434
 103.5 -103.5
 50.15 -50.15
 82.62 -82.62
 -31.98 31.98
 43.32 -43.32
 161.7 -161.7
 4.548 -4.548
 -11.27 11.27
 -249.1 249.1
 -119.6 119.6
 -101.7 101.7
 25.28 -25.28
 -83.5 83.5
 44.14 -44.14
 -6.907 6.907
 17.28 -17.28
 -160.9 160.9
 39.4 -39.4
 -90.68 90.68
 14.34 -14.34
 14.42 -14.42
 -123.2 123.2
 185.2 -185.2
 31.37 -31.37
 48.66 -48.66
 -26.63 26.63
 -60.19 60.19
 48.17 -48.17
 -40.68 40.68
 54.71 -54.71
 57.24 -57.24
 -18.92 18.92
 -20.32 20.32
 14.16 -14.16
 -17.22 17.22
 -67.59 67.59
 -45.71 45.71
 -43.8 43.8
 14 -14
 2.169 -2.169
 129.3 -129.3
 62.52 -62.52
 -30 30
 -65.03 65.03
 -29.3 29.3
 5.564 -5.564
 47.67 -47.67
 92.28 -92.28
 -191.5 191.5
 -17.86 17.86
 -83.14 83.14
 -118.7 118.7
 -132.9 132.9
 158 -158
 -12.21 12.21
 -144.5 144.5
 -38.13 38.13
 -61.95 61.95
 105.9 -105.9
 98.25 -98.25
 81.17 -81.17
 -30.95 30.95
 -213.9 213.9
 -116.1 116.1
 -142.1 142.1
 140 -140
 -14.03 14.03
 -7.883 7.883
 -157.2 157.2
 28.17 -28.17
 122.1 -122.1
 -56.74 56.74
 -14.07 14.07
 -35.53 35.53
 -127 127
 188.1 -188.1
 21.06 -21.06
 -196.3 196.3
 36.3 -36.3
 -112 112
 52.77 -52.77
 -64.78 64.78
 -47.41 47.41
 64.32 -64.32
 -48.7 48.7
 126.6 -126.6
 -82.22 82.22
 22.24 -22.24
 230.9 -230.9
 -4.622 4.622
 -134.3 134.3
 79.99 -79.99
 -136.1 136.1
 -78.19 78.19
 67.88 -67.88
 -105.1 105.1
 66.02 -66.02


