# Created by Octave 5.2.0, Fri Sep 25 00:33:15 2020 CEST <jiwidi@land>
# name: w
# type: matrix
# rows: 2001
# columns: 2
 0 0
 1.177e+04 -1.177e+04
 -7800 7800
 1.495e+04 -1.495e+04
 -1295 1295
 4470 -4470
 1.463e+04 -1.463e+04
 -4178 4178
 3618 -3618
 -5175 5175
 3808 -3808
 1304 -1304
 708.9 -708.9
 3916 -3916
 -3829 3829
 -1.241e+04 1.241e+04
 7801 -7801
 -7032 7032
 1.304e+04 -1.304e+04
 57.24 -57.24
 -2404 2404
 -9108 9108
 2402 -2402
 -2399 2399
 4511 -4511
 -1.412e+04 1.412e+04
 338.4 -338.4
 4135 -4135
 -3839 3839
 410.2 -410.2
 -3554 3554
 5838 -5838
 2768 -2768
 1891 -1891
 5714 -5714
 -2.494e+04 2.494e+04
 -1.683e+04 1.683e+04
 -2934 2934
 -8044 8044
 -3665 3665
 -6969 6969
 1.144e+04 -1.144e+04
 -1661 1661
 -8866 8866
 2213 -2213
 7122 -7122
 -4802 4802
 1.964e+04 -1.964e+04
 -2754 2754
 8433 -8433
 6777 -6777
 1433 -1433
 1541 -1541
 -9299 9299
 2.261e+04 -2.261e+04
 1.537e+04 -1.537e+04
 1704 -1704
 2263 -2263
 -183.4 183.4
 -1.359e+04 1.359e+04
 4867 -4867
 -7119 7119
 -411.3 411.3
 5975 -5975
 -7383 7383
 907.3 -907.3
 1.157e+04 -1.157e+04
 711.5 -711.5
 1.009e+04 -1.009e+04
 5357 -5357
 -1.175e+04 1.175e+04
 -1.272e+04 1.272e+04
 -2240 2240
 1.271e+04 -1.271e+04
 1.857e+04 -1.857e+04
 -7035 7035
 -3.618e+04 3.618e+04
 -8384 8384
 7533 -7533
 -4590 4590
 1842 -1842
 2846 -2846
 -7185 7185
 3202 -3202
 7840 -7840
 1590 -1590
 -9254 9254
 -5269 5269
 -3240 3240
 -8594 8594
 1988 -1988
 9256 -9256
 4490 -4490
 -932.8 932.8
 1.031e+04 -1.031e+04
 -1177 1177
 -2390 2390
 1259 -1259
 -4612 4612
 -1292 1292
 6032 -6032
 9915 -9915
 -5213 5213
 -1.42e+04 1.42e+04
 6963 -6963
 5189 -5189
 968.1 -968.1
 3043 -3043
 7175 -7175
 2877 -2877
 1.813e+04 -1.813e+04
 -8851 8851
 3278 -3278
 385.8 -385.8
 -3556 3556
 -5715 5715
 1666 -1666
 -2758 2758
 -1.182e+04 1.182e+04
 -4816 4816
 3090 -3090
 1.971e+04 -1.971e+04
 -1.724e+04 1.724e+04
 3117 -3117
 6569 -6569
 -2.529e+04 2.529e+04
 -5417 5417
 357.4 -357.4
 2595 -2595
 -5320 5320
 2.15e+04 -2.15e+04
 1173 -1173
 4739 -4739
 -5419 5419
 9672 -9672
 -6314 6314
 3080 -3080
 -2.432e+04 2.432e+04
 -4596 4596
 -919 919
 -6980 6980
 -5855 5855
 2705 -2705
 2807 -2807
 5760 -5760
 -3555 3555
 1.224e+04 -1.224e+04
 -1507 1507
 -1.103e+04 1.103e+04
 1893 -1893
 3985 -3985
 -1.508e+04 1.508e+04
 1.048e+04 -1.048e+04
 1.596e+04 -1.596e+04
 1159 -1159
 -2218 2218
 -7076 7076
 4506 -4506
 -1.507e+04 1.507e+04
 1174 -1174
 769.2 -769.2
 1.17e+04 -1.17e+04
 -9099 9099
 -1.959e+04 1.959e+04
 1.153e+04 -1.153e+04
 2.316e+04 -2.316e+04
 1.289e+04 -1.289e+04
 1073 -1073
 1243 -1243
 -7987 7987
 560.6 -560.6
 1.148e+04 -1.148e+04
 -2183 2183
 3265 -3265
 8524 -8524
 1349 -1349
 -1.274e+04 1.274e+04
 1.289e+04 -1.289e+04
 -8924 8924
 -1188 1188
 2053 -2053
 -7279 7279
 -1.496e+04 1.496e+04
 9224 -9224
 3070 -3070
 -5085 5085
 1.52e+04 -1.52e+04
 -6857 6857
 -108.2 108.2
 -1.821e+04 1.821e+04
 5389 -5389
 2711 -2711
 -930 930
 1141 -1141
 -5823 5823
 -9774 9774
 3325 -3325
 -5861 5861
 -2334 2334
 2.277e+04 -2.277e+04
 3760 -3760
 -8982 8982
 -8540 8540
 6944 -6944
 -4315 4315
 -1393 1393
 -8680 8680
 -1.378e+04 1.378e+04
 -5031 5031
 1.756e+04 -1.756e+04
 -2.541e+04 2.541e+04
 3579 -3579
 -5993 5993
 3223 -3223
 -8228 8228
 1.727e+04 -1.727e+04
 -2454 2454
 -1.22e+04 1.22e+04
 9825 -9825
 2534 -2534
 -6515 6515
 256.9 -256.9
 9902 -9902
 9266 -9266
 4835 -4835
 9538 -9538
 -647.8 647.8
 -9961 9961
 1619 -1619
 -1.104e+04 1.104e+04
 1.001e+04 -1.001e+04
 9740 -9740
 1482 -1482
 -1.205e+04 1.205e+04
 2909 -2909
 -4888 4888
 -2734 2734
 -6820 6820
 1.178e+04 -1.178e+04
 7358 -7358
 -7241 7241
 1055 -1055
 -5634 5634
 384.4 -384.4
 -7922 7922
 -3455 3455
 6274 -6274
 671.5 -671.5
 -4449 4449
 -9593 9593
 9325 -9325
 4525 -4525
 5380 -5380
 6705 -6705
 -2282 2282
 8323 -8323
 4860 -4860
 1.619e+04 -1.619e+04
 9280 -9280
 -321.9 321.9
 2.044e+04 -2.044e+04
 -5135 5135
 2102 -2102
 -1.1e+04 1.1e+04
 5774 -5774
 3431 -3431
 4626 -4626
 -3312 3312
 4411 -4411
 1.402e+04 -1.402e+04
 -3910 3910
 2208 -2208
 -2233 2233
 1805 -1805
 1982 -1982
 4914 -4914
 5828 -5828
 5272 -5272
 -1.027e+04 1.027e+04
 -1.027e+04 1.027e+04
 -6335 6335
 5345 -5345
 4040 -4040
 945.5 -945.5
 1.338e+04 -1.338e+04
 1534 -1534
 -1960 1960
 97.75 -97.75
 3616 -3616
 -1.105e+04 1.105e+04
 -4081 4081
 -2.095e+04 2.095e+04
 2.097e+04 -2.097e+04
 3924 -3924
 -2364 2364
 5830 -5830
 -2.917e+04 2.917e+04
 -2259 2259
 1.017e+04 -1.017e+04
 1448 -1448
 -1.139e+04 1.139e+04
 -1186 1186
 1595 -1595
 -1.454e+04 1.454e+04
 3133 -3133
 3400 -3400
 6372 -6372
 -4645 4645
 -9365 9365
 2391 -2391
 3732 -3732
 1.772e+04 -1.772e+04
 -1.14e+04 1.14e+04
 -6184 6184
 1.167e+04 -1.167e+04
 -1.317e+04 1.317e+04
 1030 -1030
 1.338e+04 -1.338e+04
 -4685 4685
 -1079 1079
 5915 -5915
 3.629e+04 -3.629e+04
 6393 -6393
 2619 -2619
 -1627 1627
 2513 -2513
 1.514e+04 -1.514e+04
 -728 728
 492.6 -492.6
 3717 -3717
 -4530 4530
 2452 -2452
 -6753 6753
 -6873 6873
 -5305 5305
 6993 -6993
 -1795 1795
 1.055e+04 -1.055e+04
 3515 -3515
 1.81e+04 -1.81e+04
 596.6 -596.6
 -7448 7448
 -8972 8972
 7469 -7469
 -874.3 874.3
 -2316 2316
 1.21e+04 -1.21e+04
 7896 -7896
 1.565e+04 -1.565e+04
 1.328e+04 -1.328e+04
 -3817 3817
 -3512 3512
 -2.109e+04 2.109e+04
 -6813 6813
 2162 -2162
 7963 -7963
 -1.364e+04 1.364e+04
 931.2 -931.2
 -345.2 345.2
 1.653e+04 -1.653e+04
 -1.53e+04 1.53e+04
 -1.237e+04 1.237e+04
 -6974 6974
 1.015e+04 -1.015e+04
 3177 -3177
 1458 -1458
 1.092e+04 -1.092e+04
 -2.049e+04 2.049e+04
 5944 -5944
 -3.122e+04 3.122e+04
 7834 -7834
 7334 -7334
 -4682 4682
 -1.256e+04 1.256e+04
 -1.69e+04 1.69e+04
 649.1 -649.1
 5274 -5274
 1.663e+04 -1.663e+04
 -2291 2291
 -2.07e+04 2.07e+04
 -1596 1596
 -1.41e+04 1.41e+04
 -804.2 804.2
 -1.066e+04 1.066e+04
 5696 -5696
 1.383e+04 -1.383e+04
 -361.1 361.1
 1.246e+04 -1.246e+04
 4889 -4889
 -2991 2991
 -2835 2835
 -8250 8250
 3494 -3494
 -1.232e+04 1.232e+04
 2647 -2647
 -5938 5938
 -171.7 171.7
 3754 -3754
 -1821 1821
 1.943e+04 -1.943e+04
 -661.4 661.4
 -1.235e+04 1.235e+04
 -6926 6926
 -1706 1706
 -8955 8955
 -9379 9379
 1520 -1520
 1399 -1399
 -6809 6809
 1.841e+04 -1.841e+04
 -6145 6145
 806.2 -806.2
 -3707 3707
 1549 -1549
 -2.332e+04 2.332e+04
 1787 -1787
 1.245e+04 -1.245e+04
 -9137 9137
 1.11e+04 -1.11e+04
 4215 -4215
 1.798e+04 -1.798e+04
 -6532 6532
 2.67e+04 -2.67e+04
 4699 -4699
 -9818 9818
 -6942 6942
 -6281 6281
 -3313 3313
 -3186 3186
 -29.47 29.47
 1.761e+04 -1.761e+04
 -6526 6526
 1.402e+04 -1.402e+04
 -1475 1475
 -1.615e+04 1.615e+04
 -3574 3574
 -6330 6330
 4401 -4401
 -1.288e+04 1.288e+04
 -1223 1223
 -6581 6581
 -1481 1481
 -1.874e+04 1.874e+04
 1.542e+04 -1.542e+04
 1703 -1703
 -8288 8288
 -1889 1889
 -2777 2777
 4644 -4644
 1.79e+04 -1.79e+04
 -6564 6564
 -1509 1509
 1.668e+04 -1.668e+04
 3542 -3542
 6378 -6378
 1.509e+04 -1.509e+04
 -4489 4489
 1.796e+04 -1.796e+04
 96.32 -96.32
 7090 -7090
 -3647 3647
 5862 -5862
 1.008e+04 -1.008e+04
 -215.8 215.8
 1.601e+04 -1.601e+04
 2874 -2874
 5256 -5256
 -817.4 817.4
 1796 -1796
 709.2 -709.2
 -9137 9137
 36.52 -36.52
 1025 -1025
 -8830 8830
 3906 -3906
 1.727e+04 -1.727e+04
 1036 -1036
 -2602 2602
 -869.7 869.7
 2238 -2238
 -1867 1867
 -2399 2399
 2967 -2967
 -412 412
 -2814 2814
 -260.7 260.7
 -324.5 324.5
 -2.63e+04 2.63e+04
 -2474 2474
 -2125 2125
 -4762 4762
 2357 -2357
 -401.7 401.7
 -4783 4783
 -2519 2519
 -1.528e+04 1.528e+04
 -1.19e+04 1.19e+04
 -7161 7161
 8665 -8665
 -2.419e+04 2.419e+04
 2850 -2850
 1.334e+04 -1.334e+04
 -1.341e+04 1.341e+04
 -2801 2801
 -4312 4312
 -1.797e+04 1.797e+04
 -7217 7217
 7916 -7916
 1964 -1964
 1.757e+04 -1.757e+04
 -1956 1956
 -2803 2803
 -7210 7210
 544.6 -544.6
 -6226 6226
 -1.227e+04 1.227e+04
 -6471 6471
 -653.7 653.7
 -3638 3638
 -1.61e+04 1.61e+04
 -112.1 112.1
 1.394e+04 -1.394e+04
 -1.242e+04 1.242e+04
 3956 -3956
 -2.857e+04 2.857e+04
 6976 -6976
 -69.17 69.17
 1223 -1223
 861.9 -861.9
 -530.6 530.6
 1.791e+04 -1.791e+04
 -1924 1924
 -1.239e+04 1.239e+04
 8135 -8135
 4448 -4448
 -1.963e+04 1.963e+04
 1.86e+04 -1.86e+04
 -517.4 517.4
 1.138e+04 -1.138e+04
 -1262 1262
 -1.479e+04 1.479e+04
 -8052 8052
 1999 -1999
 -4925 4925
 1.288e+04 -1.288e+04
 -1.616e+04 1.616e+04
 1.033e+04 -1.033e+04
 -9056 9056
 -1.385e+04 1.385e+04
 -3454 3454
 1.811e+04 -1.811e+04
 -5693 5693
 1.767e+04 -1.767e+04
 -8172 8172
 8288 -8288
 66.66 -66.66
 3563 -3563
 -1.33e+04 1.33e+04
 -2866 2866
 -337.8 337.8
 8444 -8444
 -3953 3953
 3705 -3705
 -511.7 511.7
 -4426 4426
 -5220 5220
 1.159e+04 -1.159e+04
 251.8 -251.8
 2878 -2878
 -4696 4696
 3025 -3025
 3083 -3083
 -73.62 73.62
 2.523e+04 -2.523e+04
 -1.008e+04 1.008e+04
 -1153 1153
 -923.5 923.5
 1.006e+04 -1.006e+04
 1.045e+04 -1.045e+04
 -790.9 790.9
 5860 -5860
 1481 -1481
 -2136 2136
 -4001 4001
 1.617e+04 -1.617e+04
 2.869e+04 -2.869e+04
 2796 -2796
 4827 -4827
 -3611 3611
 7442 -7442
 -2505 2505
 5339 -5339
 -1.369e+04 1.369e+04
 5377 -5377
 3547 -3547
 -7025 7025
 -6423 6423
 1122 -1122
 -3578 3578
 935.8 -935.8
 -6925 6925
 -273.5 273.5
 1628 -1628
 9237 -9237
 1.137e+04 -1.137e+04
 3372 -3372
 3.441e+04 -3.441e+04
 1.146e+04 -1.146e+04
 -2.13e+04 2.13e+04
 155.5 -155.5
 -2132 2132
 -1.46e+04 1.46e+04
 2968 -2968
 4177 -4177
 -9318 9318
 -2092 2092
 -1.033e+04 1.033e+04
 -9597 9597
 1103 -1103
 1224 -1224
 -2129 2129
 -6459 6459
 538.2 -538.2
 -2178 2178
 359.8 -359.8
 -1889 1889
 -1.312e+04 1.312e+04
 -1745 1745
 -4656 4656
 3008 -3008
 -1431 1431
 -1.068e+04 1.068e+04
 4623 -4623
 -5086 5086
 -880.1 880.1
 -1.922e+04 1.922e+04
 1966 -1966
 3733 -3733
 5399 -5399
 -1.019e+04 1.019e+04
 -5806 5806
 1.274e+04 -1.274e+04
 -1418 1418
 5709 -5709
 -2.04e+04 2.04e+04
 -4449 4449
 4418 -4418
 -7263 7263
 -1.073e+04 1.073e+04
 9309 -9309
 1.139e+04 -1.139e+04
 5428 -5428
 1.014e+04 -1.014e+04
 2.197e+04 -2.197e+04
 -3746 3746
 4682 -4682
 -1.306e+04 1.306e+04
 9767 -9767
 -4897 4897
 2941 -2941
 4320 -4320
 -1.844e+04 1.844e+04
 -367.1 367.1
 -2.276e+04 2.276e+04
 -779.1 779.1
 1951 -1951
 -1.356e+04 1.356e+04
 6901 -6901
 -1540 1540
 -9932 9932
 -6944 6944
 -3950 3950
 2112 -2112
 2904 -2904
 -2.071e+04 2.071e+04
 -1.154e+04 1.154e+04
 4049 -4049
 962.1 -962.1
 7230 -7230
 -1.167e+04 1.167e+04
 -3673 3673
 -4837 4837
 -3856 3856
 -6956 6956
 6225 -6225
 -9814 9814
 -85.94 85.94
 -6669 6669
 2510 -2510
 -8868 8868
 -8971 8971
 -1215 1215
 -5005 5005
 2095 -2095
 9460 -9460
 -1.91e+04 1.91e+04
 5016 -5016
 2813 -2813
 6606 -6606
 2654 -2654
 -8744 8744
 506.4 -506.4
 1.566e+04 -1.566e+04
 -817.5 817.5
 959.6 -959.6
 6038 -6038
 -1.096e+04 1.096e+04
 2348 -2348
 -8222 8222
 -1681 1681
 -1.133e+04 1.133e+04
 2.389e+04 -2.389e+04
 -2462 2462
 1.093e+04 -1.093e+04
 1.647e+04 -1.647e+04
 -5964 5964
 4.944e+04 -4.944e+04
 -1.511e+04 1.511e+04
 -430.2 430.2
 -2189 2189
 1755 -1755
 -1.785e+04 1.785e+04
 -9988 9988
 -9577 9577
 2032 -2032
 -8733 8733
 -1127 1127
 1.341e+04 -1.341e+04
 -1.154e+04 1.154e+04
 2.914e+04 -2.914e+04
 -5714 5714
 1.065e+04 -1.065e+04
 4651 -4651
 4047 -4047
 -1.441e+04 1.441e+04
 -2034 2034
 -9221 9221
 -966.1 966.1
 -1.156e+04 1.156e+04
 -1012 1012
 1632 -1632
 -1.074e+04 1.074e+04
 1.948e+04 -1.948e+04
 2778 -2778
 -265 265
 1259 -1259
 1.212e+04 -1.212e+04
 -4992 4992
 1.657e+04 -1.657e+04
 -2112 2112
 4634 -4634
 2.005e+04 -2.005e+04
 -1.016e+04 1.016e+04
 -1488 1488
 2044 -2044
 -9191 9191
 -4035 4035
 -4675 4675
 9796 -9796
 2.071e+04 -2.071e+04
 -1.009e+04 1.009e+04
 -1.327e+04 1.327e+04
 -1.09e+04 1.09e+04
 -1443 1443
 -5203 5203
 8946 -8946
 -5386 5386
 4737 -4737
 5151 -5151
 -3.198e+04 3.198e+04
 1.461e+04 -1.461e+04
 -1.408e+04 1.408e+04
 5265 -5265
 -7582 7582
 3484 -3484
 5519 -5519
 -8863 8863
 -8860 8860
 -7516 7516
 1.317e+04 -1.317e+04
 2391 -2391
 1.836e+04 -1.836e+04
 1.035e+04 -1.035e+04
 -7186 7186
 7654 -7654
 -375 375
 9507 -9507
 1265 -1265
 -3408 3408
 -1.809e+04 1.809e+04
 1.433e+04 -1.433e+04
 1747 -1747
 8591 -8591
 -1997 1997
 -4642 4642
 3324 -3324
 -3338 3338
 -4961 4961
 -1667 1667
 7537 -7537
 1.772e+04 -1.772e+04
 -678.5 678.5
 6768 -6768
 1.962e+04 -1.962e+04
 7368 -7368
 7929 -7929
 -4072 4072
 741.7 -741.7
 -756.2 756.2
 1.006e+04 -1.006e+04
 7243 -7243
 1.357e+04 -1.357e+04
 3723 -3723
 -4879 4879
 3621 -3621
 -8587 8587
 -2279 2279
 4017 -4017
 -4236 4236
 1.014e+04 -1.014e+04
 8023 -8023
 -1158 1158
 1.612e+04 -1.612e+04
 -1342 1342
 9064 -9064
 -4083 4083
 -3954 3954
 -4006 4006
 4342 -4342
 -4443 4443
 1.134e+04 -1.134e+04
 1.179e+04 -1.179e+04
 6231 -6231
 -1347 1347
 -5882 5882
 -1.049e+04 1.049e+04
 -5431 5431
 1.408e+04 -1.408e+04
 4034 -4034
 -1.71e+04 1.71e+04
 1826 -1826
 -2393 2393
 -5005 5005
 9737 -9737
 2612 -2612
 -1.972e+04 1.972e+04
 1289 -1289
 1.487e+04 -1.487e+04
 -9063 9063
 4095 -4095
 -4078 4078
 6133 -6133
 -1.277e+04 1.277e+04
 -3968 3968
 -7770 7770
 5561 -5561
 9651 -9651
 -8276 8276
 2398 -2398
 -2461 2461
 -6653 6653
 -3330 3330
 5454 -5454
 774.1 -774.1
 1.625e+04 -1.625e+04
 -2208 2208
 -5819 5819
 5426 -5426
 3286 -3286
 -2634 2634
 1.277e+04 -1.277e+04
 7047 -7047
 2688 -2688
 1.787e+04 -1.787e+04
 -9539 9539
 5853 -5853
 -9730 9730
 8870 -8870
 1.985e+04 -1.985e+04
 1920 -1920
 1.719e+04 -1.719e+04
 1.664e+04 -1.664e+04
 -6140 6140
 1.966e+04 -1.966e+04
 -2863 2863
 1.835e+04 -1.835e+04
 4858 -4858
 1896 -1896
 -6168 6168
 670 -670
 -2158 2158
 -1.336e+04 1.336e+04
 4120 -4120
 5645 -5645
 6481 -6481
 -1428 1428
 2.274e+04 -2.274e+04
 -1.045e+04 1.045e+04
 98.13 -98.13
 -314.2 314.2
 -7386 7386
 704.2 -704.2
 4017 -4017
 7968 -7968
 -1.544e+04 1.544e+04
 7611 -7611
 7175 -7175
 -3448 3448
 -3852 3852
 6339 -6339
 1.841e+04 -1.841e+04
 2856 -2856
 1.712e+04 -1.712e+04
 2659 -2659
 -7452 7452
 -2487 2487
 1.148e+04 -1.148e+04
 1.21e+04 -1.21e+04
 1.261e+04 -1.261e+04
 -1.593e+04 1.593e+04
 -636.3 636.3
 -3031 3031
 -1167 1167
 -8691 8691
 -1.22e+04 1.22e+04
 587.9 -587.9
 8519 -8519
 -369.9 369.9
 -537.4 537.4
 -2.367e+04 2.367e+04
 -586.1 586.1
 -108.4 108.4
 -385.5 385.5
 -4176 4176
 6395 -6395
 4234 -4234
 -2734 2734
 1.491e+04 -1.491e+04
 4728 -4728
 9406 -9406
 1377 -1377
 -2438 2438
 -4704 4704
 1448 -1448
 -670 670
 -76.47 76.47
 -2153 2153
 -5164 5164
 -834.4 834.4
 -7055 7055
 2799 -2799
 -3458 3458
 2020 -2020
 -1.142e+04 1.142e+04
 5704 -5704
 -1.347e+04 1.347e+04
 2944 -2944
 361.7 -361.7
 6119 -6119
 2909 -2909
 2957 -2957
 -1.359e+04 1.359e+04
 1.695e+04 -1.695e+04
 2293 -2293
 252.4 -252.4
 5872 -5872
 -1.702e+04 1.702e+04
 -1.369e+04 1.369e+04
 -4672 4672
 -4855 4855
 387.2 -387.2
 2.802e+04 -2.802e+04
 -1815 1815
 -1743 1743
 -2491 2491
 -393.7 393.7
 -607.7 607.7
 8103 -8103
 -845.1 845.1
 -26.28 26.28
 -2858 2858
 2727 -2727
 -1.214e+04 1.214e+04
 -5792 5792
 1234 -1234
 6018 -6018
 -2735 2735
 -2625 2625
 2582 -2582
 788.6 -788.6
 -3559 3559
 9031 -9031
 -6465 6465
 1.075e+04 -1.075e+04
 888.2 -888.2
 1341 -1341
 -6780 6780
 -2.394e+04 2.394e+04
 -774.1 774.1
 7147 -7147
 -3555 3555
 161.2 -161.2
 -5664 5664
 -2116 2116
 1.908e+04 -1.908e+04
 -1.386e+04 1.386e+04
 4818 -4818
 -9322 9322
 -6973 6973
 227.6 -227.6
 3302 -3302
 863.1 -863.1
 2988 -2988
 2668 -2668
 4842 -4842
 4778 -4778
 -7151 7151
 6727 -6727
 4253 -4253
 3104 -3104
 961.2 -961.2
 -1.656e+04 1.656e+04
 9402 -9402
 1016 -1016
 -1.072e+04 1.072e+04
 -9196 9196
 -6512 6512
 -2637 2637
 6990 -6990
 -6947 6947
 -8671 8671
 5410 -5410
 7740 -7740
 -6264 6264
 2294 -2294
 -4541 4541
 -8183 8183
 -4408 4408
 -9777 9777
 -1.027e+04 1.027e+04
 3003 -3003
 -1.324e+04 1.324e+04
 -4869 4869
 -7939 7939
 -9684 9684
 -1221 1221
 5055 -5055
 -1475 1475
 1.046e+04 -1.046e+04
 1.165e+04 -1.165e+04
 -1.742e+04 1.742e+04
 2622 -2622
 1.194e+04 -1.194e+04
 -1.238e+04 1.238e+04
 -8435 8435
 -1.101e+04 1.101e+04
 -2055 2055
 -556.9 556.9
 -4729 4729
 -2.066e+04 2.066e+04
 -7420 7420
 8775 -8775
 8233 -8233
 -1.33e+04 1.33e+04
 4690 -4690
 -2.222e+04 2.222e+04
 -2809 2809
 1.072e+04 -1.072e+04
 -1.253e+04 1.253e+04
 507.6 -507.6
 6593 -6593
 3927 -3927
 281.3 -281.3
 2.375e+04 -2.375e+04
 -364.8 364.8
 1.458e+04 -1.458e+04
 -9508 9508
 1.419e+04 -1.419e+04
 -1293 1293
 -8111 8111
 1.08e+04 -1.08e+04
 8102 -8102
 -5630 5630
 -1.816e+04 1.816e+04
 -460.6 460.6
 9401 -9401
 1084 -1084
 -3431 3431
 2519 -2519
 -6794 6794
 1467 -1467
 -1235 1235
 -17.45 17.45
 4921 -4921
 1.198e+04 -1.198e+04
 2.165e+04 -2.165e+04
 -2.261e+04 2.261e+04
 -3538 3538
 -8454 8454
 4108 -4108
 -1.426e+04 1.426e+04
 7900 -7900
 6729 -6729
 -7457 7457
 -5467 5467
 -8587 8587
 6203 -6203
 -8818 8818
 191.1 -191.1
 -5854 5854
 1.17e+04 -1.17e+04
 -2251 2251
 -627.7 627.7
 -8959 8959
 1.591e+04 -1.591e+04
 -1278 1278
 -2833 2833
 1.263e+04 -1.263e+04
 -1324 1324
 -1666 1666
 7131 -7131
 -5500 5500
 -6.338 6.338
 -8400 8400
 -4754 4754
 -3448 3448
 -7414 7414
 1002 -1002
 -3517 3517
 -7316 7316
 3293 -3293
 -9377 9377
 8170 -8170
 -7165 7165
 4537 -4537
 -1.115e+04 1.115e+04
 6475 -6475
 -1811 1811
 -1.094e+04 1.094e+04
 7100 -7100
 -7987 7987
 3528 -3528
 1175 -1175
 -3648 3648
 1.215e+04 -1.215e+04
 2732 -2732
 -8868 8868
 6047 -6047
 -1.25e+04 1.25e+04
 -4417 4417
 -5086 5086
 -5538 5538
 -8118 8118
 -900.7 900.7
 1.182e+04 -1.182e+04
 351.8 -351.8
 8214 -8214
 1.503e+04 -1.503e+04
 2180 -2180
 -5024 5024
 2.206e+04 -2.206e+04
 -6380 6380
 7044 -7044
 -4310 4310
 4267 -4267
 -187.7 187.7
 1735 -1735
 327.7 -327.7
 -1.449e+04 1.449e+04
 -5837 5837
 4786 -4786
 -1.007e+04 1.007e+04
 4832 -4832
 -3202 3202
 -2141 2141
 -2.148e+04 2.148e+04
 2.392e+04 -2.392e+04
 -1.08e+04 1.08e+04
 244.2 -244.2
 -4226 4226
 1512 -1512
 -9662 9662
 -1834 1834
 -6316 6316
 2.022e+04 -2.022e+04
 -1796 1796
 -2995 2995
 3481 -3481
 2.129e+04 -2.129e+04
 -7382 7382
 1318 -1318
 1.093e+04 -1.093e+04
 3751 -3751
 -6090 6090
 5458 -5458
 8046 -8046
 -2.344e+04 2.344e+04
 -5214 5214
 -4111 4111
 -3.186e+04 3.186e+04
 -128.2 128.2
 470.8 -470.8
 -4607 4607
 3968 -3968
 137.9 -137.9
 1787 -1787
 -5779 5779
 1516 -1516
 -4248 4248
 -521.1 521.1
 -9603 9603
 -7005 7005
 1.412e+04 -1.412e+04
 2087 -2087
 1.735e+04 -1.735e+04
 -2585 2585
 -6572 6572
 -1027 1027
 -7380 7380
 1.474e+04 -1.474e+04
 -9781 9781
 -6651 6651
 8711 -8711
 9212 -9212
 -7166 7166
 -7032 7032
 -1.199e+04 1.199e+04
 271 -271
 594.7 -594.7
 -6478 6478
 -1.159e+04 1.159e+04
 -1439 1439
 -4501 4501
 -46.54 46.54
 -7829 7829
 1.238e+04 -1.238e+04
 -1.345e+04 1.345e+04
 1.704e+04 -1.704e+04
 -4087 4087
 -2523 2523
 -1.447e+04 1.447e+04
 2162 -2162
 7950 -7950
 -1302 1302
 -8132 8132
 -1.55e+04 1.55e+04
 -1375 1375
 1.757e+04 -1.757e+04
 -1.373e+04 1.373e+04
 -110.2 110.2
 -5152 5152
 2407 -2407
 -1416 1416
 4553 -4553
 -5940 5940
 -1869 1869
 3314 -3314
 3881 -3881
 1.408e+04 -1.408e+04
 8119 -8119
 1.088e+04 -1.088e+04
 -2572 2572
 -6520 6520
 257.9 -257.9
 5385 -5385
 1.002e+04 -1.002e+04
 5640 -5640
 -6781 6781
 3616 -3616
 -383.2 383.2
 1.283e+04 -1.283e+04
 6022 -6022
 2108 -2108
 -732.6 732.6
 -1850 1850
 2214 -2214
 1986 -1986
 -1581 1581
 -1.643e+04 1.643e+04
 1066 -1066
 -1.043e+04 1.043e+04
 -986.8 986.8
 1.42e+04 -1.42e+04
 -7567 7567
 7718 -7718
 6095 -6095
 -1.312e+04 1.312e+04
 -2.254e+04 2.254e+04
 6762 -6762
 -1.17e+04 1.17e+04
 733.2 -733.2
 -1.03e+04 1.03e+04
 -4950 4950
 1.252e+04 -1.252e+04
 2.612e+04 -2.612e+04
 1.222e+04 -1.222e+04
 -559.6 559.6
 2.821e+04 -2.821e+04
 2406 -2406
 2542 -2542
 -7585 7585
 -3985 3985
 1.744e+04 -1.744e+04
 -5939 5939
 -1.137e+04 1.137e+04
 3431 -3431
 -1.285e+04 1.285e+04
 -3993 3993
 -4551 4551
 1497 -1497
 959.2 -959.2
 -9359 9359
 -7533 7533
 -2576 2576
 1.169e+04 -1.169e+04
 1.199e+04 -1.199e+04
 4015 -4015
 7797 -7797
 1.061e+04 -1.061e+04
 7737 -7737
 1800 -1800
 -1.414e+04 1.414e+04
 -1447 1447
 -4230 4230
 -4924 4924
 -7438 7438
 5434 -5434
 -2.918e+04 2.918e+04
 4423 -4423
 4734 -4734
 -1.368e+04 1.368e+04
 1.256e+04 -1.256e+04
 2056 -2056
 -3066 3066
 -2721 2721
 -2796 2796
 5619 -5619
 -2.594e+04 2.594e+04
 9237 -9237
 -2.771e+04 2.771e+04
 2.104e+04 -2.104e+04
 -3559 3559
 -2.076e+04 2.076e+04
 4721 -4721
 -1222 1222
 -9987 9987
 -1867 1867
 -7227 7227
 -2256 2256
 -1.661e+04 1.661e+04
 -2534 2534
 248.5 -248.5
 1.348e+04 -1.348e+04
 -1984 1984
 1.494e+04 -1.494e+04
 8765 -8765
 7569 -7569
 1.36e+04 -1.36e+04
 -4547 4547
 -1304 1304
 9713 -9713
 -1229 1229
 -2526 2526
 -6396 6396
 -5611 5611
 -8808 8808
 4871 -4871
 -2486 2486
 -1386 1386
 -4290 4290
 -2818 2818
 -2.147e+04 2.147e+04
 -498.9 498.9
 -1669 1669
 -737.4 737.4
 -1002 1002
 9562 -9562
 -1465 1465
 5395 -5395
 -1.023e+04 1.023e+04
 3.969e+04 -3.969e+04
 1.115e+04 -1.115e+04
 -1389 1389
 5197 -5197
 1.557e+04 -1.557e+04
 -1.436e+04 1.436e+04
 -5417 5417
 -1.045e+04 1.045e+04
 4807 -4807
 -1354 1354
 1.628e+04 -1.628e+04
 1063 -1063
 6473 -6473
 -1.209e+04 1.209e+04
 -9388 9388
 578.1 -578.1
 -288 288
 4638 -4638
 -399.4 399.4
 1.692e+04 -1.692e+04
 -2234 2234
 -1923 1923
 -2061 2061
 1404 -1404
 -5239 5239
 1.435e+04 -1.435e+04
 -4808 4808
 1.047e+04 -1.047e+04
 8070 -8070
 4559 -4559
 -1.28e+04 1.28e+04
 -163 163
 7566 -7566
 -9816 9816
 3235 -3235
 5880 -5880
 -3576 3576
 4750 -4750
 -235 235
 9551 -9551
 -2296 2296
 -305.4 305.4
 -2.877e+04 2.877e+04
 1151 -1151
 -9720 9720
 -7004 7004
 -2740 2740
 -1665 1665
 -3802 3802
 -3037 3037
 1153 -1153
 -2.002e+04 2.002e+04
 8510 -8510
 -8192 8192
 -4465 4465
 1951 -1951
 7654 -7654
 -3703 3703
 2399 -2399
 -1.022e+04 1.022e+04
 9364 -9364
 -9217 9217
 1.333e+04 -1.333e+04
 1246 -1246
 3811 -3811
 -1.071e+04 1.071e+04
 4246 -4246
 1459 -1459
 -1457 1457
 2.252e+04 -2.252e+04
 3.002e+04 -3.002e+04
 -1.566e+04 1.566e+04
 9199 -9199
 4157 -4157
 7982 -7982
 -5592 5592
 2671 -2671
 -2879 2879
 717.9 -717.9
 -1.743e+04 1.743e+04
 9804 -9804
 -1.004e+04 1.004e+04
 -3407 3407
 1554 -1554
 -1503 1503
 3.136e+04 -3.136e+04
 1.028e+04 -1.028e+04
 1501 -1501
 -1.043e+04 1.043e+04
 -9105 9105
 5294 -5294
 1551 -1551
 -8712 8712
 9342 -9342
 -3641 3641
 1.456e+04 -1.456e+04
 -1.46e+04 1.46e+04
 1.201e+04 -1.201e+04
 1.525e+04 -1.525e+04
 -2.5e+04 2.5e+04
 -9484 9484
 4919 -4919
 -5149 5149
 6727 -6727
 -920.1 920.1
 -4245 4245
 -2.468e+04 2.468e+04
 -2733 2733
 9018 -9018
 -1.348e+04 1.348e+04
 3552 -3552
 3.355e+04 -3.355e+04
 -2587 2587
 9646 -9646
 1.242e+04 -1.242e+04
 -8133 8133
 -8068 8068
 1.596e+04 -1.596e+04
 3962 -3962
 -254.3 254.3
 3208 -3208
 -4210 4210
 4346 -4346
 -9400 9400
 -9253 9253
 -1.08e+04 1.08e+04
 1.856e+04 -1.856e+04
 -1262 1262
 5905 -5905
 -2430 2430
 4624 -4624
 1106 -1106
 5097 -5097
 2.485e+04 -2.485e+04
 -7268 7268
 -1.024e+04 1.024e+04
 -4349 4349
 -1.782e+04 1.782e+04
 7603 -7603
 2415 -2415
 2477 -2477
 -2942 2942
 -357.3 357.3
 -5335 5335
 -219.2 219.2
 -3599 3599
 -1.357e+04 1.357e+04
 1.012e+04 -1.012e+04
 -4600 4600
 -1.286e+04 1.286e+04
 -1.449e+04 1.449e+04
 -3898 3898
 1.115e+04 -1.115e+04
 -6696 6696
 1733 -1733
 4997 -4997
 1.141e+04 -1.141e+04
 -1892 1892
 -2.203e+04 2.203e+04
 -2032 2032
 3053 -3053
 -1689 1689
 -1.289e+04 1.289e+04
 1.405e+04 -1.405e+04
 -1253 1253
 -627.4 627.4
 -2745 2745
 -119.4 119.4
 -4510 4510
 -5260 5260
 9923 -9923
 -7850 7850
 -7143 7143
 5914 -5914
 5323 -5323
 -1019 1019
 5879 -5879
 1.768e+04 -1.768e+04
 2120 -2120
 5604 -5604
 -3218 3218
 4805 -4805
 -1.339e+04 1.339e+04
 -3560 3560
 -8478 8478
 -8810 8810
 1.048e+04 -1.048e+04
 844.9 -844.9
 -3661 3661
 6545 -6545
 2661 -2661
 4678 -4678
 2.234e+04 -2.234e+04
 5847 -5847
 4571 -4571
 2935 -2935
 1.28e+04 -1.28e+04
 -7522 7522
 8299 -8299
 1.053e+04 -1.053e+04
 5302 -5302
 9996 -9996
 -3209 3209
 7413 -7413
 1.607e+04 -1.607e+04
 -1.357e+04 1.357e+04
 1.46e+04 -1.46e+04
 -1.292e+04 1.292e+04
 1.861e+04 -1.861e+04
 -1.088e+04 1.088e+04
 9643 -9643
 -1.215e+04 1.215e+04
 -6818 6818
 6361 -6361
 1.86e+04 -1.86e+04
 -1.025e+04 1.025e+04
 1.494e+04 -1.494e+04
 -3860 3860
 -4956 4956
 1.262e+04 -1.262e+04
 -5109 5109
 1.003e+04 -1.003e+04
 8096 -8096
 2359 -2359
 5359 -5359
 6059 -6059
 3352 -3352
 1344 -1344
 1.283e+04 -1.283e+04
 6518 -6518
 4426 -4426
 8509 -8509
 -5786 5786
 -4189 4189
 1.118e+04 -1.118e+04
 1254 -1254
 -2336 2336
 -1.084e+04 1.084e+04
 1774 -1774
 1.699e+04 -1.699e+04
 -4582 4582
 -1.495e+04 1.495e+04
 1.611e+04 -1.611e+04
 8775 -8775
 391.5 -391.5
 -3766 3766
 -3185 3185
 8051 -8051
 -6782 6782
 3488 -3488
 -1.615e+04 1.615e+04
 1.565e+04 -1.565e+04
 1.026e+04 -1.026e+04
 1.329e+04 -1.329e+04
 -4459 4459
 -2262 2262
 -6061 6061
 -5002 5002
 4321 -4321
 -8216 8216
 -1.05e+04 1.05e+04
 -1.193e+04 1.193e+04
 9622 -9622
 -7985 7985
 -3014 3014
 2924 -2924
 -8576 8576
 8432 -8432
 10.55 -10.55
 -9521 9521
 6892 -6892
 9720 -9720
 -6697 6697
 2104 -2104
 -3805 3805
 245.6 -245.6
 276.1 -276.1
 -4297 4297
 -4768 4768
 -1.367e+04 1.367e+04
 -2.574e+04 2.574e+04
 7082 -7082
 1401 -1401
 1.52e+04 -1.52e+04
 -8411 8411
 48.78 -48.78
 1733 -1733
 6670 -6670
 345.1 -345.1
 2781 -2781
 -1.483e+04 1.483e+04
 -7930 7930
 4504 -4504
 -9882 9882
 -2328 2328
 7033 -7033
 1.089e+04 -1.089e+04
 2295 -2295
 -1337 1337
 6929 -6929
 1.429e+04 -1.429e+04
 1254 -1254
 -2776 2776
 -5740 5740
 -1.321e+04 1.321e+04
 -181.6 181.6
 -1101 1101
 9601 -9601
 -2246 2246
 -8547 8547
 5097 -5097
 2389 -2389
 -3653 3653
 -2629 2629
 -1291 1291
 6981 -6981
 -283.7 283.7
 3672 -3672
 -1.466e+04 1.466e+04
 9433 -9433
 844.4 -844.4
 -1.312e+04 1.312e+04
 -5871 5871
 -9673 9673
 -546.1 546.1
 1.03e+04 -1.03e+04
 -1.049e+04 1.049e+04
 -1.097e+04 1.097e+04
 -4746 4746
 -3975 3975
 -9235 9235
 3607 -3607
 -1.263e+04 1.263e+04
 4607 -4607
 2328 -2328
 3799 -3799
 2799 -2799
 -4516 4516
 -1875 1875
 1.092e+04 -1.092e+04
 1.65e+04 -1.65e+04
 -5463 5463
 -2849 2849
 5873 -5873
 1.047e+04 -1.047e+04
 -7.721 7.721
 -1.597e+04 1.597e+04
 -1.001e+04 1.001e+04
 2.029e+04 -2.029e+04
 -5797 5797
 3821 -3821
 -2837 2837
 -1771 1771
 -1.577e+04 1.577e+04
 1996 -1996
 -1.221e+04 1.221e+04
 -7308 7308
 2804 -2804
 -2.987e+04 2.987e+04
 7176 -7176
 5813 -5813
 6954 -6954
 6613 -6613
 -7916 7916
 -1927 1927
 -6248 6248
 -7619 7619
 -5742 5742
 -7134 7134
 -5617 5617
 2209 -2209
 1.575e+04 -1.575e+04
 1.4e+04 -1.4e+04
 -3616 3616
 1245 -1245
 17.59 -17.59
 9962 -9962
 3631 -3631
 4981 -4981
 -6960 6960
 -3857 3857
 -6664 6664
 572.8 -572.8
 8001 -8001
 -2.14e+04 2.14e+04
 -8175 8175
 -7138 7138
 -9169 9169
 -1.584e+04 1.584e+04
 3518 -3518
 -1160 1160
 -3331 3331
 -6897 6897
 2.559e+04 -2.559e+04
 -1.745e+04 1.745e+04
 -7243 7243
 -6995 6995
 -1086 1086
 -1.326e+04 1.326e+04
 1.34e+04 -1.34e+04
 -1.267e+04 1.267e+04
 -5166 5166
 5488 -5488
 1.93e+04 -1.93e+04
 1.973e+04 -1.973e+04
 -6881 6881
 -5126 5126
 9110 -9110
 856.7 -856.7
 -2305 2305
 1.75e+04 -1.75e+04
 -1.615e+04 1.615e+04
 3559 -3559
 -9099 9099
 -380.9 380.9
 1.775e+04 -1.775e+04
 8300 -8300
 1.016e+04 -1.016e+04
 -1723 1723
 1.143e+04 -1.143e+04
 -1.662e+04 1.662e+04
 -4078 4078
 5159 -5159
 2.006e+04 -2.006e+04
 -9666 9666
 -3127 3127
 9858 -9858
 -1.153e+04 1.153e+04
 1.525e+04 -1.525e+04
 8009 -8009
 -3182 3182
 7753 -7753
 -1.428e+04 1.428e+04
 -8166 8166
 5432 -5432
 5296 -5296
 -3897 3897
 2550 -2550
 -6114 6114
 1.866e+04 -1.866e+04
 -1.14e+04 1.14e+04
 9132 -9132
 -3652 3652
 1086 -1086
 4121 -4121
 5695 -5695
 -9314 9314
 8478 -8478
 -6545 6545
 -65.18 65.18
 7019 -7019
 3303 -3303
 7881 -7881
 1430 -1430
 2688 -2688
 -5996 5996
 -9215 9215
 1.508e+04 -1.508e+04
 -6054 6054
 7547 -7547
 -2665 2665
 -65.41 65.41
 7114 -7114
 9552 -9552
 7979 -7979
 2646 -2646
 -1.143e+04 1.143e+04
 -7107 7107
 -3041 3041
 3036 -3036
 4264 -4264
 -2364 2364
 1.487e+04 -1.487e+04
 2.021e+04 -2.021e+04
 -4503 4503
 -1542 1542
 1.561e+04 -1.561e+04
 -1723 1723
 -965.2 965.2
 -6199 6199
 -2.217e+04 2.217e+04
 3575 -3575
 2993 -2993
 2035 -2035
 -9926 9926
 1.009e+04 -1.009e+04
 -1.048e+04 1.048e+04
 -5219 5219
 6198 -6198
 -1460 1460
 1244 -1244
 5931 -5931
 -1.272e+04 1.272e+04
 744.6 -744.6
 6253 -6253
 2043 -2043
 1.185e+04 -1.185e+04
 1.096e+04 -1.096e+04
 -1122 1122
 -1410 1410
 1.02e+04 -1.02e+04
 -5357 5357
 3004 -3004
 8807 -8807
 -1.179e+04 1.179e+04
 -611.5 611.5
 2717 -2717
 -5385 5385
 8618 -8618
 -3318 3318
 -511 511
 -9055 9055
 -5186 5186
 -407.8 407.8
 -4751 4751
 -6657 6657
 -432.9 432.9
 -6376 6376
 1.917e+04 -1.917e+04
 2.003e+04 -2.003e+04
 1.483e+04 -1.483e+04
 -1.674e+04 1.674e+04
 2521 -2521
 843.4 -843.4
 1.035e+04 -1.035e+04
 5015 -5015
 8262 -8262
 -3198 3198
 4332 -4332
 1.617e+04 -1.617e+04
 454.8 -454.8
 -1127 1127
 -2.491e+04 2.491e+04
 -1.196e+04 1.196e+04
 -1.017e+04 1.017e+04
 2528 -2528
 -8350 8350
 4414 -4414
 -690.7 690.7
 1728 -1728
 -1.609e+04 1.609e+04
 3940 -3940
 -9068 9068
 1434 -1434
 1442 -1442
 -1.232e+04 1.232e+04
 1.852e+04 -1.852e+04
 3137 -3137
 4866 -4866
 -2663 2663
 -6019 6019
 4817 -4817
 -4068 4068
 5471 -5471
 5724 -5724
 -1892 1892
 -2032 2032
 1416 -1416
 -1722 1722
 -6759 6759
 -4571 4571
 -4380 4380
 1400 -1400
 216.9 -216.9
 1.293e+04 -1.293e+04
 6252 -6252
 -3000 3000
 -6503 6503
 -2930 2930
 556.4 -556.4
 4767 -4767
 9228 -9228
 -1.915e+04 1.915e+04
 -1786 1786
 -8314 8314
 -1.187e+04 1.187e+04
 -1.329e+04 1.329e+04
 1.58e+04 -1.58e+04
 -1221 1221
 -1.445e+04 1.445e+04
 -3813 3813
 -6195 6195
 1.059e+04 -1.059e+04
 9825 -9825
 8117 -8117
 -3095 3095
 -2.139e+04 2.139e+04
 -1.161e+04 1.161e+04
 -1.421e+04 1.421e+04
 1.4e+04 -1.4e+04
 -1403 1403
 -788.3 788.3
 -1.572e+04 1.572e+04
 2817 -2817
 1.221e+04 -1.221e+04
 -5674 5674
 -1407 1407
 -3553 3553
 -1.27e+04 1.27e+04
 1.881e+04 -1.881e+04
 2106 -2106
 -1.963e+04 1.963e+04
 3630 -3630
 -1.12e+04 1.12e+04
 5277 -5277
 -6478 6478
 -4741 4741
 6432 -6432
 -4870 4870
 1.266e+04 -1.266e+04
 -8222 8222
 2224 -2224
 2.309e+04 -2.309e+04
 -462.2 462.2
 -1.343e+04 1.343e+04
 7999 -7999
 -1.361e+04 1.361e+04
 -7819 7819
 6788 -6788
 -1.051e+04 1.051e+04
 6602 -6602


