# Created by Octave 5.2.0, Fri Sep 25 00:08:54 2020 CEST <jiwidi@land>
# name: w
# type: matrix
# rows: 2001
# columns: 2
 -355 355
 30.01 -30.01
 -116.6 116.6
 -57.19 57.19
 -36.64 36.64
 -46.68 46.68
 93.51 -93.51
 75.64 -75.64
 15.2 -15.2
 -47.58 47.58
 148.3 -148.3
 -48.06 48.06
 29.49 -29.49
 42.88 -42.88
 -128 128
 -202.9 202.9
 -22.81 22.81
 85.58 -85.58
 -95.14 95.14
 108.4 -108.4
 -93.1 93.1
 -97.95 97.95
 -174.5 174.5
 -150.5 150.5
 192.5 -192.5
 -54.65 54.65
 -38.75 38.75
 -358.5 358.5
 -32.16 32.16
 -0.3398 0.3398
 19 -19
 -39.16 39.16
 156.1 -156.1
 -73 73
 115.3 -115.3
 167.7 -167.7
 -90.93 90.93
 -12.72 12.72
 -102.5 102.5
 -0.6042 0.6042
 -108.6 108.6
 51.58 -51.58
 -58.25 58.25
 -47.31 47.31
 27.93 -27.93
 145.4 -145.4
 -89.24 89.24
 116.3 -116.3
 -201.1 201.1
 -64.5 64.5
 17.61 -17.61
 35.72 -35.72
 -12.01 12.01
 -49.04 49.04
 501.2 -501.2
 82.75 -82.75
 28.45 -28.45
 53.61 -53.61
 -15.17 15.17
 19.23 -19.23
 19.85 -19.85
 -22.5 22.5
 -29.69 29.69
 15.37 -15.37
 -43.48 43.48
 -47.73 47.73
 57.81 -57.81
 -188 188
 33.71 -33.71
 25.59 -25.59
 -185 185
 -79.99 79.99
 -44.81 44.81
 61.42 -61.42
 143.5 -143.5
 -61.37 61.37
 -1.667 1.667
 -58.14 58.14
 -0.8761 0.8761
 37.46 -37.46
 107.7 -107.7
 -1.989 1.989
 72.09 -72.09
 -65.66 65.66
 83.09 -83.09
 9.481 -9.481
 -55.18 55.18
 -49.32 49.32
 37.78 -37.78
 0.7068 -0.7068
 6.684 -6.684
 42.37 -42.37
 81.81 -81.81
 -46.02 46.02
 -57.68 57.68
 -108.4 108.4
 41.91 -41.91
 340.4 -340.4
 -143.1 143.1
 5.568 -5.568
 67.31 -67.31
 103.2 -103.2
 69.28 -69.28
 -248.5 248.5
 139.8 -139.8
 -50.89 50.89
 105.3 -105.3
 14.05 -14.05
 -11.65 11.65
 -84.68 84.68
 59.67 -59.67
 34.46 -34.46
 -34.27 34.27
 -34.08 34.08
 -216.6 216.6
 -22.76 22.76
 55.98 -55.98
 19.21 -19.21
 -60.66 60.66
 -100.4 100.4
 59.05 -59.05
 39.68 -39.68
 -34.17 34.17
 -55.01 55.01
 -27.91 27.91
 -115.6 115.6
 56.72 -56.72
 80.53 -80.53
 -31.25 31.25
 -73.33 73.33
 -80.99 80.99
 -31.95 31.95
 11.1 -11.1
 -39.15 39.15
 64.7 -64.7
 -97.61 97.61
 43.67 -43.67
 7.6 -7.6
 -80.92 80.92
 5.398 -5.398
 -86.38 86.38
 -83.92 83.92
 11.23 -11.23
 -14.95 14.95
 -23 23
 -40.76 40.76
 78.28 -78.28
 -313.7 313.7
 -66.73 66.73
 16.64 -16.64
 -94.71 94.71
 -158.3 158.3
 21.33 -21.33
 777.7 -777.7
 27.02 -27.02
 -8.925 8.925
 -391.2 391.2
 -74.18 74.18
 22.33 -22.33
 -216.4 216.4
 -61.4 61.4
 50.84 -50.84
 -27.29 27.29
 -102.6 102.6
 141.3 -141.3
 543.8 -543.8
 77.15 -77.15
 130.8 -130.8
 50.47 -50.47
 -52.08 52.08
 -89.18 89.18
 56.29 -56.29
 56.26 -56.26
 -86.81 86.81
 62.38 -62.38
 34.98 -34.98
 -2.091 2.091
 257.6 -257.6
 2.337 -2.337
 -30.32 30.32
 -39.77 39.77
 452.5 -452.5
 -320 320
 37.35 -37.35
 -35.37 35.37
 -5.886 5.886
 94.42 -94.42
 2.723 -2.723
 -13.24 13.24
 -145.6 145.6
 162.9 -162.9
 89.19 -89.19
 30.85 -30.85
 -20.57 20.57
 -64.48 64.48
 -25.66 25.66
 6.342 -6.342
 -25.88 25.88
 108.6 -108.6
 30.67 -30.67
 124.1 -124.1
 -129.2 129.2
 -47.98 47.98
 195.1 -195.1
 192.3 -192.3
 2.71 -2.71
 -307.2 307.2
 -164.3 164.3
 -10.79 10.79
 32.84 -32.84
 -376.5 376.5
 116.1 -116.1
 -177.6 177.6
 -12.62 12.62
 -56.76 56.76
 -31.18 31.18
 -158.2 158.2
 -65.57 65.57
 -15.69 15.69
 -125.3 125.3
 -98.54 98.54
 46.97 -46.97
 -181.6 181.6
 36.2 -36.2
 -93.72 93.72
 109.5 -109.5
 27.54 -27.54
 -107.8 107.8
 160.4 -160.4
 -30.97 30.97
 50.32 -50.32
 103 -103
 121.6 -121.6
 -105.7 105.7
 103.4 -103.4
 -125 125
 -96.1 96.1
 -72.79 72.79
 45.25 -45.25
 131.5 -131.5
 -77.77 77.77
 -1.177 1.177
 -91.63 91.63
 72.08 -72.08
 -38.01 38.01
 -18.96 18.96
 15.42 -15.42
 -210.1 210.1
 -223.3 223.3
 -70.65 70.65
 44.91 -44.91
 -85.13 85.13
 -6.69 6.69
 114.7 -114.7
 -21.79 21.79
 -25.87 25.87
 -7.755 7.755
 208.1 -208.1
 228.5 -228.5
 -44.93 44.93
 204.3 -204.3
 -185 185
 -77.26 77.26
 -56.3 56.3
 108.7 -108.7
 -69.17 69.17
 -110 110
 -69.96 69.96
 -63.04 63.04
 36.34 -36.34
 89.72 -89.72
 123.5 -123.5
 34.94 -34.94
 -21.29 21.29
 19.84 -19.84
 -103.4 103.4
 30.53 -30.53
 25.66 -25.66
 -76.65 76.65
 -141.9 141.9
 4.7 -4.7
 170.1 -170.1
 -154.7 154.7
 209.1 -209.1
 337.8 -337.8
 17.98 -17.98
 -119.1 119.1
 -13.56 13.56
 -87.15 87.15
 -105.8 105.8
 -35.54 35.54
 -271.7 271.7
 45.51 -45.51
 -4.579 4.579
 -0.891 0.891
 68.28 -68.28
 -222.8 222.8
 -39.35 39.35
 -80.22 80.22
 47.17 -47.17
 15.91 -15.91
 -31.03 31.03
 -91.81 91.81
 -118.2 118.2
 292.3 -292.3
 43.7 -43.7
 -42.6 42.6
 14.54 -14.54
 6.192 -6.192
 253.4 -253.4
 39.3 -39.3
 231.1 -231.1
 -131.1 131.1
 63.55 -63.55
 -184.3 184.3
 -49.94 49.94
 467.8 -467.8
 241.1 -241.1
 -75.31 75.31
 145.9 -145.9
 53.67 -53.67
 329.9 -329.9
 129.5 -129.5
 86.01 -86.01
 16.67 -16.67
 9.377 -9.377
 66.47 -66.47
 -9.521 9.521
 51.84 -51.84
 -26.83 26.83
 -85.21 85.21
 98.82 -98.82
 -89.1 89.1
 -139.4 139.4
 103.6 -103.6
 -110.3 110.3
 -6.444 6.444
 -28.36 28.36
 -14.23 14.23
 58.01 -58.01
 2.267 -2.267
 -224.8 224.8
 -81.14 81.14
 61.69 -61.69
 -50.52 50.52
 9.774 -9.774
 -44.15 44.15
 96.31 -96.31
 234.3 -234.3
 102.1 -102.1
 -28.11 28.11
 -121.1 121.1
 -48.87 48.87
 -40.18 40.18
 56.34 -56.34
 28.14 -28.14
 -326.4 326.4
 174.3 -174.3
 -0.5196 0.5196
 241.3 -241.3
 -31.7 31.7
 -127.5 127.5
 -114.2 114.2
 100.2 -100.2
 -63.9 63.9
 -21.13 21.13
 256.5 -256.5
 -109.9 109.9
 72.72 -72.72
 -128.9 128.9
 -48.78 48.78
 79.15 -79.15
 102.5 -102.5
 11.14 -11.14
 -17.79 17.79
 -8.184 8.184
 85.34 -85.34
 190.9 -190.9
 -89.98 89.98
 -110.4 110.4
 -13.45 13.45
 -174.4 174.4
 -67.68 67.68
 -88.42 88.42
 417.7 -417.7
 110.8 -110.8
 16.16 -16.16
 55.12 -55.12
 -21.17 21.17
 -42.47 42.47
 -54.14 54.14
 -32.13 32.13
 -89.38 89.38
 -200.1 200.1
 44.26 -44.26
 -116.4 116.4
 -4.209 4.209
 -76.32 76.32
 -76.78 76.78
 293.3 -293.3
 -150.2 150.2
 -59.54 59.54
 -49.03 49.03
 -85.11 85.11
 87.73 -87.73
 -87.55 87.55
 -100.1 100.1
 104.9 -104.9
 -119.5 119.5
 151.7 -151.7
 -47.93 47.93
 71.21 -71.21
 -43.27 43.27
 -219.7 219.7
 -126.8 126.8
 4.571 -4.571
 349 -349
 -87.37 87.37
 308.6 -308.6
 185.1 -185.1
 69.34 -69.34
 34.88 -34.88
 137.8 -137.8
 -229.8 229.8
 -53.24 53.24
 -62.85 62.85
 -7.185 7.185
 -44.56 44.56
 -90.02 90.02
 -143.5 143.5
 182.5 -182.5
 -69.17 69.17
 253.9 -253.9
 12.68 -12.68
 4.744 -4.744
 -28.24 28.24
 69.96 -69.96
 51.87 -51.87
 -122.6 122.6
 -13.42 13.42
 -78.43 78.43
 50.35 -50.35
 -196.2 196.2
 164.3 -164.3
 -67.65 67.65
 86.01 -86.01
 -44.41 44.41
 -189 189
 208.4 -208.4
 -11.08 11.08
 -106.8 106.8
 -47.51 47.51
 167.3 -167.3
 383.6 -383.6
 37.79 -37.79
 77.86 -77.86
 -94.53 94.53
 25.97 -25.97
 -119.5 119.5
 5.035 -5.035
 -117.2 117.2
 -127.9 127.9
 335.3 -335.3
 10.63 -10.63
 94.56 -94.56
 106.8 -106.8
 96.15 -96.15
 49.48 -49.48
 3.691 -3.691
 33.83 -33.83
 -20.35 20.35
 -37.71 37.71
 -80.58 80.58
 0.4354 -0.4354
 -6.502 6.502
 31.22 -31.22
 94.98 -94.98
 42.56 -42.56
 -67.62 67.62
 118.4 -118.4
 -6.941 6.941
 62.13 -62.13
 -30.98 30.98
 0.1629 -0.1629
 182.3 -182.3
 -0.554 0.554
 -89.31 89.31
 -173.7 173.7
 -54.98 54.98
 -58.7 58.7
 68.56 -68.56
 -8.011 8.011
 -6.723 6.723
 -32.94 32.94
 53.8 -53.8
 -39.18 39.18
 -95.9 95.9
 -10.92 10.92
 27.14 -27.14
 -215.8 215.8
 100.9 -100.9
 -60.19 60.19
 -84.97 84.97
 -41.95 41.95
 -14.59 14.59
 -73.34 73.34
 -33.45 33.45
 -218 218
 85.91 -85.91
 -27.53 27.53
 -13.46 13.46
 26.68 -26.68
 -244.1 244.1
 -16.98 16.98
 79.22 -79.22
 -190.6 190.6
 -49.09 49.09
 53.75 -53.75
 -48.43 48.43
 -56.64 56.64
 -31.26 31.26
 122 -122
 -213.9 213.9
 31.83 -31.83
 -2.341 2.341
 -8.056 8.056
 -41.9 41.9
 -133.1 133.1
 0.688 -0.688
 -67.45 67.45
 -78.53 78.53
 -79.94 79.94
 -67.92 67.92
 -72.7 72.7
 -87.94 87.94
 -243.1 243.1
 97.88 -97.88
 50.93 -50.93
 -14.38 14.38
 -3.646 3.646
 -86.08 86.08
 -97.76 97.76
 -99.98 99.98
 143.3 -143.3
 126 -126
 -18.42 18.42
 50.36 -50.36
 -226.3 226.3
 -42.27 42.27
 2.512 -2.512
 79.56 -79.56
 -164.3 164.3
 219.3 -219.3
 37.31 -37.31
 2.921 -2.921
 -14.71 14.71
 18.8 -18.8
 -82.38 82.38
 154.5 -154.5
 -10.4 10.4
 200.2 -200.2
 10.68 -10.68
 65.86 -65.86
 -4.977 4.977
 -49.04 49.04
 -268 268
 -40.85 40.85
 89.96 -89.96
 98.16 -98.16
 -1.873 1.873
 -159.8 159.8
 -20.13 20.13
 -120.3 120.3
 196.8 -196.8
 -42.31 42.31
 -28.01 28.01
 -1.385 1.385
 19.62 -19.62
 269.9 -269.9
 -33.16 33.16
 37.2 -37.2
 -115.7 115.7
 -109.5 109.5
 -99.27 99.27
 78.5 -78.5
 6.267 -6.267
 41.34 -41.34
 11.75 -11.75
 -148.7 148.7
 -4.753 4.753
 18.29 -18.29
 -18.46 18.46
 -238.8 238.8
 -538.1 538.1
 20.48 -20.48
 11.73 -11.73
 -53.32 53.32
 98.89 -98.89
 -62.6 62.6
 168.8 -168.8
 -50.98 50.98
 -7.637 7.637
 0.5297 -0.5297
 210.8 -210.8
 183.2 -183.2
 -44.62 44.62
 242.4 -242.4
 266.7 -266.7
 -95.54 95.54
 80.83 -80.83
 -86.47 86.47
 -88.32 88.32
 115.8 -115.8
 -57.22 57.22
 -168.4 168.4
 -75.63 75.63
 -22.36 22.36
 -75.12 75.12
 53.89 -53.89
 -244.5 244.5
 -11.79 11.79
 304.8 -304.8
 -123.1 123.1
 31.27 -31.27
 -43.76 43.76
 32.31 -32.31
 -102.6 102.6
 -67.97 67.97
 -25.43 25.43
 11.56 -11.56
 -81.86 81.86
 -133.5 133.5
 -16.28 16.28
 -53.71 53.71
 9.429 -9.429
 -167 167
 -131.4 131.4
 1.047 -1.047
 -64.49 64.49
 104.7 -104.7
 -58.22 58.22
 -8.833 8.833
 -18.68 18.68
 15.3 -15.3
 -230.8 230.8
 -24.84 24.84
 -41.51 41.51
 -116.3 116.3
 -189.5 189.5
 -53.6 53.6
 241.8 -241.8
 -58.25 58.25
 129 -129
 277.5 -277.5
 -8.875 8.875
 175.9 -175.9
 -87.37 87.37
 -12.64 12.64
 188.9 -188.9
 -149.8 149.8
 5.564 -5.564
 -340.8 340.8
 -88.08 88.08
 -79.75 79.75
 30.06 -30.06
 69.34 -69.34
 -175.7 175.7
 -53.76 53.76
 25.15 -25.15
 -276.7 276.7
 -86.65 86.65
 -46.46 46.46
 64.79 -64.79
 -57.1 57.1
 -227.6 227.6
 -115.1 115.1
 208.6 -208.6
 -83.6 83.6
 -99.28 99.28
 -111.7 111.7
 27.76 -27.76
 -81.96 81.96
 -126.1 126.1
 -125.6 125.6
 11.91 -11.91
 108.4 -108.4
 -110.3 110.3
 111.7 -111.7
 16.63 -16.63
 -296.9 296.9
 -2.624 2.624
 67.62 -67.62
 -38.34 38.34
 -94.26 94.26
 -37.94 37.94
 -160.8 160.8
 -39.2 39.2
 3.531 -3.531
 -8.634 8.634
 -21.01 21.01
 -41.55 41.55
 -47.44 47.44
 134.4 -134.4
 -12.91 12.91
 -19.78 19.78
 193.3 -193.3
 -132.7 132.7
 -80.68 80.68
 24.44 -24.44
 52.06 -52.06
 -106.5 106.5
 20.84 -20.84
 19.38 -19.38
 272.8 -272.8
 106.8 -106.8
 -121.7 121.7
 210.4 -210.4
 -40.59 40.59
 37.71 -37.71
 103.4 -103.4
 48.8 -48.8
 -133.3 133.3
 -157.6 157.6
 94.77 -94.77
 -21.36 21.36
 -85.8 85.8
 -128.5 128.5
 47.84 -47.84
 -72.14 72.14
 98.91 -98.91
 22.32 -22.32
 -47.68 47.68
 -46.44 46.44
 -70.81 70.81
 -182.6 182.6
 30.56 -30.56
 -58.72 58.72
 13.53 -13.53
 -186.3 186.3
 124.4 -124.4
 -20.11 20.11
 -135.7 135.7
 -11.7 11.7
 105.1 -105.1
 26.84 -26.84
 -4.696 4.696
 -18.14 18.14
 -104.4 104.4
 87.56 -87.56
 -60.44 60.44
 110.5 -110.5
 309.6 -309.6
 -227.5 227.5
 3.548 -3.548
 28.19 -28.19
 -81.35 81.35
 -43.87 43.87
 97.23 -97.23
 -22.51 22.51
 563.7 -563.7
 -142.2 142.2
 -102.8 102.8
 -86 86
 -37.25 37.25
 10.87 -10.87
 195.3 -195.3
 -54.6 54.6
 25.8 -25.8
 -144.4 144.4
 -434.8 434.8
 1.446 -1.446
 -90.1 90.1
 46.49 -46.49
 40.43 -40.43
 25.08 -25.08
 138.7 -138.7
 -104.5 104.5
 -55.05 55.05
 -20.03 20.03
 323.5 -323.5
 97.16 -97.16
 -22.19 22.19
 82.32 -82.32
 20.08 -20.08
 78.53 -78.53
 -46.19 46.19
 -52 52
 -2.822 2.822
 -60.2 60.2
 -143.6 143.6
 324 -324
 -88.06 88.06
 60.63 -60.63
 -38.24 38.24
 -162.9 162.9
 -1.224 1.224
 -162.8 162.8
 -49.91 49.91
 0.2644 -0.2644
 -74.29 74.29
 139.6 -139.6
 131.7 -131.7
 54.72 -54.72
 194.6 -194.6
 -20.65 20.65
 78.47 -78.47
 31.34 -31.34
 -2.915 2.915
 -113.9 113.9
 -102.4 102.4
 -14.02 14.02
 333.6 -333.6
 22.41 -22.41
 41.93 -41.93
 6.323 -6.323
 -37.05 37.05
 -138.8 138.8
 236.6 -236.6
 -105.2 105.2
 73.29 -73.29
 -21.62 21.62
 -147.9 147.9
 322.4 -322.4
 -99.6 99.6
 252.5 -252.5
 132.7 -132.7
 238.2 -238.2
 49.26 -49.26
 173.7 -173.7
 -84.48 84.48
 167 -167
 -109.5 109.5
 -95.69 95.69
 -300.7 300.7
 -36.82 36.82
 -118.9 118.9
 54.5 -54.5
 78.63 -78.63
 152.4 -152.4
 67.35 -67.35
 -8.215 8.215
 -62.77 62.77
 -46.49 46.49
 178.6 -178.6
 107.4 -107.4
 -91.42 91.42
 -165.7 165.7
 -164.5 164.5
 -109.7 109.7
 508.3 -508.3
 -108 108
 35.47 -35.47
 -26.26 26.26
 26.28 -26.28
 -95.48 95.48
 255.8 -255.8
 7.008 -7.008
 -83.37 83.37
 67.11 -67.11
 30.57 -30.57
 -32.71 32.71
 -47.99 47.99
 -8.102 8.102
 -137.9 137.9
 -124.5 124.5
 73.68 -73.68
 -41.26 41.26
 -59.46 59.46
 -63.87 63.87
 -20.6 20.6
 179.7 -179.7
 -60.63 60.63
 10.58 -10.58
 91.77 -91.77
 -112.2 112.2
 -43.71 43.71
 -56.38 56.38
 125.6 -125.6
 68.2 -68.2
 -97.82 97.82
 207.1 -207.1
 101.7 -101.7
 -40.73 40.73
 121.8 -121.8
 -9.706 9.706
 61.01 -61.01
 259.8 -259.8
 45.63 -45.63
 -38.87 38.87
 -52.33 52.33
 14.04 -14.04
 -186.2 186.2
 -64.54 64.54
 89.19 -89.19
 99.35 -99.35
 -73.13 73.13
 206.6 -206.6
 17.97 -17.97
 -161.4 161.4
 61.66 -61.66
 106.7 -106.7
 41.45 -41.45
 64.54 -64.54
 622.8 -622.8
 -20.2 20.2
 -64.19 64.19
 -28.73 28.73
 46.07 -46.07
 -62.71 62.71
 50.86 -50.86
 294.1 -294.1
 27.54 -27.54
 153.2 -153.2
 -53.61 53.61
 -23.25 23.25
 64.87 -64.87
 -118.2 118.2
 195.8 -195.8
 22.79 -22.79
 -36.38 36.38
 -440.8 440.8
 -96.78 96.78
 -160.6 160.6
 -8.671 8.671
 -100.6 100.6
 -66.11 66.11
 45.42 -45.42
 -241.4 241.4
 -53.61 53.61
 -165.2 165.2
 -8.283 8.283
 -336.6 336.6
 210.9 -210.9
 -22.63 22.63
 -134.1 134.1
 3.292 -3.292
 125.2 -125.2
 35.06 -35.06
 31.33 -31.33
 -45.76 45.76
 114.3 -114.3
 -84.8 84.8
 -65.7 65.7
 22.37 -22.37
 -0.7483 0.7483
 -40.86 40.86
 143.4 -143.4
 -26.69 26.69
 -40.71 40.71
 -45.47 45.47
 124 -124
 -105.3 105.3
 -66.83 66.83
 -101.3 101.3
 -46.89 46.89
 -156.8 156.8
 41.28 -41.28
 7.684 -7.684
 -88.98 88.98
 -55.94 55.94
 -74.68 74.68
 10.7 -10.7
 -57.88 57.88
 -22.95 22.95
 39.24 -39.24
 138.3 -138.3
 -83.18 83.18
 -97.26 97.26
 -171.7 171.7
 -187 187
 103.4 -103.4
 173.6 -173.6
 41.64 -41.64
 94.22 -94.22
 47.84 -47.84
 -39.59 39.59
 -9.442 9.442
 66.13 -66.13
 -87.63 87.63
 54.7 -54.7
 202.5 -202.5
 -7.731 7.731
 -75.41 75.41
 -11.02 11.02
 -81.5 81.5
 68.88 -68.88
 154.4 -154.4
 -14.09 14.09
 30.26 -30.26
 176.8 -176.8
 -123.1 123.1
 141.6 -141.6
 197.2 -197.2
 -40.25 40.25
 -38.96 38.96
 -99.9 99.9
 -124.7 124.7
 -180.8 180.8
 213.2 -213.2
 -87.14 87.14
 56.64 -56.64
 108.5 -108.5
 -17.82 17.82
 21.73 -21.73
 420.5 -420.5
 21.77 -21.77
 23.86 -23.86
 -31.65 31.65
 -79.31 79.31
 16.76 -16.76
 33.07 -33.07
 40.19 -40.19
 -2.089 2.089
 -26.39 26.39
 -26.26 26.26
 83.17 -83.17
 -52.8 52.8
 251.1 -251.1
 39.92 -39.92
 -17.53 17.53
 2586 -2586
 -22.37 22.37
 75.74 -75.74
 -41.61 41.61
 -152.5 152.5
 93.29 -93.29
 -30.26 30.26
 7.974 -7.974
 120.4 -120.4
 -77.68 77.68
 -46.38 46.38
 -92.14 92.14
 -177.6 177.6
 -11.19 11.19
 -55.82 55.82
 -24.7 24.7
 -58.35 58.35
 6.411 -6.411
 -21.17 21.17
 178.8 -178.8
 -22.98 22.98
 -9.859 9.859
 -69.67 69.67
 -6.611 6.611
 -141 141
 -55.3 55.3
 195.5 -195.5
 -144.7 144.7
 28.21 -28.21
 95.49 -95.49
 -246.1 246.1
 -4.126 4.126
 -99.52 99.52
 -96.05 96.05
 74.22 -74.22
 -20.91 20.91
 24.71 -24.71
 58.69 -58.69
 -71.99 71.99
 -87.51 87.51
 -77.06 77.06
 3.153 -3.153
 68.48 -68.48
 -98.07 98.07
 13.19 -13.19
 -108.7 108.7
 -35.68 35.68
 -210 210
 -133.5 133.5
 3.483 -3.483
 -40.94 40.94
 39.08 -39.08
 -91.34 91.34
 305.2 -305.2
 87.11 -87.11
 108.6 -108.6
 -101.4 101.4
 141.6 -141.6
 58.93 -58.93
 -149.7 149.7
 108.6 -108.6
 105.4 -105.4
 2.603 -2.603
 -67.93 67.93
 128.8 -128.8
 46.47 -46.47
 -14.59 14.59
 -34.62 34.62
 -252.9 252.9
 22.62 -22.62
 -87.53 87.53
 28.61 -28.61
 0 0
 -88.01 88.01
 74.82 -74.82
 -41.19 41.19
 561.8 -561.8
 -14.36 14.36
 -11.88 11.88
 -123.2 123.2
 -17.79 17.79
 24.95 -24.95
 -3.107 3.107
 -225.1 225.1
 -224.2 224.2
 178.5 -178.5
 93.83 -93.83
 -24.32 24.32
 15.78 -15.78
 24.12 -24.12
 176.6 -176.6
 196.8 -196.8
 -95.98 95.98
 -143.6 143.6
 122.8 -122.8
 -161.5 161.5
 13.99 -13.99
 -75.42 75.42
 -2.527 2.527
 121.1 -121.1
 120.8 -120.8
 -60.64 60.64
 26.81 -26.81
 -183.2 183.2
 31.61 -31.61
 -66.47 66.47
 -54.55 54.55
 -103.5 103.5
 7.983 -7.983
 -2.416 2.416
 -60.16 60.16
 -103.4 103.4
 -56.14 56.14
 72.3 -72.3
 -97.03 97.03
 3.501 -3.501
 13.38 -13.38
 -56.23 56.23
 -99.52 99.52
 284.8 -284.8
 -76.43 76.43
 63.39 -63.39
 -42.89 42.89
 -122.4 122.4
 -58.48 58.48
 -10.17 10.17
 72.41 -72.41
 -119.6 119.6
 -25.32 25.32
 -7.702 7.702
 -73.13 73.13
 -5.404 5.404
 -47.79 47.79
 -31.11 31.11
 13.62 -13.62
 -3.593 3.593
 -58.26 58.26
 85.41 -85.41
 -189.6 189.6
 8.332 -8.332
 64.68 -64.68
 105.6 -105.6
 206.4 -206.4
 -105.6 105.6
 -42.89 42.89
 -66.06 66.06
 -39.14 39.14
 -79.44 79.44
 -19.83 19.83
 49.5 -49.5
 -31.52 31.52
 16.11 -16.11
 -111 111
 53.58 -53.58
 -23.94 23.94
 -80.82 80.82
 84.34 -84.34
 -37.33 37.33
 -85.39 85.39
 -96.15 96.15
 -16.66 16.66
 -21.52 21.52
 67.94 -67.94
 63.61 -63.61
 -217.3 217.3
 90.59 -90.59
 -52.48 52.48
 39.82 -39.82
 -10.05 10.05
 -64.75 64.75
 -60.02 60.02
 -49.83 49.83
 -30.06 30.06
 11.11 -11.11
 -152.6 152.6
 84.31 -84.31
 -226.9 226.9
 -242.1 242.1
 188.6 -188.6
 -176 176
 -59.91 59.91
 57.54 -57.54
 -51.78 51.78
 -223.2 223.2
 -18.69 18.69
 -43.77 43.77
 15.07 -15.07
 -3.589 3.589
 -24.27 24.27
 -60.32 60.32
 -61.31 61.31
 -197.4 197.4
 59.97 -59.97
 -1.022 1.022
 -134 134
 -17.85 17.85
 -184.4 184.4
 160.4 -160.4
 -37.99 37.99
 247.2 -247.2
 -335.7 335.7
 -129.4 129.4
 102.2 -102.2
 391.4 -391.4
 -77.31 77.31
 -19.7 19.7
 -115.5 115.5
 -87.99 87.99
 -163.4 163.4
 -50.09 50.09
 10.87 -10.87
 -8.144 8.144
 -33.55 33.55
 -39.59 39.59
 -105.2 105.2
 84.35 -84.35
 -193.7 193.7
 651.7 -651.7
 -80.58 80.58
 70.69 -70.69
 -90.22 90.22
 32.26 -32.26
 -23.25 23.25
 -109.5 109.5
 -149.1 149.1
 -272.9 272.9
 -51.79 51.79
 86.7 -86.7
 -186.3 186.3
 404.9 -404.9
 71.39 -71.39
 1.847 -1.847
 -3.664 3.664
 24.38 -24.38
 -121.8 121.8
 9.414 -9.414
 81.12 -81.12
 -8.351 8.351
 87.69 -87.69
 65.63 -65.63
 24.47 -24.47
 62.12 -62.12
 -176.2 176.2
 -151.8 151.8
 -57.62 57.62
 114.1 -114.1
 113.2 -113.2
 -5.43 5.43
 -20.62 20.62
 -56.34 56.34
 39.71 -39.71
 -149.1 149.1
 23.66 -23.66
 -176.4 176.4
 -27.25 27.25
 67.71 -67.71
 92.56 -92.56
 22.41 -22.41
 -31.08 31.08
 30.23 -30.23
 -130.8 130.8
 -8.928 8.928
 177.1 -177.1
 -24.21 24.21
 57.4 -57.4
 -33.45 33.45
 -20.81 20.81
 -161.4 161.4
 -20.52 20.52
 -67.15 67.15
 -21.49 21.49
 145.2 -145.2
 16.79 -16.79
 16.24 -16.24
 558.4 -558.4
 -68.79 68.79
 -37.3 37.3
 -1.202 1.202
 -146.3 146.3
 -17.28 17.28
 -37.18 37.18
 -40.86 40.86
 139.9 -139.9
 -152.5 152.5
 -159 159
 -30.75 30.75
 -165.2 165.2
 -287.6 287.6
 -72.29 72.29
 186.3 -186.3
 -23.31 23.31
 27.14 -27.14
 -130.7 130.7
 -113.5 113.5
 101.7 -101.7
 19.87 -19.87
 78.51 -78.51
 23.95 -23.95
 42.67 -42.67
 41.76 -41.76
 -182.4 182.4
 -55.86 55.86
 -172.7 172.7
 -39.82 39.82
 -8.708 8.708
 -22.7 22.7
 -40.44 40.44
 -262.5 262.5
 101.7 -101.7
 54.68 -54.68
 -99.04 99.04
 177.5 -177.5
 -89.39 89.39
 -217 217
 -32.09 32.09
 -43.5 43.5
 74.79 -74.79
 -264.7 264.7
 42.75 -42.75
 88.03 -88.03
 394.6 -394.6
 -36.96 36.96
 -110.8 110.8
 -112.4 112.4
 92.47 -92.47
 -267.8 267.8
 86.64 -86.64
 22.35 -22.35
 25.59 -25.59
 -103.2 103.2
 -114.9 114.9
 11.75 -11.75
 105.3 -105.3
 24.1 -24.1
 22.86 -22.86
 16.83 -16.83
 244.5 -244.5
 -79.93 79.93
 25.13 -25.13
 -16.41 16.41
 -86.15 86.15
 -96.94 96.94
 -77.32 77.32
 -30.37 30.37
 63.31 -63.31
 13.79 -13.79
 40.09 -40.09
 -26.43 26.43
 66.1 -66.1
 -91.84 91.84
 436.2 -436.2
 -167.3 167.3
 235.2 -235.2
 36.13 -36.13
 -72.69 72.69
 -11.52 11.52
 20.32 -20.32
 -101.1 101.1
 -71.49 71.49
 16.9 -16.9
 337.3 -337.3
 399.8 -399.8
 -75.43 75.43
 34.67 -34.67
 382.1 -382.1
 -104.7 104.7
 72.65 -72.65
 -40.32 40.32
 33.65 -33.65
 -42.97 42.97
 -170.2 170.2
 -5.798 5.798
 -25.34 25.34
 -117.2 117.2
 -141.2 141.2
 38.45 -38.45
 -62.82 62.82
 29.69 -29.69
 70.86 -70.86
 308.5 -308.5
 -83.06 83.06
 -23.48 23.48
 -97.97 97.97
 19.89 -19.89
 35.09 -35.09
 10.53 -10.53
 -9.53 9.53
 16.08 -16.08
 -165.9 165.9
 151.8 -151.8
 -135.5 135.5
 -3.325 3.325
 -27.57 27.57
 -18.62 18.62
 49.87 -49.87
 44.84 -44.84
 -43.29 43.29
 -41.85 41.85
 -5.425 5.425
 -26.14 26.14
 -176.7 176.7
 36.15 -36.15
 -69.34 69.34
 83.67 -83.67
 -17.39 17.39
 -5.82 5.82
 -15.71 15.71
 -112.2 112.2
 -41.31 41.31
 -40.18 40.18
 -44.33 44.33
 -327 327
 -210.6 210.6
 -77.5 77.5
 -99.62 99.62
 8.104 -8.104
 29.96 -29.96
 75.43 -75.43
 85.72 -85.72
 -68.91 68.91
 333.8 -333.8
 62.43 -62.43
 266.2 -266.2
 186.2 -186.2
 49.8 -49.8
 62.69 -62.69
 48.72 -48.72
 -97.39 97.39
 -31.36 31.36
 41.97 -41.97
 602.7 -602.7
 -97.47 97.47
 133.8 -133.8
 37.38 -37.38
 527.4 -527.4
 -113.4 113.4
 160.5 -160.5
 -87.69 87.69
 51 -51
 -241.9 241.9
 163.4 -163.4
 -35.5 35.5
 4.483 -4.483
 -102.6 102.6
 -74.43 74.43
 392 -392
 111.9 -111.9
 -25.39 25.39
 -75.05 75.05
 -62.43 62.43
 -83.27 83.27
 6.097 -6.097
 -170.7 170.7
 -27.87 27.87
 18.27 -18.27
 188.7 -188.7
 -44.79 44.79
 -0.8537 0.8537
 6.206 -6.206
 -89.47 89.47
 -28.48 28.48
 54.71 -54.71
 -89.1 89.1
 56.52 -56.52
 -61.34 61.34
 -142.5 142.5
 -53.64 53.64
 271 -271
 161.5 -161.5
 -132.8 132.8
 -12.88 12.88
 -18.93 18.93
 -13.21 13.21
 14.27 -14.27
 8.027 -8.027
 -42.68 42.68
 -68.4 68.4
 293.1 -293.1
 -14.6 14.6
 -45.06 45.06
 38.92 -38.92
 -219 219
 29.37 -29.37
 -97.89 97.89
 -77.75 77.75
 -64.94 64.94
 18.1 -18.1
 -99.82 99.82
 18.44 -18.44
 36.58 -36.58
 41 -41
 107 -107
 -174.5 174.5
 -56.35 56.35
 -166.1 166.1
 -0.6013 0.6013
 -79.25 79.25
 -66.88 66.88
 131.2 -131.2
 -111.7 111.7
 -87.77 87.77
 47.11 -47.11
 -226.6 226.6
 -104.8 104.8
 18.92 -18.92
 -107.7 107.7
 44.84 -44.84
 132.1 -132.1
 -40.06 40.06
 -121.3 121.3
 -62.75 62.75
 -75.36 75.36
 170.7 -170.7
 -86 86
 -42.21 42.21
 237.6 -237.6
 253.7 -253.7
 81.68 -81.68
 78.72 -78.72
 -178 178
 -85.36 85.36
 474 -474
 9.825 -9.825
 -123.5 123.5
 94.05 -94.05
 48.72 -48.72
 27.14 -27.14
 228.1 -228.1
 -72.92 72.92
 -84.73 84.73
 1.19 -1.19
 -56.18 56.18
 129.3 -129.3
 -24.12 24.12
 104.4 -104.4
 -72.91 72.91
 41.58 -41.58
 395.6 -395.6
 5.863 -5.863
 224.8 -224.8
 -42.51 42.51
 -340.7 340.7
 -320.9 320.9
 -39.75 39.75
 -103.4 103.4
 -95.3 95.3
 402.1 -402.1
 53.41 -53.41
 -13.92 13.92
 -74.24 74.24
 88.8 -88.8
 -56.4 56.4
 354.7 -354.7
 -82.77 82.77
 -60.25 60.25
 -152.6 152.6
 153 -153
 -242 242
 9.886 -9.886
 391 -391
 -26.82 26.82
 -10.95 10.95
 -71.19 71.19
 48.17 -48.17
 232.9 -232.9
 -47.41 47.41
 2.227 -2.227
 -89.23 89.23
 419.5 -419.5
 -17.01 17.01
 61.92 -61.92
 -142.9 142.9
 -48.19 48.19
 11.8 -11.8
 354.4 -354.4
 215.6 -215.6
 23.02 -23.02
 101.1 -101.1
 70.03 -70.03
 102.3 -102.3
 -8.443 8.443
 346.7 -346.7
 25.85 -25.85
 41.6 -41.6
 -192.4 192.4
 -9.675 9.675
 -64.09 64.09
 -99.94 99.94
 311.6 -311.6
 0.6261 -0.6261
 -77.31 77.31
 117.4 -117.4
 -108.1 108.1
 203.7 -203.7
 -33.76 33.76
 27.38 -27.38
 -54.59 54.59
 83.72 -83.72
 62.04 -62.04
 269.6 -269.6
 -45.19 45.19
 20.28 -20.28
 -67.97 67.97
 -158.7 158.7
 43.22 -43.22
 60.71 -60.71
 2.568 -2.568
 228.1 -228.1
 -42.9 42.9
 -25.2 25.2
 183.9 -183.9
 61.89 -61.89
 578.4 -578.4
 29.76 -29.76
 -14.25 14.25
 37.05 -37.05
 -60.28 60.28
 -100.7 100.7
 -100.8 100.8
 -42.75 42.75
 -229.3 229.3
 -40.16 40.16
 40.14 -40.14
 -14.34 14.34
 53.14 -53.14
 -43.03 43.03
 50.74 -50.74
 98.55 -98.55
 -72.19 72.19
 -125.2 125.2
 -63.27 63.27
 14.56 -14.56
 -33.05 33.05
 77.13 -77.13
 -96.83 96.83
 -53.89 53.89
 -12.04 12.04
 -137.3 137.3
 200.7 -200.7
 -88.65 88.65
 -359.5 359.5
 20.28 -20.28
 2.499 -2.499
 719.6 -719.6
 -123.7 123.7
 -40.88 40.88
 94.74 -94.74
 80.84 -80.84
 -68.38 68.38
 -157.7 157.7
 -49.18 49.18
 -196.3 196.3
 -2.942 2.942
 21.01 -21.01
 -129.6 129.6
 76.44 -76.44
 -95.47 95.47
 119.5 -119.5
 16.98 -16.98
 274.3 -274.3
 102.5 -102.5
 142.6 -142.6
 -28.03 28.03
 56.5 -56.5
 122.2 -122.2
 -10.53 10.53
 -150.9 150.9
 100.1 -100.1
 90.85 -90.85
 -164.5 164.5
 101.2 -101.2
 -61.03 61.03
 -2.455 2.455
 -67.46 67.46
 59.22 -59.22
 124.6 -124.6
 25.77 -25.77
 -33.3 33.3
 -36.55 36.55
 41.59 -41.59
 -24.24 24.24
 -47.5 47.5
 -32.59 32.59
 -82.57 82.57
 -2.566 2.566
 -45.12 45.12
 -121.3 121.3
 -226.1 226.1
 -33.8 33.8
 -130.3 130.3
 -18.93 18.93
 -17.59 17.59
 -99.3 99.3
 15.33 -15.33
 -31.77 31.77
 153.5 -153.5
 19.16 -19.16
 -73.66 73.66
 -94.83 94.83
 37.69 -37.69
 213.6 -213.6
 -26.06 26.06
 8.121 -8.121
 13.31 -13.31
 81.59 -81.59
 8.707 -8.707
 304.1 -304.1
 41.32 -41.32
 -35.92 35.92
 -62.2 62.2
 15.58 -15.58
 -17.24 17.24
 -119.4 119.4
 -89.34 89.34
 43.38 -43.38
 -55.32 55.32
 12.89 -12.89
 -80.69 80.69
 -165.9 165.9
 11.14 -11.14
 93.72 -93.72
 -246 246
 -92.35 92.35
 -39.55 39.55
 45.62 -45.62
 -79.97 79.97
 -43.11 43.11
 16.08 -16.08
 -166.9 166.9
 -10.82 10.82
 -37.94 37.94
 446.1 -446.1
 8.205 -8.205
 -168.8 168.8
 62.21 -62.21
 -21.35 21.35
 26.56 -26.56
 -44.83 44.83
 96.46 -96.46
 -26.19 26.19
 -281.6 281.6
 -19.15 19.15
 28.63 -28.63
 23.87 -23.87
 -195.6 195.6
 -81.05 81.05
 -160.1 160.1
 16.24 -16.24
 -37.9 37.9
 -5.275 5.275
 -80.24 80.24
 -62.03 62.03
 -69.86 69.86
 224.5 -224.5
 11.08 -11.08
 1.012 -1.012
 -122.3 122.3
 -18.15 18.15
 -57.69 57.69
 170.4 -170.4
 -270.6 270.6
 5.626 -5.626
 115.7 -115.7
 105 -105
 232.8 -232.8
 -121 121
 -214.9 214.9
 -50.29 50.29
 69.57 -69.57
 92.03 -92.03
 136.6 -136.6
 -201.7 201.7
 -101.6 101.6
 -47.46 47.46
 27.75 -27.75
 138 -138
 -179.9 179.9
 37.56 -37.56
 -51.79 51.79
 -6.025 6.025
 -17.54 17.54
 29.08 -29.08
 -65.86 65.86
 284.7 -284.7
 8.695 -8.695
 -299.6 299.6
 18.44 -18.44
 6.708 -6.708
 95.86 -95.86
 88.27 -88.27
 133 -133
 -59.91 59.91
 -166.4 166.4
 -77.74 77.74
 28.37 -28.37
 12.57 -12.57
 86.86 -86.86
 30.33 -30.33
 11.85 -11.85
 100.8 -100.8
 24.84 -24.84
 174.8 -174.8
 -128 128
 -35.18 35.18
 1.565 -1.565
 4.531 -4.531
 11.95 -11.95
 69.5 -69.5
 -162.5 162.5
 86.02 -86.02
 64.56 -64.56
 -53.66 53.66
 178.6 -178.6
 9.25 -9.25
 2.624 -2.624
 -111.6 111.6
 -34.52 34.52
 -7.886 7.886
 -64.12 64.12
 103 -103
 -12.47 12.47
 -6.618 6.618
 55.47 -55.47
 78.83 -78.83
 -41.77 41.77
 539.6 -539.6
 59.18 -59.18
 406.8 -406.8
 -54.3 54.3
 -34.53 34.53
 195.4 -195.4
 0.7217 -0.7217
 71.77 -71.77
 92.9 -92.9
 -48.1 48.1
 -37.73 37.73
 312.7 -312.7
 -81.6 81.6
 -101.8 101.8
 110.6 -110.6
 -264.9 264.9
 461.8 -461.8
 324.2 -324.2
 -5.67 5.67
 -23.82 23.82
 -39.43 39.43
 -83.49 83.49
 -58.24 58.24
 -27.72 27.72
 -129.4 129.4
 -74.31 74.31
 149.2 -149.2
 -24.3 24.3
 624.6 -624.6
 -94.24 94.24
 30.07 -30.07
 25.95 -25.95
 229.3 -229.3
 -105.5 105.5
 -255 255
 23.12 -23.12
 -136.8 136.8
 3.297 -3.297
 5.059 -5.059
 29.59 -29.59
 247.3 -247.3
 -45.51 45.51
 -66.41 66.41
 -100.3 100.3
 -35.79 35.79
 -42.28 42.28
 -14.66 14.66
 -36.45 36.45
 -19.65 19.65
 -147.3 147.3
 -0.732 0.732
 62 -62
 -93.33 93.33
 249.6 -249.6
 18.74 -18.74
 -93.97 93.97
 53.62 -53.62
 70.12 -70.12
 -191.8 191.8
 74.07 -74.07
 -91.57 91.57
 78.64 -78.64
 -108 108
 -241.2 241.2
 318.3 -318.3
 4.377 -4.377
 9.133 -9.133
 -239.4 239.4
 261.5 -261.5
 -50.77 50.77
 -0.4046 0.4046
 -75.4 75.4
 28.22 -28.22
 -53 53
 -85.65 85.65
 -169.7 169.7
 12.13 -12.13
 -74.58 74.58
 -44.42 44.42
 20.84 -20.84
 -94.9 94.9
 74.08 -74.08
 7.914 -7.914
 -2.77 2.77
 -18.47 18.47
 -57.7 57.7
 38.58 -38.58
 -7.12 7.12
 -21.32 21.32
 12.55 -12.55
 -47.22 47.22
 48.78 -48.78
 -106.3 106.3
 -80.76 80.76
 79.91 -79.91
 -60.44 60.44
 28.26 -28.26
 -15.4 15.4
 -89.07 89.07
 140.5 -140.5
 200.2 -200.2
 -45.15 45.15
 43.27 -43.27
 -38.1 38.1
 -152.5 152.5
 120.4 -120.4
 108.6 -108.6
 -97.92 97.92
 20.12 -20.12
 -15.75 15.75
 -85.33 85.33
 46.33 -46.33
 381.2 -381.2
 -88.06 88.06
 -119.5 119.5
 4.06 -4.06
 -50.73 50.73
 -10.93 10.93
 259 -259
 46.89 -46.89
 51.32 -51.32
 -173.7 173.7
 -99.34 99.34
 -137 137
 426.5 -426.5
 -17.94 17.94
 64.97 -64.97
 -96.84 96.84
 74.56 -74.56
 543.2 -543.2
 -197.2 197.2
 -21.69 21.69
 162.7 -162.7
 -266.9 266.9
 -85.34 85.34
 -51.49 51.49
 -47.75 47.75
 -79.68 79.68
 19.54 -19.54
 -227.3 227.3
 -9.327 9.327
 -43.44 43.44
 173.2 -173.2
 61.21 -61.21
 34 -34
 -25.3 25.3
 -6.012 6.012
 60.34 -60.34
 -22.43 22.43
 -114.6 114.6
 105.8 -105.8
 -46.3 46.3
 12.53 -12.53
 36.33 -36.33
 -72.55 72.55
 -102.6 102.6


