# Created by Octave 5.2.0, Fri Sep 25 00:16:05 2020 CEST <jiwidi@land>
# name: w
# type: matrix
# rows: 2001
# columns: 2
 -20 20
 128.8 -128.8
 -206.1 206.1
 39.79 -39.79
 -66.85 66.85
 148 -148
 320.2 -320.2
 28.42 -28.42
 54.7 -54.7
 -104.4 104.4
 242.2 -242.2
 -87.06 87.06
 12.69 -12.69
 109.5 -109.5
 -54.18 54.18
 -379 379
 172.9 -172.9
 -127.1 127.1
 -43.32 43.32
 177 -177
 -216.5 216.5
 -359.4 359.4
 -87.27 87.27
 -278.7 278.7
 179.5 -179.5
 -268.3 268.3
 19.58 -19.58
 401.8 -401.8
 -83.87 83.87
 -17.17 17.17
 -21.2 21.2
 -10.32 10.32
 190.5 -190.5
 -52.22 52.22
 166 -166
 -273.1 273.1
 -332.1 332.1
 -86.41 86.41
 -193.7 193.7
 -100.2 100.2
 -217.6 217.6
 217.1 -217.1
 -115.7 115.7
 -163.3 163.3
 24.89 -24.89
 331.9 -331.9
 -75.52 75.52
 496 -496
 -280.4 280.4
 75.56 -75.56
 50.32 -50.32
 100.8 -100.8
 -2.431 2.431
 -264.8 264.8
 545.5 -545.5
 264.8 -264.8
 60.47 -60.47
 57.44 -57.44
 18.04 -18.04
 -24.83 24.83
 95.02 -95.02
 -136.9 136.9
 135.9 -135.9
 200 -200
 -138 138
 -55.51 55.51
 250.3 -250.3
 -135 135
 148.2 -148.2
 147.2 -147.2
 -382.5 382.5
 -315.2 315.2
 -128.7 128.7
 191.2 -191.2
 518.5 -518.5
 -208.8 208.8
 -724.1 724.1
 -226.1 226.1
 183.4 -183.4
 -50.14 50.14
 192 -192
 -42.67 42.67
 -109 109
 -81.26 81.26
 353.4 -353.4
 93.99 -93.99
 -279.5 279.5
 -86.35 86.35
 -2.158 2.158
 -106.4 106.4
 65.22 -65.22
 160 -160
 260.8 -260.8
 -137.3 137.3
 84.3 -84.3
 -173.9 173.9
 -34.18 34.18
 456.4 -456.4
 -221.7 221.7
 -54.37 54.37
 189.1 -189.1
 336 -336
 -132.2 132.2
 -529.4 529.4
 163.1 -163.1
 64.76 -64.76
 78.85 -78.85
 101.1 -101.1
 80.32 -80.32
 -7.902 7.902
 446.3 -446.3
 -53.33 53.33
 -184.4 184.4
 -12.43 12.43
 -367.9 367.9
 -146.9 146.9
 59.43 -59.43
 -21.55 21.55
 -201.1 201.1
 -346.7 346.7
 103.9 -103.9
 382.6 -382.6
 -344.9 344.9
 64.2 -64.2
 -48.83 48.83
 -456.9 456.9
 -125.6 125.6
 22.22 -22.22
 -47.3 47.3
 -196.8 196.8
 107 -107
 54.92 -54.92
 104.5 -104.5
 206.3 -206.3
 121.2 -121.2
 -289.3 289.3
 163.3 -163.3
 -533.2 533.2
 -156 156
 33.82 -33.82
 -252.5 252.5
 -226.6 226.6
 39.19 -39.19
 -95.25 95.25
 16.2 -16.2
 -153.5 153.5
 196.6 -196.6
 -122.1 122.1
 -198.1 198.1
 115.4 -115.4
 -38.13 38.13
 -459.1 459.1
 240.8 -240.8
 867.1 -867.1
 62.1 -62.1
 -154 154
 -349.6 349.6
 46.74 -46.74
 -261.2 261.2
 -206.2 206.2
 -63.06 63.06
 311.7 -311.7
 -71.2 71.2
 -563.8 563.8
 388.5 -388.5
 1013 -1013
 331.3 -331.3
 82.53 -82.53
 172.7 -172.7
 -56.14 56.14
 50.11 -50.11
 346.4 -346.4
 178.3 -178.3
 -104.6 104.6
 161.6 -161.6
 90.82 -90.82
 -278.7 278.7
 386.6 -386.6
 -134.4 134.4
 -17.44 17.44
 -74.65 74.65
 192.6 -192.6
 -612.5 612.5
 226.2 -226.2
 88.86 -88.86
 -83.68 83.68
 301.7 -301.7
 -70.14 70.14
 -57.61 57.61
 -343.9 343.9
 320.3 -320.3
 204.1 -204.1
 76.75 -76.75
 18.97 -18.97
 -163.2 163.2
 -423.6 423.6
 -63.03 63.03
 -93.38 93.38
 132.8 -132.8
 367 -367
 144.1 -144.1
 -325.9 325.9
 -108.9 108.9
 308.1 -308.1
 150.1 -150.1
 21.38 -21.38
 -445.2 445.2
 -343.8 343.8
 -82.68 82.68
 399.1 -399.1
 -998.9 998.9
 245.6 -245.6
 -344.1 344.1
 16.77 -16.77
 -261.3 261.3
 404.9 -404.9
 -202.4 202.4
 -316.2 316.2
 143 -143
 -27.05 27.05
 -272.1 272.1
 102.4 -102.4
 -122.4 122.4
 203.2 -203.2
 -90.78 90.78
 218.1 -218.1
 -71.18 71.18
 -325.9 325.9
 335.9 -335.9
 -213 213
 280.8 -280.8
 -26.35 26.35
 38.54 -38.54
 -486.9 486.9
 270.2 -270.2
 -237.4 237.4
 -315.9 315.9
 -232.3 232.3
 262.9 -262.9
 261.8 -261.8
 -283.9 283.9
 -69.35 69.35
 -240 240
 103.4 -103.4
 -126.5 126.5
 -53.74 53.74
 123.3 -123.3
 -266.9 266.9
 -241.7 241.7
 -256.1 256.1
 137.8 -137.8
 53.25 -53.25
 75.12 -75.12
 279.3 -279.3
 -56.34 56.34
 127.3 -127.3
 170.5 -170.5
 433.3 -433.3
 225.6 -225.6
 15.42 -15.42
 600.3 -600.3
 -267.4 267.4
 -48.86 48.86
 -173.9 173.9
 241 -241
 -40.19 40.19
 36.42 -36.42
 -199.1 199.1
 140.5 -140.5
 244.5 -244.5
 43.76 -43.76
 187.6 -187.6
 115 -115
 115 -115
 -58.93 58.93
 121.1 -121.1
 115.7 -115.7
 140.7 -140.7
 -192.6 192.6
 -563.9 563.9
 -118.7 118.7
 202.9 -202.9
 -86.36 86.36
 297.4 -297.4
 499.6 -499.6
 42.83 -42.83
 -160.4 160.4
 10.23 -10.23
 -20 20
 -247.7 247.7
 -11.24 11.24
 -579.9 579.9
 439.2 -439.2
 83.09 -83.09
 7.95 -7.95
 244.3 -244.3
 -692.8 692.8
 -72.95 72.95
 -51.54 51.54
 76.97 -76.97
 -154.1 154.1
 -63.86 63.86
 27.52 -27.52
 -354 354
 321.8 -321.8
 94.79 -94.79
 72.84 -72.84
 22.16 -22.16
 -126.8 126.8
 361 -361
 250.6 -250.6
 813.9 -813.9
 -311 311
 44.32 -44.32
 -92.96 92.96
 -243.6 243.6
 373.1 -373.1
 440.1 -440.1
 -239.1 239.1
 169.1 -169.1
 149.2 -149.2
 1147 -1147
 348.7 -348.7
 157.6 -157.6
 -6.497 6.497
 26.79 -26.79
 335.4 -335.4
 -54.14 54.14
 -257.8 257.8
 42.12 -42.12
 -216.7 216.7
 199.7 -199.7
 -230.3 230.3
 -262 262
 -108.3 108.3
 -88.07 88.07
 -38.4 38.4
 -41.39 41.39
 -19.47 19.47
 239 -239
 -65.36 65.36
 -589.7 589.7
 -215.6 215.6
 177.9 -177.9
 -149.7 149.7
 -43.52 43.52
 191.5 -191.5
 254.1 -254.1
 451.5 -451.5
 638.8 -638.8
 -128.1 128.1
 -290.1 290.1
 -350.2 350.2
 -198.2 198.2
 191 -191
 226.8 -226.8
 -650.5 650.5
 345.7 -345.7
 -7.93 7.93
 599.5 -599.5
 -265.8 265.8
 -269.3 269.3
 -298.6 298.6
 298.4 -298.4
 -109 109
 -74.69 74.69
 474.6 -474.6
 -232.8 232.8
 223.7 -223.7
 -789.7 789.7
 159.2 -159.2
 190.7 -190.7
 82.09 -82.09
 -425.4 425.4
 -260.3 260.3
 -13.8 13.8
 303.9 -303.9
 358.3 -358.3
 -203 203
 -282.5 282.5
 -13.74 13.74
 -404.1 404.1
 -56.6 56.6
 -319.1 319.1
 506.4 -506.4
 422 -422
 -23.81 23.81
 244.3 -244.3
 31.67 -31.67
 -101.9 101.9
 -43.77 43.77
 -116.2 116.2
 59.25 -59.25
 -448.4 448.4
 137 -137
 -147.4 147.4
 -28.33 28.33
 -123 123
 -77.57 77.57
 710.9 -710.9
 -209.4 209.4
 -260.2 260.2
 -133.5 133.5
 -74.17 74.17
 -61.83 61.83
 -283.2 283.2
 -143.1 143.1
 200.8 -200.8
 -279.6 279.6
 425.6 -425.6
 -124.8 124.8
 169.9 -169.9
 -84.39 84.39
 -71.31 71.31
 -561.7 561.7
 28.26 -28.26
 748 -748
 -193.4 193.4
 413.3 -413.3
 173.5 -173.5
 336.6 -336.6
 -264 264
 928.2 -928.2
 -164.5 164.5
 -238.5 238.5
 -112.8 112.8
 -111.1 111.1
 -93.94 93.94
 -229 229
 -145.2 145.2
 305.2 -305.2
 -190.4 190.4
 448.2 -448.2
 -98.59 98.59
 -360.4 360.4
 -44.33 44.33
 11.88 -11.88
 236.4 -236.4
 -267.8 267.8
 -72.35 72.35
 25.08 -25.08
 57.58 -57.58
 -411.3 411.3
 374.2 -374.2
 -0.01529 0.01529
 -3.892 3.892
 -90.92 90.92
 -231.1 231.1
 190.1 -190.1
 238.5 -238.5
 -249.2 249.2
 29 -29
 525.3 -525.3
 351.1 -351.1
 187.4 -187.4
 323 -323
 -191.7 191.7
 259.2 -259.2
 -104.2 104.2
 252.2 -252.2
 -232.9 232.9
 -2.313 2.313
 450.3 -450.3
 74.2 -74.2
 375.3 -375.3
 273.5 -273.5
 195.4 -195.4
 -37.57 37.57
 24.77 -24.77
 67.49 -67.49
 -161.1 161.1
 -22.73 22.73
 -78.65 78.65
 -112.9 112.9
 -5.857 5.857
 219.4 -219.4
 196.7 -196.7
 70.08 -70.08
 16.03 -16.03
 226.7 -226.7
 -29.25 29.25
 16.66 -16.66
 6.176 -6.176
 1.419 -1.419
 86.85 -86.85
 -3.651 3.651
 -157.2 157.2
 -902.9 902.9
 -123.7 123.7
 70.67 -70.67
 66.7 -66.7
 109.1 -109.1
 -162.8 162.8
 -56.93 56.93
 71.31 -71.31
 -233.3 233.3
 -174.6 174.6
 -213 213
 218.6 -218.6
 -587.3 587.3
 167.8 -167.8
 113.3 -113.3
 -330.7 330.7
 -98.14 98.14
 -119.2 119.2
 -366.7 366.7
 -133.8 133.8
 262.9 -262.9
 148.7 -148.7
 8.394 -8.394
 -28.25 28.25
 -42.43 42.43
 -345.7 345.7
 -185.3 185.3
 274.4 -274.4
 -411.1 411.1
 -196.3 196.3
 66.51 -66.51
 -60.84 60.84
 -260.5 260.5
 -36.26 36.26
 260 -260
 -474.5 474.5
 36.62 -36.62
 -559.8 559.8
 240.3 -240.3
 93.46 -93.46
 -201.1 201.1
 10.23 -10.23
 -99.68 99.68
 260.3 -260.3
 -63.81 63.81
 -316.8 316.8
 145.3 -145.3
 -162.6 162.6
 -618.6 618.6
 553 -553
 53.98 -53.98
 292.9 -292.9
 -3.596 3.596
 -93.42 93.42
 -328.5 328.5
 -62.69 62.69
 123.8 -123.8
 470.3 -470.3
 -298.4 298.4
 217 -217
 -248.4 248.4
 -231.4 231.4
 22.22 -22.22
 436.7 -436.7
 -207.9 207.9
 720.5 -720.5
 -152.1 152.1
 211.6 -211.6
 206.7 -206.7
 67.94 -67.94
 -271.9 271.9
 143.6 -143.6
 1.192 -1.192
 293.2 -293.2
 -206.9 206.9
 23.72 -23.72
 15.15 -15.15
 -354.2 354.2
 -402.6 402.6
 70.35 -70.35
 120.9 -120.9
 151.6 -151.6
 -53.31 53.31
 -176.7 176.7
 -53.99 53.99
 -190.5 190.5
 934.9 -934.9
 -209.7 209.7
 -9.264 9.264
 -11.84 11.84
 238.6 -238.6
 342.4 -342.4
 -81.45 81.45
 202.9 -202.9
 -130.7 130.7
 -189.3 189.3
 -59.06 59.06
 288.9 -288.9
 501.1 -501.1
 116.8 -116.8
 10.87 -10.87
 -157.3 157.3
 32.78 -32.78
 -51.18 51.18
 108.7 -108.7
 -544.7 544.7
 557.3 -557.3
 -41.95 41.95
 -41.96 41.96
 -173.8 173.8
 207.6 -207.6
 -101.4 101.4
 208 -208
 -194.6 194.6
 -83.17 83.17
 56.57 -56.57
 283.8 -283.8
 315.7 -315.7
 47.22 -47.22
 874.6 -874.6
 455.4 -455.4
 -355.3 355.3
 93.6 -93.6
 -155.6 155.6
 -336 336
 169.3 -169.3
 -101.7 101.7
 -356.5 356.5
 -69.61 69.61
 -178.8 178.8
 -272.9 272.9
 221 -221
 -150.3 150.3
 -81.9 81.9
 163.8 -163.8
 -92.68 92.68
 46.4 -46.4
 -76.38 76.38
 129.8 -129.8
 -333.7 333.7
 -154.7 154.7
 -64.87 64.87
 134.7 -134.7
 -131.1 131.1
 -341.3 341.3
 -43.07 43.07
 -137 137
 26.36 -26.36
 -517.6 517.6
 -126.4 126.4
 -78.22 78.22
 9.046 -9.046
 -120.7 120.7
 -178 178
 269.3 -269.3
 -102.2 102.2
 169.7 -169.7
 -451.5 451.5
 -114.6 114.6
 -6.899 6.899
 -172.3 172.3
 -197.6 197.6
 -11.35 11.35
 376.6 -376.6
 84.36 -84.36
 284.9 -284.9
 697.3 -697.3
 -46.1 46.1
 258.3 -258.3
 -213.7 213.7
 124.2 -124.2
 -28.26 28.26
 -40.49 40.49
 121.7 -121.7
 -603.6 603.6
 -204 204
 -402.2 402.2
 -4.11 4.11
 292.5 -292.5
 -535 535
 15.49 -15.49
 33.3 -33.3
 -542.1 542.1
 -205.1 205.1
 -62.04 62.04
 51.39 -51.39
 11.06 -11.06
 -520.1 520.1
 -307.8 307.8
 345.6 -345.6
 -79.03 79.03
 42.46 -42.46
 -292.4 292.4
 10.07 -10.07
 -151.7 151.7
 -331.9 331.9
 -223.8 223.8
 19.43 -19.43
 -271.9 271.9
 59.18 -59.18
 1.409 -1.409
 44.75 -44.75
 -316.6 316.6
 -247.8 247.8
 98.83 -98.83
 -103.3 103.3
 -105.9 105.9
 -20.92 20.92
 -549.8 549.8
 169.1 -169.1
 6.662 -6.662
 143.9 -143.9
 58.82 -58.82
 -113.5 113.5
 -50.07 50.07
 690.6 -690.6
 -58.65 58.65
 -56.13 56.13
 364.5 -364.5
 -273.8 273.8
 -40.33 40.33
 -16.89 16.89
 71.99 -71.99
 -265.3 265.3
 557.3 -557.3
 -71.05 71.05
 430.9 -430.9
 374.9 -374.9
 -238.4 238.4
 1508 -1508
 -555.4 555.4
 89.17 -89.17
 22.98 -22.98
 66.03 -66.03
 -587.5 587.5
 -228.9 228.9
 -73.92 73.92
 -81.07 81.07
 -249.6 249.6
 -60.81 60.81
 698.3 -698.3
 -344.9 344.9
 550.4 -550.4
 -66.33 66.33
 153.2 -153.2
 -88.89 88.89
 98 -98
 -391.6 391.6
 -17.01 17.01
 -256.6 256.6
 -133.9 133.9
 -346.8 346.8
 16.72 -16.72
 -53.56 53.56
 -306.2 306.2
 561.6 -561.6
 83.05 -83.05
 62.99 -62.99
 21.17 -21.17
 132.1 -132.1
 -176 176
 477.4 -477.4
 -144.9 144.9
 88.86 -88.86
 445.1 -445.1
 -414.6 414.6
 -37.07 37.07
 -21.61 21.61
 -291.3 291.3
 -159 159
 -42.62 42.62
 77.17 -77.17
 764.4 -764.4
 -272.7 272.7
 -326.8 326.8
 -273.3 273.3
 -87.86 87.86
 -62 62
 395.5 -395.5
 -147.7 147.7
 26.47 -26.47
 28.58 -28.58
 -687.7 687.7
 170.5 -170.5
 -297 297
 203.1 -203.1
 -230.9 230.9
 212.8 -212.8
 304.8 -304.8
 -278.8 278.8
 -153.3 153.3
 -190.6 190.6
 426 -426
 -19.03 19.03
 191 -191
 535.7 -535.7
 -21.13 21.13
 258.8 -258.8
 -110.5 110.5
 206.7 -206.7
 32 -32
 -36.06 36.06
 -441.5 441.5
 548.6 -548.6
 -138.1 138.1
 281.7 -281.7
 -113.8 113.8
 -215 215
 80.5 -80.5
 -336.7 336.7
 -142.7 142.7
 3.01 -3.01
 125.1 -125.1
 682.4 -682.4
 50.1 -50.1
 197.7 -197.7
 723.3 -723.3
 12.11 -12.11
 200.7 -200.7
 -105.9 105.9
 -107 107
 -100.7 100.7
 -43.89 43.89
 16.08 -16.08
 484.4 -484.4
 33.23 -33.23
 60.6 -60.6
 96.94 -96.94
 -127.9 127.9
 -310.9 310.9
 277.3 -277.3
 -219.4 219.4
 253.2 -253.2
 68.21 -68.21
 -272.1 272.1
 473.2 -473.2
 -89 89
 399.4 -399.4
 125.5 -125.5
 133.5 -133.5
 -13.14 13.14
 270.4 -270.4
 -184.4 184.4
 505.6 -505.6
 5.801 -5.801
 32.64 -32.64
 -241.8 241.8
 -52.67 52.67
 -285.5 285.5
 47.6 -47.6
 372.6 -372.6
 142.7 -142.7
 -189.4 189.4
 54.84 -54.84
 -131.9 131.9
 -144.9 144.9
 392.8 -392.8
 204.1 -204.1
 -541.2 541.2
 -270.4 270.4
 -112.2 112.2
 -278.9 278.9
 509.8 -509.8
 -138.6 138.6
 168.1 -168.1
 -330.9 330.9
 -71.27 71.27
 -277.1 277.1
 360.6 -360.6
 165 -165
 -229.7 229.7
 61.08 -61.08
 -44.09 44.09
 -57.66 57.66
 -98.69 98.69
 -35.33 35.33
 -124.8 124.8
 79.46 -79.46
 21.91 -21.91
 -156.6 156.6
 -22.49 22.49
 -95.55 95.55
 -92.98 92.98
 474.2 -474.2
 -4.59 4.59
 48.25 -48.25
 530.5 -530.5
 -216.2 216.2
 43.74 -43.74
 -186 186
 189.2 -189.2
 547.9 -547.9
 -66.57 66.57
 437.4 -437.4
 448.1 -448.1
 -135.5 135.5
 464.5 -464.5
 -57.76 57.76
 390.3 -390.3
 315.8 -315.8
 -4.753 4.753
 -109.1 109.1
 -90.27 90.27
 -58.65 58.65
 -294.3 294.3
 28.49 -28.49
 143.5 -143.5
 160.1 -160.1
 -227.8 227.8
 637.7 -637.7
 -233 233
 0.8808 -0.8808
 59.64 -59.64
 -98.51 98.51
 79.46 -79.46
 118.8 -118.8
 472.5 -472.5
 -298.2 298.2
 123.4 -123.4
 114.4 -114.4
 15 -15
 -147.1 147.1
 152.8 -152.8
 719.6 -719.6
 -15.72 15.72
 368.9 -368.9
 -8.85 8.85
 -162.8 162.8
 -1.426 1.426
 42.8 -42.8
 282.2 -282.2
 221.6 -221.6
 -184.6 184.6
 -245.9 245.9
 -68.91 68.91
 -62.36 62.36
 -158.2 158.2
 -456.6 456.6
 -77.91 77.91
 236.6 -236.6
 -36.21 36.21
 -82.16 82.16
 -444.2 444.2
 -23.5 23.5
 -444.3 444.3
 167.6 -167.6
 -30.11 30.11
 -102.1 102.1
 108.2 -108.2
 267.2 -267.2
 381.1 -381.1
 88.73 -88.73
 68.33 -68.33
 182.3 -182.3
 -118.1 118.1
 -142.5 142.5
 16.68 -16.68
 -9.401 9.401
 -103.9 103.9
 39 -39
 -116.3 116.3
 -104.7 104.7
 -148.8 148.8
 478.1 -478.1
 -305.9 305.9
 13.98 -13.98
 -352.3 352.3
 -42.17 42.17
 -427.8 427.8
 77.38 -77.38
 -41.46 41.46
 67.28 -67.28
 -41.42 41.42
 -85.29 85.29
 -340.2 340.2
 198.9 -198.9
 -71.11 71.11
 162.4 -162.4
 133.7 -133.7
 -299.6 299.6
 -482.5 482.5
 -242.8 242.8
 -263.9 263.9
 -2.499 2.499
 870.7 -870.7
 -49.24 49.24
 213.4 -213.4
 -44.07 44.07
 53.4 -53.4
 -27.52 27.52
 206 -206
 -83.41 83.41
 230 -230
 129.2 -129.2
 -4.786 4.786
 -284 284
 -56.65 56.65
 -169.9 169.9
 163.3 -163.3
 236.1 -236.1
 -96.81 96.81
 149.7 -149.7
 298.5 -298.5
 -236.6 236.6
 326.9 -326.9
 -30.3 30.3
 59.6 -59.6
 28.65 -28.65
 -190.7 190.7
 -212.5 212.5
 -392.9 392.9
 369.6 -369.6
 45.09 -45.09
 26.36 -26.36
 115.7 -115.7
 -192.8 192.8
 42.46 -42.46
 550.7 -550.7
 -229.6 229.6
 90.68 -90.68
 -131.3 131.3
 -202.9 202.9
 -36.03 36.03
 20.13 -20.13
 13.43 -13.43
 -9.477 9.477
 121.3 -121.3
 71.37 -71.37
 233.2 -233.2
 -162 162
 446.8 -446.8
 -14.22 14.22
 35.09 -35.09
 26.47 -26.47
 -239.7 239.7
 239.3 -239.3
 -195.8 195.8
 -280.8 280.8
 -160.6 160.6
 -108.9 108.9
 -7.473 7.473
 234.2 -234.2
 -259.2 259.2
 -231.8 231.8
 12.89 -12.89
 -109.6 109.6
 -86.46 86.46
 -106.3 106.3
 -104 104
 -211.6 211.6
 -18.01 18.01
 -136.7 136.7
 16.77 -16.77
 22.64 -22.64
 -169.9 169.9
 -167.3 167.3
 -179.8 179.8
 -96.16 96.16
 -102.8 102.8
 381.1 -381.1
 -117.9 117.9
 116 -116
 249.2 -249.2
 -863.9 863.9
 -35.79 35.79
 36.77 -36.77
 -284.8 284.8
 -44.76 44.76
 -168.6 168.6
 -30.35 30.35
 65.07 -65.07
 -145.4 145.4
 -340.7 340.7
 -233.6 233.6
 125 -125
 304.8 -304.8
 -241.5 241.5
 72.08 -72.08
 -470.9 470.9
 -144.7 144.7
 -78.42 78.42
 -264.5 264.5
 72.27 -72.27
 83.81 -83.81
 21.04 -21.04
 -132.5 132.5
 694.1 -694.1
 8.744 -8.744
 366.6 -366.6
 -318.5 318.5
 313.2 -313.2
 49.26 -49.26
 -338.4 338.4
 161.4 -161.4
 274.9 -274.9
 11.19 -11.19
 -290.8 290.8
 163.4 -163.4
 213.1 -213.1
 -35.95 35.95
 -85.59 85.59
 -220.6 220.6
 -144.3 144.3
 -20.61 20.61
 -38.43 38.43
 0.7701 -0.7701
 -35.23 35.23
 354.3 -354.3
 207.6 -207.6
 -160.5 160.5
 -131.5 131.5
 -202 202
 -145.7 145.7
 -178.2 178.2
 183.9 -183.9
 49.59 -49.59
 -370.8 370.8
 -178.5 178.5
 42.33 -42.33
 341.9 -341.9
 -245.3 245.3
 33.73 -33.73
 -286.9 286.9
 323.6 -323.6
 229.2 -229.2
 -113.2 113.2
 -301.9 301.9
 612.3 -612.3
 -142.4 142.4
 -1.165 1.165
 179 -179
 32.19 -32.19
 95.98 -95.98
 217.6 -217.6
 -134.8 134.8
 67.3 -67.3
 -297.9 297.9
 -166.7 166.7
 -57.79 57.79
 -162.9 162.9
 6.083 -6.083
 -138.5 138.5
 -87.98 87.98
 -40.32 40.32
 -293.5 293.5
 75.75 -75.75
 -89.89 89.89
 109.3 -109.3
 -331.1 331.1
 37.19 -37.19
 -190.1 190.1
 -318.5 318.5
 371.3 -371.3
 -179 179
 60.85 -60.85
 -22.02 22.02
 -153.4 153.4
 118.2 -118.2
 45.39 -45.39
 18.19 -18.19
 -62.12 62.12
 -198 198
 7.718 -7.718
 -214.1 214.1
 -39.56 39.56
 -393.6 393.6
 -4.52 4.52
 126.8 -126.8
 -36.25 36.25
 -0.05728 0.05728
 316 -316
 -205.8 205.8
 -55.57 55.57
 303 -303
 -15.05 15.05
 402.6 -402.6
 -188 188
 86.68 -86.68
 -120.9 120.9
 38.66 -38.66
 -109 109
 -47.67 47.67
 -63.96 63.96
 -8.801 8.801
 -207.9 207.9
 -20.34 20.34
 -40.88 40.88
 -102.2 102.2
 -397.6 397.6
 614.7 -614.7
 -123.9 123.9
 -75.7 75.7
 -127.9 127.9
 106.8 -106.8
 -107 107
 -119 119
 9.579 -9.579
 157.3 -157.3
 55.14 -55.14
 -88.35 88.35
 85.86 -85.86
 421 -421
 -162.4 162.4
 -20.72 20.72
 156.3 -156.3
 54.6 -54.6
 -86.27 86.27
 -173.2 173.2
 329.1 -329.1
 -705.7 705.7
 -373.5 373.5
 127.5 -127.5
 -925.1 925.1
 11.14 -11.14
 -32.16 32.16
 -123.9 123.9
 -20.46 20.46
 15.45 -15.45
 39.43 -39.43
 -84.38 84.38
 57.51 -57.51
 -62.14 62.14
 -55.83 55.83
 -240.4 240.4
 -333.7 333.7
 270.4 -270.4
 -40.23 40.23
 95.2 -95.2
 -141.4 141.4
 -399.6 399.6
 240.3 -240.3
 -83.88 83.88
 944.2 -944.2
 -690.5 690.5
 -84.04 84.04
 187.3 -187.3
 265.4 -265.4
 -262.5 262.5
 -37.25 37.25
 -287.3 287.3
 -49.04 49.04
 -247.9 247.9
 -234.5 234.5
 -112.3 112.3
 -42.29 42.29
 -45.22 45.22
 -29.73 29.73
 -199.4 199.4
 328.4 -328.4
 -356.9 356.9
 710.1 -710.1
 -244.7 244.7
 -17.41 17.41
 -308 308
 97.65 -97.65
 94.2 -94.2
 -156 156
 -201.7 201.7
 -594.4 594.4
 -75.11 75.11
 345.6 -345.6
 -372.1 372.1
 376.3 -376.3
 -37.34 37.34
 1.318 -1.318
 35.03 -35.03
 146.2 -146.2
 -200.9 200.9
 24.97 -24.97
 121.1 -121.1
 -32.63 32.63
 439.3 -439.3
 288.9 -288.9
 459.6 -459.6
 -56.12 56.12
 -301.1 301.1
 -186.3 186.3
 59.96 -59.96
 384.8 -384.8
 120.5 -120.5
 -101.4 101.4
 18.5 -18.5
 40.89 -40.89
 340.5 -340.5
 -343 343
 117.8 -117.8
 -229.9 229.9
 -54.1 54.1
 98.98 -98.98
 120.8 -120.8
 -182.6 182.6
 -205.1 205.1
 69.42 -69.42
 -317.3 317.3
 -60.86 60.86
 361.7 -361.7
 -185.3 185.3
 355.4 -355.4
 62.46 -62.46
 -279.1 279.1
 -406.5 406.5
 71.1 -71.1
 -209 209
 -180 180
 -138.9 138.9
 -24.2 24.2
 427 -427
 920.1 -920.1
 68.65 -68.65
 -25.73 25.73
 578 -578
 -370.7 370.7
 165.3 -165.3
 -132.3 132.3
 -90.25 90.25
 517.7 -517.7
 -133.2 133.2
 -577 577
 8.999 -8.999
 -407.3 407.3
 -165.5 165.5
 -83.4 83.4
 85.04 -85.04
 -56.01 56.01
 -100.1 100.1
 -289.6 289.6
 41 -41
 312.9 -312.9
 303.2 -303.2
 107.3 -107.3
 202.3 -202.3
 211.1 -211.1
 252.8 -252.8
 -104.8 104.8
 -271 271
 -233 233
 -150.7 150.7
 -117.7 117.7
 -91.44 91.44
 56.76 -56.76
 -785.9 785.9
 200.1 -200.1
 303.3 -303.3
 -398.6 398.6
 412.2 -412.2
 -114.5 114.5
 -188.4 188.4
 -82.86 82.86
 3.869 -3.869
 113.1 -113.1
 -789.7 789.7
 138.2 -138.2
 -513.9 513.9
 623.1 -623.1
 -78.57 78.57
 -461.1 461.1
 -43.76 43.76
 -48.23 48.23
 -489.6 489.6
 170.5 -170.5
 -100.8 100.8
 92.96 -92.96
 -319.7 319.7
 -145 145
 -28.05 28.05
 404.3 -404.3
 92.03 -92.03
 455.3 -455.3
 84.34 -84.34
 276.4 -276.4
 204.8 -204.8
 -226.4 226.4
 -21.4 21.4
 -132.9 132.9
 -47.86 47.86
 -30.71 30.71
 -93.03 93.03
 -23.23 23.23
 -105.4 105.4
 57.6 -57.6
 -52.61 52.61
 139.2 -139.2
 -47.42 47.42
 245.6 -245.6
 -608.5 608.5
 83.59 -83.59
 -40.99 40.99
 -385.7 385.7
 30.61 -30.61
 159.8 -159.8
 -40.78 40.78
 53.4 -53.4
 -166.7 166.7
 1595 -1595
 503.3 -503.3
 -120.7 120.7
 85.57 -85.57
 675.1 -675.1
 -314.2 314.2
 -136.7 136.7
 -223 223
 140.4 -140.4
 -24.6 24.6
 238.9 -238.9
 -10.18 10.18
 -33.86 33.86
 -218.2 218.2
 -281.4 281.4
 -43.51 43.51
 -31.37 31.37
 150.8 -150.8
 124.9 -124.9
 619.1 -619.1
 -186.1 186.1
 -57.32 57.32
 -399.3 399.3
 73.28 -73.28
 -65.23 65.23
 298.5 -298.5
 -63.23 63.23
 251.9 -251.9
 27.56 -27.56
 293.3 -293.3
 -310.2 310.2
 -21.61 21.61
 59.19 -59.19
 -201.3 201.3
 122.9 -122.9
 57.8 -57.8
 -186.3 186.3
 30.78 -30.78
 -19.44 19.44
 65.7 -65.7
 -335.9 335.9
 5.423 -5.423
 -613.3 613.3
 55.85 -55.85
 -129.7 129.7
 -251.1 251.1
 -75.39 75.39
 -74.88 74.88
 -174.1 174.1
 -37.19 37.19
 -60.98 60.98
 -683.3 683.3
 -123.5 123.5
 -219.5 219.5
 -193.7 193.7
 -14.92 14.92
 51.3 -51.3
 9.627 -9.627
 326.1 -326.1
 -194.2 194.2
 355.9 -355.9
 81.58 -81.58
 344.4 -344.4
 232.4 -232.4
 143.7 -143.7
 -222.2 222.2
 76.34 -76.34
 -67.44 67.44
 -25.39 25.39
 454.2 -454.2
 973.2 -973.2
 -380.6 380.6
 196.6 -196.6
 129.6 -129.6
 544.3 -544.3
 -225.1 225.1
 152.3 -152.3
 -35.03 35.03
 135.4 -135.4
 -600.2 600.2
 467.2 -467.2
 -176 176
 241.2 -241.2
 140.5 -140.5
 -109 109
 826.5 -826.5
 44.76 -44.76
 -29.56 29.56
 -282 282
 -122.1 122.1
 -100.6 100.6
 47.55 -47.55
 -181.8 181.8
 -20.5 20.5
 -4.789 4.789
 183.3 -183.3
 -315 315
 261 -261
 262.8 -262.8
 -453.5 453.5
 -214 214
 82.64 -82.64
 -140.9 140.9
 693.4 -693.4
 -125.5 125.5
 -183.3 183.3
 -438.2 438.2
 63.22 -63.22
 221.4 -221.4
 -316.8 316.8
 30.19 -30.19
 439.9 -439.9
 -74.6 74.6
 96.38 -96.38
 111.1 -111.1
 -267.7 267.7
 -104.3 104.3
 489.4 -489.4
 -17.4 17.4
 -47.99 47.99
 82.94 -82.94
 -362.3 362.3
 64.01 -64.01
 -160.2 160.2
 -325.2 325.2
 -216.1 216.1
 428 -428
 -186.5 186.5
 341.6 -341.6
 95.25 -95.25
 107.8 -107.8
 145.3 -145.3
 -92.72 92.72
 406.6 -406.6
 -329.5 329.5
 -168.1 168.1
 -203.2 203.2
 -428.7 428.7
 202.6 -202.6
 -45.25 45.25
 -112.9 112.9
 -90.69 90.69
 72.31 -72.31
 -259.1 259.1
 41.55 -41.55
 -175.3 175.3
 -340 340
 253.2 -253.2
 -116.4 116.4
 -510.1 510.1
 -306.1 306.1
 -164 164
 266.2 -266.2
 -211.1 211.1
 -62.22 62.22
 263.9 -263.9
 414 -414
 2.432 -2.432
 -227.5 227.5
 -162.7 162.7
 -173.7 173.7
 281.2 -281.2
 -116 116
 158.4 -158.4
 78.11 -78.11
 75.75 -75.75
 141.4 -141.4
 194.8 -194.8
 -146.8 146.8
 -179.1 179.1
 81.96 -81.96
 -80.35 80.35
 66.61 -66.61
 76.75 -76.75
 164.3 -164.3
 -129 129
 83.01 -83.01
 667.9 -667.9
 13.56 -13.56
 402.3 -402.3
 -124.4 124.4
 77.4 -77.4
 -576.9 576.9
 12.75 -12.75
 -182.7 182.7
 -280.1 280.1
 668.7 -668.7
 86.34 -86.34
 -76.93 76.93
 42.47 -42.47
 175.3 -175.3
 -6.665 6.665
 911.6 -911.6
 -202.4 202.4
 -63.75 63.75
 -38.19 38.19
 393.4 -393.4
 -431.2 431.2
 285.5 -285.5
 483.1 -483.1
 90.18 -90.18
 193.3 -193.3
 -48.99 48.99
 241.2 -241.2
 310.1 -310.1
 -344.8 344.8
 264.5 -264.5
 -235 235
 502.2 -502.2
 -91.33 91.33
 212.5 -212.5
 -343.4 343.4
 -147.9 147.9
 86.7 -86.7
 655 -655
 -126.7 126.7
 316.2 -316.2
 -74.4 74.4
 114.1 -114.1
 247.4 -247.4
 -177.8 177.8
 533.8 -533.8
 129.4 -129.4
 141 -141
 6.063 -6.063
 40.49 -40.49
 -16.09 16.09
 -120.9 120.9
 474.2 -474.2
 286.9 -286.9
 -4.551 4.551
 395.2 -395.2
 -125 125
 1.374 -1.374
 72.16 -72.16
 71.63 -71.63
 -44.98 44.98
 -181.1 181.1
 231.7 -231.7
 439.4 -439.4
 -128.1 128.1
 -219 219
 277.7 -277.7
 -27.06 27.06
 57.56 -57.56
 118.1 -118.1
 -41.23 41.23
 230.6 -230.6
 -222.3 222.3
 19.29 -19.29
 -533.8 533.8
 241 -241
 604.5 -604.5
 126.5 -126.5
 -50.02 50.02
 -240.4 240.4
 -127.5 127.5
 -141.8 141.8
 -163.4 163.4
 -222.8 222.8
 -436.4 436.4
 -213.9 213.9
 203 -203
 -87.33 87.33
 -62.36 62.36
 -87.07 87.07
 107.9 -107.9
 357.2 -357.2
 -41.23 41.23
 -242.8 242.8
 144.3 -144.3
 143.2 -143.2
 -125.4 125.4
 224.5 -224.5
 -155 155
 -168.2 168.2
 -33.54 33.54
 -248.5 248.5
 77.48 -77.48
 -345.9 345.9
 -584.2 584.2
 129.7 -129.7
 -36.43 36.43
 604.3 -604.3
 -282.7 282.7
 -142.7 142.7
 201.1 -201.1
 247.9 -247.9
 -44.51 44.51
 -233.9 233.9
 -245.9 245.9
 -330.5 330.5
 105.2 -105.2
 -75.31 75.31
 -175.9 175.9
 156.2 -156.2
 95.92 -95.92
 183.8 -183.8
 -70.11 70.11
 437.6 -437.6
 338.4 -338.4
 170.9 -170.9
 24.93 -24.93
 88.7 -88.7
 88.18 -88.18
 22.37 -22.37
 -136 136
 314.9 -314.9
 98.28 -98.28
 -354 354
 249.1 -249.1
 1.676 -1.676
 164 -164
 -93.23 93.23
 47.08 -47.08
 34.4 -34.4
 -6.543 6.543
 44.38 -44.38
 -255.3 255.3
 153.7 -153.7
 16.63 -16.63
 -320.2 320.2
 -132.7 132.7
 -199.8 199.8
 -77.87 77.87
 201 -201
 -160.3 160.3
 -430.1 430.1
 -41.6 41.6
 -254.9 254.9
 -196.6 196.6
 -25.35 25.35
 -415.9 415.9
 184 -184
 10.85 -10.85
 52.2 -52.2
 56.73 -56.73
 -81.94 81.94
 -78.26 78.26
 105.8 -105.8
 627.9 -627.9
 -55.85 55.85
 -77.68 77.68
 97.99 -97.99
 155.2 -155.2
 75.32 -75.32
 126.4 -126.4
 -96.13 96.13
 268.4 -268.4
 -33 33
 72.56 -72.56
 -100.7 100.7
 -214.3 214.3
 -350.1 350.1
 229.5 -229.5
 -228.1 228.1
 -201.6 201.6
 -28.44 28.44
 -605.3 605.3
 75.21 -75.21
 198.3 -198.3
 -67.95 67.95
 145.2 -145.2
 -162.1 162.1
 83.24 -83.24
 -161.5 161.5
 -116.8 116.8
 -11.84 11.84
 -277.9 277.9
 -33.63 33.63
 -89.34 89.34
 742.4 -742.4
 207.6 -207.6
 -85.34 85.34
 192.2 -192.2
 -18.7 18.7
 221.3 -221.3
 -7.681 7.681
 135.5 -135.5
 -102.5 102.5
 -374.4 374.4
 -94.4 94.4
 123 -123
 170.1 -170.1
 -539.7 539.7
 -184.1 184.1
 -350.4 350.4
 -86.85 86.85
 -361.3 361.3
 148 -148
 -107.3 107.3
 -23 23
 -260.7 260.7
 891 -891
 -177.2 177.2
 -108.5 108.5
 -298.3 298.3
 -90.6 90.6
 -80.52 80.52
 322.3 -322.3
 -379.4 379.4
 21.4 -21.4
 184.6 -184.6
 515.3 -515.3
 491.2 -491.2
 -109.1 109.1
 -238.2 238.2
 101.2 -101.2
 152 -152
 -32.16 32.16
 691.6 -691.6
 -445.6 445.6
 63.86 -63.86
 -168.3 168.3
 50.24 -50.24
 352.6 -352.6
 -12.01 12.01
 220.6 -220.6
 -117 117
 203.8 -203.8
 -374.7 374.7
 -34.02 34.02
 28.14 -28.14
 596.4 -596.4
 -140 140
 -141.1 141.1
 194.9 -194.9
 -327.4 327.4
 807 -807
 206.6 -206.6
 72.89 -72.89
 51.14 -51.14
 -319.2 319.2
 -217.4 217.4
 167.2 -167.2
 98.1 -98.1
 64.4 -64.4
 92.27 -92.27
 -47.77 47.77
 326 -326
 39.59 -39.59
 301.3 -301.3
 -241.5 241.5
 -0.135 0.135
 80.59 -80.59
 150.1 -150.1
 -71.63 71.63
 205.9 -205.9
 -384.3 384.3
 123.8 -123.8
 118.3 -118.3
 -59.57 59.57
 295.2 -295.2
 -32.07 32.07
 23.56 -23.56
 -209.3 209.3
 -182.7 182.7
 590.3 -590.3
 -150.2 150.2
 196.6 -196.6
 -48.46 48.46
 -8.029 8.029
 266.2 -266.2
 165.8 -165.8
 115.4 -115.4
 204 -204
 -18.78 18.78
 95.07 -95.07
 -225.5 225.5
 38.42 -38.42
 174.7 -174.7
 12.15 -12.15
 458.7 -458.7
 389 -389
 -195.1 195.1
 -85.12 85.12
 596 -596
 36.97 -36.97
 -173.9 173.9
 78.43 -78.43
 -780.6 780.6
 428.1 -428.1
 187.8 -187.8
 31.49 -31.49
 -117.3 117.3
 32.09 -32.09
 -279.4 279.4
 -152.1 152.1
 119 -119
 -192.2 192.2
 -100.9 100.9
 164.2 -164.2
 -261.4 261.4
 331.8 -331.8
 83.04 -83.04
 72.27 -72.27
 166.9 -166.9
 347.6 -347.6
 -12.84 12.84
 -387.2 387.2
 211.8 -211.8
 -219.5 219.5
 220.1 -220.1
 210.8 -210.8
 -69.46 69.46
 600 -600
 -86.25 86.25
 -254.8 254.8
 -111.8 111.8
 -264.2 264.2
 -46.47 46.47
 -97.56 97.56
 -136.5 136.5
 46.53 -46.53
 -336.7 336.7
 -43.2 43.2
 429.7 -429.7
 -224.7 224.7
 603.7 -603.7
 546.2 -546.2
 178.3 -178.3
 -291.4 291.4
 198.2 -198.2
 -347.7 347.7
 442.4 -442.4
 79.1 -79.1
 161.6 -161.6
 -109.6 109.6
 106.7 -106.7
 493.7 -493.7
 12.36 -12.36
 -18.26 18.26
 -712.3 712.3
 -21.32 21.32
 -245.9 245.9
 69.35 -69.35
 -174.2 174.2
 186.9 -186.9
 -46.68 46.68
 -154.9 154.9
 -373.6 373.6
 -16.34 16.34
 -131.7 131.7
 -50.67 50.67
 0.8946 -0.8946
 -354.7 354.7
 373.1 -373.1
 -98.85 98.85
 24.48 -24.48
 -57.94 57.94
 -188.1 188.1
 113.2 -113.2
 -64.76 64.76
 188.9 -188.9
 151.1 -151.1
 -111.5 111.5
 -26.94 26.94
 67.17 -67.17
 -150.9 150.9
 -238.4 238.4
 -209.4 209.4
 -44.47 44.47
 25.37 -25.37
 -112.4 112.4
 346.5 -346.5
 153.6 -153.6
 -64.46 64.46
 34.96 -34.96
 -222.3 222.3
 -196 196
 65.69 -65.69
 162.2 -162.2
 -264.8 264.8
 13.9 -13.9
 -87.24 87.24
 -248.4 248.4
 -169 169
 593 -593
 -74.07 74.07
 -188.9 188.9
 -20.42 20.42
 -131.3 131.3
 144.1 -144.1
 633.5 -633.5
 150.7 -150.7
 90.76 -90.76
 -471.2 471.2
 -240.3 240.3
 -442.1 442.1
 721.4 -721.4
 -64.79 64.79
 117.7 -117.7
 -399.6 399.6
 -2.691 2.691
 588 -588
 -255.4 255.4
 -93.68 93.68
 70.89 -70.89
 -377.8 377.8
 163.1 -163.1
 -114.6 114.6
 -265.1 265.1
 -28.25 28.25
 -177.4 177.4
 -291.3 291.3
 -78.68 78.68
 -113.7 113.7
 378.3 -378.3
 -190.9 190.9
 222.7 -222.7
 -200 200
 -18.73 18.73
 307.3 -307.3
 -58.65 58.65
 -282.7 282.7
 301.3 -301.3
 -239.7 239.7
 -39.47 39.47
 9.807 -9.807
 -275.6 275.6
 -29.6 29.6


