# Created by Octave 5.2.0, Fri Sep 25 00:07:31 2020 CEST <jiwidi@land>
# name: w
# type: matrix
# rows: 2001
# columns: 2
 -17 17
 21.18 -21.18
 -87.91 87.91
 -39.18 39.18
 -27.63 27.63
 -35.91 35.91
 83.66 -83.66
 51.71 -51.71
 13.15 -13.15
 -38.93 38.93
 115.6 -115.6
 -39.61 39.61
 23.82 -23.82
 21.23 -21.23
 -75.01 75.01
 -140.5 140.5
 -7.472 7.472
 50.99 -50.99
 -75.45 75.45
 41.55 -41.55
 -72.48 72.48
 -89.97 89.97
 -126.5 126.5
 -116.3 116.3
 134.3 -134.3
 -47.14 47.14
 -29.72 29.72
 -84.06 84.06
 -27.53 27.53
 -0.183 0.183
 12.1 -12.1
 -40.27 40.27
 117.2 -117.2
 -56.62 56.62
 85.62 -85.62
 100.8 -100.8
 -72.53 72.53
 -11.17 11.17
 -81.76 81.76
 -3.678 3.678
 -78.89 78.89
 41.92 -41.92
 -48.55 48.55
 -42.68 42.68
 13.54 -13.54
 119.8 -119.8
 -46.86 46.86
 107.2 -107.2
 -152 152
 -29.22 29.22
 12.39 -12.39
 25.47 -25.47
 -10.53 10.53
 -47.16 47.16
 351.9 -351.9
 61.87 -61.87
 18.53 -18.53
 35.34 -35.34
 1.538 -1.538
 24.07 -24.07
 4.808 -4.808
 -8.94 8.94
 -1.634 1.634
 32.26 -32.26
 -36.89 36.89
 -34.58 34.58
 51.78 -51.78
 -116.9 116.9
 25.87 -25.87
 28.67 -28.67
 -135 135
 -70.23 70.23
 -37.58 37.58
 45.34 -45.34
 113.4 -113.4
 -53.12 53.12
 -21.73 21.73
 -57.15 57.15
 6.415 -6.415
 20.71 -20.71
 78.39 -78.39
 -5.924 5.924
 50.35 -50.35
 -51.11 51.11
 78.46 -78.46
 10.08 -10.08
 -50.09 50.09
 -37.33 37.33
 25.13 -25.13
 -3.644 3.644
 12.44 -12.44
 49.44 -49.44
 70.58 -70.58
 -32.56 32.56
 -45.02 45.02
 -84.32 84.32
 29.8 -29.8
 243.7 -243.7
 -102.2 102.2
 -0.7058 0.7058
 66.86 -66.86
 82.78 -82.78
 40.2 -40.2
 -199.6 199.6
 99.8 -99.8
 -33.83 33.83
 75.26 -75.26
 15.15 -15.15
 -3.172 3.172
 -60.8 60.8
 63.67 -63.67
 27.98 -27.98
 -20.72 20.72
 -26.68 26.68
 -171.1 171.1
 -23.27 23.27
 40.12 -40.12
 14 -14
 -47.38 47.38
 -80.56 80.56
 36.51 -36.51
 32.03 -32.03
 -39.23 39.23
 -30.95 30.95
 -27.7 27.7
 -89.11 89.11
 24.29 -24.29
 51.51 -51.51
 -25.62 25.62
 -60.67 60.67
 -55.07 55.07
 -16.36 16.36
 13.88 -13.88
 31.15 -31.15
 49.27 -49.27
 -82 82
 36.35 -36.35
 -9.284 9.284
 -67.05 67.05
 2.338 -2.338
 -64.99 64.99
 -67.14 67.14
 4.61 -4.61
 -8.264 8.264
 -19.22 19.22
 -38.06 38.06
 68.23 -68.23
 -123.8 123.8
 -56.2 56.2
 19.81 -19.81
 -68.82 68.82
 -134.5 134.5
 26.88 -26.88
 536.5 -536.5
 17.27 -17.27
 -18.19 18.19
 -234.4 234.4
 -43.34 43.34
 9.083 -9.083
 -150.8 150.8
 -47.01 47.01
 58 -58
 -19.14 19.14
 -94.74 94.74
 125 -125
 412.3 -412.3
 69.22 -69.22
 92.79 -92.79
 40.79 -40.79
 -45.38 45.38
 -48.55 48.55
 49.62 -49.62
 54.63 -54.63
 -64.82 64.82
 48.98 -48.98
 26.85 -26.85
 -15.27 15.27
 182 -182
 -3.462 3.462
 -21.3 21.3
 -34.35 34.35
 311.8 -311.8
 -238 238
 37.8 -37.8
 -11.48 11.48
 -9.654 9.654
 73.89 -73.89
 -2.106 2.106
 -11.76 11.76
 -115.5 115.5
 130.3 -130.3
 71.4 -71.4
 28.41 -28.41
 -18.8 18.8
 -58.75 58.75
 -49.77 49.77
 -3.852 3.852
 -23.78 23.78
 84.96 -84.96
 34.86 -34.86
 90.5 -90.5
 -106.5 106.5
 -39.77 39.77
 145.1 -145.1
 135.2 -135.2
 -19.31 19.31
 -228.8 228.8
 -120 120
 -13.25 13.25
 47.78 -47.78
 -255.4 255.4
 90.64 -90.64
 -140.2 140.2
 -14.93 14.93
 -53.79 53.79
 4.504 -4.504
 -111.2 111.2
 -62.51 62.51
 -9.676 9.676
 -80.38 80.38
 -79.76 79.76
 39.3 -39.3
 -140.9 140.9
 26.62 -26.62
 -52.79 52.79
 83.07 -83.07
 15.8 -15.8
 -88.19 88.19
 141.3 -141.3
 -31.8 31.8
 46.66 -46.66
 57.16 -57.16
 83.17 -83.17
 -88.98 88.98
 70.12 -70.12
 -93.82 93.82
 -84.72 84.72
 -59.7 59.7
 50.86 -50.86
 96.27 -96.27
 -67.44 67.44
 -7.074 7.074
 -73.92 73.92
 58.96 -58.96
 -35.09 35.09
 -16.7 16.7
 16.16 -16.16
 -154.7 154.7
 -143.3 143.3
 -60.37 60.37
 32.16 -32.16
 -49.79 49.79
 3.611 -3.611
 89.96 -89.96
 -20.44 20.44
 -11.89 11.89
 4.85 -4.85
 161.9 -161.9
 165.3 -165.3
 -25.54 25.54
 169.9 -169.9
 -139.1 139.1
 -60.28 60.28
 -49.1 49.1
 78.5 -78.5
 -51.96 51.96
 -71.37 71.37
 -58.19 58.19
 -29.17 29.17
 32.27 -32.27
 63.18 -63.18
 90.61 -90.61
 32.21 -32.21
 -13.92 13.92
 12.79 -12.79
 -64.08 64.08
 25.21 -25.21
 28.11 -28.11
 -63.7 63.7
 -113.9 113.9
 -1.076 1.076
 126 -126
 -99.24 99.24
 161.2 -161.2
 245.4 -245.4
 12.02 -12.02
 -89.13 89.13
 -10.49 10.49
 -60.08 60.08
 -86.89 86.89
 -19.39 19.39
 -192.4 192.4
 47.34 -47.34
 -0.2461 0.2461
 -3.661 3.661
 64.59 -64.59
 -175.1 175.1
 -33.35 33.35
 -65.48 65.48
 32.76 -32.76
 4.465 -4.465
 -25.53 25.53
 -73.04 73.04
 -96.11 96.11
 219.5 -219.5
 33.56 -33.56
 -24.77 24.77
 19.93 -19.93
 -2.046 2.046
 201.6 -201.6
 44.57 -44.57
 200.7 -200.7
 -110.4 110.4
 41.57 -41.57
 -125.6 125.6
 -57.66 57.66
 336.8 -336.8
 123 -123
 -56.76 56.76
 110.9 -110.9
 39.16 -39.16
 276.7 -276.7
 95.34 -95.34
 69.56 -69.56
 13.38 -13.38
 7.269 -7.269
 66.2 -66.2
 -9.96 9.96
 59.78 -59.78
 -24.36 24.36
 -66.39 66.39
 70.34 -70.34
 -66.34 66.34
 -107.3 107.3
 64.42 -64.42
 -76.63 76.63
 -5.988 5.988
 -30.49 30.49
 -14.09 14.09
 39.98 -39.98
 -9.715 9.715
 -176.8 176.8
 -70.77 70.77
 47.7 -47.7
 -50.92 50.92
 11.89 -11.89
 -18.29 18.29
 80.65 -80.65
 174.3 -174.3
 107.9 -107.9
 -24.26 24.26
 -83.98 83.98
 -43.9 43.9
 -35.84 35.84
 37.34 -37.34
 19.79 -19.79
 -204 204
 132.4 -132.4
 -1.742 1.742
 198.5 -198.5
 -35 35
 -89.65 89.65
 -99.64 99.64
 71.54 -71.54
 -54.25 54.25
 -17.71 17.71
 185.3 -185.3
 -60.28 60.28
 50.71 -50.71
 -128 128
 -22.73 22.73
 67.03 -67.03
 71.86 -71.86
 20.54 -20.54
 -25.4 25.4
 -6.383 6.383
 84.06 -84.06
 144.4 -144.4
 -72.43 72.43
 -99.01 99.01
 -0.9417 0.9417
 -128.2 128.2
 -55.68 55.68
 -57.6 57.6
 317.9 -317.9
 101.5 -101.5
 7.721 -7.721
 49.94 -49.94
 -19.69 19.69
 -40.65 40.65
 -42.65 42.65
 -24.96 24.96
 -39.38 39.38
 -154 154
 35.84 -35.84
 -83.16 83.16
 -6.874 6.874
 -69.35 69.35
 -61.29 61.29
 241.5 -241.5
 -111.1 111.1
 -58.21 58.21
 -39.6 39.6
 -58.88 58.88
 63.16 -63.16
 -73.98 73.98
 -81.12 81.12
 97.59 -97.59
 -100 100
 120.8 -120.8
 -42 42
 61.24 -61.24
 -34.38 34.38
 -123.2 123.2
 -120.8 120.8
 -0.279 0.279
 232.6 -232.6
 -67.79 67.79
 216.2 -216.2
 128.4 -128.4
 70.57 -70.57
 4.259 -4.259
 150.4 -150.4
 -132.7 132.7
 -53.2 53.2
 -47.25 47.25
 -11.9 11.9
 -36.86 36.86
 -73.6 73.6
 -109.1 109.1
 120.2 -120.2
 -55.82 55.82
 185.5 -185.5
 -0.6344 0.6344
 -12.6 12.6
 -24.77 24.77
 45.46 -45.46
 48.15 -48.15
 -102.5 102.5
 -12.95 12.95
 -29.63 29.63
 43.54 -43.54
 -144.7 144.7
 118.9 -118.9
 -33.04 33.04
 65.05 -65.05
 -44.61 44.61
 -141.3 141.3
 142.7 -142.7
 -1.451 1.451
 -86.21 86.21
 -28.65 28.65
 139.8 -139.8
 272 -272
 33.11 -33.11
 66.7 -66.7
 -72.93 72.93
 30.59 -30.59
 -94.92 94.92
 17 -17
 -88.53 88.53
 -88.33 88.33
 243.8 -243.8
 18.55 -18.55
 78.17 -78.17
 83.82 -83.82
 91.98 -91.98
 27.81 -27.81
 2.386 -2.386
 23.48 -23.48
 -24.45 24.45
 -37.72 37.72
 -60.73 60.73
 -7.836 7.836
 -10.2 10.2
 25.27 -25.27
 75.9 -75.9
 36.54 -36.54
 -34.65 34.65
 87.93 -87.93
 -6.357 6.357
 43.02 -43.02
 -23.25 23.25
 -0.601 0.601
 120.1 -120.1
 -0.4748 0.4748
 -72.47 72.47
 -124.2 124.2
 -45.57 45.57
 -30.1 30.1
 57.49 -57.49
 6.247 -6.247
 -17.04 17.04
 -20.02 20.02
 44.62 -44.62
 -39.73 39.73
 -67.04 67.04
 -17.11 17.11
 42.67 -42.67
 -151.2 151.2
 75.87 -75.87
 -30.71 30.71
 -77.84 77.84
 -36.79 36.79
 -18 18
 -63.28 63.28
 -34.12 34.12
 -90.35 90.35
 65.27 -65.27
 -25.12 25.12
 -10.22 10.22
 20.38 -20.38
 -175.1 175.1
 -33.97 33.97
 72.9 -72.9
 -148.3 148.3
 -45.31 45.31
 34.33 -34.33
 -41.32 41.32
 -53.66 53.66
 -25.85 25.85
 90.72 -90.72
 -170.8 170.8
 21.93 -21.93
 -18.32 18.32
 -4.789 4.789
 -23.43 23.43
 -100.5 100.5
 1.124 -1.124
 -54.12 54.12
 -35.63 35.63
 -57.75 57.75
 -61.44 61.44
 -48.82 48.82
 -70.94 70.94
 -183.5 183.5
 103.9 -103.9
 31.01 -31.01
 29.99 -29.99
 -2.078 2.078
 -39.15 39.15
 -82.59 82.59
 -69.3 69.3
 109.6 -109.6
 110.3 -110.3
 -25.75 25.75
 46.35 -46.35
 -150.5 150.5
 -43.73 43.73
 31.61 -31.61
 76.17 -76.17
 -86.3 86.3
 202.4 -202.4
 20.9 -20.9
 13.7 -13.7
 2.049 -2.049
 16.34 -16.34
 -69.28 69.28
 123.2 -123.2
 -6.844 6.844
 140.5 -140.5
 -6.373 6.373
 40.62 -40.62
 -3.803 3.803
 -55.16 55.16
 -138.8 138.8
 -25.32 25.32
 68.8 -68.8
 73.8 -73.8
 -4.217 4.217
 -118.1 118.1
 -19.02 19.02
 -98.66 98.66
 209 -209
 -42.74 42.74
 -19.34 19.34
 -1.467 1.467
 33.9 -33.9
 185.3 -185.3
 -22.42 22.42
 37.38 -37.38
 -86.27 86.27
 -84.71 84.71
 -61.73 61.73
 66.08 -66.08
 15.02 -15.02
 33.58 -33.58
 4.627 -4.627
 -91.49 91.49
 -4.514 4.514
 6.351 -6.351
 -6.692 6.692
 -179.9 179.9
 -209.8 209.8
 13.78 -13.78
 6.635 -6.635
 -40.01 40.01
 76.23 -76.23
 -49.15 49.15
 129.7 -129.7
 -50.33 50.33
 -16.65 16.65
 1.333 -1.333
 150 -150
 139.1 -139.1
 -23.95 23.95
 210.7 -210.7
 193.6 -193.6
 -84.42 84.42
 56.8 -56.8
 -68.47 68.47
 -74.75 74.75
 84.67 -84.67
 -43.86 43.86
 -124 124
 -57.4 57.4
 -23.63 23.63
 -67.07 67.07
 51.69 -51.69
 -173.5 173.5
 -7.304 7.304
 228.1 -228.1
 -88.45 88.45
 27 -27
 -39.97 39.97
 28.27 -28.27
 -87.99 87.99
 -55.18 55.18
 -27.84 27.84
 4.255 -4.255
 -64.11 64.11
 -98.17 98.17
 -20.2 20.2
 -43.68 43.68
 2.814 -2.814
 -140.1 140.1
 -96.79 96.79
 -6.85 6.85
 -47.4 47.4
 71.71 -71.71
 -47.85 47.85
 5.32 -5.32
 -23.97 23.97
 17.83 -17.83
 -162.3 162.3
 -21.69 21.69
 -25.15 25.15
 -93.74 93.74
 -161.3 161.3
 -45.47 45.47
 180.4 -180.4
 -26.13 26.13
 101.4 -101.4
 218.3 -218.3
 -7.439 7.439
 122.3 -122.3
 -64.81 64.81
 0.08039 -0.08039
 137.6 -137.6
 -96.83 96.83
 13.03 -13.03
 -292.1 292.1
 -74.4 74.4
 -68.82 68.82
 24.02 -24.02
 66.26 -66.26
 -148.4 148.4
 -33.87 33.87
 19.01 -19.01
 -217.5 217.5
 -73.34 73.34
 -34.9 34.9
 44.48 -44.48
 -41.89 41.89
 -143.9 143.9
 -88.54 88.54
 152.7 -152.7
 -62.55 62.55
 -69.88 69.88
 -95.06 95.06
 20.34 -20.34
 -62.27 62.27
 -106.5 106.5
 -99.59 99.59
 10.23 -10.23
 37.74 -37.74
 -58.57 58.57
 74.36 -74.36
 16.01 -16.01
 -224.3 224.3
 -9.104 9.104
 46.08 -46.08
 -37.55 37.55
 -68.49 68.49
 -40.63 40.63
 -137 137
 -5.388 5.388
 8.542 -8.542
 15.05 -15.05
 -13.64 13.64
 -39.25 39.25
 -32.27 32.27
 138.7 -138.7
 -10.54 10.54
 -16.39 16.39
 119 -119
 -91.91 91.91
 -54.98 54.98
 31.1 -31.1
 58.91 -58.91
 -88.24 88.24
 43.69 -43.69
 9.86 -9.86
 207.9 -207.9
 87.3 -87.3
 -100.6 100.6
 229.2 -229.2
 -69.19 69.19
 34.5 -34.5
 68.78 -68.78
 32.24 -32.24
 -98.64 98.64
 -108.5 108.5
 66.81 -66.81
 -18.64 18.64
 -73.26 73.26
 -87.78 87.78
 93.8 -93.8
 -61.7 61.7
 90.99 -90.99
 28.33 -28.33
 -28.09 28.09
 -31.31 31.31
 -34.04 34.04
 -145.4 145.4
 9.511 -9.511
 -51.42 51.42
 -5.108 5.108
 -130.3 130.3
 85.8 -85.8
 -16.99 16.99
 -104.9 104.9
 14.35 -14.35
 71.94 -71.94
 23.2 -23.2
 -3.137 3.137
 -8.404 8.404
 -75.69 75.69
 87.7 -87.7
 -49.67 49.67
 80.14 -80.14
 215.4 -215.4
 -175.6 175.6
 -2.016 2.016
 19.25 -19.25
 -68.2 68.2
 -42.72 42.72
 63.19 -63.19
 0.003493 -0.003493
 464.5 -464.5
 -109.1 109.1
 -95.59 95.59
 -72.79 72.79
 -27.6 27.6
 6.027 -6.027
 159.6 -159.6
 -46.48 46.48
 10.96 -10.96
 -111.3 111.3
 -257 257
 4.119 -4.119
 -77.18 77.18
 32.69 -32.69
 14.47 -14.47
 31.02 -31.02
 128.7 -128.7
 -86.2 86.2
 -44.13 44.13
 -21.29 21.29
 251.5 -251.5
 64.45 -64.45
 -9.604 9.604
 91.38 -91.38
 17.04 -17.04
 69.64 -69.64
 -39.48 39.48
 -19.49 19.49
 -0.7459 0.7459
 -42.22 42.22
 -121 121
 246.8 -246.8
 -72.31 72.31
 66.64 -66.64
 -32.97 32.97
 -111.3 111.3
 3.8 -3.8
 -128.2 128.2
 -41.1 41.1
 -3.983 3.983
 -45.1 45.1
 136.5 -136.5
 91.6 -91.6
 40.17 -40.17
 176.9 -176.9
 -22.17 22.17
 59.68 -59.68
 19.57 -19.57
 -8.546 8.546
 -79.45 79.45
 -85.3 85.3
 -12.22 12.22
 253.9 -253.9
 22.11 -22.11
 32.18 -32.18
 23.79 -23.79
 -32.91 32.91
 -114.5 114.5
 195.5 -195.5
 -87.24 87.24
 62.04 -62.04
 -13.52 13.52
 -118.5 118.5
 228.9 -228.9
 -75.4 75.4
 184.8 -184.8
 100.6 -100.6
 167.9 -167.9
 29.82 -29.82
 138.6 -138.6
 -71.64 71.64
 140.7 -140.7
 -68.69 68.69
 -68.91 68.91
 -215.5 215.5
 -19.85 19.85
 -97.66 97.66
 41.14 -41.14
 63.26 -63.26
 121.7 -121.7
 44.93 -44.93
 -1.336 1.336
 -58.97 58.97
 -37.31 37.31
 144.7 -144.7
 77.49 -77.49
 -90.29 90.29
 -132.2 132.2
 -124.6 124.6
 -88.7 88.7
 341.5 -341.5
 -71.55 71.55
 32.58 -32.58
 -22.57 22.57
 18.28 -18.28
 -80.64 80.64
 195.2 -195.2
 13.93 -13.93
 -67.69 67.69
 41.31 -41.31
 16.86 -16.86
 -25.98 25.98
 -36.18 36.18
 -5.67 5.67
 -85.46 85.46
 -77.54 77.54
 50.41 -50.41
 -35.75 35.75
 -45.43 45.43
 -54.74 54.74
 -16.89 16.89
 148.4 -148.4
 -48.08 48.08
 5.881 -5.881
 93.63 -93.63
 -86.59 86.59
 -28.39 28.39
 -54.53 54.53
 87.55 -87.55
 77.95 -77.95
 -71.16 71.16
 152.6 -152.6
 101.4 -101.4
 -34.23 34.23
 101.1 -101.1
 -4.022 4.022
 59.66 -59.66
 184.8 -184.8
 21.9 -21.9
 -33.02 33.02
 -45.62 45.62
 4.056 -4.056
 -124 124
 -49.04 49.04
 68.34 -68.34
 71.35 -71.35
 -58.3 58.3
 170 -170
 0.2744 -0.2744
 -89.42 89.42
 46.06 -46.06
 77.62 -77.62
 24.61 -24.61
 48.13 -48.13
 419.8 -419.8
 -27.64 27.64
 -45.42 45.42
 5.929 -5.929
 31.96 -31.96
 -50.99 50.99
 39.81 -39.81
 242 -242
 10.59 -10.59
 123.3 -123.3
 -37.88 37.88
 -29.34 29.34
 43.31 -43.31
 -74.14 74.14
 139.6 -139.6
 25.47 -25.47
 -25.7 25.7
 -234.7 234.7
 -77.99 77.99
 -92.26 92.26
 -10.13 10.13
 -90.25 90.25
 -50.82 50.82
 41 -41
 -137 137
 -42.36 42.36
 -125 125
 -7.567 7.567
 -218.6 218.6
 151.6 -151.6
 -7.217 7.217
 -88.41 88.41
 8.489 -8.489
 78.69 -78.69
 39.94 -39.94
 18.87 -18.87
 -31.41 31.41
 89.13 -89.13
 -57.06 57.06
 -54.63 54.63
 16.27 -16.27
 0.2992 -0.2992
 -37.17 37.17
 93.72 -93.72
 -28.06 28.06
 -37.68 37.68
 -38.54 38.54
 198.7 -198.7
 -86.68 86.68
 -35.48 35.48
 -90.81 90.81
 -36.99 36.99
 -122.6 122.6
 29.34 -29.34
 0.2084 -0.2084
 -78.53 78.53
 -43.61 43.61
 -59.82 59.82
 -13.38 13.38
 -17.86 17.86
 -23.75 23.75
 31.18 -31.18
 103.7 -103.7
 -71.9 71.9
 -95.72 95.72
 -132.1 132.1
 -135 135
 69.46 -69.46
 157.2 -157.2
 33.9 -33.9
 74.78 -74.78
 37.74 -37.74
 -23.22 23.22
 1.748 -1.748
 54.01 -54.01
 -62.08 62.08
 49.53 -49.53
 135.6 -135.6
 -6.498 6.498
 -61.5 61.5
 -15.34 15.34
 -70.23 70.23
 49.14 -49.14
 95.82 -95.82
 -16.55 16.55
 28.12 -28.12
 139.7 -139.7
 -95.15 95.15
 106.8 -106.8
 131.5 -131.5
 -28.56 28.56
 -28.76 28.76
 -74.51 74.51
 -92.6 92.6
 -129.4 129.4
 169.5 -169.5
 -66.18 66.18
 41.3 -41.3
 84.25 -84.25
 -25.3 25.3
 18.17 -18.17
 295.5 -295.5
 7.632 -7.632
 21.64 -21.64
 -26.84 26.84
 -62.99 62.99
 6.334 -6.334
 17.55 -17.55
 19.01 -19.01
 -3.582 3.582
 -17.27 17.27
 -21.45 21.45
 71.68 -71.68
 -34.14 34.14
 158.2 -158.2
 39.85 -39.85
 -21.72 21.72
 171.3 -171.3
 -25 25
 57.84 -57.84
 -49.86 49.86
 -119.5 119.5
 62.54 -62.54
 -27.76 27.76
 3.212 -3.212
 94.65 -94.65
 -69.02 69.02
 -42.63 42.63
 -47.56 47.56
 -109 109
 -13.6 13.6
 -42.62 42.62
 -23.83 23.83
 -56.32 56.32
 8.053 -8.053
 -22.1 22.1
 120.5 -120.5
 -20.67 20.67
 -23.6 23.6
 -56.77 56.77
 -21.12 21.12
 -80.29 80.29
 -42.19 42.19
 154.8 -154.8
 -109 109
 20.09 -20.09
 78.45 -78.45
 -222.8 222.8
 -5.672 5.672
 -70.48 70.48
 -80.29 80.29
 55.9 -55.9
 -20.3 20.3
 15.19 -15.19
 56.93 -56.93
 -58.24 58.24
 -81.36 81.36
 -66.47 66.47
 -22.73 22.73
 65.24 -65.24
 -78.98 78.98
 10.62 -10.62
 -96.62 96.62
 -35.13 35.13
 -150.9 150.9
 -99.74 99.74
 5.59 -5.59
 -10.71 10.71
 24.08 -24.08
 -70.64 70.64
 257.9 -257.9
 71.89 -71.89
 88.6 -88.6
 -83.67 83.67
 106.6 -106.6
 39.15 -39.15
 -126.9 126.9
 76.27 -76.27
 56.09 -56.09
 3.744 -3.744
 -53.73 53.73
 110.1 -110.1
 43.07 -43.07
 -11.79 11.79
 -31.27 31.27
 -167.6 167.6
 10.71 -10.71
 -60.74 60.74
 17.1 -17.1
 -0.02576 0.02576
 -67.22 67.22
 63.29 -63.29
 -22.05 22.05
 329.6 -329.6
 -12.15 12.15
 -24.75 24.75
 -93.63 93.63
 -11.76 11.76
 25.32 -25.32
 -3.203 3.203
 -172.2 172.2
 -147.4 147.4
 120.5 -120.5
 88.07 -88.07
 -41.83 41.83
 7.451 -7.451
 -3.192 3.192
 129.2 -129.2
 152.2 -152.2
 -64.39 64.39
 -123.7 123.7
 117.2 -117.2
 -126.1 126.1
 6.403 -6.403
 -48.89 48.89
 -2.146 2.146
 80.73 -80.73
 80.99 -80.99
 -48.6 48.6
 25 -25
 -137.8 137.8
 7.594 -7.594
 -50.12 50.12
 -44.34 44.34
 -66.54 66.54
 -7.463 7.463
 -3.052 3.052
 -48.55 48.55
 -90.96 90.96
 -38.79 38.79
 52.69 -52.69
 -48.69 48.69
 -12.2 12.2
 8.532 -8.532
 -53.79 53.79
 -89.32 89.32
 205.6 -205.6
 -67.72 67.72
 43.69 -43.69
 -35.15 35.15
 -83.18 83.18
 -34.69 34.69
 -3.531 3.531
 37.05 -37.05
 -89.37 89.37
 -26.42 26.42
 5.287 -5.287
 -62.63 62.63
 -6.71 6.71
 -65.32 65.32
 -20.94 20.94
 -0.6342 0.6342
 -4.136 4.136
 -48.29 48.29
 69.6 -69.6
 -135.3 135.3
 -6.336 6.336
 57.96 -57.96
 65.95 -65.95
 167.1 -167.1
 -78.72 78.72
 -16.35 16.35
 -54.9 54.9
 -14.86 14.86
 -64.24 64.24
 -20.97 20.97
 27.42 -27.42
 -23.62 23.62
 11.07 -11.07
 -81.77 81.77
 41.14 -41.14
 -24.85 24.85
 -67.95 67.95
 96.03 -96.03
 -34.38 34.38
 -71.95 71.95
 -72.33 72.33
 1.701 -1.701
 -23.84 23.84
 45.28 -45.28
 36.24 -36.24
 -142.7 142.7
 64.4 -64.4
 -40.3 40.3
 31.36 -31.36
 27.59 -27.59
 -49.52 49.52
 -41.56 41.56
 -13.09 13.09
 -17.44 17.44
 3.728 -3.728
 -114.7 114.7
 72.54 -72.54
 -176.4 176.4
 -171.8 171.8
 126.2 -126.2
 -157 157
 -31.77 31.77
 33.07 -33.07
 -49.1 49.1
 -124.2 124.2
 -11.59 11.59
 -32.03 32.03
 9.215 -9.215
 1.443 -1.443
 -10.83 10.83
 -46.37 46.37
 -38.17 38.17
 -148.2 148.2
 56.06 -56.06
 -7.242 7.242
 -86.51 86.51
 -20.69 20.69
 -138.6 138.6
 111.4 -111.4
 -24.59 24.59
 241.2 -241.2
 -263.5 263.5
 -82.16 82.16
 71.15 -71.15
 262.7 -262.7
 -63.57 63.57
 -18.09 18.09
 -99.02 99.02
 -64.6 64.6
 -124.7 124.7
 -42.53 42.53
 0.7855 -0.7855
 -15.69 15.69
 -24.17 24.17
 -32.11 32.11
 -81.71 81.71
 69.51 -69.51
 -141.7 141.7
 456.2 -456.2
 -70.19 70.19
 47.86 -47.86
 -81.1 81.1
 33.6 -33.6
 -3.636 3.636
 -89.58 89.58
 -95.43 95.43
 -193.5 193.5
 -43.33 43.33
 93.93 -93.93
 -143.5 143.5
 280 -280
 47.99 -47.99
 6.13 -6.13
 5.435 -5.435
 21.5 -21.5
 -94.6 94.6
 0.7908 -0.7908
 66.91 -66.91
 -7.736 7.736
 113.5 -113.5
 60.92 -60.92
 51.86 -51.86
 34.41 -34.41
 -143.5 143.5
 -105 105
 -37.19 37.19
 104.1 -104.1
 85.71 -85.71
 -9.426 9.426
 -6.034 6.034
 -30.14 30.14
 41.22 -41.22
 -122.5 122.5
 23.48 -23.48
 -123.6 123.6
 -20.73 20.73
 45.05 -45.05
 69.84 -69.84
 0.3436 -0.3436
 -27.56 27.56
 22.35 -22.35
 -105.2 105.2
 -7.795 7.795
 138 -138
 -27.21 27.21
 66.25 -66.25
 -24.07 24.07
 -26.74 26.74
 -129.7 129.7
 -12.49 12.49
 -54.92 54.92
 -34.84 34.84
 111.7 -111.7
 9.818 -9.818
 40.34 -40.34
 428.2 -428.2
 -52.13 52.13
 -24.02 24.02
 42.61 -42.61
 -115.5 115.5
 -16.16 16.16
 -35.15 35.15
 -33.54 33.54
 112.7 -112.7
 -98.53 98.53
 -131.6 131.6
 -23 23
 -129.4 129.4
 -159.9 159.9
 -47.17 47.17
 126.8 -126.8
 -19.65 19.65
 17.02 -17.02
 -103.3 103.3
 -27.39 27.39
 87.56 -87.56
 29.5 -29.5
 58.6 -58.6
 27.45 -27.45
 37.9 -37.9
 37.58 -37.58
 -113.6 113.6
 -51.46 51.46
 -128.1 128.1
 -34.92 34.92
 -18.58 18.58
 -20.4 20.4
 -20.38 20.38
 -203.5 203.5
 75.18 -75.18
 59.16 -59.16
 -84.7 84.7
 151.7 -151.7
 -74.42 74.42
 -131.2 131.2
 -28.79 28.79
 -24.45 24.45
 55.06 -55.06
 -220.8 220.8
 34.64 -34.64
 41.67 -41.67
 292 -292
 -29.62 29.62
 -95.34 95.34
 -70.84 70.84
 60 -60
 -200.2 200.2
 72 -72
 9.809 -9.809
 5.942 -5.942
 -85.7 85.7
 -93.28 93.28
 4.433 -4.433
 89.14 -89.14
 22.58 -22.58
 41.24 -41.24
 12.46 -12.46
 182.1 -182.1
 -38.15 38.15
 27.57 -27.57
 -15.45 15.45
 -101.8 101.8
 -59.35 59.35
 -56.59 56.59
 -28.54 28.54
 43.27 -43.27
 8.284 -8.284
 25.88 -25.88
 -28.82 28.82
 55.1 -55.1
 -79.92 79.92
 307.8 -307.8
 -153.5 153.5
 160.2 -160.2
 16.78 -16.78
 -49.21 49.21
 13.08 -13.08
 8.029 -8.029
 -52.22 52.22
 -44.97 44.97
 5.086 -5.086
 332.6 -332.6
 285.9 -285.9
 -59.75 59.75
 26.75 -26.75
 226.3 -226.3
 -95.6 95.6
 63.08 -63.08
 -42.01 42.01
 27.16 -27.16
 -23.56 23.56
 -83.63 83.63
 -8.512 8.512
 -23.52 23.52
 -81.65 81.65
 -110.5 110.5
 22.88 -22.88
 -41.38 41.38
 26.36 -26.36
 60.05 -60.05
 232.1 -232.1
 -70.63 70.63
 -25.04 25.04
 -85.29 85.29
 21.67 -21.67
 21.73 -21.73
 20.58 -20.58
 -15.41 15.41
 18.7 -18.7
 -94.07 94.07
 108.1 -108.1
 -112.1 112.1
 -6.44 6.44
 -20.9 20.9
 -21.25 21.25
 41.74 -41.74
 31.71 -31.71
 -38.47 38.47
 -23.38 23.38
 -5.453 5.453
 -18.44 18.44
 -140.1 140.1
 27.03 -27.03
 -76.06 76.06
 113.3 -113.3
 -22.43 22.43
 -17.77 17.77
 -11.98 11.98
 -62.96 62.96
 -43.04 43.04
 -22.38 22.38
 -39.15 39.15
 -256.7 256.7
 -152 152
 -61.07 61.07
 -63.71 63.71
 4.218 -4.218
 20.27 -20.27
 51.76 -51.76
 78.35 -78.35
 -54.94 54.94
 240 -240
 46.23 -46.23
 200.1 -200.1
 131.4 -131.4
 39.57 -39.57
 31.23 -31.23
 33.44 -33.44
 -71.06 71.06
 -24.75 24.75
 46.62 -46.62
 467.8 -467.8
 -76.26 76.26
 102.4 -102.4
 27.73 -27.73
 427.1 -427.1
 -86.9 86.9
 113.3 -113.3
 -58.58 58.58
 45.03 -45.03
 -191.7 191.7
 150.2 -150.2
 -31.23 31.23
 50.33 -50.33
 -47.7 47.7
 -55.94 55.94
 303.3 -303.3
 113.8 -113.8
 -18.48 18.48
 -67.1 67.1
 -50.62 50.62
 -67.76 67.76
 5.626 -5.626
 -113.8 113.8
 -25.33 25.33
 10.79 -10.79
 132.5 -132.5
 -44.28 44.28
 20.52 -20.52
 16.81 -16.81
 -82.23 82.23
 -29.05 29.05
 44.6 -44.6
 -59.31 59.31
 153.9 -153.9
 -48.73 48.73
 -81.73 81.73
 -47.8 47.8
 198.9 -198.9
 114.7 -114.7
 -104.4 104.4
 -10.12 10.12
 -2.858 2.858
 -15.58 15.58
 5.528 -5.528
 3.713 -3.713
 -41.55 41.55
 -55.7 55.7
 236.9 -236.9
 -12.12 12.12
 -37.69 37.69
 25.81 -25.81
 -158.8 158.8
 20.41 -20.41
 -72.79 72.79
 -67.25 67.25
 -56.81 56.81
 37.17 -37.17
 -75.68 75.68
 34.95 -34.95
 40.96 -40.96
 34.48 -34.48
 82.55 -82.55
 -112.1 112.1
 -19.55 19.55
 -130.1 130.1
 -7.499 7.499
 -69.47 69.47
 -64.97 64.97
 97.43 -97.43
 -91.1 91.1
 -66.33 66.33
 23.04 -23.04
 -75.89 75.89
 -86.79 86.79
 25.87 -25.87
 -83.98 83.98
 15.53 -15.53
 101.4 -101.4
 -30.89 30.89
 -119.5 119.5
 -51.96 51.96
 -60 60
 134.7 -134.7
 -67.35 67.35
 -21.02 21.02
 165.2 -165.2
 128 -128
 56.2 -56.2
 16.43 -16.43
 -121.6 121.6
 -59.77 59.77
 317 -317
 3.097 -3.097
 -74.78 74.78
 71.05 -71.05
 36.82 -36.82
 30.8 -30.8
 163.5 -163.5
 -61.19 61.19
 -67.35 67.35
 -0.3643 0.3643
 -45.42 45.42
 82.62 -82.62
 -12.83 12.83
 77.39 -77.39
 -62.13 62.13
 28.25 -28.25
 296.2 -296.2
 5.359 -5.359
 214.3 -214.3
 -34.05 34.05
 -136.1 136.1
 -218.7 218.7
 -28.52 28.52
 -77.17 77.17
 -83.48 83.48
 403.3 -403.3
 39.05 -39.05
 -14.63 14.63
 -47.39 47.39
 56.74 -56.74
 -42.42 42.42
 293.4 -293.4
 -74.45 74.45
 -51.49 51.49
 -106.4 106.4
 128.1 -128.1
 -172.3 172.3
 22.58 -22.58
 283.3 -283.3
 -18.87 18.87
 3.13 -3.13
 -31.73 31.73
 45.39 -45.39
 180.7 -180.7
 -46.43 46.43
 5.2 -5.2
 -67.66 67.66
 313.6 -313.6
 -10.53 10.53
 42.75 -42.75
 -111.4 111.4
 -38.67 38.67
 13.15 -13.15
 276.7 -276.7
 180.8 -180.8
 24.73 -24.73
 63.21 -63.21
 56.17 -56.17
 82.14 -82.14
 -17.28 17.28
 266.5 -266.5
 24.18 -24.18
 37.72 -37.72
 -116.3 116.3
 -22.83 22.83
 -19.58 19.58
 -71.9 71.9
 165.5 -165.5
 11.88 -11.88
 -49.05 49.05
 96.38 -96.38
 -88.68 88.68
 141.7 -141.7
 -18.15 18.15
 25.49 -25.49
 -45.05 45.05
 54.17 -54.17
 51.49 -51.49
 203.9 -203.9
 -37.45 37.45
 0.4917 -0.4917
 -45.46 45.46
 -110.8 110.8
 29.71 -29.71
 46.35 -46.35
 -11.15 11.15
 163.3 -163.3
 -46.63 46.63
 -21.73 21.73
 77.86 -77.86
 48.95 -48.95
 398.4 -398.4
 16.71 -16.71
 -16.18 16.18
 36.76 -36.76
 -49.53 49.53
 -72.4 72.4
 -80.55 80.55
 -45.41 45.41
 -162.2 162.2
 -39.89 39.89
 42.81 -42.81
 -12.62 12.62
 33.97 -33.97
 -41.56 41.56
 39.8 -39.8
 80.47 -80.47
 -40.83 40.83
 -98.12 98.12
 -51.08 51.08
 19.8 -19.8
 -33.95 33.95
 75.12 -75.12
 -70.77 70.77
 -46.03 46.03
 -6.393 6.393
 -101.9 101.9
 131.5 -131.5
 -72.11 72.11
 -211.8 211.8
 12.73 -12.73
 -0.6348 0.6348
 469.6 -469.6
 -90.18 90.18
 -39.18 39.18
 74.93 -74.93
 66.83 -66.83
 -52.38 52.38
 -113.1 113.1
 -45.64 45.64
 -141.4 141.4
 5.246 -5.246
 16.71 -16.71
 -97.01 97.01
 57.86 -57.86
 -57.82 57.82
 88.97 -88.97
 6.281 -6.281
 133.9 -133.9
 80.23 -80.23
 112.8 -112.8
 -6.677 6.677
 56.97 -56.97
 97.7 -97.7
 -7.244 7.244
 -112.9 112.9
 87 -87
 69.07 -69.07
 -137 137
 91.58 -91.58
 -46.19 46.19
 16.66 -16.66
 -53.41 53.41
 38.73 -38.73
 77.18 -77.18
 14.12 -14.12
 -19.75 19.75
 -45.8 45.8
 31.9 -31.9
 -18.75 18.75
 -50.53 50.53
 -36.46 36.46
 -64.24 64.24
 -9.064 9.064
 -28.66 28.66
 -77.86 77.86
 -173.3 173.3
 -28.38 28.38
 -102.6 102.6
 -26.36 26.36
 -10.94 10.94
 -80.06 80.06
 20.85 -20.85
 -21.01 21.01
 104.3 -104.3
 15.33 -15.33
 -46.74 46.74
 -74.83 74.83
 30.22 -30.22
 181.3 -181.3
 -19.96 19.96
 0.9329 -0.9329
 10.2 -10.2
 48.86 -48.86
 18.63 -18.63
 220.2 -220.2
 28.53 -28.53
 -15.69 15.69
 -41.32 41.32
 12.4 -12.4
 -20.57 20.57
 -89.48 89.48
 -86.82 86.82
 48.42 -48.42
 -49.91 49.91
 -0.6505 0.6505
 -42.38 42.38
 -128.2 128.2
 10.52 -10.52
 70.2 -70.2
 -127.9 127.9
 -38.8 38.8
 -33.74 33.74
 37.35 -37.35
 -68.18 68.18
 -36.45 36.45
 6.77 -6.77
 -102.6 102.6
 3.45 -3.45
 -34.6 34.6
 338.1 -338.1
 8.997 -8.997
 -110.5 110.5
 63.27 -63.27
 -16.12 16.12
 28.45 -28.45
 -36.82 36.82
 49.03 -49.03
 -16.99 16.99
 -208.3 208.3
 -18.9 18.9
 25.63 -25.63
 22.47 -22.47
 -154.7 154.7
 -62.74 62.74
 -127.7 127.7
 -1.092 1.092
 -45.25 45.25
 12.36 -12.36
 -64.81 64.81
 -22.96 22.96
 -63.28 63.28
 195.1 -195.1
 3.055 -3.055
 -0.25 0.25
 -109.2 109.2
 -18.24 18.24
 -34.49 34.49
 128.6 -128.6
 -167.3 167.3
 5.427 -5.427
 85.98 -85.98
 102.4 -102.4
 175.6 -175.6
 -100.7 100.7
 -162.8 162.8
 -43.69 43.69
 64.58 -64.58
 61.96 -61.96
 130.9 -130.9
 -145.5 145.5
 -36.67 36.67
 -43.52 43.52
 23.27 -23.27
 76.78 -76.78
 -107.3 107.3
 38.27 -38.27
 -41.5 41.5
 -4.53 4.53
 -31.69 31.69
 9.226 -9.226
 -47.76 47.76
 214.9 -214.9
 2.841 -2.841
 -173.7 173.7
 7.215 -7.215
 -14.95 14.95
 145.2 -145.2
 84.05 -84.05
 89.51 -89.51
 -44.1 44.1
 -111.5 111.5
 -69.49 69.49
 28.76 -28.76
 12.96 -12.96
 56.9 -56.9
 23.44 -23.44
 19.33 -19.33
 79.33 -79.33
 33.12 -33.12
 129.3 -129.3
 -103.8 103.8
 -25.18 25.18
 5.516 -5.516
 3.539 -3.539
 9.383 -9.383
 75.53 -75.53
 -137.9 137.9
 62.03 -62.03
 53.33 -53.33
 -43.26 43.26
 139.1 -139.1
 0.3168 -0.3168
 0.5506 -0.5506
 -95.75 95.75
 -33.72 33.72
 24.17 -24.17
 -49.49 49.49
 85.75 -85.75
 -15.52 15.52
 -2.852 2.852
 43.5 -43.5
 57.8 -57.8
 -28.95 28.95
 360.8 -360.8
 44.99 -44.99
 276.6 -276.6
 -51.77 51.77
 -22.48 22.48
 133.4 -133.4
 1.507 -1.507
 69.9 -69.9
 85.32 -85.32
 -45.56 45.56
 -28.83 28.83
 245.7 -245.7
 -40.98 40.98
 -86.15 86.15
 85.49 -85.49
 -229.9 229.9
 329.2 -329.2
 237.5 -237.5
 -6.191 6.191
 -18.83 18.83
 -26.39 26.39
 -66.2 66.2
 -49.87 49.87
 -10.39 10.39
 -106.7 106.7
 -61.69 61.69
 101.2 -101.2
 -23.73 23.73
 416 -416
 -75.26 75.26
 21.3 -21.3
 22.12 -22.12
 169.8 -169.8
 -76.73 76.73
 -173.7 173.7
 29.65 -29.65
 -104 104
 58.99 -58.99
 11 -11
 12.03 -12.03
 226.4 -226.4
 -33.9 33.9
 -66.97 66.97
 -78.95 78.95
 -39.77 39.77
 -29.71 29.71
 -15.35 15.35
 -34.71 34.71
 -7.348 7.348
 -123 123
 -3.323 3.323
 70.19 -70.19
 -70.48 70.48
 195 -195
 50.78 -50.78
 -46.74 46.74
 22.2 -22.2
 55.14 -55.14
 -150.7 150.7
 75.68 -75.68
 -34.33 34.33
 53.1 -53.1
 -79.64 79.64
 -154.4 154.4
 228.6 -228.6
 3.607 -3.607
 -1.433 1.433
 -189 189
 172.9 -172.9
 -49.33 49.33
 2.9 -2.9
 -64.71 64.71
 30.51 -30.51
 -38.68 38.68
 -72.4 72.4
 -109.5 109.5
 4.701 -4.701
 -50.78 50.78
 -42.78 42.78
 20 -20
 -83.06 83.06
 68.42 -68.42
 -2.546 2.546
 -4.648 4.648
 -15.73 15.73
 -52.27 52.27
 38.96 -38.96
 -11.99 11.99
 -10.44 10.44
 32.33 -32.33
 -37.73 37.73
 32.76 -32.76
 -48.99 48.99
 -57.79 57.79
 41.12 -41.12
 -39.41 39.41
 14.67 -14.67
 -9.332 9.332
 -66.62 66.62
 108.5 -108.5
 139.5 -139.5
 -36.05 36.05
 37.7 -37.7
 -67.18 67.18
 -119.4 119.4
 87.53 -87.53
 81.01 -81.01
 -65.22 65.22
 15.8 -15.8
 -10.65 10.65
 -69.81 69.81
 29.65 -29.65
 295.3 -295.3
 -49.56 49.56
 -79.33 79.33
 -1.86 1.86
 -42.23 42.23
 -4.377 4.377
 223.7 -223.7
 35.58 -35.58
 36.78 -36.78
 -152.2 152.2
 -79.12 79.12
 -110.8 110.8
 317.4 -317.4
 -16.73 16.73
 51.75 -51.75
 -84.84 84.84
 49.71 -49.71
 387 -387
 -137.3 137.3
 -21.7 21.7
 107.9 -107.9
 -193.7 193.7
 -55.52 55.52
 -42.4 42.4
 -46.66 46.66
 -56.08 56.08
 7.451 -7.451
 -170.4 170.4
 -9.777 9.777
 -32.28 32.28
 140.8 -140.8
 25.24 -25.24
 35.29 -35.29
 -26.57 26.57
 -6.939 6.939
 69.04 -69.04
 -18.65 18.65
 -93.09 93.09
 75.98 -75.98
 -32.43 32.43
 9.252 -9.252
 25.34 -25.34
 -70.1 70.1
 -73.28 73.28


