# Created by Octave 5.2.0, Fri Sep 25 00:34:26 2020 CEST <jiwidi@land>
# name: w
# type: matrix
# rows: 2001
# columns: 2
 -2000 2000
 1.288e+04 -1.288e+04
 -2.061e+04 2.061e+04
 3979 -3979
 -6685 6685
 1.48e+04 -1.48e+04
 3.202e+04 -3.202e+04
 2842 -2842
 5470 -5470
 -1.044e+04 1.044e+04
 2.422e+04 -2.422e+04
 -8706 8706
 1269 -1269
 1.095e+04 -1.095e+04
 -5418 5418
 -3.79e+04 3.79e+04
 1.729e+04 -1.729e+04
 -1.271e+04 1.271e+04
 -4332 4332
 1.77e+04 -1.77e+04
 -2.165e+04 2.165e+04
 -3.594e+04 3.594e+04
 -8727 8727
 -2.787e+04 2.787e+04
 1.795e+04 -1.795e+04
 -2.683e+04 2.683e+04
 1958 -1958
 4.018e+04 -4.018e+04
 -8387 8387
 -1717 1717
 -2120 2120
 -1032 1032
 1.905e+04 -1.905e+04
 -5222 5222
 1.66e+04 -1.66e+04
 -2.731e+04 2.731e+04
 -3.321e+04 3.321e+04
 -8641 8641
 -1.937e+04 1.937e+04
 -1.002e+04 1.002e+04
 -2.176e+04 2.176e+04
 2.171e+04 -2.171e+04
 -1.157e+04 1.157e+04
 -1.633e+04 1.633e+04
 2489 -2489
 3.319e+04 -3.319e+04
 -7552 7552
 4.96e+04 -4.96e+04
 -2.804e+04 2.804e+04
 7556 -7556
 5032 -5032
 1.008e+04 -1.008e+04
 -243.1 243.1
 -2.648e+04 2.648e+04
 5.455e+04 -5.455e+04
 2.648e+04 -2.648e+04
 6047 -6047
 5744 -5744
 1804 -1804
 -2483 2483
 9502 -9502
 -1.369e+04 1.369e+04
 1.359e+04 -1.359e+04
 2e+04 -2e+04
 -1.38e+04 1.38e+04
 -5551 5551
 2.503e+04 -2.503e+04
 -1.35e+04 1.35e+04
 1.482e+04 -1.482e+04
 1.472e+04 -1.472e+04
 -3.825e+04 3.825e+04
 -3.152e+04 3.152e+04
 -1.287e+04 1.287e+04
 1.912e+04 -1.912e+04
 5.185e+04 -5.185e+04
 -2.088e+04 2.088e+04
 -7.241e+04 7.241e+04
 -2.261e+04 2.261e+04
 1.834e+04 -1.834e+04
 -5014 5014
 1.92e+04 -1.92e+04
 -4267 4267
 -1.09e+04 1.09e+04
 -8126 8126
 3.534e+04 -3.534e+04
 9399 -9399
 -2.795e+04 2.795e+04
 -8635 8635
 -215.8 215.8
 -1.064e+04 1.064e+04
 6522 -6522
 1.6e+04 -1.6e+04
 2.608e+04 -2.608e+04
 -1.373e+04 1.373e+04
 8430 -8430
 -1.739e+04 1.739e+04
 -3418 3418
 4.564e+04 -4.564e+04
 -2.217e+04 2.217e+04
 -5437 5437
 1.891e+04 -1.891e+04
 3.36e+04 -3.36e+04
 -1.322e+04 1.322e+04
 -5.294e+04 5.294e+04
 1.631e+04 -1.631e+04
 6476 -6476
 7885 -7885
 1.011e+04 -1.011e+04
 8032 -8032
 -790.2 790.2
 4.463e+04 -4.463e+04
 -5333 5333
 -1.844e+04 1.844e+04
 -1243 1243
 -3.679e+04 3.679e+04
 -1.469e+04 1.469e+04
 5943 -5943
 -2155 2155
 -2.011e+04 2.011e+04
 -3.467e+04 3.467e+04
 1.039e+04 -1.039e+04
 3.826e+04 -3.826e+04
 -3.449e+04 3.449e+04
 6420 -6420
 -4883 4883
 -4.569e+04 4.569e+04
 -1.256e+04 1.256e+04
 2222 -2222
 -4730 4730
 -1.968e+04 1.968e+04
 1.07e+04 -1.07e+04
 5492 -5492
 1.045e+04 -1.045e+04
 2.063e+04 -2.063e+04
 1.212e+04 -1.212e+04
 -2.893e+04 2.893e+04
 1.633e+04 -1.633e+04
 -5.332e+04 5.332e+04
 -1.56e+04 1.56e+04
 3382 -3382
 -2.525e+04 2.525e+04
 -2.266e+04 2.266e+04
 3919 -3919
 -9525 9525
 1620 -1620
 -1.535e+04 1.535e+04
 1.966e+04 -1.966e+04
 -1.221e+04 1.221e+04
 -1.981e+04 1.981e+04
 1.154e+04 -1.154e+04
 -3813 3813
 -4.591e+04 4.591e+04
 2.408e+04 -2.408e+04
 8.671e+04 -8.671e+04
 6210 -6210
 -1.54e+04 1.54e+04
 -3.496e+04 3.496e+04
 4674 -4674
 -2.612e+04 2.612e+04
 -2.062e+04 2.062e+04
 -6306 6306
 3.117e+04 -3.117e+04
 -7120 7120
 -5.638e+04 5.638e+04
 3.885e+04 -3.885e+04
 1.013e+05 -1.013e+05
 3.313e+04 -3.313e+04
 8253 -8253
 1.727e+04 -1.727e+04
 -5614 5614
 5011 -5011
 3.464e+04 -3.464e+04
 1.783e+04 -1.783e+04
 -1.046e+04 1.046e+04
 1.616e+04 -1.616e+04
 9082 -9082
 -2.787e+04 2.787e+04
 3.866e+04 -3.866e+04
 -1.344e+04 1.344e+04
 -1744 1744
 -7465 7465
 1.926e+04 -1.926e+04
 -6.125e+04 6.125e+04
 2.262e+04 -2.262e+04
 8886 -8886
 -8368 8368
 3.017e+04 -3.017e+04
 -7014 7014
 -5761 5761
 -3.439e+04 3.439e+04
 3.203e+04 -3.203e+04
 2.041e+04 -2.041e+04
 7675 -7675
 1897 -1897
 -1.632e+04 1.632e+04
 -4.236e+04 4.236e+04
 -6303 6303
 -9338 9338
 1.328e+04 -1.328e+04
 3.67e+04 -3.67e+04
 1.441e+04 -1.441e+04
 -3.259e+04 3.259e+04
 -1.089e+04 1.089e+04
 3.081e+04 -3.081e+04
 1.501e+04 -1.501e+04
 2138 -2138
 -4.452e+04 4.452e+04
 -3.438e+04 3.438e+04
 -8268 8268
 3.991e+04 -3.991e+04
 -9.989e+04 9.989e+04
 2.456e+04 -2.456e+04
 -3.441e+04 3.441e+04
 1677 -1677
 -2.613e+04 2.613e+04
 4.049e+04 -4.049e+04
 -2.024e+04 2.024e+04
 -3.162e+04 3.162e+04
 1.43e+04 -1.43e+04
 -2705 2705
 -2.721e+04 2.721e+04
 1.024e+04 -1.024e+04
 -1.224e+04 1.224e+04
 2.032e+04 -2.032e+04
 -9078 9078
 2.181e+04 -2.181e+04
 -7118 7118
 -3.259e+04 3.259e+04
 3.359e+04 -3.359e+04
 -2.13e+04 2.13e+04
 2.808e+04 -2.808e+04
 -2635 2635
 3854 -3854
 -4.869e+04 4.869e+04
 2.702e+04 -2.702e+04
 -2.374e+04 2.374e+04
 -3.159e+04 3.159e+04
 -2.323e+04 2.323e+04
 2.629e+04 -2.629e+04
 2.618e+04 -2.618e+04
 -2.839e+04 2.839e+04
 -6935 6935
 -2.4e+04 2.4e+04
 1.034e+04 -1.034e+04
 -1.265e+04 1.265e+04
 -5374 5374
 1.233e+04 -1.233e+04
 -2.669e+04 2.669e+04
 -2.417e+04 2.417e+04
 -2.561e+04 2.561e+04
 1.378e+04 -1.378e+04
 5325 -5325
 7512 -7512
 2.793e+04 -2.793e+04
 -5634 5634
 1.273e+04 -1.273e+04
 1.705e+04 -1.705e+04
 4.333e+04 -4.333e+04
 2.256e+04 -2.256e+04
 1542 -1542
 6.003e+04 -6.003e+04
 -2.674e+04 2.674e+04
 -4886 4886
 -1.739e+04 1.739e+04
 2.41e+04 -2.41e+04
 -4019 4019
 3642 -3642
 -1.991e+04 1.991e+04
 1.405e+04 -1.405e+04
 2.445e+04 -2.445e+04
 4376 -4376
 1.876e+04 -1.876e+04
 1.15e+04 -1.15e+04
 1.15e+04 -1.15e+04
 -5893 5893
 1.211e+04 -1.211e+04
 1.157e+04 -1.157e+04
 1.407e+04 -1.407e+04
 -1.926e+04 1.926e+04
 -5.639e+04 5.639e+04
 -1.187e+04 1.187e+04
 2.029e+04 -2.029e+04
 -8636 8636
 2.974e+04 -2.974e+04
 4.996e+04 -4.996e+04
 4283 -4283
 -1.604e+04 1.604e+04
 1023 -1023
 -2000 2000
 -2.477e+04 2.477e+04
 -1124 1124
 -5.799e+04 5.799e+04
 4.392e+04 -4.392e+04
 8309 -8309
 795 -795
 2.443e+04 -2.443e+04
 -6.928e+04 6.928e+04
 -7295 7295
 -5154 5154
 7697 -7697
 -1.541e+04 1.541e+04
 -6386 6386
 2752 -2752
 -3.54e+04 3.54e+04
 3.218e+04 -3.218e+04
 9479 -9479
 7284 -7284
 2216 -2216
 -1.268e+04 1.268e+04
 3.61e+04 -3.61e+04
 2.506e+04 -2.506e+04
 8.139e+04 -8.139e+04
 -3.11e+04 3.11e+04
 4432 -4432
 -9296 9296
 -2.436e+04 2.436e+04
 3.731e+04 -3.731e+04
 4.401e+04 -4.401e+04
 -2.391e+04 2.391e+04
 1.691e+04 -1.691e+04
 1.492e+04 -1.492e+04
 1.147e+05 -1.147e+05
 3.487e+04 -3.487e+04
 1.576e+04 -1.576e+04
 -649.7 649.7
 2679 -2679
 3.354e+04 -3.354e+04
 -5414 5414
 -2.578e+04 2.578e+04
 4212 -4212
 -2.167e+04 2.167e+04
 1.997e+04 -1.997e+04
 -2.303e+04 2.303e+04
 -2.62e+04 2.62e+04
 -1.083e+04 1.083e+04
 -8807 8807
 -3840 3840
 -4139 4139
 -1947 1947
 2.39e+04 -2.39e+04
 -6536 6536
 -5.897e+04 5.897e+04
 -2.156e+04 2.156e+04
 1.779e+04 -1.779e+04
 -1.497e+04 1.497e+04
 -4352 4352
 1.915e+04 -1.915e+04
 2.541e+04 -2.541e+04
 4.515e+04 -4.515e+04
 6.388e+04 -6.388e+04
 -1.281e+04 1.281e+04
 -2.901e+04 2.901e+04
 -3.502e+04 3.502e+04
 -1.982e+04 1.982e+04
 1.91e+04 -1.91e+04
 2.268e+04 -2.268e+04
 -6.505e+04 6.505e+04
 3.457e+04 -3.457e+04
 -793 793
 5.995e+04 -5.995e+04
 -2.658e+04 2.658e+04
 -2.693e+04 2.693e+04
 -2.986e+04 2.986e+04
 2.984e+04 -2.984e+04
 -1.09e+04 1.09e+04
 -7469 7469
 4.746e+04 -4.746e+04
 -2.328e+04 2.328e+04
 2.237e+04 -2.237e+04
 -7.897e+04 7.897e+04
 1.592e+04 -1.592e+04
 1.907e+04 -1.907e+04
 8209 -8209
 -4.254e+04 4.254e+04
 -2.603e+04 2.603e+04
 -1380 1380
 3.039e+04 -3.039e+04
 3.583e+04 -3.583e+04
 -2.03e+04 2.03e+04
 -2.825e+04 2.825e+04
 -1374 1374
 -4.041e+04 4.041e+04
 -5660 5660
 -3.191e+04 3.191e+04
 5.064e+04 -5.064e+04
 4.22e+04 -4.22e+04
 -2381 2381
 2.443e+04 -2.443e+04
 3167 -3167
 -1.019e+04 1.019e+04
 -4377 4377
 -1.162e+04 1.162e+04
 5925 -5925
 -4.484e+04 4.484e+04
 1.37e+04 -1.37e+04
 -1.474e+04 1.474e+04
 -2833 2833
 -1.23e+04 1.23e+04
 -7757 7757
 7.109e+04 -7.109e+04
 -2.094e+04 2.094e+04
 -2.602e+04 2.602e+04
 -1.335e+04 1.335e+04
 -7417 7417
 -6183 6183
 -2.832e+04 2.832e+04
 -1.431e+04 1.431e+04
 2.008e+04 -2.008e+04
 -2.796e+04 2.796e+04
 4.256e+04 -4.256e+04
 -1.248e+04 1.248e+04
 1.699e+04 -1.699e+04
 -8439 8439
 -7131 7131
 -5.617e+04 5.617e+04
 2826 -2826
 7.48e+04 -7.48e+04
 -1.934e+04 1.934e+04
 4.133e+04 -4.133e+04
 1.735e+04 -1.735e+04
 3.366e+04 -3.366e+04
 -2.64e+04 2.64e+04
 9.282e+04 -9.282e+04
 -1.645e+04 1.645e+04
 -2.385e+04 2.385e+04
 -1.128e+04 1.128e+04
 -1.111e+04 1.111e+04
 -9394 9394
 -2.29e+04 2.29e+04
 -1.452e+04 1.452e+04
 3.052e+04 -3.052e+04
 -1.904e+04 1.904e+04
 4.482e+04 -4.482e+04
 -9859 9859
 -3.604e+04 3.604e+04
 -4433 4433
 1188 -1188
 2.364e+04 -2.364e+04
 -2.678e+04 2.678e+04
 -7235 7235
 2508 -2508
 5758 -5758
 -4.113e+04 4.113e+04
 3.742e+04 -3.742e+04
 -1.529 1.529
 -389.2 389.2
 -9092 9092
 -2.311e+04 2.311e+04
 1.901e+04 -1.901e+04
 2.385e+04 -2.385e+04
 -2.492e+04 2.492e+04
 2900 -2900
 5.253e+04 -5.253e+04
 3.511e+04 -3.511e+04
 1.874e+04 -1.874e+04
 3.23e+04 -3.23e+04
 -1.917e+04 1.917e+04
 2.592e+04 -2.592e+04
 -1.042e+04 1.042e+04
 2.522e+04 -2.522e+04
 -2.329e+04 2.329e+04
 -231.3 231.3
 4.503e+04 -4.503e+04
 7420 -7420
 3.753e+04 -3.753e+04
 2.735e+04 -2.735e+04
 1.954e+04 -1.954e+04
 -3757 3757
 2477 -2477
 6749 -6749
 -1.611e+04 1.611e+04
 -2273 2273
 -7865 7865
 -1.129e+04 1.129e+04
 -585.7 585.7
 2.194e+04 -2.194e+04
 1.967e+04 -1.967e+04
 7008 -7008
 1603 -1603
 2.267e+04 -2.267e+04
 -2925 2925
 1666 -1666
 617.6 -617.6
 141.9 -141.9
 8685 -8685
 -365.1 365.1
 -1.572e+04 1.572e+04
 -9.029e+04 9.029e+04
 -1.237e+04 1.237e+04
 7067 -7067
 6670 -6670
 1.091e+04 -1.091e+04
 -1.628e+04 1.628e+04
 -5693 5693
 7131 -7131
 -2.333e+04 2.333e+04
 -1.746e+04 1.746e+04
 -2.13e+04 2.13e+04
 2.186e+04 -2.186e+04
 -5.873e+04 5.873e+04
 1.678e+04 -1.678e+04
 1.133e+04 -1.133e+04
 -3.307e+04 3.307e+04
 -9814 9814
 -1.192e+04 1.192e+04
 -3.667e+04 3.667e+04
 -1.338e+04 1.338e+04
 2.629e+04 -2.629e+04
 1.487e+04 -1.487e+04
 839.4 -839.4
 -2825 2825
 -4243 4243
 -3.457e+04 3.457e+04
 -1.853e+04 1.853e+04
 2.744e+04 -2.744e+04
 -4.111e+04 4.111e+04
 -1.963e+04 1.963e+04
 6651 -6651
 -6084 6084
 -2.605e+04 2.605e+04
 -3626 3626
 2.6e+04 -2.6e+04
 -4.745e+04 4.745e+04
 3662 -3662
 -5.598e+04 5.598e+04
 2.403e+04 -2.403e+04
 9346 -9346
 -2.011e+04 2.011e+04
 1023 -1023
 -9968 9968
 2.603e+04 -2.603e+04
 -6381 6381
 -3.168e+04 3.168e+04
 1.453e+04 -1.453e+04
 -1.626e+04 1.626e+04
 -6.186e+04 6.186e+04
 5.53e+04 -5.53e+04
 5398 -5398
 2.929e+04 -2.929e+04
 -359.6 359.6
 -9342 9342
 -3.285e+04 3.285e+04
 -6269 6269
 1.238e+04 -1.238e+04
 4.703e+04 -4.703e+04
 -2.984e+04 2.984e+04
 2.17e+04 -2.17e+04
 -2.484e+04 2.484e+04
 -2.314e+04 2.314e+04
 2222 -2222
 4.367e+04 -4.367e+04
 -2.079e+04 2.079e+04
 7.205e+04 -7.205e+04
 -1.521e+04 1.521e+04
 2.116e+04 -2.116e+04
 2.067e+04 -2.067e+04
 6794 -6794
 -2.719e+04 2.719e+04
 1.436e+04 -1.436e+04
 119.2 -119.2
 2.932e+04 -2.932e+04
 -2.069e+04 2.069e+04
 2372 -2372
 1515 -1515
 -3.542e+04 3.542e+04
 -4.026e+04 4.026e+04
 7035 -7035
 1.209e+04 -1.209e+04
 1.516e+04 -1.516e+04
 -5331 5331
 -1.767e+04 1.767e+04
 -5399 5399
 -1.905e+04 1.905e+04
 9.349e+04 -9.349e+04
 -2.097e+04 2.097e+04
 -926.4 926.4
 -1184 1184
 2.386e+04 -2.386e+04
 3.424e+04 -3.424e+04
 -8145 8145
 2.029e+04 -2.029e+04
 -1.307e+04 1.307e+04
 -1.893e+04 1.893e+04
 -5906 5906
 2.889e+04 -2.889e+04
 5.011e+04 -5.011e+04
 1.168e+04 -1.168e+04
 1087 -1087
 -1.573e+04 1.573e+04
 3278 -3278
 -5118 5118
 1.087e+04 -1.087e+04
 -5.447e+04 5.447e+04
 5.573e+04 -5.573e+04
 -4195 4195
 -4196 4196
 -1.738e+04 1.738e+04
 2.076e+04 -2.076e+04
 -1.014e+04 1.014e+04
 2.08e+04 -2.08e+04
 -1.946e+04 1.946e+04
 -8317 8317
 5657 -5657
 2.838e+04 -2.838e+04
 3.157e+04 -3.157e+04
 4722 -4722
 8.746e+04 -8.746e+04
 4.554e+04 -4.554e+04
 -3.553e+04 3.553e+04
 9360 -9360
 -1.556e+04 1.556e+04
 -3.36e+04 3.36e+04
 1.693e+04 -1.693e+04
 -1.017e+04 1.017e+04
 -3.565e+04 3.565e+04
 -6960 6960
 -1.788e+04 1.788e+04
 -2.729e+04 2.729e+04
 2.21e+04 -2.21e+04
 -1.503e+04 1.503e+04
 -8190 8190
 1.638e+04 -1.638e+04
 -9268 9268
 4640 -4640
 -7638 7638
 1.298e+04 -1.298e+04
 -3.337e+04 3.337e+04
 -1.547e+04 1.547e+04
 -6487 6487
 1.347e+04 -1.347e+04
 -1.311e+04 1.311e+04
 -3.413e+04 3.413e+04
 -4307 4307
 -1.37e+04 1.37e+04
 2636 -2636
 -5.176e+04 5.176e+04
 -1.264e+04 1.264e+04
 -7822 7822
 904.6 -904.6
 -1.207e+04 1.207e+04
 -1.78e+04 1.78e+04
 2.693e+04 -2.693e+04
 -1.022e+04 1.022e+04
 1.697e+04 -1.697e+04
 -4.515e+04 4.515e+04
 -1.146e+04 1.146e+04
 -689.9 689.9
 -1.723e+04 1.723e+04
 -1.976e+04 1.976e+04
 -1135 1135
 3.766e+04 -3.766e+04
 8436 -8436
 2.849e+04 -2.849e+04
 6.973e+04 -6.973e+04
 -4610 4610
 2.583e+04 -2.583e+04
 -2.137e+04 2.137e+04
 1.242e+04 -1.242e+04
 -2826 2826
 -4049 4049
 1.217e+04 -1.217e+04
 -6.036e+04 6.036e+04
 -2.04e+04 2.04e+04
 -4.022e+04 4.022e+04
 -411 411
 2.925e+04 -2.925e+04
 -5.35e+04 5.35e+04
 1549 -1549
 3330 -3330
 -5.421e+04 5.421e+04
 -2.051e+04 2.051e+04
 -6204 6204
 5139 -5139
 1106 -1106
 -5.201e+04 5.201e+04
 -3.078e+04 3.078e+04
 3.456e+04 -3.456e+04
 -7903 7903
 4246 -4246
 -2.924e+04 2.924e+04
 1007 -1007
 -1.517e+04 1.517e+04
 -3.319e+04 3.319e+04
 -2.238e+04 2.238e+04
 1943 -1943
 -2.719e+04 2.719e+04
 5918 -5918
 140.9 -140.9
 4475 -4475
 -3.166e+04 3.166e+04
 -2.478e+04 2.478e+04
 9883 -9883
 -1.033e+04 1.033e+04
 -1.059e+04 1.059e+04
 -2092 2092
 -5.498e+04 5.498e+04
 1.691e+04 -1.691e+04
 666.2 -666.2
 1.439e+04 -1.439e+04
 5882 -5882
 -1.135e+04 1.135e+04
 -5007 5007
 6.906e+04 -6.906e+04
 -5865 5865
 -5613 5613
 3.645e+04 -3.645e+04
 -2.738e+04 2.738e+04
 -4033 4033
 -1689 1689
 7199 -7199
 -2.653e+04 2.653e+04
 5.573e+04 -5.573e+04
 -7105 7105
 4.309e+04 -4.309e+04
 3.749e+04 -3.749e+04
 -2.384e+04 2.384e+04
 1.508e+05 -1.508e+05
 -5.554e+04 5.554e+04
 8917 -8917
 2298 -2298
 6603 -6603
 -5.875e+04 5.875e+04
 -2.289e+04 2.289e+04
 -7392 7392
 -8107 8107
 -2.496e+04 2.496e+04
 -6081 6081
 6.983e+04 -6.983e+04
 -3.449e+04 3.449e+04
 5.504e+04 -5.504e+04
 -6633 6633
 1.532e+04 -1.532e+04
 -8889 8889
 9800 -9800
 -3.916e+04 3.916e+04
 -1701 1701
 -2.566e+04 2.566e+04
 -1.339e+04 1.339e+04
 -3.468e+04 3.468e+04
 1672 -1672
 -5356 5356
 -3.062e+04 3.062e+04
 5.616e+04 -5.616e+04
 8305 -8305
 6299 -6299
 2117 -2117
 1.321e+04 -1.321e+04
 -1.76e+04 1.76e+04
 4.774e+04 -4.774e+04
 -1.449e+04 1.449e+04
 8886 -8886
 4.451e+04 -4.451e+04
 -4.146e+04 4.146e+04
 -3707 3707
 -2161 2161
 -2.913e+04 2.913e+04
 -1.59e+04 1.59e+04
 -4262 4262
 7717 -7717
 7.644e+04 -7.644e+04
 -2.727e+04 2.727e+04
 -3.268e+04 3.268e+04
 -2.733e+04 2.733e+04
 -8786 8786
 -6200 6200
 3.955e+04 -3.955e+04
 -1.477e+04 1.477e+04
 2647 -2647
 2858 -2858
 -6.877e+04 6.877e+04
 1.705e+04 -1.705e+04
 -2.97e+04 2.97e+04
 2.031e+04 -2.031e+04
 -2.309e+04 2.309e+04
 2.128e+04 -2.128e+04
 3.048e+04 -3.048e+04
 -2.788e+04 2.788e+04
 -1.533e+04 1.533e+04
 -1.906e+04 1.906e+04
 4.26e+04 -4.26e+04
 -1903 1903
 1.91e+04 -1.91e+04
 5.357e+04 -5.357e+04
 -2113 2113
 2.588e+04 -2.588e+04
 -1.105e+04 1.105e+04
 2.067e+04 -2.067e+04
 3200 -3200
 -3606 3606
 -4.415e+04 4.415e+04
 5.486e+04 -5.486e+04
 -1.381e+04 1.381e+04
 2.817e+04 -2.817e+04
 -1.138e+04 1.138e+04
 -2.15e+04 2.15e+04
 8050 -8050
 -3.367e+04 3.367e+04
 -1.427e+04 1.427e+04
 301 -301
 1.251e+04 -1.251e+04
 6.824e+04 -6.824e+04
 5010 -5010
 1.977e+04 -1.977e+04
 7.233e+04 -7.233e+04
 1211 -1211
 2.007e+04 -2.007e+04
 -1.059e+04 1.059e+04
 -1.07e+04 1.07e+04
 -1.007e+04 1.007e+04
 -4389 4389
 1608 -1608
 4.844e+04 -4.844e+04
 3323 -3323
 6060 -6060
 9694 -9694
 -1.279e+04 1.279e+04
 -3.109e+04 3.109e+04
 2.773e+04 -2.773e+04
 -2.194e+04 2.194e+04
 2.532e+04 -2.532e+04
 6821 -6821
 -2.721e+04 2.721e+04
 4.732e+04 -4.732e+04
 -8900 8900
 3.994e+04 -3.994e+04
 1.255e+04 -1.255e+04
 1.335e+04 -1.335e+04
 -1314 1314
 2.704e+04 -2.704e+04
 -1.844e+04 1.844e+04
 5.056e+04 -5.056e+04
 580.1 -580.1
 3264 -3264
 -2.418e+04 2.418e+04
 -5267 5267
 -2.855e+04 2.855e+04
 4760 -4760
 3.726e+04 -3.726e+04
 1.427e+04 -1.427e+04
 -1.894e+04 1.894e+04
 5484 -5484
 -1.319e+04 1.319e+04
 -1.449e+04 1.449e+04
 3.928e+04 -3.928e+04
 2.041e+04 -2.041e+04
 -5.412e+04 5.412e+04
 -2.704e+04 2.704e+04
 -1.122e+04 1.122e+04
 -2.789e+04 2.789e+04
 5.098e+04 -5.098e+04
 -1.386e+04 1.386e+04
 1.681e+04 -1.681e+04
 -3.309e+04 3.309e+04
 -7127 7127
 -2.771e+04 2.771e+04
 3.606e+04 -3.606e+04
 1.65e+04 -1.65e+04
 -2.297e+04 2.297e+04
 6108 -6108
 -4409 4409
 -5766 5766
 -9869 9869
 -3533 3533
 -1.248e+04 1.248e+04
 7946 -7946
 2191 -2191
 -1.566e+04 1.566e+04
 -2249 2249
 -9556 9556
 -9298 9298
 4.742e+04 -4.742e+04
 -459 459
 4825 -4825
 5.305e+04 -5.305e+04
 -2.162e+04 2.162e+04
 4374 -4374
 -1.86e+04 1.86e+04
 1.892e+04 -1.892e+04
 5.479e+04 -5.479e+04
 -6657 6657
 4.374e+04 -4.374e+04
 4.481e+04 -4.481e+04
 -1.355e+04 1.355e+04
 4.645e+04 -4.645e+04
 -5776 5776
 3.903e+04 -3.903e+04
 3.158e+04 -3.158e+04
 -475.3 475.3
 -1.091e+04 1.091e+04
 -9027 9027
 -5865 5865
 -2.943e+04 2.943e+04
 2849 -2849
 1.435e+04 -1.435e+04
 1.601e+04 -1.601e+04
 -2.278e+04 2.278e+04
 6.377e+04 -6.377e+04
 -2.33e+04 2.33e+04
 88.08 -88.08
 5964 -5964
 -9851 9851
 7946 -7946
 1.188e+04 -1.188e+04
 4.725e+04 -4.725e+04
 -2.982e+04 2.982e+04
 1.234e+04 -1.234e+04
 1.144e+04 -1.144e+04
 1500 -1500
 -1.471e+04 1.471e+04
 1.528e+04 -1.528e+04
 7.196e+04 -7.196e+04
 -1572 1572
 3.689e+04 -3.689e+04
 -885 885
 -1.628e+04 1.628e+04
 -142.6 142.6
 4280 -4280
 2.822e+04 -2.822e+04
 2.216e+04 -2.216e+04
 -1.846e+04 1.846e+04
 -2.459e+04 2.459e+04
 -6891 6891
 -6236 6236
 -1.582e+04 1.582e+04
 -4.566e+04 4.566e+04
 -7791 7791
 2.366e+04 -2.366e+04
 -3621 3621
 -8216 8216
 -4.442e+04 4.442e+04
 -2350 2350
 -4.443e+04 4.443e+04
 1.676e+04 -1.676e+04
 -3011 3011
 -1.021e+04 1.021e+04
 1.082e+04 -1.082e+04
 2.672e+04 -2.672e+04
 3.811e+04 -3.811e+04
 8873 -8873
 6833 -6833
 1.823e+04 -1.823e+04
 -1.181e+04 1.181e+04
 -1.425e+04 1.425e+04
 1668 -1668
 -940.1 940.1
 -1.039e+04 1.039e+04
 3900 -3900
 -1.163e+04 1.163e+04
 -1.047e+04 1.047e+04
 -1.488e+04 1.488e+04
 4.781e+04 -4.781e+04
 -3.059e+04 3.059e+04
 1398 -1398
 -3.523e+04 3.523e+04
 -4217 4217
 -4.278e+04 4.278e+04
 7738 -7738
 -4146 4146
 6728 -6728
 -4142 4142
 -8529 8529
 -3.402e+04 3.402e+04
 1.989e+04 -1.989e+04
 -7111 7111
 1.624e+04 -1.624e+04
 1.337e+04 -1.337e+04
 -2.996e+04 2.996e+04
 -4.825e+04 4.825e+04
 -2.428e+04 2.428e+04
 -2.639e+04 2.639e+04
 -249.9 249.9
 8.707e+04 -8.707e+04
 -4924 4924
 2.134e+04 -2.134e+04
 -4407 4407
 5340 -5340
 -2752 2752
 2.06e+04 -2.06e+04
 -8341 8341
 2.3e+04 -2.3e+04
 1.292e+04 -1.292e+04
 -478.6 478.6
 -2.84e+04 2.84e+04
 -5665 5665
 -1.699e+04 1.699e+04
 1.633e+04 -1.633e+04
 2.361e+04 -2.361e+04
 -9681 9681
 1.497e+04 -1.497e+04
 2.985e+04 -2.985e+04
 -2.366e+04 2.366e+04
 3.269e+04 -3.269e+04
 -3030 3030
 5960 -5960
 2865 -2865
 -1.907e+04 1.907e+04
 -2.125e+04 2.125e+04
 -3.929e+04 3.929e+04
 3.696e+04 -3.696e+04
 4509 -4509
 2636 -2636
 1.157e+04 -1.157e+04
 -1.928e+04 1.928e+04
 4246 -4246
 5.507e+04 -5.507e+04
 -2.296e+04 2.296e+04
 9068 -9068
 -1.313e+04 1.313e+04
 -2.029e+04 2.029e+04
 -3603 3603
 2013 -2013
 1343 -1343
 -947.7 947.7
 1.213e+04 -1.213e+04
 7137 -7137
 2.332e+04 -2.332e+04
 -1.62e+04 1.62e+04
 4.468e+04 -4.468e+04
 -1422 1422
 3509 -3509
 2647 -2647
 -2.397e+04 2.397e+04
 2.393e+04 -2.393e+04
 -1.958e+04 1.958e+04
 -2.808e+04 2.808e+04
 -1.606e+04 1.606e+04
 -1.089e+04 1.089e+04
 -747.3 747.3
 2.342e+04 -2.342e+04
 -2.592e+04 2.592e+04
 -2.318e+04 2.318e+04
 1289 -1289
 -1.096e+04 1.096e+04
 -8646 8646
 -1.063e+04 1.063e+04
 -1.04e+04 1.04e+04
 -2.116e+04 2.116e+04
 -1801 1801
 -1.367e+04 1.367e+04
 1677 -1677
 2264 -2264
 -1.699e+04 1.699e+04
 -1.673e+04 1.673e+04
 -1.798e+04 1.798e+04
 -9616 9616
 -1.028e+04 1.028e+04
 3.811e+04 -3.811e+04
 -1.179e+04 1.179e+04
 1.16e+04 -1.16e+04
 2.492e+04 -2.492e+04
 -8.639e+04 8.639e+04
 -3579 3579
 3677 -3677
 -2.848e+04 2.848e+04
 -4476 4476
 -1.686e+04 1.686e+04
 -3035 3035
 6507 -6507
 -1.454e+04 1.454e+04
 -3.407e+04 3.407e+04
 -2.336e+04 2.336e+04
 1.25e+04 -1.25e+04
 3.048e+04 -3.048e+04
 -2.415e+04 2.415e+04
 7208 -7208
 -4.709e+04 4.709e+04
 -1.447e+04 1.447e+04
 -7842 7842
 -2.645e+04 2.645e+04
 7227 -7227
 8381 -8381
 2104 -2104
 -1.325e+04 1.325e+04
 6.941e+04 -6.941e+04
 874.4 -874.4
 3.666e+04 -3.666e+04
 -3.185e+04 3.185e+04
 3.132e+04 -3.132e+04
 4926 -4926
 -3.384e+04 3.384e+04
 1.614e+04 -1.614e+04
 2.749e+04 -2.749e+04
 1119 -1119
 -2.908e+04 2.908e+04
 1.634e+04 -1.634e+04
 2.131e+04 -2.131e+04
 -3595 3595
 -8559 8559
 -2.206e+04 2.206e+04
 -1.443e+04 1.443e+04
 -2061 2061
 -3843 3843
 77.01 -77.01
 -3523 3523
 3.543e+04 -3.543e+04
 2.076e+04 -2.076e+04
 -1.605e+04 1.605e+04
 -1.315e+04 1.315e+04
 -2.02e+04 2.02e+04
 -1.457e+04 1.457e+04
 -1.782e+04 1.782e+04
 1.839e+04 -1.839e+04
 4959 -4959
 -3.708e+04 3.708e+04
 -1.785e+04 1.785e+04
 4233 -4233
 3.419e+04 -3.419e+04
 -2.453e+04 2.453e+04
 3373 -3373
 -2.869e+04 2.869e+04
 3.236e+04 -3.236e+04
 2.292e+04 -2.292e+04
 -1.132e+04 1.132e+04
 -3.019e+04 3.019e+04
 6.123e+04 -6.123e+04
 -1.424e+04 1.424e+04
 -116.5 116.5
 1.79e+04 -1.79e+04
 3219 -3219
 9598 -9598
 2.176e+04 -2.176e+04
 -1.348e+04 1.348e+04
 6730 -6730
 -2.979e+04 2.979e+04
 -1.667e+04 1.667e+04
 -5779 5779
 -1.629e+04 1.629e+04
 608.3 -608.3
 -1.385e+04 1.385e+04
 -8798 8798
 -4032 4032
 -2.935e+04 2.935e+04
 7575 -7575
 -8989 8989
 1.093e+04 -1.093e+04
 -3.311e+04 3.311e+04
 3719 -3719
 -1.901e+04 1.901e+04
 -3.185e+04 3.185e+04
 3.713e+04 -3.713e+04
 -1.79e+04 1.79e+04
 6085 -6085
 -2202 2202
 -1.534e+04 1.534e+04
 1.182e+04 -1.182e+04
 4539 -4539
 1819 -1819
 -6212 6212
 -1.98e+04 1.98e+04
 771.8 -771.8
 -2.141e+04 2.141e+04
 -3956 3956
 -3.936e+04 3.936e+04
 -452 452
 1.268e+04 -1.268e+04
 -3625 3625
 -5.728 5.728
 3.16e+04 -3.16e+04
 -2.058e+04 2.058e+04
 -5557 5557
 3.03e+04 -3.03e+04
 -1505 1505
 4.026e+04 -4.026e+04
 -1.88e+04 1.88e+04
 8668 -8668
 -1.209e+04 1.209e+04
 3866 -3866
 -1.09e+04 1.09e+04
 -4767 4767
 -6396 6396
 -880.1 880.1
 -2.079e+04 2.079e+04
 -2034 2034
 -4088 4088
 -1.022e+04 1.022e+04
 -3.976e+04 3.976e+04
 6.147e+04 -6.147e+04
 -1.239e+04 1.239e+04
 -7570 7570
 -1.279e+04 1.279e+04
 1.068e+04 -1.068e+04
 -1.07e+04 1.07e+04
 -1.19e+04 1.19e+04
 957.9 -957.9
 1.573e+04 -1.573e+04
 5514 -5514
 -8835 8835
 8586 -8586
 4.21e+04 -4.21e+04
 -1.624e+04 1.624e+04
 -2072 2072
 1.563e+04 -1.563e+04
 5460 -5460
 -8627 8627
 -1.732e+04 1.732e+04
 3.291e+04 -3.291e+04
 -7.057e+04 7.057e+04
 -3.735e+04 3.735e+04
 1.275e+04 -1.275e+04
 -9.251e+04 9.251e+04
 1114 -1114
 -3216 3216
 -1.239e+04 1.239e+04
 -2046 2046
 1545 -1545
 3943 -3943
 -8438 8438
 5751 -5751
 -6214 6214
 -5583 5583
 -2.404e+04 2.404e+04
 -3.337e+04 3.337e+04
 2.704e+04 -2.704e+04
 -4023 4023
 9520 -9520
 -1.414e+04 1.414e+04
 -3.996e+04 3.996e+04
 2.403e+04 -2.403e+04
 -8388 8388
 9.442e+04 -9.442e+04
 -6.905e+04 6.905e+04
 -8404 8404
 1.873e+04 -1.873e+04
 2.654e+04 -2.654e+04
 -2.625e+04 2.625e+04
 -3725 3725
 -2.873e+04 2.873e+04
 -4904 4904
 -2.479e+04 2.479e+04
 -2.345e+04 2.345e+04
 -1.123e+04 1.123e+04
 -4229 4229
 -4522 4522
 -2973 2973
 -1.994e+04 1.994e+04
 3.284e+04 -3.284e+04
 -3.569e+04 3.569e+04
 7.101e+04 -7.101e+04
 -2.447e+04 2.447e+04
 -1741 1741
 -3.08e+04 3.08e+04
 9765 -9765
 9420 -9420
 -1.56e+04 1.56e+04
 -2.017e+04 2.017e+04
 -5.944e+04 5.944e+04
 -7511 7511
 3.456e+04 -3.456e+04
 -3.721e+04 3.721e+04
 3.763e+04 -3.763e+04
 -3734 3734
 131.8 -131.8
 3503 -3503
 1.462e+04 -1.462e+04
 -2.009e+04 2.009e+04
 2497 -2497
 1.211e+04 -1.211e+04
 -3263 3263
 4.393e+04 -4.393e+04
 2.889e+04 -2.889e+04
 4.596e+04 -4.596e+04
 -5612 5612
 -3.011e+04 3.011e+04
 -1.863e+04 1.863e+04
 5996 -5996
 3.848e+04 -3.848e+04
 1.205e+04 -1.205e+04
 -1.014e+04 1.014e+04
 1850 -1850
 4089 -4089
 3.405e+04 -3.405e+04
 -3.43e+04 3.43e+04
 1.178e+04 -1.178e+04
 -2.299e+04 2.299e+04
 -5410 5410
 9898 -9898
 1.208e+04 -1.208e+04
 -1.826e+04 1.826e+04
 -2.051e+04 2.051e+04
 6942 -6942
 -3.173e+04 3.173e+04
 -6086 6086
 3.617e+04 -3.617e+04
 -1.853e+04 1.853e+04
 3.554e+04 -3.554e+04
 6246 -6246
 -2.791e+04 2.791e+04
 -4.065e+04 4.065e+04
 7110 -7110
 -2.09e+04 2.09e+04
 -1.8e+04 1.8e+04
 -1.389e+04 1.389e+04
 -2420 2420
 4.27e+04 -4.27e+04
 9.201e+04 -9.201e+04
 6865 -6865
 -2573 2573
 5.78e+04 -5.78e+04
 -3.707e+04 3.707e+04
 1.653e+04 -1.653e+04
 -1.323e+04 1.323e+04
 -9025 9025
 5.177e+04 -5.177e+04
 -1.332e+04 1.332e+04
 -5.77e+04 5.77e+04
 899.9 -899.9
 -4.073e+04 4.073e+04
 -1.655e+04 1.655e+04
 -8340 8340
 8504 -8504
 -5601 5601
 -1.001e+04 1.001e+04
 -2.896e+04 2.896e+04
 4100 -4100
 3.129e+04 -3.129e+04
 3.032e+04 -3.032e+04
 1.073e+04 -1.073e+04
 2.023e+04 -2.023e+04
 2.111e+04 -2.111e+04
 2.528e+04 -2.528e+04
 -1.048e+04 1.048e+04
 -2.71e+04 2.71e+04
 -2.33e+04 2.33e+04
 -1.507e+04 1.507e+04
 -1.177e+04 1.177e+04
 -9144 9144
 5676 -5676
 -7.859e+04 7.859e+04
 2.001e+04 -2.001e+04
 3.033e+04 -3.033e+04
 -3.986e+04 3.986e+04
 4.122e+04 -4.122e+04
 -1.145e+04 1.145e+04
 -1.884e+04 1.884e+04
 -8286 8286
 386.9 -386.9
 1.131e+04 -1.131e+04
 -7.897e+04 7.897e+04
 1.382e+04 -1.382e+04
 -5.139e+04 5.139e+04
 6.231e+04 -6.231e+04
 -7857 7857
 -4.611e+04 4.611e+04
 -4376 4376
 -4823 4823
 -4.896e+04 4.896e+04
 1.705e+04 -1.705e+04
 -1.008e+04 1.008e+04
 9296 -9296
 -3.197e+04 3.197e+04
 -1.45e+04 1.45e+04
 -2805 2805
 4.043e+04 -4.043e+04
 9203 -9203
 4.553e+04 -4.553e+04
 8434 -8434
 2.764e+04 -2.764e+04
 2.048e+04 -2.048e+04
 -2.264e+04 2.264e+04
 -2140 2140
 -1.329e+04 1.329e+04
 -4786 4786
 -3071 3071
 -9303 9303
 -2323 2323
 -1.054e+04 1.054e+04
 5760 -5760
 -5261 5261
 1.392e+04 -1.392e+04
 -4742 4742
 2.456e+04 -2.456e+04
 -6.085e+04 6.085e+04
 8359 -8359
 -4099 4099
 -3.857e+04 3.857e+04
 3061 -3061
 1.598e+04 -1.598e+04
 -4078 4078
 5340 -5340
 -1.667e+04 1.667e+04
 1.595e+05 -1.595e+05
 5.033e+04 -5.033e+04
 -1.207e+04 1.207e+04
 8557 -8557
 6.751e+04 -6.751e+04
 -3.142e+04 3.142e+04
 -1.367e+04 1.367e+04
 -2.23e+04 2.23e+04
 1.404e+04 -1.404e+04
 -2460 2460
 2.389e+04 -2.389e+04
 -1018 1018
 -3386 3386
 -2.182e+04 2.182e+04
 -2.814e+04 2.814e+04
 -4351 4351
 -3137 3137
 1.508e+04 -1.508e+04
 1.249e+04 -1.249e+04
 6.191e+04 -6.191e+04
 -1.861e+04 1.861e+04
 -5732 5732
 -3.993e+04 3.993e+04
 7328 -7328
 -6523 6523
 2.985e+04 -2.985e+04
 -6323 6323
 2.519e+04 -2.519e+04
 2756 -2756
 2.933e+04 -2.933e+04
 -3.102e+04 3.102e+04
 -2161 2161
 5919 -5919
 -2.013e+04 2.013e+04
 1.229e+04 -1.229e+04
 5780 -5780
 -1.863e+04 1.863e+04
 3078 -3078
 -1944 1944
 6570 -6570
 -3.359e+04 3.359e+04
 542.3 -542.3
 -6.133e+04 6.133e+04
 5585 -5585
 -1.297e+04 1.297e+04
 -2.511e+04 2.511e+04
 -7539 7539
 -7488 7488
 -1.741e+04 1.741e+04
 -3719 3719
 -6098 6098
 -6.833e+04 6.833e+04
 -1.235e+04 1.235e+04
 -2.195e+04 2.195e+04
 -1.937e+04 1.937e+04
 -1492 1492
 5130 -5130
 962.7 -962.7
 3.261e+04 -3.261e+04
 -1.942e+04 1.942e+04
 3.559e+04 -3.559e+04
 8158 -8158
 3.444e+04 -3.444e+04
 2.324e+04 -2.324e+04
 1.437e+04 -1.437e+04
 -2.222e+04 2.222e+04
 7634 -7634
 -6744 6744
 -2539 2539
 4.542e+04 -4.542e+04
 9.732e+04 -9.732e+04
 -3.806e+04 3.806e+04
 1.966e+04 -1.966e+04
 1.296e+04 -1.296e+04
 5.443e+04 -5.443e+04
 -2.251e+04 2.251e+04
 1.523e+04 -1.523e+04
 -3503 3503
 1.354e+04 -1.354e+04
 -6.002e+04 6.002e+04
 4.672e+04 -4.672e+04
 -1.76e+04 1.76e+04
 2.412e+04 -2.412e+04
 1.405e+04 -1.405e+04
 -1.09e+04 1.09e+04
 8.265e+04 -8.265e+04
 4476 -4476
 -2956 2956
 -2.82e+04 2.82e+04
 -1.221e+04 1.221e+04
 -1.006e+04 1.006e+04
 4755 -4755
 -1.818e+04 1.818e+04
 -2050 2050
 -478.9 478.9
 1.833e+04 -1.833e+04
 -3.15e+04 3.15e+04
 2.61e+04 -2.61e+04
 2.628e+04 -2.628e+04
 -4.535e+04 4.535e+04
 -2.14e+04 2.14e+04
 8264 -8264
 -1.409e+04 1.409e+04
 6.934e+04 -6.934e+04
 -1.255e+04 1.255e+04
 -1.833e+04 1.833e+04
 -4.382e+04 4.382e+04
 6322 -6322
 2.214e+04 -2.214e+04
 -3.168e+04 3.168e+04
 3019 -3019
 4.399e+04 -4.399e+04
 -7460 7460
 9638 -9638
 1.111e+04 -1.111e+04
 -2.677e+04 2.677e+04
 -1.043e+04 1.043e+04
 4.894e+04 -4.894e+04
 -1740 1740
 -4799 4799
 8294 -8294
 -3.623e+04 3.623e+04
 6401 -6401
 -1.602e+04 1.602e+04
 -3.252e+04 3.252e+04
 -2.161e+04 2.161e+04
 4.28e+04 -4.28e+04
 -1.865e+04 1.865e+04
 3.416e+04 -3.416e+04
 9525 -9525
 1.078e+04 -1.078e+04
 1.453e+04 -1.453e+04
 -9272 9272
 4.066e+04 -4.066e+04
 -3.295e+04 3.295e+04
 -1.681e+04 1.681e+04
 -2.032e+04 2.032e+04
 -4.287e+04 4.287e+04
 2.026e+04 -2.026e+04
 -4525 4525
 -1.129e+04 1.129e+04
 -9069 9069
 7231 -7231
 -2.591e+04 2.591e+04
 4155 -4155
 -1.753e+04 1.753e+04
 -3.4e+04 3.4e+04
 2.532e+04 -2.532e+04
 -1.164e+04 1.164e+04
 -5.101e+04 5.101e+04
 -3.061e+04 3.061e+04
 -1.64e+04 1.64e+04
 2.662e+04 -2.662e+04
 -2.111e+04 2.111e+04
 -6222 6222
 2.639e+04 -2.639e+04
 4.14e+04 -4.14e+04
 243.2 -243.2
 -2.275e+04 2.275e+04
 -1.627e+04 1.627e+04
 -1.737e+04 1.737e+04
 2.812e+04 -2.812e+04
 -1.16e+04 1.16e+04
 1.584e+04 -1.584e+04
 7811 -7811
 7575 -7575
 1.414e+04 -1.414e+04
 1.948e+04 -1.948e+04
 -1.468e+04 1.468e+04
 -1.791e+04 1.791e+04
 8196 -8196
 -8035 8035
 6661 -6661
 7675 -7675
 1.643e+04 -1.643e+04
 -1.29e+04 1.29e+04
 8301 -8301
 6.679e+04 -6.679e+04
 1356 -1356
 4.023e+04 -4.023e+04
 -1.244e+04 1.244e+04
 7740 -7740
 -5.769e+04 5.769e+04
 1275 -1275
 -1.827e+04 1.827e+04
 -2.801e+04 2.801e+04
 6.687e+04 -6.687e+04
 8634 -8634
 -7693 7693
 4247 -4247
 1.753e+04 -1.753e+04
 -666.5 666.5
 9.116e+04 -9.116e+04
 -2.024e+04 2.024e+04
 -6375 6375
 -3819 3819
 3.934e+04 -3.934e+04
 -4.312e+04 4.312e+04
 2.855e+04 -2.855e+04
 4.831e+04 -4.831e+04
 9018 -9018
 1.933e+04 -1.933e+04
 -4899 4899
 2.412e+04 -2.412e+04
 3.101e+04 -3.101e+04
 -3.448e+04 3.448e+04
 2.645e+04 -2.645e+04
 -2.35e+04 2.35e+04
 5.022e+04 -5.022e+04
 -9133 9133
 2.125e+04 -2.125e+04
 -3.434e+04 3.434e+04
 -1.479e+04 1.479e+04
 8670 -8670
 6.55e+04 -6.55e+04
 -1.267e+04 1.267e+04
 3.162e+04 -3.162e+04
 -7440 7440
 1.141e+04 -1.141e+04
 2.474e+04 -2.474e+04
 -1.778e+04 1.778e+04
 5.338e+04 -5.338e+04
 1.294e+04 -1.294e+04
 1.41e+04 -1.41e+04
 606.3 -606.3
 4049 -4049
 -1609 1609
 -1.209e+04 1.209e+04
 4.742e+04 -4.742e+04
 2.869e+04 -2.869e+04
 -455.1 455.1
 3.952e+04 -3.952e+04
 -1.25e+04 1.25e+04
 137.4 -137.4
 7216 -7216
 7163 -7163
 -4498 4498
 -1.811e+04 1.811e+04
 2.317e+04 -2.317e+04
 4.394e+04 -4.394e+04
 -1.281e+04 1.281e+04
 -2.19e+04 2.19e+04
 2.777e+04 -2.777e+04
 -2706 2706
 5756 -5756
 1.181e+04 -1.181e+04
 -4123 4123
 2.306e+04 -2.306e+04
 -2.223e+04 2.223e+04
 1929 -1929
 -5.338e+04 5.338e+04
 2.41e+04 -2.41e+04
 6.045e+04 -6.045e+04
 1.265e+04 -1.265e+04
 -5002 5002
 -2.404e+04 2.404e+04
 -1.275e+04 1.275e+04
 -1.418e+04 1.418e+04
 -1.634e+04 1.634e+04
 -2.228e+04 2.228e+04
 -4.364e+04 4.364e+04
 -2.139e+04 2.139e+04
 2.03e+04 -2.03e+04
 -8733 8733
 -6236 6236
 -8707 8707
 1.079e+04 -1.079e+04
 3.572e+04 -3.572e+04
 -4123 4123
 -2.428e+04 2.428e+04
 1.443e+04 -1.443e+04
 1.432e+04 -1.432e+04
 -1.254e+04 1.254e+04
 2.245e+04 -2.245e+04
 -1.55e+04 1.55e+04
 -1.682e+04 1.682e+04
 -3354 3354
 -2.485e+04 2.485e+04
 7748 -7748
 -3.459e+04 3.459e+04
 -5.842e+04 5.842e+04
 1.297e+04 -1.297e+04
 -3643 3643
 6.043e+04 -6.043e+04
 -2.827e+04 2.827e+04
 -1.427e+04 1.427e+04
 2.011e+04 -2.011e+04
 2.479e+04 -2.479e+04
 -4451 4451
 -2.339e+04 2.339e+04
 -2.459e+04 2.459e+04
 -3.305e+04 3.305e+04
 1.052e+04 -1.052e+04
 -7531 7531
 -1.759e+04 1.759e+04
 1.562e+04 -1.562e+04
 9592 -9592
 1.838e+04 -1.838e+04
 -7011 7011
 4.376e+04 -4.376e+04
 3.384e+04 -3.384e+04
 1.709e+04 -1.709e+04
 2493 -2493
 8870 -8870
 8818 -8818
 2237 -2237
 -1.36e+04 1.36e+04
 3.149e+04 -3.149e+04
 9828 -9828
 -3.54e+04 3.54e+04
 2.491e+04 -2.491e+04
 167.6 -167.6
 1.64e+04 -1.64e+04
 -9323 9323
 4708 -4708
 3440 -3440
 -654.3 654.3
 4438 -4438
 -2.553e+04 2.553e+04
 1.537e+04 -1.537e+04
 1663 -1663
 -3.202e+04 3.202e+04
 -1.327e+04 1.327e+04
 -1.998e+04 1.998e+04
 -7787 7787
 2.01e+04 -2.01e+04
 -1.603e+04 1.603e+04
 -4.301e+04 4.301e+04
 -4160 4160
 -2.549e+04 2.549e+04
 -1.966e+04 1.966e+04
 -2535 2535
 -4.159e+04 4.159e+04
 1.84e+04 -1.84e+04
 1085 -1085
 5220 -5220
 5673 -5673
 -8194 8194
 -7826 7826
 1.058e+04 -1.058e+04
 6.279e+04 -6.279e+04
 -5585 5585
 -7768 7768
 9799 -9799
 1.552e+04 -1.552e+04
 7532 -7532
 1.264e+04 -1.264e+04
 -9613 9613
 2.684e+04 -2.684e+04
 -3300 3300
 7256 -7256
 -1.007e+04 1.007e+04
 -2.143e+04 2.143e+04
 -3.501e+04 3.501e+04
 2.295e+04 -2.295e+04
 -2.281e+04 2.281e+04
 -2.016e+04 2.016e+04
 -2844 2844
 -6.053e+04 6.053e+04
 7521 -7521
 1.983e+04 -1.983e+04
 -6795 6795
 1.452e+04 -1.452e+04
 -1.621e+04 1.621e+04
 8324 -8324
 -1.615e+04 1.615e+04
 -1.168e+04 1.168e+04
 -1184 1184
 -2.779e+04 2.779e+04
 -3363 3363
 -8934 8934
 7.424e+04 -7.424e+04
 2.076e+04 -2.076e+04
 -8534 8534
 1.922e+04 -1.922e+04
 -1870 1870
 2.213e+04 -2.213e+04
 -768.1 768.1
 1.355e+04 -1.355e+04
 -1.025e+04 1.025e+04
 -3.744e+04 3.744e+04
 -9440 9440
 1.23e+04 -1.23e+04
 1.701e+04 -1.701e+04
 -5.397e+04 5.397e+04
 -1.841e+04 1.841e+04
 -3.504e+04 3.504e+04
 -8685 8685
 -3.613e+04 3.613e+04
 1.48e+04 -1.48e+04
 -1.073e+04 1.073e+04
 -2300 2300
 -2.607e+04 2.607e+04
 8.91e+04 -8.91e+04
 -1.772e+04 1.772e+04
 -1.085e+04 1.085e+04
 -2.983e+04 2.983e+04
 -9060 9060
 -8052 8052
 3.223e+04 -3.223e+04
 -3.794e+04 3.794e+04
 2140 -2140
 1.846e+04 -1.846e+04
 5.153e+04 -5.153e+04
 4.912e+04 -4.912e+04
 -1.091e+04 1.091e+04
 -2.382e+04 2.382e+04
 1.012e+04 -1.012e+04
 1.52e+04 -1.52e+04
 -3216 3216
 6.916e+04 -6.916e+04
 -4.456e+04 4.456e+04
 6386 -6386
 -1.683e+04 1.683e+04
 5024 -5024
 3.526e+04 -3.526e+04
 -1201 1201
 2.206e+04 -2.206e+04
 -1.17e+04 1.17e+04
 2.038e+04 -2.038e+04
 -3.747e+04 3.747e+04
 -3402 3402
 2814 -2814
 5.964e+04 -5.964e+04
 -1.4e+04 1.4e+04
 -1.411e+04 1.411e+04
 1.949e+04 -1.949e+04
 -3.274e+04 3.274e+04
 8.07e+04 -8.07e+04
 2.066e+04 -2.066e+04
 7289 -7289
 5114 -5114
 -3.192e+04 3.192e+04
 -2.174e+04 2.174e+04
 1.672e+04 -1.672e+04
 9810 -9810
 6440 -6440
 9227 -9227
 -4777 4777
 3.26e+04 -3.26e+04
 3959 -3959
 3.013e+04 -3.013e+04
 -2.415e+04 2.415e+04
 -13.5 13.5
 8059 -8059
 1.501e+04 -1.501e+04
 -7163 7163
 2.059e+04 -2.059e+04
 -3.843e+04 3.843e+04
 1.238e+04 -1.238e+04
 1.183e+04 -1.183e+04
 -5957 5957
 2.952e+04 -2.952e+04
 -3207 3207
 2356 -2356
 -2.093e+04 2.093e+04
 -1.827e+04 1.827e+04
 5.903e+04 -5.903e+04
 -1.502e+04 1.502e+04
 1.966e+04 -1.966e+04
 -4846 4846
 -802.9 802.9
 2.662e+04 -2.662e+04
 1.658e+04 -1.658e+04
 1.154e+04 -1.154e+04
 2.04e+04 -2.04e+04
 -1878 1878
 9507 -9507
 -2.255e+04 2.255e+04
 3842 -3842
 1.747e+04 -1.747e+04
 1215 -1215
 4.587e+04 -4.587e+04
 3.89e+04 -3.89e+04
 -1.951e+04 1.951e+04
 -8512 8512
 5.96e+04 -5.96e+04
 3697 -3697
 -1.739e+04 1.739e+04
 7843 -7843
 -7.806e+04 7.806e+04
 4.281e+04 -4.281e+04
 1.878e+04 -1.878e+04
 3149 -3149
 -1.173e+04 1.173e+04
 3209 -3209
 -2.794e+04 2.794e+04
 -1.521e+04 1.521e+04
 1.19e+04 -1.19e+04
 -1.922e+04 1.922e+04
 -1.009e+04 1.009e+04
 1.642e+04 -1.642e+04
 -2.614e+04 2.614e+04
 3.318e+04 -3.318e+04
 8304 -8304
 7227 -7227
 1.669e+04 -1.669e+04
 3.476e+04 -3.476e+04
 -1284 1284
 -3.872e+04 3.872e+04
 2.118e+04 -2.118e+04
 -2.195e+04 2.195e+04
 2.201e+04 -2.201e+04
 2.108e+04 -2.108e+04
 -6946 6946
 6e+04 -6e+04
 -8625 8625
 -2.548e+04 2.548e+04
 -1.118e+04 1.118e+04
 -2.642e+04 2.642e+04
 -4647 4647
 -9756 9756
 -1.365e+04 1.365e+04
 4653 -4653
 -3.367e+04 3.367e+04
 -4320 4320
 4.297e+04 -4.297e+04
 -2.247e+04 2.247e+04
 6.037e+04 -6.037e+04
 5.462e+04 -5.462e+04
 1.783e+04 -1.783e+04
 -2.914e+04 2.914e+04
 1.982e+04 -1.982e+04
 -3.477e+04 3.477e+04
 4.424e+04 -4.424e+04
 7910 -7910
 1.616e+04 -1.616e+04
 -1.096e+04 1.096e+04
 1.067e+04 -1.067e+04
 4.937e+04 -4.937e+04
 1236 -1236
 -1826 1826
 -7.123e+04 7.123e+04
 -2132 2132
 -2.459e+04 2.459e+04
 6935 -6935
 -1.742e+04 1.742e+04
 1.869e+04 -1.869e+04
 -4668 4668
 -1.549e+04 1.549e+04
 -3.736e+04 3.736e+04
 -1634 1634
 -1.317e+04 1.317e+04
 -5067 5067
 89.46 -89.46
 -3.547e+04 3.547e+04
 3.731e+04 -3.731e+04
 -9885 9885
 2448 -2448
 -5794 5794
 -1.881e+04 1.881e+04
 1.132e+04 -1.132e+04
 -6476 6476
 1.889e+04 -1.889e+04
 1.511e+04 -1.511e+04
 -1.115e+04 1.115e+04
 -2694 2694
 6717 -6717
 -1.509e+04 1.509e+04
 -2.384e+04 2.384e+04
 -2.094e+04 2.094e+04
 -4447 4447
 2537 -2537
 -1.124e+04 1.124e+04
 3.465e+04 -3.465e+04
 1.536e+04 -1.536e+04
 -6446 6446
 3496 -3496
 -2.223e+04 2.223e+04
 -1.96e+04 1.96e+04
 6569 -6569
 1.622e+04 -1.622e+04
 -2.648e+04 2.648e+04
 1390 -1390
 -8724 8724
 -2.484e+04 2.484e+04
 -1.69e+04 1.69e+04
 5.93e+04 -5.93e+04
 -7407 7407
 -1.889e+04 1.889e+04
 -2042 2042
 -1.313e+04 1.313e+04
 1.441e+04 -1.441e+04
 6.335e+04 -6.335e+04
 1.507e+04 -1.507e+04
 9076 -9076
 -4.712e+04 4.712e+04
 -2.403e+04 2.403e+04
 -4.421e+04 4.421e+04
 7.214e+04 -7.214e+04
 -6479 6479
 1.177e+04 -1.177e+04
 -3.996e+04 3.996e+04
 -269.1 269.1
 5.88e+04 -5.88e+04
 -2.554e+04 2.554e+04
 -9368 9368
 7089 -7089
 -3.778e+04 3.778e+04
 1.631e+04 -1.631e+04
 -1.146e+04 1.146e+04
 -2.651e+04 2.651e+04
 -2825 2825
 -1.774e+04 1.774e+04
 -2.913e+04 2.913e+04
 -7868 7868
 -1.137e+04 1.137e+04
 3.783e+04 -3.783e+04
 -1.909e+04 1.909e+04
 2.227e+04 -2.227e+04
 -2e+04 2e+04
 -1873 1873
 3.073e+04 -3.073e+04
 -5865 5865
 -2.827e+04 2.827e+04
 3.013e+04 -3.013e+04
 -2.397e+04 2.397e+04
 -3947 3947
 980.7 -980.7
 -2.756e+04 2.756e+04
 -2960 2960


