# Created by Octave 5.2.0, Fri Sep 25 00:23:13 2020 CEST <jiwidi@land>
# name: w
# type: matrix
# rows: 2001
# columns: 2
 0 0
 846.8 -846.8
 -52.22 52.22
 1559 -1559
 48.46 -48.46
 248.8 -248.8
 987.1 -987.1
 -154.5 154.5
 417.5 -417.5
 -192.2 192.2
 -114.7 114.7
 52.7 -52.7
 95.67 -95.67
 196.6 -196.6
 -305.8 305.8
 -760.8 760.8
 419.8 -419.8
 -605.1 605.1
 902.1 -902.1
 -110.3 110.3
 -56.05 56.05
 -674.3 674.3
 354.3 -354.3
 9.786 -9.786
 65.81 -65.81
 -772.3 772.3
 -197.7 197.7
 -61.35 61.35
 -295.2 295.2
 358.9 -358.9
 -483.2 483.2
 -5.491 5.491
 308.8 -308.8
 -35.17 35.17
 453.1 -453.1
 -1500 1500
 -1454 1454
 -340 340
 -683.1 683.1
 -211.6 211.6
 -54.84 54.84
 263 -263
 -277.4 277.4
 -742.5 742.5
 -411.5 411.5
 238.2 -238.2
 -582.3 582.3
 1356 -1356
 -5.67 5.67
 623.8 -623.8
 251.3 -251.3
 -298.3 298.3
 60.04 -60.04
 -626.7 626.7
 854.1 -854.1
 800.9 -800.9
 -132.3 132.3
 162.9 -162.9
 -94.48 94.48
 -983.7 983.7
 208.3 -208.3
 -255.9 255.9
 75.18 -75.18
 599.5 -599.5
 -438.9 438.9
 -179.2 179.2
 757.5 -757.5
 -169 169
 568.3 -568.3
 163.3 -163.3
 117.9 -117.9
 -1219 1219
 -118.3 118.3
 442.5 -442.5
 1120 -1120
 -611.2 611.2
 -2141 2141
 -623.6 623.6
 591.5 -591.5
 -972.8 972.8
 268.1 -268.1
 85.16 -85.16
 -783.9 783.9
 -144.5 144.5
 7.071 -7.071
 167.9 -167.9
 -1063 1063
 -230.4 230.4
 -473 473
 -91.13 91.13
 211.8 -211.8
 800.1 -800.1
 35.61 -35.61
 -74.67 74.67
 1305 -1305
 -81.55 81.55
 -289.1 289.1
 616.1 -616.1
 34 -34
 -76.53 76.53
 72.06 -72.06
 227.4 -227.4
 -481 481
 -612.4 612.4
 142.7 -142.7
 565.9 -565.9
 -116.9 116.9
 215.6 -215.6
 203.7 -203.7
 304.8 -304.8
 564.7 -564.7
 -148.3 148.3
 129 -129
 67.97 -67.97
 395.7 -395.7
 -301.8 301.8
 402.6 -402.6
 -285.2 285.2
 -679.9 679.9
 -409.3 409.3
 -20.32 20.32
 820.2 -820.2
 -1862 1862
 212.2 -212.2
 574.9 -574.9
 -1606 1606
 -340.6 340.6
 -285.3 285.3
 402.3 -402.3
 -7.642 7.642
 899.6 -899.6
 -364.8 364.8
 47.36 -47.36
 -296.1 296.1
 541.1 -541.1
 -38.24 38.24
 383.1 -383.1
 -1736 1736
 -199.1 199.1
 -200.9 200.9
 -99.72 99.72
 -183.8 183.8
 387.1 -387.1
 -300.5 300.5
 517.7 -517.7
 -313.1 313.1
 937.4 -937.4
 -83.31 83.31
 -474.4 474.4
 315.9 -315.9
 87.71 -87.71
 -978.3 978.3
 447.5 -447.5
 1223 -1223
 -107 107
 -333.2 333.2
 -179.9 179.9
 269.7 -269.7
 -725.1 725.1
 50.9 -50.9
 -13.2 13.2
 511.9 -511.9
 -584.6 584.6
 -936.4 936.4
 339.4 -339.4
 1337 -1337
 547.1 -547.1
 -44.29 44.29
 79.69 -79.69
 -416.6 416.6
 -196.4 196.4
 344 -344
 -425.7 425.7
 389.8 -389.8
 315.6 -315.6
 -50.47 50.47
 -501.6 501.6
 837.6 -837.6
 -329.3 329.3
 60.2 -60.2
 -40.79 40.79
 -617.1 617.1
 -1139 1139
 840.3 -840.3
 -101.1 101.1
 -316.8 316.8
 880.7 -880.7
 -516.5 516.5
 214.7 -214.7
 -878.5 878.5
 400.9 -400.9
 88.91 -88.91
 -223.2 223.2
 -68.23 68.23
 -431.2 431.2
 -497.7 497.7
 -135.5 135.5
 -564.9 564.9
 -10.34 10.34
 1522 -1522
 295.1 -295.1
 -364.3 364.3
 -844.1 844.1
 1006 -1006
 -284.5 284.5
 357.9 -357.9
 -90.25 90.25
 -361.7 361.7
 -205.1 205.1
 781.2 -781.2
 -1966 1966
 177.7 -177.7
 -489.1 489.1
 600.7 -600.7
 -424.9 424.9
 1260 -1260
 -183.4 183.4
 -502.4 502.4
 104.5 -104.5
 495.1 -495.1
 -374.4 374.4
 -20.67 20.67
 589 -589
 596.7 -596.7
 641.9 -641.9
 584.3 -584.3
 147.1 -147.1
 -117.7 117.7
 244.8 -244.8
 -748.9 748.9
 303.4 -303.4
 1001 -1001
 224.2 -224.2
 -714.4 714.4
 275 -275
 -181.4 181.4
 -218.7 218.7
 -677.4 677.4
 831.8 -831.8
 387.7 -387.7
 -752 752
 -193.9 193.9
 -347.6 347.6
 -37.63 37.63
 -497.4 497.4
 -640.5 640.5
 450 -450
 182.1 -182.1
 -245.5 245.5
 -721.9 721.9
 757.8 -757.8
 315.6 -315.6
 326.7 -326.7
 177.2 -177.2
 -291.5 291.5
 422.7 -422.7
 187.6 -187.6
 1103 -1103
 740.7 -740.7
 -59.27 59.27
 1417 -1417
 -301.7 301.7
 118.3 -118.3
 -486.9 486.9
 290.4 -290.4
 259.4 -259.4
 60.96 -60.96
 62.79 -62.79
 13.8 -13.8
 1017 -1017
 71.79 -71.79
 -521.4 521.4
 -349.6 349.6
 -76.57 76.57
 -57.18 57.18
 335.7 -335.7
 316.1 -316.1
 -82.62 82.62
 -715.2 715.2
 -254.4 254.4
 -587 587
 256.1 -256.1
 331.8 -331.8
 47.98 -47.98
 1029 -1029
 219.6 -219.6
 289.4 -289.4
 -215.8 215.8
 502.6 -502.6
 -944.8 944.8
 -61.72 61.72
 -1544 1544
 1098 -1098
 198.5 -198.5
 1.689 -1.689
 167.1 -167.1
 -1345 1345
 -169.6 169.6
 608.1 -608.1
 41.64 -41.64
 -578.4 578.4
 -13.28 13.28
 471.3 -471.3
 -1003 1003
 403.6 -403.6
 79.55 -79.55
 508.1 -508.1
 -180.3 180.3
 110 -110
 168.3 -168.3
 -14.9 14.9
 1066 -1066
 -741.9 741.9
 -1011 1011
 617.9 -617.9
 -691.4 691.4
 28.24 -28.24
 394.7 -394.7
 -181.8 181.8
 -262.3 262.3
 530.6 -530.6
 2351 -2351
 404.7 -404.7
 -41.26 41.26
 -506.7 506.7
 256.8 -256.8
 904.4 -904.4
 357.6 -357.6
 15.9 -15.9
 164.4 -164.4
 -630.6 630.6
 169.3 -169.3
 209.7 -209.7
 -612.8 612.8
 -469.1 469.1
 114.2 -114.2
 -66.72 66.72
 1224 -1224
 673.4 -673.4
 1010 -1010
 -41.38 41.38
 -561.6 561.6
 -404.4 404.4
 505.7 -505.7
 34.45 -34.45
 -305.3 305.3
 899.7 -899.7
 245.5 -245.5
 830.6 -830.6
 670.7 -670.7
 -269.1 269.1
 -117 117
 -1176 1176
 -340.5 340.5
 -284.3 284.3
 510.6 -510.6
 -469.5 469.5
 -276.2 276.2
 -66.9 66.9
 1067 -1067
 -843.7 843.7
 -595.2 595.2
 -622.9 622.9
 536.3 -536.3
 -188 188
 229.7 -229.7
 436.7 -436.7
 -964.9 964.9
 297.5 -297.5
 -1351 1351
 449 -449
 343.1 -343.1
 -367.1 367.1
 -1279 1279
 -1279 1279
 108.3 -108.3
 -93 93
 972.1 -972.1
 -48.98 48.98
 -1539 1539
 -335.5 335.5
 -505.4 505.4
 -40.73 40.73
 -387.7 387.7
 29.39 -29.39
 496.2 -496.2
 195.9 -195.9
 925.2 -925.2
 659.9 -659.9
 -320.5 320.5
 -203.4 203.4
 -90.87 90.87
 48.32 -48.32
 -997.4 997.4
 -57.45 57.45
 213.9 -213.9
 -260.6 260.6
 327.2 -327.2
 -86.77 86.77
 887.7 -887.7
 -103.8 103.8
 -644.4 644.4
 -401.1 401.1
 356 -356
 -320.8 320.8
 -95.82 95.82
 122.9 -122.9
 -68.84 68.84
 -294.9 294.9
 1182 -1182
 -452.1 452.1
 104.4 -104.4
 -156.1 156.1
 375.7 -375.7
 -999.6 999.6
 -0.4369 0.4369
 374.7 -374.7
 -257 257
 807.5 -807.5
 140 -140
 783.6 -783.6
 -642.6 642.6
 1673 -1673
 369.3 -369.3
 -511.9 511.9
 -271.2 271.2
 -665.4 665.4
 -141.7 141.7
 -63.73 63.73
 -242.9 242.9
 885.4 -885.4
 -562 562
 604.9 -604.9
 186 -186
 -496.5 496.5
 -133.4 133.4
 -395.3 395.3
 195.3 -195.3
 -1340 1340
 46.85 -46.85
 -480.8 480.8
 -148.6 148.6
 -1478 1478
 901.9 -901.9
 307.5 -307.5
 -674.7 674.7
 -335.1 335.1
 231.8 -231.8
 33.41 -33.41
 1051 -1051
 -30.22 30.22
 15.49 -15.49
 1146 -1146
 137.5 -137.5
 -60.59 60.59
 924.3 -924.3
 178 -178
 1264 -1264
 -129.8 129.8
 -8.923 8.923
 -77.87 77.87
 124.2 -124.2
 557.1 -557.1
 116.7 -116.7
 797.8 -797.8
 -220.2 220.2
 449.8 -449.8
 -239.2 239.2
 248.7 -248.7
 348.7 -348.7
 -471.6 471.6
 20.51 -20.51
 88.2 -88.2
 -636.8 636.8
 -39.75 39.75
 630.8 -630.8
 -465.9 465.9
 -98.76 98.76
 -446.3 446.3
 418 -418
 -101.9 101.9
 -447.1 447.1
 185.1 -185.1
 294.3 -294.3
 -76.67 76.67
 -4.737 4.737
 147.1 -147.1
 -1192 1192
 -28.65 28.65
 -292.9 292.9
 -731.3 731.3
 52.44 -52.44
 -121.2 121.2
 -419.9 419.9
 -166.1 166.1
 -863.3 863.3
 -764.5 764.5
 -103.8 103.8
 814 -814
 -1567 1567
 424 -424
 433.5 -433.5
 -879.6 879.6
 -61.91 61.91
 -122.9 122.9
 -1093 1093
 -803.2 803.2
 -68.47 68.47
 -185.2 185.2
 836.6 -836.6
 -69.01 69.01
 -223.8 223.8
 -218.6 218.6
 295 -295
 -318 318
 243.2 -243.2
 -455.4 455.4
 112.4 -112.4
 -136.2 136.2
 -884 884
 112.1 -112.1
 610.4 -610.4
 -757.1 757.1
 506.2 -506.2
 -1229 1229
 359.8 -359.8
 -432.2 432.2
 506.9 -506.9
 105.6 -105.6
 -101.5 101.5
 824.3 -824.3
 -132.1 132.1
 -543.3 543.3
 43.08 -43.08
 290.8 -290.8
 -1403 1403
 1435 -1435
 95.23 -95.23
 1032 -1032
 -53.14 53.14
 -750 750
 -505.8 505.8
 -552.5 552.5
 -283 283
 619.7 -619.7
 -1216 1216
 428.4 -428.4
 -495.2 495.2
 -764.6 764.6
 171.7 -171.7
 809.3 -809.3
 -314.4 314.4
 765.3 -765.3
 -536.5 536.5
 640.9 -640.9
 -93.78 93.78
 339.5 -339.5
 -750.3 750.3
 41.54 -41.54
 -78.19 78.19
 451 -451
 -74.32 74.32
 186.7 -186.7
 -217.8 217.8
 -516.5 516.5
 44.09 -44.09
 893.8 -893.8
 195.2 -195.2
 -433.4 433.4
 -361.5 361.5
 -157.8 157.8
 202.7 -202.7
 490.6 -490.6
 1446 -1446
 -613.1 613.1
 -88.04 88.04
 -87.7 87.7
 653.3 -653.3
 407.2 -407.2
 -137.9 137.9
 713.9 -713.9
 381.8 -381.8
 -184 184
 -493.4 493.4
 992.7 -992.7
 2041 -2041
 212.2 -212.2
 288.2 -288.2
 72.73 -72.73
 535.3 -535.3
 -245.2 245.2
 436.3 -436.3
 -506.2 506.2
 602.2 -602.2
 60.64 -60.64
 -764.5 764.5
 -424.4 424.4
 233.6 -233.6
 -89.25 89.25
 111.3 -111.3
 -563.6 563.6
 -196.4 196.4
 5.793 -5.793
 711.1 -711.1
 748.4 -748.4
 443.1 -443.1
 2077 -2077
 835.2 -835.2
 -1386 1386
 -185.4 185.4
 -114.9 114.9
 -1109 1109
 466 -466
 303.2 -303.2
 -677.2 677.2
 57.68 -57.68
 -559.4 559.4
 -299.2 299.2
 -316.4 316.4
 388.2 -388.2
 -1.064 1.064
 -229 229
 205.2 -205.2
 -227.3 227.3
 239.9 -239.9
 -181.3 181.3
 -657.2 657.2
 -262.4 262.4
 -250.1 250.1
 -113.9 113.9
 -102.4 102.4
 -980 980
 368.4 -368.4
 -394.3 394.3
 -44.05 44.05
 -1044 1044
 226.1 -226.1
 413.7 -413.7
 166.3 -166.3
 -564.6 564.6
 -204.5 204.5
 967.8 -967.8
 438.2 -438.2
 603.6 -603.6
 -1020 1020
 -479.5 479.5
 -209.3 209.3
 -387.7 387.7
 -235.9 235.9
 712.1 -712.1
 514.1 -514.1
 77.26 -77.26
 752.6 -752.6
 1326 -1326
 -262.5 262.5
 329.3 -329.3
 -473.9 473.9
 544.6 -544.6
 -140.5 140.5
 93.93 -93.93
 305.1 -305.1
 -1128 1128
 136.6 -136.6
 -1820 1820
 -498.8 498.8
 99.59 -99.59
 -587.2 587.2
 478 -478
 6.619 -6.619
 -1056 1056
 -356.8 356.8
 -158.1 158.1
 266.4 -266.4
 434.2 -434.2
 -1272 1272
 -992.7 992.7
 185.9 -185.9
 -162.3 162.3
 344.4 -344.4
 -770.7 770.7
 -370.1 370.1
 -262.4 262.4
 -227.6 227.6
 -346.2 346.2
 297.6 -297.6
 -765.5 765.5
 139.6 -139.6
 -244 244
 306.7 -306.7
 -171.7 171.7
 -715.1 715.1
 -421 421
 -383 383
 229 -229
 561.4 -561.4
 -879.5 879.5
 533.5 -533.5
 146 -146
 459.3 -459.3
 -62.44 62.44
 -353.5 353.5
 94.07 -94.07
 936.6 -936.6
 -16.5 16.5
 -323.4 323.4
 356.8 -356.8
 -529.6 529.6
 77.23 -77.23
 -742.6 742.6
 -60.94 60.94
 -461.5 461.5
 1335 -1335
 289.5 -289.5
 640.4 -640.4
 1064 -1064
 -332.7 332.7
 3055 -3055
 -172.9 172.9
 -110.1 110.1
 63.15 -63.15
 -82.19 82.19
 -717.9 717.9
 -740.9 740.9
 -904.2 904.2
 153.8 -153.8
 -479.3 479.3
 -499.5 499.5
 537.4 -537.4
 -697 697
 1196 -1196
 -158.9 158.9
 696.7 -696.7
 214.5 -214.5
 430.2 -430.2
 -390 390
 -202.7 202.7
 -967.8 967.8
 -444.5 444.5
 -764.8 764.8
 357.2 -357.2
 320.8 -320.8
 -742.2 742.2
 1114 -1114
 137.8 -137.8
 134.2 -134.2
 89.22 -89.22
 812.1 -812.1
 -65.51 65.51
 1101 -1101
 172.4 -172.4
 290 -290
 1320 -1320
 -626.3 626.3
 -208.9 208.9
 70.67 -70.67
 -434.5 434.5
 -517.9 517.9
 -201.5 201.5
 668.9 -668.9
 1074 -1074
 -476.6 476.6
 -645.1 645.1
 -839.7 839.7
 -374.4 374.4
 -438.3 438.3
 195.4 -195.4
 -301.4 301.4
 579.8 -579.8
 708.9 -708.9
 -2077 2077
 902.2 -902.2
 -711.6 711.6
 178.9 -178.9
 -821.4 821.4
 708.6 -708.6
 22.11 -22.11
 -652.7 652.7
 -697.5 697.5
 -32.35 32.35
 627.1 -627.1
 -506.5 506.5
 750.8 -750.8
 94.7 -94.7
 -847.1 847.1
 637.8 -637.8
 -108.9 108.9
 800 -800
 97.57 -97.57
 -454.7 454.7
 -1112 1112
 1154 -1154
 186.1 -186.1
 398.5 -398.5
 -156.8 156.8
 -247.5 247.5
 -154.7 154.7
 -216.8 216.8
 -391 391
 -43.99 43.99
 684.9 -684.9
 1146 -1146
 -153.5 153.5
 477.3 -477.3
 1598 -1598
 443.8 -443.8
 301.5 -301.5
 -123.9 123.9
 -51.72 51.72
 35.53 -35.53
 788.1 -788.1
 834.4 -834.4
 1604 -1604
 85.51 -85.51
 -74.53 74.53
 432 -432
 -399.8 399.8
 -159.8 159.8
 143.1 -143.1
 -109.4 109.4
 467.2 -467.2
 169.6 -169.6
 435.6 -435.6
 984.6 -984.6
 -22.57 22.57
 367.5 -367.5
 -340.8 340.8
 -343.6 343.6
 -397.3 397.3
 504.5 -504.5
 -73.31 73.31
 363.9 -363.9
 790.7 -790.7
 178.3 -178.3
 279.2 -279.2
 -180 180
 -461.4 461.4
 -617 617
 655.9 -655.9
 32.15 -32.15
 -934.3 934.3
 303.8 -303.8
 -214.2 214.2
 -260.8 260.8
 582.6 -582.6
 143.1 -143.1
 -1084 1084
 128.4 -128.4
 994 -994
 -518.7 518.7
 507.8 -507.8
 -438.8 438.8
 792.7 -792.7
 -302.8 302.8
 -340.3 340.3
 153.9 -153.9
 79.53 -79.53
 603.1 -603.1
 -615 615
 173.4 -173.4
 -619.5 619.5
 -553.4 553.4
 31.01 -31.01
 127.4 -127.4
 -94.29 94.29
 774.4 -774.4
 -161.6 161.6
 -221.3 221.3
 434.6 -434.6
 570.2 -570.2
 -35.11 35.11
 572.6 -572.6
 129.1 -129.1
 68.52 -68.52
 756.1 -756.1
 -236.4 236.4
 442.5 -442.5
 -772.4 772.4
 424.2 -424.2
 1006 -1006
 -323.6 323.6
 964.8 -964.8
 1032 -1032
 -459.8 459.8
 914.8 -914.8
 14.31 -14.31
 1228 -1228
 490.5 -490.5
 43.26 -43.26
 -377.1 377.1
 -378.9 378.9
 -109 109
 -828.4 828.4
 363.9 -363.9
 351.7 -351.7
 232.7 -232.7
 480.5 -480.5
 1429 -1429
 -569.4 569.4
 -195.8 195.8
 -180.2 180.2
 -407.2 407.2
 -36.37 36.37
 -409.6 409.6
 147.1 -147.1
 -942.4 942.4
 649.2 -649.2
 697.1 -697.1
 -481.8 481.8
 110.2 -110.2
 119.7 -119.7
 1393 -1393
 -118.8 118.8
 739.5 -739.5
 404.4 -404.4
 -654.2 654.2
 -92.2 92.2
 701.7 -701.7
 853.6 -853.6
 797.3 -797.3
 -1450 1450
 365.5 -365.5
 -356 356
 44.87 -44.87
 -462.9 462.9
 -758.2 758.2
 -118.6 118.6
 339.8 -339.8
 20 -20
 30.3 -30.3
 -1363 1363
 -164 164
 212.8 -212.8
 167.7 -167.7
 -132.6 132.6
 366.2 -366.2
 352.3 -352.3
 -423.6 423.6
 853.1 -853.1
 136 -136
 356.1 -356.1
 409.5 -409.5
 202.4 -202.4
 -86.23 86.23
 113.7 -113.7
 411.4 -411.4
 -88.59 88.59
 -330.4 330.4
 -401 401
 186.3 -186.3
 -228.7 228.7
 190.9 -190.9
 -551.1 551.1
 144.4 -144.4
 -773.9 773.9
 282.8 -282.8
 -888 888
 -10.67 10.67
 10.27 -10.27
 473.6 -473.6
 371.6 -371.6
 -220.8 220.8
 -1114 1114
 1060 -1060
 679.9 -679.9
 -325.5 325.5
 339.9 -339.9
 -1314 1314
 -789.8 789.8
 347.1 -347.1
 -412.5 412.5
 62.59 -62.59
 1738 -1738
 -398.7 398.7
 -7.967 7.967
 372.5 -372.5
 136.3 -136.3
 234.3 -234.3
 435.8 -435.8
 16.06 -16.06
 -91.9 91.9
 -66.04 66.04
 -194.7 194.7
 -798 798
 -306.2 306.2
 330.1 -330.1
 546.3 -546.3
 -539.5 539.5
 -185.3 185.3
 -118.9 118.9
 -150.2 150.2
 73.19 -73.19
 667.9 -667.9
 -617.9 617.9
 560.1 -560.1
 -215.7 215.7
 265 -265
 -140.8 140.8
 -1744 1744
 -159.2 159.2
 148.4 -148.4
 -380 380
 136.8 -136.8
 -102.9 102.9
 -3.007 3.007
 1485 -1485
 -664.4 664.4
 144.9 -144.9
 -692 692
 -566.8 566.8
 -18.35 18.35
 435.1 -435.1
 176.1 -176.1
 121.7 -121.7
 222.7 -222.7
 393.1 -393.1
 149.6 -149.6
 -424.8 424.8
 464.3 -464.3
 -321 321
 357.9 -357.9
 69.68 -69.68
 -1063 1063
 136.4 -136.4
 156.6 -156.6
 -836.7 836.7
 -921.5 921.5
 -718.9 718.9
 106.9 -106.9
 765.4 -765.4
 -586 586
 -434.4 434.4
 512.3 -512.3
 127.3 -127.3
 -316.8 316.8
 197.3 -197.3
 -740.9 740.9
 -503.5 503.5
 178.5 -178.5
 -839.3 839.3
 -286.3 286.3
 401.8 -401.8
 -683.3 683.3
 -252.6 252.6
 -123 123
 -742.7 742.7
 -245.1 245.1
 -159.6 159.6
 9.562 -9.562
 717.5 -717.5
 834.6 -834.6
 -860.4 860.4
 197.8 -197.8
 629.2 -629.2
 -851.3 851.3
 -659.4 659.4
 -642 642
 261.5 -261.5
 328.3 -328.3
 -289.7 289.7
 -1220 1220
 -457.6 457.6
 795.3 -795.3
 383.9 -383.9
 -1032 1032
 329.9 -329.9
 -1769 1769
 -189.4 189.4
 1049 -1049
 -506.4 506.4
 -150 150
 44.47 -44.47
 427.8 -427.8
 214.9 -214.9
 1883 -1883
 375.4 -375.4
 968.9 -968.9
 -1147 1147
 855.6 -855.6
 45.99 -45.99
 -259.1 259.1
 848.9 -848.9
 530.5 -530.5
 -436 436
 -1117 1117
 -277.1 277.1
 741.5 -741.5
 378.4 -378.4
 -131.3 131.3
 240.2 -240.2
 -678.3 678.3
 -92.03 92.03
 -239.1 239.1
 -23.27 23.27
 84.11 -84.11
 447 -447
 1089 -1089
 -1135 1135
 -405.5 405.5
 -1.395 1.395
 353.2 -353.2
 -1201 1201
 604.8 -604.8
 294.4 -294.4
 -440.8 440.8
 -267.9 267.9
 -357 357
 153.5 -153.5
 -564.6 564.6
 -251.2 251.2
 -98.84 98.84
 543.8 -543.8
 160.8 -160.8
 131.7 -131.7
 -296.9 296.9
 838.4 -838.4
 -94.45 94.45
 -75.05 75.05
 787.3 -787.3
 -133 133
 -162.6 162.6
 92.58 -92.58
 -248.1 248.1
 -43.21 43.21
 -330.9 330.9
 -343.5 343.5
 -125.4 125.4
 -609.4 609.4
 -155.6 155.6
 -225.6 225.6
 -320.8 320.8
 -180.2 180.2
 -261.2 261.2
 267 -267
 -398.1 398.1
 327.4 -327.4
 -1505 1505
 499.3 -499.3
 -70.4 70.4
 -380 380
 363.4 -363.4
 -139.6 139.6
 40.43 -40.43
 172.8 -172.8
 -621.6 621.6
 960.6 -960.6
 148.2 -148.2
 -513.1 513.1
 482.2 -482.2
 -664 664
 2.755 -2.755
 -175.8 175.8
 187.2 -187.2
 -1130 1130
 -432.6 432.6
 948.7 -948.7
 104.1 -104.1
 417.9 -417.9
 592.9 -592.9
 -26.45 26.45
 -474.5 474.5
 726.8 -726.8
 -1212 1212
 131.8 -131.8
 -43.26 43.26
 207.3 -207.3
 -12.43 12.43
 -73.03 73.03
 123.7 -123.7
 -748.6 748.6
 -699 699
 488.3 -488.3
 -561.7 561.7
 365.4 -365.4
 10.29 -10.29
 -188.6 188.6
 -1032 1032
 1285 -1285
 -849.5 849.5
 431.2 -431.2
 -434.6 434.6
 237.2 -237.2
 -290.5 290.5
 8.965 -8.965
 -364.4 364.4
 907.6 -907.6
 178.6 -178.6
 -114.6 114.6
 417.4 -417.4
 1392 -1392
 -374.3 374.3
 22.29 -22.29
 706.8 -706.8
 37.97 -37.97
 -620.3 620.3
 472.8 -472.8
 319.4 -319.4
 -1619 1619
 -485.9 485.9
 46.19 -46.19
 -1811 1811
 -21.23 21.23
 74.44 -74.44
 17.07 -17.07
 534.1 -534.1
 -122.9 122.9
 -279 279
 -241.6 241.6
 214.3 -214.3
 -141 141
 -89.27 89.27
 -460 460
 -231.2 231.2
 1155 -1155
 -16.97 16.97
 1409 -1409
 -104.4 104.4
 -677.3 677.3
 -64.34 64.34
 -738.7 738.7
 1048 -1048
 -747 747
 -157.3 157.3
 483.4 -483.4
 392 -392
 -331.9 331.9
 -876.9 876.9
 -605.1 605.1
 -219.3 219.3
 177.4 -177.4
 -446.1 446.1
 -489.1 489.1
 -134.1 134.1
 11.6 -11.6
 -31.59 31.59
 -490.7 490.7
 1033 -1033
 -1061 1061
 955.2 -955.2
 233 -233
 -129.2 129.2
 -383 383
 391.5 -391.5
 62.87 -62.87
 111.9 -111.9
 -867.8 867.8
 -1040 1040
 -469.2 469.2
 1089 -1089
 -659.9 659.9
 -116 116
 -371.3 371.3
 100.3 -100.3
 -277 277
 360.1 -360.1
 -482.2 482.2
 -241 241
 -31.28 31.28
 267.7 -267.7
 259.8 -259.8
 453.8 -453.8
 848.3 -848.3
 106.3 -106.3
 42.83 -42.83
 -90.02 90.02
 288.3 -288.3
 380 -380
 736.4 -736.4
 -499.6 499.6
 -265.5 265.5
 -147.8 147.8
 833.8 -833.8
 41.45 -41.45
 188.9 -188.9
 505.6 -505.6
 -50.23 50.23
 175 -175
 -220.1 220.1
 -200.1 200.1
 -1186 1186
 110.4 -110.4
 -556 556
 -56.16 56.16
 777.3 -777.3
 -511 511
 491.4 -491.4
 231.6 -231.6
 -664.4 664.4
 -1066 1066
 381.1 -381.1
 -743.7 743.7
 246.8 -246.8
 -583.1 583.1
 -282.2 282.2
 837.4 -837.4
 1381 -1381
 967.1 -967.1
 -296.4 296.4
 1776 -1776
 -323.7 323.7
 317.3 -317.3
 -718.7 718.7
 -148.4 148.4
 1042 -1042
 -516.5 516.5
 -218.4 218.4
 219.4 -219.4
 -320.9 320.9
 -65.89 65.89
 -105.8 105.8
 -331.1 331.1
 272.5 -272.5
 -863.9 863.9
 -491.5 491.5
 -630.5 630.5
 394.3 -394.3
 881.1 -881.1
 149.7 -149.7
 304 -304
 544.2 -544.2
 621.8 -621.8
 473.1 -473.1
 -908.4 908.4
 104.4 -104.4
 -243.2 243.2
 108.5 -108.5
 -328.4 328.4
 568.4 -568.4
 -1508 1508
 284.6 -284.6
 656 -656
 -709.2 709.2
 403.7 -403.7
 584.6 -584.6
 183.4 -183.4
 -176.8 176.8
 5.903 -5.903
 409.2 -409.2
 -1297 1297
 495.9 -495.9
 -2110 2110
 1427 -1427
 -232.3 232.3
 -1582 1582
 346.4 -346.4
 26.51 -26.51
 -313.8 313.8
 152 -152
 -341.5 341.5
 -85.07 85.07
 -874.2 874.2
 10.13 -10.13
 27.03 -27.03
 985.8 -985.8
 -296.6 296.6
 908.2 -908.2
 718.9 -718.9
 330.6 -330.6
 611.9 -611.9
 81.96 -81.96
 -34.96 34.96
 608.1 -608.1
 -119.2 119.2
 -364.3 364.3
 -701.9 701.9
 -470.4 470.4
 -645.5 645.5
 611.6 -611.6
 636 -636
 -66.89 66.89
 -167 167
 -33.48 33.48
 -1073 1073
 312.2 -312.2
 -444.6 444.6
 -198.6 198.6
 64.76 -64.76
 299.1 -299.1
 106.1 -106.1
 201.7 -201.7
 -634.6 634.6
 2308 -2308
 487.8 -487.8
 192.3 -192.3
 201.1 -201.1
 889.7 -889.7
 -975.1 975.1
 -338.2 338.2
 -341.3 341.3
 104.4 -104.4
 -426.2 426.2
 1270 -1270
 198.3 -198.3
 485.1 -485.1
 -873.5 873.5
 -553.1 553.1
 -15.61 15.61
 -20.99 20.99
 351.8 -351.8
 -89.32 89.32
 812 -812
 -351.5 351.5
 -215.5 215.5
 56.27 -56.27
 247.2 -247.2
 -728 728
 638 -638
 -384.2 384.2
 689.1 -689.1
 117.3 -117.3
 21.41 -21.41
 -552.1 552.1
 8.716 -8.716
 583.5 -583.5
 -350.7 350.7
 382 -382
 213.3 -213.3
 136 -136
 364.8 -364.8
 13.41 -13.41
 338.6 -338.6
 59.58 -59.58
 -1.252 1.252
 -1846 1846
 19.14 -19.14
 -556.6 556.6
 -492.8 492.8
 -321.2 321.2
 -277.6 277.6
 -172.7 172.7
 -34.89 34.89
 192.6 -192.6
 -1180 1180
 376.7 -376.7
 -499.4 499.4
 -113.1 113.1
 166.7 -166.7
 1048 -1048
 -300.2 300.2
 -107.3 107.3
 -531.8 531.8
 692.9 -692.9
 -362.4 362.4
 753.9 -753.9
 26.37 -26.37
 156.5 -156.5
 -772.5 772.5
 189.5 -189.5
 64.24 -64.24
 -33.24 33.24
 1800 -1800
 2031 -2031
 -1100 1100
 605.7 -605.7
 308.1 -308.1
 793.2 -793.2
 -93.2 93.2
 325.4 -325.4
 -326.9 326.9
 -455.4 455.4
 -1121 1121
 83.6 -83.6
 -631.8 631.8
 88.93 -88.93
 404.7 -404.7
 178.7 -178.7
 1915 -1915
 1243 -1243
 94.37 -94.37
 -544.9 544.9
 -501.1 501.1
 276.5 -276.5
 41.44 -41.44
 -640.4 640.4
 603.2 -603.2
 131.8 -131.8
 616.2 -616.2
 -1082 1082
 685.6 -685.6
 766.5 -766.5
 -1302 1302
 -316.2 316.2
 135.4 -135.4
 -484.6 484.6
 564.9 -564.9
 192.3 -192.3
 -338.5 338.5
 -1639 1639
 -387.6 387.6
 436.9 -436.9
 -864.2 864.2
 9.551 -9.551
 1892 -1892
 -163.7 163.7
 1113 -1113
 413.8 -413.8
 -173.9 173.9
 -466.5 466.5
 556.8 -556.8
 521 -521
 304.4 -304.4
 -298.3 298.3
 -170.1 170.1
 217.7 -217.7
 -998.8 998.8
 -380.4 380.4
 -653.9 653.9
 1006 -1006
 130 -130
 186.2 -186.2
 -707.9 707.9
 87.3 -87.3
 -214.6 214.6
 -48.81 48.81
 1641 -1641
 -316.2 316.2
 -182.2 182.2
 -103.8 103.8
 -576.8 576.8
 353.5 -353.5
 118.5 -118.5
 237.9 -237.9
 -115.6 115.6
 -408.7 408.7
 -229.6 229.6
 70.19 -70.19
 52.63 -52.63
 -1118 1118
 527.7 -527.7
 -427.7 427.7
 -701.5 701.5
 -762.8 762.8
 -346 346
 950.8 -950.8
 -551.1 551.1
 98.5 -98.5
 265.1 -265.1
 572.4 -572.4
 142.4 -142.4
 -737.6 737.6
 -146.1 146.1
 -63.4 63.4
 -213.8 213.8
 -504.1 504.1
 512.8 -512.8
 -201.3 201.3
 19.43 -19.43
 -484.3 484.3
 -292.4 292.4
 -326.4 326.4
 -129.7 129.7
 550.2 -550.2
 -633.1 633.1
 -220.5 220.5
 359.6 -359.6
 29.73 -29.73
 -74.59 74.59
 36.39 -36.39
 1383 -1383
 76.61 -76.61
 313.7 -313.7
 -40.12 40.12
 14.67 -14.67
 -248 248
 -730.7 730.7
 -836.1 836.1
 -303.5 303.5
 656.6 -656.6
 -111.2 111.2
 -316.6 316.6
 24.24 -24.24
 78.41 -78.41
 623.3 -623.3
 1612 -1612
 575.8 -575.8
 553.1 -553.1
 7.122 -7.122
 532.8 -532.8
 -472.6 472.6
 1136 -1136
 626.6 -626.6
 509.7 -509.7
 566.9 -566.9
 -509.1 509.1
 657.7 -657.7
 566.3 -566.3
 -568.5 568.5
 1205 -1205
 -879.7 879.7
 1637 -1637
 -164.4 164.4
 389.6 -389.6
 -479.9 479.9
 -548.8 548.8
 553.9 -553.9
 1311 -1311
 -860.4 860.4
 888.7 -888.7
 -220.5 220.5
 27.51 -27.51
 977.1 -977.1
 -12.04 12.04
 569.4 -569.4
 650.8 -650.8
 95.63 -95.63
 396.7 -396.7
 646.9 -646.9
 304.8 -304.8
 165.9 -165.9
 690 -690
 131.8 -131.8
 314.3 -314.3
 219.9 -219.9
 -342.8 342.8
 162.2 -162.2
 435.8 -435.8
 -43.79 43.79
 -268.7 268.7
 -913.4 913.4
 -239.4 239.4
 1314 -1314
 -349.7 349.7
 -607.8 607.8
 1015 -1015
 194.2 -194.2
 266.9 -266.9
 -412.3 412.3
 216 -216
 577.7 -577.7
 -558.4 558.4
 90.54 -90.54
 -328.6 328.6
 711.9 -711.9
 375.7 -375.7
 681.1 -681.1
 -582.1 582.1
 -163.8 163.8
 -267.7 267.7
 -420.2 420.2
 500.6 -500.6
 -549.4 549.4
 -540.8 540.8
 -1189 1189
 884.3 -884.3
 -463.4 463.4
 -249 249
 -13.04 13.04
 -721.1 721.1
 759.3 -759.3
 353.9 -353.9
 -737.3 737.3
 130.7 -130.7
 707.4 -707.4
 -275 275
 139.2 -139.2
 -421.1 421.1
 -39.84 39.84
 138.6 -138.6
 -83.53 83.53
 -799.6 799.6
 -951.5 951.5
 -1149 1149
 719.6 -719.6
 167.2 -167.2
 753.8 -753.8
 -785.3 785.3
 -217.5 217.5
 410 -410
 339 -339
 70.55 -70.55
 562.6 -562.6
 -1384 1384
 -63.63 63.63
 242.3 -242.3
 -678.7 678.7
 -327.1 327.1
 627.5 -627.5
 1083 -1083
 54.41 -54.41
 -401.9 401.9
 997.1 -997.1
 670.1 -670.1
 481.3 -481.3
 -416.5 416.5
 -539.5 539.5
 -646.3 646.3
 25.66 -25.66
 211.5 -211.5
 686 -686
 -66.41 66.41
 -312.9 312.9
 424.3 -424.3
 341.2 -341.2
 -504.2 504.2
 -194.2 194.2
 244.9 -244.9
 324.9 -324.9
 -24.99 24.99
 283.8 -283.8
 -699.2 699.2
 908.5 -908.5
 479.5 -479.5
 -1012 1012
 -344.1 344.1
 -781.3 781.3
 176.7 -176.7
 283.2 -283.2
 -354.8 354.8
 -782.7 782.7
 -412 412
 -371.1 371.1
 -1005 1005
 44.96 -44.96
 -789.8 789.8
 305.4 -305.4
 394.2 -394.2
 75.39 -75.39
 288 -288
 -444 444
 94.68 -94.68
 639.6 -639.6
 1042 -1042
 -257.5 257.5
 -107.4 107.4
 641.9 -641.9
 807.7 -807.7
 -70.69 70.69
 -713.7 713.7
 -568.5 568.5
 559.4 -559.4
 -545.6 545.6
 340.2 -340.2
 -441.5 441.5
 -108 108
 -1146 1146
 -51.25 51.25
 -893.6 893.6
 -15.05 15.05
 -157.9 157.9
 -1792 1792
 216.5 -216.5
 468.9 -468.9
 530.4 -530.4
 242.5 -242.5
 -527.4 527.4
 -324.8 324.8
 -318.9 318.9
 -518.3 518.3
 -356.7 356.7
 -376.7 376.7
 -437.8 437.8
 -20.56 20.56
 740.1 -740.1
 519.9 -519.9
 79.59 -79.59
 -78.27 78.27
 193.4 -193.4
 468.1 -468.1
 196.9 -196.9
 120.8 -120.8
 -878.9 878.9
 -236.9 236.9
 -384 384
 -124.8 124.8
 610.7 -610.7
 -914.1 914.1
 -563.9 563.9
 -513.1 513.1
 -688.8 688.8
 -1122 1122
 -225.2 225.2
 161.1 -161.1
 -453.6 453.6
 -400.5 400.5
 1355 -1355
 -1004 1004
 -437.7 437.7
 -405.3 405.3
 42.08 -42.08
 -773.2 773.2
 515.2 -515.2
 -451.4 451.4
 -602 602
 797.5 -797.5
 863.5 -863.5
 985.6 -985.6
 -411 411
 -672.3 672.3
 979.7 -979.7
 134.1 -134.1
 -486.7 486.7
 668.3 -668.3
 -897.5 897.5
 228.2 -228.2
 -412.8 412.8
 33.32 -33.32
 1032 -1032
 -63.01 63.01
 775.3 -775.3
 -159.4 159.4
 765.2 -765.2
 -1051 1051
 -681 681
 261.3 -261.3
 1335 -1335
 -423.8 423.8
 102.6 -102.6
 691.9 -691.9
 -861.4 861.4
 687 -687
 619.1 -619.1
 -435.8 435.8
 356.9 -356.9
 -423.1 423.1
 -386.1 386.1
 -20.66 20.66
 160.8 -160.8
 -360.5 360.5
 96.57 -96.57
 -506.2 506.2
 1460 -1460
 -769.4 769.4
 764.9 -764.9
 -471.1 471.1
 -117.4 117.4
 69.22 -69.22
 696.3 -696.3
 -326.5 326.5
 478.5 -478.5
 147.6 -147.6
 -165 165
 162.8 -162.8
 210.8 -210.8
 825.5 -825.5
 -244.3 244.3
 228.9 -228.9
 -589.4 589.4
 -621.4 621.4
 1007 -1007
 -266.2 266.2
 532.8 -532.8
 -171.6 171.6
 -187.7 187.7
 388.5 -388.5
 541.7 -541.7
 345.8 -345.8
 -180 180
 -465.4 465.4
 -577.2 577.2
 231.1 -231.1
 265.9 -265.9
 315 -315
 -88.44 88.44
 1194 -1194
 1225 -1225
 -51.22 51.22
 53.76 -53.76
 1057 -1057
 -244.2 244.2
 81.24 -81.24
 -540.9 540.9
 -1448 1448
 -52.77 52.77
 312.9 -312.9
 241.2 -241.2
 -555.9 555.9
 744.1 -744.1
 -460.2 460.2
 -363.6 363.6
 36.94 -36.94
 114 -114
 286 -286
 382.4 -382.4
 -931.1 931.1
 -101.2 101.2
 325.5 -325.5
 -99.46 99.46
 486.8 -486.8
 594 -594
 -153.1 153.1
 -87.75 87.75
 1192 -1192
 -124.8 124.8
 517.6 -517.6
 703.9 -703.9
 -704.5 704.5
 -640.1 640.1
 75 -75
 -249.8 249.8
 608.3 -608.3
 87.35 -87.35
 143 -143
 -587.1 587.1
 -165.6 165.6
 -232.6 232.6
 -273.9 273.9
 -282.3 282.3
 -411.1 411.1
 -525.8 525.8
 1017 -1017
 1575 -1575
 945.6 -945.6
 -688.6 688.6
 214.4 -214.4
 154.6 -154.6
 449 -449
 315.9 -315.9
 851.9 -851.9
 -250.4 250.4
 346.6 -346.6
 963.5 -963.5
 69.11 -69.11
 -159.7 159.7
 -1994 1994
 -934.9 934.9
 -724.5 724.5
 251.5 -251.5
 -722.6 722.6
 18.54 -18.54
 -81.55 81.55
 146.3 -146.3
 -981.8 981.8
 145.6 -145.6
 -599.3 599.3
 -47.99 47.99
 193.2 -193.2
 -610.7 610.7
 1483 -1483
 189.9 -189.9
 212.4 -212.4
 62.13 -62.13
 -152.9 152.9
 221.1 -221.1
 -88.92 88.92
 250.4 -250.4
 614.7 -614.7
 15.01 -15.01
 -209.1 209.1
 196.4 -196.4
 -208 208
 -1327 1327
 -59.11 59.11
 -397.4 397.4
 300.6 -300.6
 189.1 -189.1
 597.4 -597.4
 472.1 -472.1
 -183 183
 -418.1 418.1
 -205.7 205.7
 181.2 -181.2
 46.05 -46.05
 258.5 -258.5
 -1153 1153
 -229.2 229.2
 -156.2 156.2
 -536 536
 -875.4 875.4
 995.8 -995.8
 474.8 -474.8
 -748 748
 -165.4 165.4
 -529.2 529.2
 535 -535
 669.5 -669.5
 485.4 -485.4
 -103.2 103.2
 -1270 1270
 -584.5 584.5
 -823.4 823.4
 1171 -1171
 -133.5 133.5
 -294.9 294.9
 -460 460
 499.3 -499.3
 1035 -1035
 -512.9 512.9
 165.9 -165.9
 -5.362 5.362
 -659.4 659.4
 1129 -1129
 166.3 -166.3
 -1389 1389
 570.1 -570.1
 -636.7 636.7
 502.4 -502.4
 -363.2 363.2
 -196.6 196.6
 126.8 -126.8
 -337.8 337.8
 868.9 -868.9
 -586.1 586.1
 -34.09 34.09
 919 -919
 109.9 -109.9
 -938.7 938.7
 512.8 -512.8
 -984.6 984.6
 -487.4 487.4
 687.1 -687.1
 -625.3 625.3
 113.3 -113.3


