# Created by Octave 5.2.0, Fri Sep 25 00:04:57 2020 CEST <jiwidi@land>
# name: w
# type: matrix
# rows: 2001
# columns: 2
 0 0
 11.77 -11.77
 -7.8 7.8
 14.95 -14.95
 -1.295 1.295
 4.47 -4.47
 14.63 -14.63
 -4.178 4.178
 3.618 -3.618
 -5.175 5.175
 3.808 -3.808
 1.304 -1.304
 0.7089 -0.7089
 3.916 -3.916
 -3.829 3.829
 -12.41 12.41
 7.801 -7.801
 -7.032 7.032
 13.04 -13.04
 0.05724 -0.05724
 -2.404 2.404
 -9.108 9.108
 2.402 -2.402
 -2.399 2.399
 4.511 -4.511
 -14.12 14.12
 0.3384 -0.3384
 4.135 -4.135
 -3.839 3.839
 0.4102 -0.4102
 -3.554 3.554
 5.838 -5.838
 2.768 -2.768
 1.891 -1.891
 5.714 -5.714
 -24.94 24.94
 -16.83 16.83
 -2.934 2.934
 -8.044 8.044
 -3.665 3.665
 -6.969 6.969
 11.44 -11.44
 -1.661 1.661
 -8.866 8.866
 2.213 -2.213
 7.122 -7.122
 -4.802 4.802
 19.64 -19.64
 -2.754 2.754
 8.433 -8.433
 6.777 -6.777
 1.433 -1.433
 1.541 -1.541
 -9.299 9.299
 22.61 -22.61
 15.37 -15.37
 1.704 -1.704
 2.263 -2.263
 -0.1834 0.1834
 -13.59 13.59
 4.867 -4.867
 -7.119 7.119
 -0.4113 0.4113
 5.975 -5.975
 -7.383 7.383
 0.9073 -0.9073
 11.57 -11.57
 0.7115 -0.7115
 10.09 -10.09
 5.357 -5.357
 -11.75 11.75
 -12.72 12.72
 -2.24 2.24
 12.71 -12.71
 18.57 -18.57
 -7.035 7.035
 -36.18 36.18
 -8.384 8.384
 7.533 -7.533
 -4.59 4.59
 1.842 -1.842
 2.846 -2.846
 -7.185 7.185
 3.202 -3.202
 7.84 -7.84
 1.59 -1.59
 -9.254 9.254
 -5.269 5.269
 -3.24 3.24
 -8.594 8.594
 1.988 -1.988
 9.256 -9.256
 4.49 -4.49
 -0.9328 0.9328
 10.31 -10.31
 -1.177 1.177
 -2.39 2.39
 1.259 -1.259
 -4.612 4.612
 -1.292 1.292
 6.032 -6.032
 9.915 -9.915
 -5.213 5.213
 -14.2 14.2
 6.963 -6.963
 5.189 -5.189
 0.9681 -0.9681
 3.043 -3.043
 7.175 -7.175
 2.877 -2.877
 18.13 -18.13
 -8.851 8.851
 3.278 -3.278
 0.3858 -0.3858
 -3.556 3.556
 -5.715 5.715
 1.666 -1.666
 -2.758 2.758
 -11.82 11.82
 -4.816 4.816
 3.09 -3.09
 19.71 -19.71
 -17.24 17.24
 3.117 -3.117
 6.569 -6.569
 -25.29 25.29
 -5.417 5.417
 0.3574 -0.3574
 2.595 -2.595
 -5.32 5.32
 21.5 -21.5
 1.173 -1.173
 4.739 -4.739
 -5.419 5.419
 9.672 -9.672
 -6.314 6.314
 3.08 -3.08
 -24.32 24.32
 -4.596 4.596
 -0.919 0.919
 -6.98 6.98
 -5.855 5.855
 2.705 -2.705
 2.807 -2.807
 5.76 -5.76
 -3.555 3.555
 12.24 -12.24
 -1.507 1.507
 -11.03 11.03
 1.893 -1.893
 3.985 -3.985
 -15.08 15.08
 10.48 -10.48
 15.96 -15.96
 1.159 -1.159
 -2.218 2.218
 -7.076 7.076
 4.506 -4.506
 -15.07 15.07
 1.174 -1.174
 0.7692 -0.7692
 11.7 -11.7
 -9.099 9.099
 -19.59 19.59
 11.53 -11.53
 23.16 -23.16
 12.89 -12.89
 1.073 -1.073
 1.243 -1.243
 -7.987 7.987
 0.5606 -0.5606
 11.48 -11.48
 -2.183 2.183
 3.265 -3.265
 8.524 -8.524
 1.349 -1.349
 -12.74 12.74
 12.89 -12.89
 -8.924 8.924
 -1.188 1.188
 2.053 -2.053
 -7.279 7.279
 -14.96 14.96
 9.224 -9.224
 3.07 -3.07
 -5.085 5.085
 15.2 -15.2
 -6.857 6.857
 -0.1082 0.1082
 -18.21 18.21
 5.389 -5.389
 2.711 -2.711
 -0.93 0.93
 1.141 -1.141
 -5.823 5.823
 -9.774 9.774
 3.325 -3.325
 -5.861 5.861
 -2.334 2.334
 22.77 -22.77
 3.76 -3.76
 -8.982 8.982
 -8.54 8.54
 6.944 -6.944
 -4.315 4.315
 -1.393 1.393
 -8.68 8.68
 -13.78 13.78
 -5.031 5.031
 17.56 -17.56
 -25.41 25.41
 3.579 -3.579
 -5.993 5.993
 3.223 -3.223
 -8.228 8.228
 17.27 -17.27
 -2.454 2.454
 -12.2 12.2
 9.825 -9.825
 2.534 -2.534
 -6.515 6.515
 0.2569 -0.2569
 9.902 -9.902
 9.266 -9.266
 4.835 -4.835
 9.538 -9.538
 -0.6478 0.6478
 -9.961 9.961
 1.619 -1.619
 -11.04 11.04
 10.01 -10.01
 9.74 -9.74
 1.482 -1.482
 -12.05 12.05
 2.909 -2.909
 -4.888 4.888
 -2.734 2.734
 -6.82 6.82
 11.78 -11.78
 7.358 -7.358
 -7.241 7.241
 1.055 -1.055
 -5.634 5.634
 0.3844 -0.3844
 -7.922 7.922
 -3.455 3.455
 6.274 -6.274
 0.6715 -0.6715
 -4.449 4.449
 -9.593 9.593
 9.325 -9.325
 4.525 -4.525
 5.38 -5.38
 6.705 -6.705
 -2.282 2.282
 8.323 -8.323
 4.86 -4.86
 16.19 -16.19
 9.28 -9.28
 -0.3219 0.3219
 20.44 -20.44
 -5.135 5.135
 2.102 -2.102
 -11 11
 5.774 -5.774
 3.431 -3.431
 4.626 -4.626
 -3.312 3.312
 4.411 -4.411
 14.02 -14.02
 -3.91 3.91
 2.208 -2.208
 -2.233 2.233
 1.805 -1.805
 1.982 -1.982
 4.914 -4.914
 5.828 -5.828
 5.272 -5.272
 -10.27 10.27
 -10.27 10.27
 -6.335 6.335
 5.345 -5.345
 4.04 -4.04
 0.9455 -0.9455
 13.38 -13.38
 1.534 -1.534
 -1.96 1.96
 0.09775 -0.09775
 3.616 -3.616
 -11.05 11.05
 -4.081 4.081
 -20.95 20.95
 20.97 -20.97
 3.924 -3.924
 -2.364 2.364
 5.83 -5.83
 -29.17 29.17
 -2.259 2.259
 10.17 -10.17
 1.448 -1.448
 -11.39 11.39
 -1.186 1.186
 1.595 -1.595
 -14.54 14.54
 3.133 -3.133
 3.4 -3.4
 6.372 -6.372
 -4.645 4.645
 -9.365 9.365
 2.391 -2.391
 3.732 -3.732
 17.72 -17.72
 -11.4 11.4
 -6.184 6.184
 11.67 -11.67
 -13.17 13.17
 1.03 -1.03
 13.38 -13.38
 -4.685 4.685
 -1.079 1.079
 5.915 -5.915
 36.29 -36.29
 6.393 -6.393
 2.619 -2.619
 -1.627 1.627
 2.513 -2.513
 15.14 -15.14
 -0.728 0.728
 0.4926 -0.4926
 3.717 -3.717
 -4.53 4.53
 2.452 -2.452
 -6.753 6.753
 -6.873 6.873
 -5.305 5.305
 6.993 -6.993
 -1.795 1.795
 10.55 -10.55
 3.515 -3.515
 18.1 -18.1
 0.5966 -0.5966
 -7.448 7.448
 -8.972 8.972
 7.469 -7.469
 -0.8743 0.8743
 -2.316 2.316
 12.1 -12.1
 7.896 -7.896
 15.65 -15.65
 13.28 -13.28
 -3.817 3.817
 -3.512 3.512
 -21.09 21.09
 -6.813 6.813
 2.162 -2.162
 7.963 -7.963
 -13.64 13.64
 0.9312 -0.9312
 -0.3452 0.3452
 16.53 -16.53
 -15.3 15.3
 -12.37 12.37
 -6.974 6.974
 10.15 -10.15
 3.177 -3.177
 1.458 -1.458
 10.92 -10.92
 -20.49 20.49
 5.944 -5.944
 -31.22 31.22
 7.834 -7.834
 7.334 -7.334
 -4.682 4.682
 -12.56 12.56
 -16.9 16.9
 0.6491 -0.6491
 5.274 -5.274
 16.63 -16.63
 -2.291 2.291
 -20.7 20.7
 -1.596 1.596
 -14.1 14.1
 -0.8042 0.8042
 -10.66 10.66
 5.696 -5.696
 13.83 -13.83
 -0.3611 0.3611
 12.46 -12.46
 4.889 -4.889
 -2.991 2.991
 -2.835 2.835
 -8.25 8.25
 3.494 -3.494
 -12.32 12.32
 2.647 -2.647
 -5.938 5.938
 -0.1717 0.1717
 3.754 -3.754
 -1.821 1.821
 19.43 -19.43
 -0.6614 0.6614
 -12.35 12.35
 -6.926 6.926
 -1.706 1.706
 -8.955 8.955
 -9.379 9.379
 1.52 -1.52
 1.399 -1.399
 -6.809 6.809
 18.41 -18.41
 -6.145 6.145
 0.8062 -0.8062
 -3.707 3.707
 1.549 -1.549
 -23.32 23.32
 1.787 -1.787
 12.45 -12.45
 -9.137 9.137
 11.1 -11.1
 4.215 -4.215
 17.98 -17.98
 -6.532 6.532
 26.7 -26.7
 4.699 -4.699
 -9.818 9.818
 -6.942 6.942
 -6.281 6.281
 -3.313 3.313
 -3.186 3.186
 -0.02947 0.02947
 17.61 -17.61
 -6.526 6.526
 14.02 -14.02
 -1.475 1.475
 -16.15 16.15
 -3.574 3.574
 -6.33 6.33
 4.401 -4.401
 -12.88 12.88
 -1.223 1.223
 -6.581 6.581
 -1.481 1.481
 -18.74 18.74
 15.42 -15.42
 1.703 -1.703
 -8.288 8.288
 -1.889 1.889
 -2.777 2.777
 4.644 -4.644
 17.9 -17.9
 -6.564 6.564
 -1.509 1.509
 16.68 -16.68
 3.542 -3.542
 6.378 -6.378
 15.09 -15.09
 -4.489 4.489
 17.96 -17.96
 0.09632 -0.09632
 7.09 -7.09
 -3.647 3.647
 5.862 -5.862
 10.08 -10.08
 -0.2158 0.2158
 16.01 -16.01
 2.874 -2.874
 5.256 -5.256
 -0.8174 0.8174
 1.796 -1.796
 0.7092 -0.7092
 -9.137 9.137
 0.03652 -0.03652
 1.025 -1.025
 -8.83 8.83
 3.906 -3.906
 17.27 -17.27
 1.036 -1.036
 -2.602 2.602
 -0.8697 0.8697
 2.238 -2.238
 -1.867 1.867
 -2.399 2.399
 2.967 -2.967
 -0.412 0.412
 -2.814 2.814
 -0.2607 0.2607
 -0.3245 0.3245
 -26.3 26.3
 -2.474 2.474
 -2.125 2.125
 -4.762 4.762
 2.357 -2.357
 -0.4017 0.4017
 -4.783 4.783
 -2.519 2.519
 -15.28 15.28
 -11.9 11.9
 -7.161 7.161
 8.665 -8.665
 -24.19 24.19
 2.85 -2.85
 13.34 -13.34
 -13.41 13.41
 -2.801 2.801
 -4.312 4.312
 -17.97 17.97
 -7.217 7.217
 7.916 -7.916
 1.964 -1.964
 17.57 -17.57
 -1.956 1.956
 -2.803 2.803
 -7.21 7.21
 0.5446 -0.5446
 -6.226 6.226
 -12.27 12.27
 -6.471 6.471
 -0.6537 0.6537
 -3.638 3.638
 -16.1 16.1
 -0.1121 0.1121
 13.94 -13.94
 -12.42 12.42
 3.956 -3.956
 -28.57 28.57
 6.976 -6.976
 -0.06917 0.06917
 1.223 -1.223
 0.8619 -0.8619
 -0.5306 0.5306
 17.91 -17.91
 -1.924 1.924
 -12.39 12.39
 8.135 -8.135
 4.448 -4.448
 -19.63 19.63
 18.6 -18.6
 -0.5174 0.5174
 11.38 -11.38
 -1.262 1.262
 -14.79 14.79
 -8.052 8.052
 1.999 -1.999
 -4.925 4.925
 12.88 -12.88
 -16.16 16.16
 10.33 -10.33
 -9.056 9.056
 -13.85 13.85
 -3.454 3.454
 18.11 -18.11
 -5.693 5.693
 17.67 -17.67
 -8.172 8.172
 8.288 -8.288
 0.06666 -0.06666
 3.563 -3.563
 -13.3 13.3
 -2.866 2.866
 -0.3378 0.3378
 8.444 -8.444
 -3.953 3.953
 3.705 -3.705
 -0.5117 0.5117
 -4.426 4.426
 -5.22 5.22
 11.59 -11.59
 0.2518 -0.2518
 2.878 -2.878
 -4.696 4.696
 3.025 -3.025
 3.083 -3.083
 -0.07362 0.07362
 25.23 -25.23
 -10.08 10.08
 -1.153 1.153
 -0.9235 0.9235
 10.06 -10.06
 10.45 -10.45
 -0.7909 0.7909
 5.86 -5.86
 1.481 -1.481
 -2.136 2.136
 -4.001 4.001
 16.17 -16.17
 28.69 -28.69
 2.796 -2.796
 4.827 -4.827
 -3.611 3.611
 7.442 -7.442
 -2.505 2.505
 5.339 -5.339
 -13.69 13.69
 5.377 -5.377
 3.547 -3.547
 -7.025 7.025
 -6.423 6.423
 1.122 -1.122
 -3.578 3.578
 0.9358 -0.9358
 -6.925 6.925
 -0.2735 0.2735
 1.628 -1.628
 9.237 -9.237
 11.37 -11.37
 3.372 -3.372
 34.41 -34.41
 11.46 -11.46
 -21.3 21.3
 0.1555 -0.1555
 -2.132 2.132
 -14.6 14.6
 2.968 -2.968
 4.177 -4.177
 -9.318 9.318
 -2.092 2.092
 -10.33 10.33
 -9.597 9.597
 1.103 -1.103
 1.224 -1.224
 -2.129 2.129
 -6.459 6.459
 0.5382 -0.5382
 -2.178 2.178
 0.3598 -0.3598
 -1.889 1.889
 -13.12 13.12
 -1.745 1.745
 -4.656 4.656
 3.008 -3.008
 -1.431 1.431
 -10.68 10.68
 4.623 -4.623
 -5.086 5.086
 -0.8801 0.8801
 -19.22 19.22
 1.966 -1.966
 3.733 -3.733
 5.399 -5.399
 -10.19 10.19
 -5.806 5.806
 12.74 -12.74
 -1.418 1.418
 5.709 -5.709
 -20.4 20.4
 -4.449 4.449
 4.418 -4.418
 -7.263 7.263
 -10.73 10.73
 9.309 -9.309
 11.39 -11.39
 5.428 -5.428
 10.14 -10.14
 21.97 -21.97
 -3.746 3.746
 4.682 -4.682
 -13.06 13.06
 9.767 -9.767
 -4.897 4.897
 2.941 -2.941
 4.32 -4.32
 -18.44 18.44
 -0.3671 0.3671
 -22.76 22.76
 -0.7791 0.7791
 1.951 -1.951
 -13.56 13.56
 6.901 -6.901
 -1.54 1.54
 -9.932 9.932
 -6.944 6.944
 -3.95 3.95
 2.112 -2.112
 2.904 -2.904
 -20.71 20.71
 -11.54 11.54
 4.049 -4.049
 0.9621 -0.9621
 7.23 -7.23
 -11.67 11.67
 -3.673 3.673
 -4.837 4.837
 -3.856 3.856
 -6.956 6.956
 6.225 -6.225
 -9.814 9.814
 -0.08594 0.08594
 -6.669 6.669
 2.51 -2.51
 -8.868 8.868
 -8.971 8.971
 -1.215 1.215
 -5.005 5.005
 2.095 -2.095
 9.46 -9.46
 -19.1 19.1
 5.016 -5.016
 2.813 -2.813
 6.606 -6.606
 2.654 -2.654
 -8.744 8.744
 0.5064 -0.5064
 15.66 -15.66
 -0.8175 0.8175
 0.9596 -0.9596
 6.038 -6.038
 -10.96 10.96
 2.348 -2.348
 -8.222 8.222
 -1.681 1.681
 -11.33 11.33
 23.89 -23.89
 -2.462 2.462
 10.93 -10.93
 16.47 -16.47
 -5.964 5.964
 49.44 -49.44
 -15.11 15.11
 -0.4302 0.4302
 -2.189 2.189
 1.755 -1.755
 -17.85 17.85
 -9.988 9.988
 -9.577 9.577
 2.032 -2.032
 -8.733 8.733
 -1.127 1.127
 13.41 -13.41
 -11.54 11.54
 29.14 -29.14
 -5.714 5.714
 10.65 -10.65
 4.651 -4.651
 4.047 -4.047
 -14.41 14.41
 -2.034 2.034
 -9.221 9.221
 -0.9661 0.9661
 -11.56 11.56
 -1.012 1.012
 1.632 -1.632
 -10.74 10.74
 19.48 -19.48
 2.778 -2.778
 -0.265 0.265
 1.259 -1.259
 12.12 -12.12
 -4.992 4.992
 16.57 -16.57
 -2.112 2.112
 4.634 -4.634
 20.05 -20.05
 -10.16 10.16
 -1.488 1.488
 2.044 -2.044
 -9.191 9.191
 -4.035 4.035
 -4.675 4.675
 9.796 -9.796
 20.71 -20.71
 -10.09 10.09
 -13.27 13.27
 -10.9 10.9
 -1.443 1.443
 -5.203 5.203
 8.946 -8.946
 -5.386 5.386
 4.737 -4.737
 5.151 -5.151
 -31.98 31.98
 14.61 -14.61
 -14.08 14.08
 5.265 -5.265
 -7.582 7.582
 3.484 -3.484
 5.519 -5.519
 -8.863 8.863
 -8.86 8.86
 -7.516 7.516
 13.17 -13.17
 2.391 -2.391
 18.36 -18.36
 10.35 -10.35
 -7.186 7.186
 7.654 -7.654
 -0.375 0.375
 9.507 -9.507
 1.265 -1.265
 -3.408 3.408
 -18.09 18.09
 14.33 -14.33
 1.747 -1.747
 8.591 -8.591
 -1.997 1.997
 -4.642 4.642
 3.324 -3.324
 -3.338 3.338
 -4.961 4.961
 -1.667 1.667
 7.537 -7.537
 17.72 -17.72
 -0.6785 0.6785
 6.768 -6.768
 19.62 -19.62
 7.368 -7.368
 7.929 -7.929
 -4.072 4.072
 0.7417 -0.7417
 -0.7562 0.7562
 10.06 -10.06
 7.243 -7.243
 13.57 -13.57
 3.723 -3.723
 -4.879 4.879
 3.621 -3.621
 -8.587 8.587
 -2.279 2.279
 4.017 -4.017
 -4.236 4.236
 10.14 -10.14
 8.023 -8.023
 -1.158 1.158
 16.12 -16.12
 -1.342 1.342
 9.064 -9.064
 -4.083 4.083
 -3.954 3.954
 -4.006 4.006
 4.342 -4.342
 -4.443 4.443
 11.34 -11.34
 11.79 -11.79
 6.231 -6.231
 -1.347 1.347
 -5.882 5.882
 -10.49 10.49
 -5.431 5.431
 14.08 -14.08
 4.034 -4.034
 -17.1 17.1
 1.826 -1.826
 -2.393 2.393
 -5.005 5.005
 9.737 -9.737
 2.612 -2.612
 -19.72 19.72
 1.289 -1.289
 14.87 -14.87
 -9.063 9.063
 4.095 -4.095
 -4.078 4.078
 6.133 -6.133
 -12.77 12.77
 -3.968 3.968
 -7.77 7.77
 5.561 -5.561
 9.651 -9.651
 -8.276 8.276
 2.398 -2.398
 -2.461 2.461
 -6.653 6.653
 -3.33 3.33
 5.454 -5.454
 0.7741 -0.7741
 16.25 -16.25
 -2.208 2.208
 -5.819 5.819
 5.426 -5.426
 3.286 -3.286
 -2.634 2.634
 12.77 -12.77
 7.047 -7.047
 2.688 -2.688
 17.87 -17.87
 -9.539 9.539
 5.853 -5.853
 -9.73 9.73
 8.87 -8.87
 19.85 -19.85
 1.92 -1.92
 17.19 -17.19
 16.64 -16.64
 -6.14 6.14
 19.66 -19.66
 -2.863 2.863
 18.35 -18.35
 4.858 -4.858
 1.896 -1.896
 -6.168 6.168
 0.67 -0.67
 -2.158 2.158
 -13.36 13.36
 4.12 -4.12
 5.645 -5.645
 6.481 -6.481
 -1.428 1.428
 22.74 -22.74
 -10.45 10.45
 0.09813 -0.09813
 -0.3142 0.3142
 -7.386 7.386
 0.7042 -0.7042
 4.017 -4.017
 7.968 -7.968
 -15.44 15.44
 7.611 -7.611
 7.175 -7.175
 -3.448 3.448
 -3.852 3.852
 6.339 -6.339
 18.41 -18.41
 2.856 -2.856
 17.12 -17.12
 2.659 -2.659
 -7.452 7.452
 -2.487 2.487
 11.48 -11.48
 12.1 -12.1
 12.61 -12.61
 -15.93 15.93
 -0.6363 0.6363
 -3.031 3.031
 -1.167 1.167
 -8.691 8.691
 -12.2 12.2
 0.5879 -0.5879
 8.519 -8.519
 -0.3699 0.3699
 -0.5374 0.5374
 -23.67 23.67
 -0.5861 0.5861
 -0.1084 0.1084
 -0.3855 0.3855
 -4.176 4.176
 6.395 -6.395
 4.234 -4.234
 -2.734 2.734
 14.91 -14.91
 4.728 -4.728
 9.406 -9.406
 1.377 -1.377
 -2.438 2.438
 -4.704 4.704
 1.448 -1.448
 -0.67 0.67
 -0.07647 0.07647
 -2.153 2.153
 -5.164 5.164
 -0.8344 0.8344
 -7.055 7.055
 2.799 -2.799
 -3.458 3.458
 2.02 -2.02
 -11.42 11.42
 5.704 -5.704
 -13.47 13.47
 2.944 -2.944
 0.3617 -0.3617
 6.119 -6.119
 2.909 -2.909
 2.957 -2.957
 -13.59 13.59
 16.95 -16.95
 2.293 -2.293
 0.2524 -0.2524
 5.872 -5.872
 -17.02 17.02
 -13.69 13.69
 -4.672 4.672
 -4.855 4.855
 0.3872 -0.3872
 28.02 -28.02
 -1.815 1.815
 -1.743 1.743
 -2.491 2.491
 -0.3937 0.3937
 -0.6077 0.6077
 8.103 -8.103
 -0.8451 0.8451
 -0.02628 0.02628
 -2.858 2.858
 2.727 -2.727
 -12.14 12.14
 -5.792 5.792
 1.234 -1.234
 6.018 -6.018
 -2.735 2.735
 -2.625 2.625
 2.582 -2.582
 0.7886 -0.7886
 -3.559 3.559
 9.031 -9.031
 -6.465 6.465
 10.75 -10.75
 0.8882 -0.8882
 1.341 -1.341
 -6.78 6.78
 -23.94 23.94
 -0.7741 0.7741
 7.147 -7.147
 -3.555 3.555
 0.1612 -0.1612
 -5.664 5.664
 -2.116 2.116
 19.08 -19.08
 -13.86 13.86
 4.818 -4.818
 -9.322 9.322
 -6.973 6.973
 0.2276 -0.2276
 3.302 -3.302
 0.8631 -0.8631
 2.988 -2.988
 2.668 -2.668
 4.842 -4.842
 4.778 -4.778
 -7.151 7.151
 6.727 -6.727
 4.253 -4.253
 3.104 -3.104
 0.9612 -0.9612
 -16.56 16.56
 9.402 -9.402
 1.016 -1.016
 -10.72 10.72
 -9.196 9.196
 -6.512 6.512
 -2.637 2.637
 6.99 -6.99
 -6.947 6.947
 -8.671 8.671
 5.41 -5.41
 7.74 -7.74
 -6.264 6.264
 2.294 -2.294
 -4.541 4.541
 -8.183 8.183
 -4.408 4.408
 -9.777 9.777
 -10.27 10.27
 3.003 -3.003
 -13.24 13.24
 -4.869 4.869
 -7.939 7.939
 -9.684 9.684
 -1.221 1.221
 5.055 -5.055
 -1.475 1.475
 10.46 -10.46
 11.65 -11.65
 -17.42 17.42
 2.622 -2.622
 11.94 -11.94
 -12.38 12.38
 -8.435 8.435
 -11.01 11.01
 -2.055 2.055
 -0.5569 0.5569
 -4.729 4.729
 -20.66 20.66
 -7.42 7.42
 8.775 -8.775
 8.233 -8.233
 -13.3 13.3
 4.69 -4.69
 -22.22 22.22
 -2.809 2.809
 10.72 -10.72
 -12.53 12.53
 0.5076 -0.5076
 6.593 -6.593
 3.927 -3.927
 0.2813 -0.2813
 23.75 -23.75
 -0.3648 0.3648
 14.58 -14.58
 -9.508 9.508
 14.19 -14.19
 -1.293 1.293
 -8.111 8.111
 10.8 -10.8
 8.102 -8.102
 -5.63 5.63
 -18.16 18.16
 -0.4606 0.4606
 9.401 -9.401
 1.084 -1.084
 -3.431 3.431
 2.519 -2.519
 -6.794 6.794
 1.467 -1.467
 -1.235 1.235
 -0.01745 0.01745
 4.921 -4.921
 11.98 -11.98
 21.65 -21.65
 -22.61 22.61
 -3.538 3.538
 -8.454 8.454
 4.108 -4.108
 -14.26 14.26
 7.9 -7.9
 6.729 -6.729
 -7.457 7.457
 -5.467 5.467
 -8.587 8.587
 6.203 -6.203
 -8.818 8.818
 0.1911 -0.1911
 -5.854 5.854
 11.7 -11.7
 -2.251 2.251
 -0.6277 0.6277
 -8.959 8.959
 15.91 -15.91
 -1.278 1.278
 -2.833 2.833
 12.63 -12.63
 -1.324 1.324
 -1.666 1.666
 7.131 -7.131
 -5.5 5.5
 -0.006338 0.006338
 -8.4 8.4
 -4.754 4.754
 -3.448 3.448
 -7.414 7.414
 1.002 -1.002
 -3.517 3.517
 -7.316 7.316
 3.293 -3.293
 -9.377 9.377
 8.17 -8.17
 -7.165 7.165
 4.537 -4.537
 -11.15 11.15
 6.475 -6.475
 -1.811 1.811
 -10.94 10.94
 7.1 -7.1
 -7.987 7.987
 3.528 -3.528
 1.175 -1.175
 -3.648 3.648
 12.15 -12.15
 2.732 -2.732
 -8.868 8.868
 6.047 -6.047
 -12.5 12.5
 -4.417 4.417
 -5.086 5.086
 -5.538 5.538
 -8.118 8.118
 -0.9007 0.9007
 11.82 -11.82
 0.3518 -0.3518
 8.214 -8.214
 15.03 -15.03
 2.18 -2.18
 -5.024 5.024
 22.06 -22.06
 -6.38 6.38
 7.044 -7.044
 -4.31 4.31
 4.267 -4.267
 -0.1877 0.1877
 1.735 -1.735
 0.3277 -0.3277
 -14.49 14.49
 -5.837 5.837
 4.786 -4.786
 -10.07 10.07
 4.832 -4.832
 -3.202 3.202
 -2.141 2.141
 -21.48 21.48
 23.92 -23.92
 -10.8 10.8
 0.2442 -0.2442
 -4.226 4.226
 1.512 -1.512
 -9.662 9.662
 -1.834 1.834
 -6.316 6.316
 20.22 -20.22
 -1.796 1.796
 -2.995 2.995
 3.481 -3.481
 21.29 -21.29
 -7.382 7.382
 1.318 -1.318
 10.93 -10.93
 3.751 -3.751
 -6.09 6.09
 5.458 -5.458
 8.046 -8.046
 -23.44 23.44
 -5.214 5.214
 -4.111 4.111
 -31.86 31.86
 -0.1282 0.1282
 0.4708 -0.4708
 -4.607 4.607
 3.968 -3.968
 0.1379 -0.1379
 1.787 -1.787
 -5.779 5.779
 1.516 -1.516
 -4.248 4.248
 -0.5211 0.5211
 -9.603 9.603
 -7.005 7.005
 14.12 -14.12
 2.087 -2.087
 17.35 -17.35
 -2.585 2.585
 -6.572 6.572
 -1.027 1.027
 -7.38 7.38
 14.74 -14.74
 -9.781 9.781
 -6.651 6.651
 8.711 -8.711
 9.212 -9.212
 -7.166 7.166
 -7.032 7.032
 -11.99 11.99
 0.271 -0.271
 0.5947 -0.5947
 -6.478 6.478
 -11.59 11.59
 -1.439 1.439
 -4.501 4.501
 -0.04654 0.04654
 -7.829 7.829
 12.38 -12.38
 -13.45 13.45
 17.04 -17.04
 -4.087 4.087
 -2.523 2.523
 -14.47 14.47
 2.162 -2.162
 7.95 -7.95
 -1.302 1.302
 -8.132 8.132
 -15.5 15.5
 -1.375 1.375
 17.57 -17.57
 -13.73 13.73
 -0.1102 0.1102
 -5.152 5.152
 2.407 -2.407
 -1.416 1.416
 4.553 -4.553
 -5.94 5.94
 -1.869 1.869
 3.314 -3.314
 3.881 -3.881
 14.08 -14.08
 8.119 -8.119
 10.88 -10.88
 -2.572 2.572
 -6.52 6.52
 0.2579 -0.2579
 5.385 -5.385
 10.02 -10.02
 5.64 -5.64
 -6.781 6.781
 3.616 -3.616
 -0.3832 0.3832
 12.83 -12.83
 6.022 -6.022
 2.108 -2.108
 -0.7326 0.7326
 -1.85 1.85
 2.214 -2.214
 1.986 -1.986
 -1.581 1.581
 -16.43 16.43
 1.066 -1.066
 -10.43 10.43
 -0.9868 0.9868
 14.2 -14.2
 -7.567 7.567
 7.718 -7.718
 6.095 -6.095
 -13.12 13.12
 -22.54 22.54
 6.762 -6.762
 -11.7 11.7
 0.7332 -0.7332
 -10.3 10.3
 -4.95 4.95
 12.52 -12.52
 26.12 -26.12
 12.22 -12.22
 -0.5596 0.5596
 28.21 -28.21
 2.406 -2.406
 2.542 -2.542
 -7.585 7.585
 -3.985 3.985
 17.44 -17.44
 -5.939 5.939
 -11.37 11.37
 3.431 -3.431
 -12.85 12.85
 -3.993 3.993
 -4.551 4.551
 1.497 -1.497
 0.9592 -0.9592
 -9.359 9.359
 -7.533 7.533
 -2.576 2.576
 11.69 -11.69
 11.99 -11.99
 4.015 -4.015
 7.797 -7.797
 10.61 -10.61
 7.737 -7.737
 1.8 -1.8
 -14.14 14.14
 -1.447 1.447
 -4.23 4.23
 -4.924 4.924
 -7.438 7.438
 5.434 -5.434
 -29.18 29.18
 4.423 -4.423
 4.734 -4.734
 -13.68 13.68
 12.56 -12.56
 2.056 -2.056
 -3.066 3.066
 -2.721 2.721
 -2.796 2.796
 5.619 -5.619
 -25.94 25.94
 9.237 -9.237
 -27.71 27.71
 21.04 -21.04
 -3.559 3.559
 -20.76 20.76
 4.721 -4.721
 -1.222 1.222
 -9.987 9.987
 -1.867 1.867
 -7.227 7.227
 -2.256 2.256
 -16.61 16.61
 -2.534 2.534
 0.2485 -0.2485
 13.48 -13.48
 -1.984 1.984
 14.94 -14.94
 8.765 -8.765
 7.569 -7.569
 13.6 -13.6
 -4.547 4.547
 -1.304 1.304
 9.713 -9.713
 -1.229 1.229
 -2.526 2.526
 -6.396 6.396
 -5.611 5.611
 -8.808 8.808
 4.871 -4.871
 -2.486 2.486
 -1.386 1.386
 -4.29 4.29
 -2.818 2.818
 -21.47 21.47
 -0.4989 0.4989
 -1.669 1.669
 -0.7374 0.7374
 -1.002 1.002
 9.562 -9.562
 -1.465 1.465
 5.395 -5.395
 -10.23 10.23
 39.69 -39.69
 11.15 -11.15
 -1.389 1.389
 5.197 -5.197
 15.57 -15.57
 -14.36 14.36
 -5.417 5.417
 -10.45 10.45
 4.807 -4.807
 -1.354 1.354
 16.28 -16.28
 1.063 -1.063
 6.473 -6.473
 -12.09 12.09
 -9.388 9.388
 0.5781 -0.5781
 -0.288 0.288
 4.638 -4.638
 -0.3994 0.3994
 16.92 -16.92
 -2.234 2.234
 -1.923 1.923
 -2.061 2.061
 1.404 -1.404
 -5.239 5.239
 14.35 -14.35
 -4.808 4.808
 10.47 -10.47
 8.07 -8.07
 4.559 -4.559
 -12.8 12.8
 -0.163 0.163
 7.566 -7.566
 -9.816 9.816
 3.235 -3.235
 5.88 -5.88
 -3.576 3.576
 4.75 -4.75
 -0.235 0.235
 9.551 -9.551
 -2.296 2.296
 -0.3054 0.3054
 -28.77 28.77
 1.151 -1.151
 -9.72 9.72
 -7.004 7.004
 -2.74 2.74
 -1.665 1.665
 -3.802 3.802
 -3.037 3.037
 1.153 -1.153
 -20.02 20.02
 8.51 -8.51
 -8.192 8.192
 -4.465 4.465
 1.951 -1.951
 7.654 -7.654
 -3.703 3.703
 2.399 -2.399
 -10.22 10.22
 9.364 -9.364
 -9.217 9.217
 13.33 -13.33
 1.246 -1.246
 3.811 -3.811
 -10.71 10.71
 4.246 -4.246
 1.459 -1.459
 -1.457 1.457
 22.52 -22.52
 30.02 -30.02
 -15.66 15.66
 9.199 -9.199
 4.157 -4.157
 7.982 -7.982
 -5.592 5.592
 2.671 -2.671
 -2.879 2.879
 0.7179 -0.7179
 -17.43 17.43
 9.804 -9.804
 -10.04 10.04
 -3.407 3.407
 1.554 -1.554
 -1.503 1.503
 31.36 -31.36
 10.28 -10.28
 1.501 -1.501
 -10.43 10.43
 -9.105 9.105
 5.294 -5.294
 1.551 -1.551
 -8.712 8.712
 9.342 -9.342
 -3.641 3.641
 14.56 -14.56
 -14.6 14.6
 12.01 -12.01
 15.25 -15.25
 -25 25
 -9.484 9.484
 4.919 -4.919
 -5.149 5.149
 6.727 -6.727
 -0.9201 0.9201
 -4.245 4.245
 -24.68 24.68
 -2.733 2.733
 9.018 -9.018
 -13.48 13.48
 3.552 -3.552
 33.55 -33.55
 -2.587 2.587
 9.646 -9.646
 12.42 -12.42
 -8.133 8.133
 -8.068 8.068
 15.96 -15.96
 3.962 -3.962
 -0.2543 0.2543
 3.208 -3.208
 -4.21 4.21
 4.346 -4.346
 -9.4 9.4
 -9.253 9.253
 -10.8 10.8
 18.56 -18.56
 -1.262 1.262
 5.905 -5.905
 -2.43 2.43
 4.624 -4.624
 1.106 -1.106
 5.097 -5.097
 24.85 -24.85
 -7.268 7.268
 -10.24 10.24
 -4.349 4.349
 -17.82 17.82
 7.603 -7.603
 2.415 -2.415
 2.477 -2.477
 -2.942 2.942
 -0.3573 0.3573
 -5.335 5.335
 -0.2192 0.2192
 -3.599 3.599
 -13.57 13.57
 10.12 -10.12
 -4.6 4.6
 -12.86 12.86
 -14.49 14.49
 -3.898 3.898
 11.15 -11.15
 -6.696 6.696
 1.733 -1.733
 4.997 -4.997
 11.41 -11.41
 -1.892 1.892
 -22.03 22.03
 -2.032 2.032
 3.053 -3.053
 -1.689 1.689
 -12.89 12.89
 14.05 -14.05
 -1.253 1.253
 -0.6274 0.6274
 -2.745 2.745
 -0.1194 0.1194
 -4.51 4.51
 -5.26 5.26
 9.923 -9.923
 -7.85 7.85
 -7.143 7.143
 5.914 -5.914
 5.323 -5.323
 -1.019 1.019
 5.879 -5.879
 17.68 -17.68
 2.12 -2.12
 5.604 -5.604
 -3.218 3.218
 4.805 -4.805
 -13.39 13.39
 -3.56 3.56
 -8.478 8.478
 -8.81 8.81
 10.48 -10.48
 0.8449 -0.8449
 -3.661 3.661
 6.545 -6.545
 2.661 -2.661
 4.678 -4.678
 22.34 -22.34
 5.847 -5.847
 4.571 -4.571
 2.935 -2.935
 12.8 -12.8
 -7.522 7.522
 8.299 -8.299
 10.53 -10.53
 5.302 -5.302
 9.996 -9.996
 -3.209 3.209
 7.413 -7.413
 16.07 -16.07
 -13.57 13.57
 14.6 -14.6
 -12.92 12.92
 18.61 -18.61
 -10.88 10.88
 9.643 -9.643
 -12.15 12.15
 -6.818 6.818
 6.361 -6.361
 18.6 -18.6
 -10.25 10.25
 14.94 -14.94
 -3.86 3.86
 -4.956 4.956
 12.62 -12.62
 -5.109 5.109
 10.03 -10.03
 8.096 -8.096
 2.359 -2.359
 5.359 -5.359
 6.059 -6.059
 3.352 -3.352
 1.344 -1.344
 12.83 -12.83
 6.518 -6.518
 4.426 -4.426
 8.509 -8.509
 -5.786 5.786
 -4.189 4.189
 11.18 -11.18
 1.254 -1.254
 -2.336 2.336
 -10.84 10.84
 1.774 -1.774
 16.99 -16.99
 -4.582 4.582
 -14.95 14.95
 16.11 -16.11
 8.775 -8.775
 0.3915 -0.3915
 -3.766 3.766
 -3.185 3.185
 8.051 -8.051
 -6.782 6.782
 3.488 -3.488
 -16.15 16.15
 15.65 -15.65
 10.26 -10.26
 13.29 -13.29
 -4.459 4.459
 -2.262 2.262
 -6.061 6.061
 -5.002 5.002
 4.321 -4.321
 -8.216 8.216
 -10.5 10.5
 -11.93 11.93
 9.622 -9.622
 -7.985 7.985
 -3.014 3.014
 2.924 -2.924
 -8.576 8.576
 8.432 -8.432
 0.01055 -0.01055
 -9.521 9.521
 6.892 -6.892
 9.72 -9.72
 -6.697 6.697
 2.104 -2.104
 -3.805 3.805
 0.2456 -0.2456
 0.2761 -0.2761
 -4.297 4.297
 -4.768 4.768
 -13.67 13.67
 -25.74 25.74
 7.082 -7.082
 1.401 -1.401
 15.2 -15.2
 -8.411 8.411
 0.04878 -0.04878
 1.733 -1.733
 6.67 -6.67
 0.3451 -0.3451
 2.781 -2.781
 -14.83 14.83
 -7.93 7.93
 4.504 -4.504
 -9.882 9.882
 -2.328 2.328
 7.033 -7.033
 10.89 -10.89
 2.295 -2.295
 -1.337 1.337
 6.929 -6.929
 14.29 -14.29
 1.254 -1.254
 -2.776 2.776
 -5.74 5.74
 -13.21 13.21
 -0.1816 0.1816
 -1.101 1.101
 9.601 -9.601
 -2.246 2.246
 -8.547 8.547
 5.097 -5.097
 2.389 -2.389
 -3.653 3.653
 -2.629 2.629
 -1.291 1.291
 6.981 -6.981
 -0.2837 0.2837
 3.672 -3.672
 -14.66 14.66
 9.433 -9.433
 0.8444 -0.8444
 -13.12 13.12
 -5.871 5.871
 -9.673 9.673
 -0.5461 0.5461
 10.3 -10.3
 -10.49 10.49
 -10.97 10.97
 -4.746 4.746
 -3.975 3.975
 -9.235 9.235
 3.607 -3.607
 -12.63 12.63
 4.607 -4.607
 2.328 -2.328
 3.799 -3.799
 2.799 -2.799
 -4.516 4.516
 -1.875 1.875
 10.92 -10.92
 16.5 -16.5
 -5.463 5.463
 -2.849 2.849
 5.873 -5.873
 10.47 -10.47
 -0.007721 0.007721
 -15.97 15.97
 -10.01 10.01
 20.29 -20.29
 -5.797 5.797
 3.821 -3.821
 -2.837 2.837
 -1.771 1.771
 -15.77 15.77
 1.996 -1.996
 -12.21 12.21
 -7.308 7.308
 2.804 -2.804
 -29.87 29.87
 7.176 -7.176
 5.813 -5.813
 6.954 -6.954
 6.613 -6.613
 -7.916 7.916
 -1.927 1.927
 -6.248 6.248
 -7.619 7.619
 -5.742 5.742
 -7.134 7.134
 -5.617 5.617
 2.209 -2.209
 15.75 -15.75
 14 -14
 -3.616 3.616
 1.245 -1.245
 0.01759 -0.01759
 9.962 -9.962
 3.631 -3.631
 4.981 -4.981
 -6.96 6.96
 -3.857 3.857
 -6.664 6.664
 0.5728 -0.5728
 8.001 -8.001
 -21.4 21.4
 -8.175 8.175
 -7.138 7.138
 -9.169 9.169
 -15.84 15.84
 3.518 -3.518
 -1.16 1.16
 -3.331 3.331
 -6.897 6.897
 25.59 -25.59
 -17.45 17.45
 -7.243 7.243
 -6.995 6.995
 -1.086 1.086
 -13.26 13.26
 13.4 -13.4
 -12.67 12.67
 -5.166 5.166
 5.488 -5.488
 19.3 -19.3
 19.73 -19.73
 -6.881 6.881
 -5.126 5.126
 9.11 -9.11
 0.8567 -0.8567
 -2.305 2.305
 17.5 -17.5
 -16.15 16.15
 3.559 -3.559
 -9.099 9.099
 -0.3809 0.3809
 17.75 -17.75
 8.3 -8.3
 10.16 -10.16
 -1.723 1.723
 11.43 -11.43
 -16.62 16.62
 -4.078 4.078
 5.159 -5.159
 20.06 -20.06
 -9.666 9.666
 -3.127 3.127
 9.858 -9.858
 -11.53 11.53
 15.25 -15.25
 8.009 -8.009
 -3.182 3.182
 7.753 -7.753
 -14.28 14.28
 -8.166 8.166
 5.432 -5.432
 5.296 -5.296
 -3.897 3.897
 2.55 -2.55
 -6.114 6.114
 18.66 -18.66
 -11.4 11.4
 9.132 -9.132
 -3.652 3.652
 1.086 -1.086
 4.121 -4.121
 5.695 -5.695
 -9.314 9.314
 8.478 -8.478
 -6.545 6.545
 -0.06518 0.06518
 7.019 -7.019
 3.303 -3.303
 7.881 -7.881
 1.43 -1.43
 2.688 -2.688
 -5.996 5.996
 -9.215 9.215
 15.08 -15.08
 -6.054 6.054
 7.547 -7.547
 -2.665 2.665
 -0.06541 0.06541
 7.114 -7.114
 9.552 -9.552
 7.979 -7.979
 2.646 -2.646
 -11.43 11.43
 -7.107 7.107
 -3.041 3.041
 3.036 -3.036
 4.264 -4.264
 -2.364 2.364
 14.87 -14.87
 20.21 -20.21
 -4.503 4.503
 -1.542 1.542
 15.61 -15.61
 -1.723 1.723
 -0.9652 0.9652
 -6.199 6.199
 -22.17 22.17
 3.575 -3.575
 2.993 -2.993
 2.035 -2.035
 -9.926 9.926
 10.09 -10.09
 -10.48 10.48
 -5.219 5.219
 6.198 -6.198
 -1.46 1.46
 1.244 -1.244
 5.931 -5.931
 -12.72 12.72
 0.7446 -0.7446
 6.253 -6.253
 2.043 -2.043
 11.85 -11.85
 10.96 -10.96
 -1.122 1.122
 -1.41 1.41
 10.2 -10.2
 -5.357 5.357
 3.004 -3.004
 8.807 -8.807
 -11.79 11.79
 -0.6115 0.6115
 2.717 -2.717
 -5.385 5.385
 8.618 -8.618
 -3.318 3.318
 -0.511 0.511
 -9.055 9.055
 -5.186 5.186
 -0.4078 0.4078
 -4.751 4.751
 -6.657 6.657
 -0.4329 0.4329
 -6.376 6.376
 19.17 -19.17
 20.03 -20.03
 14.83 -14.83
 -16.74 16.74
 2.521 -2.521
 0.8434 -0.8434
 10.35 -10.35
 5.015 -5.015
 8.262 -8.262
 -3.198 3.198
 4.332 -4.332
 16.17 -16.17
 0.4548 -0.4548
 -1.127 1.127
 -24.91 24.91
 -11.96 11.96
 -10.17 10.17
 2.528 -2.528
 -8.35 8.35
 4.414 -4.414
 -0.6907 0.6907
 1.728 -1.728
 -16.09 16.09
 3.94 -3.94
 -9.068 9.068
 1.434 -1.434
 1.442 -1.442
 -12.32 12.32
 18.52 -18.52
 3.137 -3.137
 4.866 -4.866
 -2.663 2.663
 -6.019 6.019
 4.817 -4.817
 -4.068 4.068
 5.471 -5.471
 5.724 -5.724
 -1.892 1.892
 -2.032 2.032
 1.416 -1.416
 -1.722 1.722
 -6.759 6.759
 -4.571 4.571
 -4.38 4.38
 1.4 -1.4
 0.2169 -0.2169
 12.93 -12.93
 6.252 -6.252
 -3 3
 -6.503 6.503
 -2.93 2.93
 0.5564 -0.5564
 4.767 -4.767
 9.228 -9.228
 -19.15 19.15
 -1.786 1.786
 -8.314 8.314
 -11.87 11.87
 -13.29 13.29
 15.8 -15.8
 -1.221 1.221
 -14.45 14.45
 -3.813 3.813
 -6.195 6.195
 10.59 -10.59
 9.825 -9.825
 8.117 -8.117
 -3.095 3.095
 -21.39 21.39
 -11.61 11.61
 -14.21 14.21
 14 -14
 -1.403 1.403
 -0.7883 0.7883
 -15.72 15.72
 2.817 -2.817
 12.21 -12.21
 -5.674 5.674
 -1.407 1.407
 -3.553 3.553
 -12.7 12.7
 18.81 -18.81
 2.106 -2.106
 -19.63 19.63
 3.63 -3.63
 -11.2 11.2
 5.277 -5.277
 -6.478 6.478
 -4.741 4.741
 6.432 -6.432
 -4.87 4.87
 12.66 -12.66
 -8.222 8.222
 2.224 -2.224
 23.09 -23.09
 -0.4622 0.4622
 -13.43 13.43
 7.999 -7.999
 -13.61 13.61
 -7.819 7.819
 6.788 -6.788
 -10.51 10.51
 6.602 -6.602


