# Created by Octave 5.2.0, Fri Sep 25 00:45:00 2020 CEST <jiwidi@land>
# name: w
# type: matrix
# rows: 2001
# columns: 2
 0 0
 8.092e+05 -8.092e+05
 8.823e+04 -8.823e+04
 1.259e+06 -1.259e+06
 3.687e+04 -3.687e+04
 1.619e+05 -1.619e+05
 8.35e+05 -8.35e+05
 -1.844e+05 1.844e+05
 3.386e+05 -3.386e+05
 -9.79e+04 9.79e+04
 -3.042e+05 3.042e+05
 1.057e+05 -1.057e+05
 3.877e+04 -3.877e+04
 1.961e+05 -1.961e+05
 -2.195e+05 2.195e+05
 -6.853e+05 6.853e+05
 3.289e+05 -3.289e+05
 -6.282e+05 6.282e+05
 6.649e+05 -6.649e+05
 -2.978e+04 2.978e+04
 -1.489e+05 1.489e+05
 -7.479e+05 7.479e+05
 5.027e+05 -5.027e+05
 -3.11e+04 3.11e+04
 5937 -5937
 -5.198e+05 5.198e+05
 2567 -2567
 -1.858e+05 1.858e+05
 -2.695e+05 2.695e+05
 3.696e+05 -3.696e+05
 -6.389e+05 6.389e+05
 5.069e+04 -5.069e+04
 2.17e+05 -2.17e+05
 -5.845e+04 5.845e+04
 4.349e+05 -4.349e+05
 -1.277e+06 1.277e+06
 -1.196e+06 1.196e+06
 -3.918e+05 3.918e+05
 -6.086e+05 6.086e+05
 -2.354e+05 2.354e+05
 3976 -3976
 3.763e+05 -3.763e+05
 -2.544e+05 2.544e+05
 -6.193e+05 6.193e+05
 -3.806e+05 3.806e+05
 3.168e+05 -3.168e+05
 -5.65e+05 5.65e+05
 9.82e+05 -9.82e+05
 -2.413e+04 2.413e+04
 4.226e+05 -4.226e+05
 2.004e+05 -2.004e+05
 -2.597e+05 2.597e+05
 1.281e+04 -1.281e+04
 -8.181e+05 8.181e+05
 7.114e+05 -7.114e+05
 7.28e+05 -7.28e+05
 -1.502e+05 1.502e+05
 2.754e+05 -2.754e+05
 -8.293e+04 8.293e+04
 -8.881e+05 8.881e+05
 3.569e+04 -3.569e+04
 -1.948e+05 1.948e+05
 -1.676e+04 1.676e+04
 5.236e+05 -5.236e+05
 -4e+05 4e+05
 -1.63e+05 1.63e+05
 7.364e+05 -7.364e+05
 3.911e+04 -3.911e+04
 4.219e+05 -4.219e+05
 3.594e+04 -3.594e+04
 2.858e+05 -2.858e+05
 -1.093e+06 1.093e+06
 -1.268e+05 1.268e+05
 2.503e+05 -2.503e+05
 1.003e+06 -1.003e+06
 -4.856e+05 4.856e+05
 -2.236e+06 2.236e+06
 -6.118e+05 6.118e+05
 4.756e+05 -4.756e+05
 -8.396e+05 8.396e+05
 1.371e+05 -1.371e+05
 9.516e+04 -9.516e+04
 -6.327e+05 6.327e+05
 -2.513e+05 2.513e+05
 -2705 2705
 9.999e+04 -9.999e+04
 -1.042e+06 1.042e+06
 -1.341e+05 1.341e+05
 -3.77e+05 3.77e+05
 -4.096e+05 4.096e+05
 9.278e+04 -9.278e+04
 8.112e+05 -8.112e+05
 4198 -4198
 -5.508e+04 5.508e+04
 1.291e+06 -1.291e+06
 -7.884e+04 7.884e+04
 -1.413e+05 1.413e+05
 4.818e+05 -4.818e+05
 3.17e+04 -3.17e+04
 -9.842e+04 9.842e+04
 1.304e+04 -1.304e+04
 9.08e+04 -9.08e+04
 -4.411e+05 4.411e+05
 -2.455e+05 2.455e+05
 7.358e+04 -7.358e+04
 4.681e+05 -4.681e+05
 -4.114e+05 4.114e+05
 1.048e+05 -1.048e+05
 1.18e+05 -1.18e+05
 3.374e+05 -3.374e+05
 4.764e+05 -4.764e+05
 -8.868e+04 8.868e+04
 -1.838e+04 1.838e+04
 1.665e+05 -1.665e+05
 2.139e+05 -2.139e+05
 -3.628e+05 3.628e+05
 3.085e+05 -3.085e+05
 -2.035e+05 2.035e+05
 -5.737e+05 5.737e+05
 -3.512e+05 3.512e+05
 1.444e+05 -1.444e+05
 7.594e+05 -7.594e+05
 -1.675e+06 1.675e+06
 1.038e+05 -1.038e+05
 6.02e+05 -6.02e+05
 -1.303e+06 1.303e+06
 -2.725e+05 2.725e+05
 -1.948e+05 1.948e+05
 2.686e+05 -2.686e+05
 -6.957e+04 6.957e+04
 6.457e+05 -6.457e+05
 -4.058e+05 4.058e+05
 -6.826e+04 6.826e+04
 -3.074e+05 3.074e+05
 2.52e+05 -2.52e+05
 2.89e+04 -2.89e+04
 3.967e+05 -3.967e+05
 -1.527e+06 1.527e+06
 -1.385e+05 1.385e+05
 -1.27e+05 1.27e+05
 -5312 5312
 -1.068e+05 1.068e+05
 3.601e+05 -3.601e+05
 -9.328e+04 9.328e+04
 4.321e+05 -4.321e+05
 -1.439e+05 1.439e+05
 7.311e+05 -7.311e+05
 -1.027e+05 1.027e+05
 -5.606e+05 5.606e+05
 3.603e+05 -3.603e+05
 1.743e+05 -1.743e+05
 -7.992e+05 7.992e+05
 5.656e+05 -5.656e+05
 1.159e+06 -1.159e+06
 -5.523e+04 5.523e+04
 -2.886e+05 2.886e+05
 -2.235e+05 2.235e+05
 2.587e+05 -2.587e+05
 -6.262e+05 6.262e+05
 1.019e+05 -1.019e+05
 5.727e+04 -5.727e+04
 3.819e+05 -3.819e+05
 -5.559e+05 5.559e+05
 -7.049e+05 7.049e+05
 2.565e+05 -2.565e+05
 9.854e+05 -9.854e+05
 1.707e+05 -1.707e+05
 -1.426e+05 1.426e+05
 8.568e+04 -8.568e+04
 -3.48e+05 3.48e+05
 -1.671e+05 1.671e+05
 2.041e+05 -2.041e+05
 -4.471e+05 4.471e+05
 3.883e+05 -3.883e+05
 2.914e+05 -2.914e+05
 -5.257e+04 5.257e+04
 -3.88e+05 3.88e+05
 7.606e+05 -7.606e+05
 -6.082e+04 6.082e+04
 5.144e+04 -5.144e+04
 -7.682e+04 7.682e+04
 -6.272e+05 6.272e+05
 -9.989e+05 9.989e+05
 8.533e+05 -8.533e+05
 -5.894e+04 5.894e+04
 -2.757e+05 2.757e+05
 6.417e+05 -6.417e+05
 -3.052e+05 3.052e+05
 1.28e+05 -1.28e+05
 -7.302e+05 7.302e+05
 3.211e+05 -3.211e+05
 1.298e+05 -1.298e+05
 -8.519e+04 8.519e+04
 -1.782e+05 1.782e+05
 -4.119e+05 4.119e+05
 -4.955e+05 4.955e+05
 -1.901e+05 1.901e+05
 -5.559e+05 5.559e+05
 4.187e+04 -4.187e+04
 1.33e+06 -1.33e+06
 3.739e+05 -3.739e+05
 -4.064e+05 4.064e+05
 -8.58e+05 8.58e+05
 9.012e+05 -9.012e+05
 -3.459e+05 3.459e+05
 2.687e+05 -2.687e+05
 -3.057e+05 3.057e+05
 -3.183e+05 3.183e+05
 -2.045e+05 2.045e+05
 5.209e+05 -5.209e+05
 -1.908e+06 1.908e+06
 1.08e+05 -1.08e+05
 -5.753e+05 5.753e+05
 4.356e+05 -4.356e+05
 -4.349e+05 4.349e+05
 9.128e+05 -9.128e+05
 -1.768e+05 1.768e+05
 -3.534e+05 3.534e+05
 393.1 -393.1
 5.751e+05 -5.751e+05
 -2.696e+05 2.696e+05
 -1.59e+05 1.59e+05
 7.708e+05 -7.708e+05
 4.609e+05 -4.609e+05
 6.411e+05 -6.411e+05
 3.697e+05 -3.697e+05
 3.094e+05 -3.094e+05
 -4.291e+04 4.291e+04
 3.032e+05 -3.032e+05
 -7.548e+05 7.548e+05
 2.233e+05 -2.233e+05
 1.064e+06 -1.064e+06
 1.053e+05 -1.053e+05
 -7.908e+05 7.908e+05
 2.763e+05 -2.763e+05
 -2.399e+05 2.399e+05
 -3.231e+05 3.231e+05
 -6.313e+05 6.313e+05
 7.336e+05 -7.336e+05
 3.529e+05 -3.529e+05
 -8.693e+05 8.693e+05
 -2.66e+05 2.66e+05
 -3.623e+05 3.623e+05
 6.283e+04 -6.283e+04
 -4.329e+05 4.329e+05
 -5.884e+05 5.884e+05
 3.18e+05 -3.18e+05
 3.37e+05 -3.37e+05
 -1.613e+05 1.613e+05
 -7.32e+05 7.32e+05
 8.437e+05 -8.437e+05
 2.226e+05 -2.226e+05
 2.45e+05 -2.45e+05
 2.93e+05 -2.93e+05
 -1.752e+05 1.752e+05
 2.562e+05 -2.562e+05
 1.771e+05 -1.771e+05
 1.263e+06 -1.263e+06
 8.177e+05 -8.177e+05
 -9.155e+04 9.155e+04
 1.02e+06 -1.02e+06
 -2.007e+05 2.007e+05
 -9153 9153
 -3.542e+05 3.542e+05
 2.645e+05 -2.645e+05
 2.335e+05 -2.335e+05
 1.13e+05 -1.13e+05
 5.286e+04 -5.286e+04
 3.354e+04 -3.354e+04
 8.074e+05 -8.074e+05
 5.682e+04 -5.682e+04
 -5.912e+05 5.912e+05
 -5.587e+05 5.587e+05
 1.611e+04 -1.611e+04
 -7.449e+04 7.449e+04
 3.344e+05 -3.344e+05
 1.767e+05 -1.767e+05
 -2388 2388
 -6.008e+05 6.008e+05
 5824 -5824
 -5.561e+05 5.561e+05
 1.356e+05 -1.356e+05
 2.273e+05 -2.273e+05
 1.352e+04 -1.352e+04
 8.071e+05 -8.071e+05
 2.564e+05 -2.564e+05
 1.872e+05 -1.872e+05
 -2.417e+05 2.417e+05
 2.864e+05 -2.864e+05
 -9.305e+05 9.305e+05
 2.514e+04 -2.514e+04
 -1.432e+06 1.432e+06
 9.696e+05 -9.696e+05
 1.373e+05 -1.373e+05
 1.096e+05 -1.096e+05
 8.381e+04 -8.381e+04
 -1.265e+06 1.265e+06
 -1.552e+05 1.552e+05
 4.838e+05 -4.838e+05
 1.783e+05 -1.783e+05
 -4.352e+05 4.352e+05
 3567 -3567
 4.915e+05 -4.915e+05
 -7.747e+05 7.747e+05
 4.68e+05 -4.68e+05
 5.712e+04 -5.712e+04
 5.243e+05 -5.243e+05
 -8.716e+04 8.716e+04
 4.597e+04 -4.597e+04
 1.955e+05 -1.955e+05
 2.44e+04 -2.44e+04
 1.264e+06 -1.264e+06
 -6.934e+05 6.934e+05
 -9.243e+05 9.243e+05
 4.327e+05 -4.327e+05
 -5.23e+05 5.23e+05
 -1.732e+04 1.732e+04
 5.286e+05 -5.286e+05
 -1.122e+05 1.122e+05
 -9.554e+04 9.554e+04
 5.134e+05 -5.134e+05
 2.155e+06 -2.155e+06
 3.496e+05 -3.496e+05
 -5.445e+04 5.445e+04
 -4.081e+05 4.081e+05
 3.372e+05 -3.372e+05
 8.202e+05 -8.202e+05
 4.402e+05 -4.402e+05
 3.057e+05 -3.057e+05
 3.289e+05 -3.289e+05
 -7.465e+05 7.465e+05
 1.028e+05 -1.028e+05
 2.109e+05 -2.109e+05
 -5.7e+05 5.7e+05
 -3.077e+05 3.077e+05
 1.102e+05 -1.102e+05
 -2.654e+04 2.654e+04
 9.678e+05 -9.678e+05
 6.438e+05 -6.438e+05
 9.067e+05 -9.067e+05
 7.305e+04 -7.305e+04
 -3.588e+05 3.588e+05
 -1.355e+05 1.355e+05
 5.727e+05 -5.727e+05
 -2.64e+05 2.64e+05
 -3.089e+05 3.089e+05
 8.471e+05 -8.471e+05
 1.743e+05 -1.743e+05
 7.326e+05 -7.326e+05
 2.586e+05 -2.586e+05
 -2.479e+05 2.479e+05
 2.592e+04 -2.592e+04
 -1.065e+06 1.065e+06
 -2.443e+05 2.443e+05
 -3.032e+05 3.032e+05
 3.643e+05 -3.643e+05
 -3.711e+05 3.711e+05
 -2.267e+05 2.267e+05
 -4.187e+04 4.187e+04
 1.006e+06 -1.006e+06
 -7.867e+05 7.867e+05
 -3.567e+05 3.567e+05
 -4.735e+05 4.735e+05
 4.534e+05 -4.534e+05
 -1.721e+05 1.721e+05
 1.812e+05 -1.812e+05
 3.378e+05 -3.378e+05
 -9.115e+05 9.115e+05
 1.108e+05 -1.108e+05
 -1.115e+06 1.115e+06
 3.804e+05 -3.804e+05
 3.284e+05 -3.284e+05
 -2.546e+05 2.546e+05
 -1.137e+06 1.137e+06
 -1.013e+06 1.013e+06
 9.02e+04 -9.02e+04
 -1.231e+05 1.231e+05
 9.209e+05 -9.209e+05
 1.55e+05 -1.55e+05
 -1.305e+06 1.305e+06
 -4.194e+05 4.194e+05
 -4.211e+05 4.211e+05
 -6.234e+04 6.234e+04
 -3.479e+05 3.479e+05
 3.901e+04 -3.901e+04
 6.118e+05 -6.118e+05
 2.666e+05 -2.666e+05
 9.015e+05 -9.015e+05
 5.938e+05 -5.938e+05
 -4.699e+05 4.699e+05
 -4.274e+04 4.274e+04
 -4.49e+04 4.49e+04
 1.266e+05 -1.266e+05
 -1.106e+06 1.106e+06
 1.598e+04 -1.598e+04
 2.049e+05 -2.049e+05
 -2.445e+05 2.445e+05
 1.678e+05 -1.678e+05
 6.075e+04 -6.075e+04
 8.574e+05 -8.574e+05
 4.709e+04 -4.709e+04
 -5.324e+05 5.324e+05
 -3.75e+05 3.75e+05
 3.633e+05 -3.633e+05
 -2.359e+05 2.359e+05
 1.055e+05 -1.055e+05
 6.326e+04 -6.326e+04
 -2.283e+04 2.283e+04
 -1.641e+05 1.641e+05
 9.473e+05 -9.473e+05
 -3.869e+05 3.869e+05
 3.471e+04 -3.471e+04
 -1.847e+05 1.847e+05
 4.297e+05 -4.297e+05
 -6.942e+05 6.942e+05
 -4.793e+04 4.793e+04
 2.806e+05 -2.806e+05
 -1.345e+05 1.345e+05
 6.838e+05 -6.838e+05
 -2792 2792
 8.129e+05 -8.129e+05
 -5.196e+05 5.196e+05
 1.352e+06 -1.352e+06
 4.011e+05 -4.011e+05
 -3.973e+05 3.973e+05
 -2.706e+05 2.706e+05
 -4.476e+05 4.476e+05
 -6.481e+04 6.481e+04
 -5.128e+04 5.128e+04
 -1.853e+05 1.853e+05
 7.622e+05 -7.622e+05
 -3.034e+05 3.034e+05
 3.828e+05 -3.828e+05
 3.36e+05 -3.36e+05
 -5.765e+05 5.765e+05
 -1.762e+05 1.762e+05
 -2.26e+05 2.26e+05
 1.866e+05 -1.866e+05
 -1.248e+06 1.248e+06
 8.789e+04 -8.789e+04
 -7.271e+05 7.271e+05
 -1.281e+05 1.281e+05
 -1.492e+06 1.492e+06
 6.63e+05 -6.63e+05
 2.782e+05 -2.782e+05
 -6.917e+05 6.917e+05
 -4.395e+05 4.395e+05
 2.848e+05 -2.848e+05
 2.306e+04 -2.306e+04
 8.476e+05 -8.476e+05
 -2.442e+05 2.442e+05
 -1.041e+05 1.041e+05
 8.915e+05 -8.915e+05
 3.852e+04 -3.852e+04
 -1.364e+05 1.364e+05
 7.549e+05 -7.549e+05
 3.544e+05 -3.544e+05
 1.1e+06 -1.1e+06
 4.443e+04 -4.443e+04
 7.743e+04 -7.743e+04
 -1.215e+05 1.215e+05
 -101.1 101.1
 7.472e+05 -7.472e+05
 6.778e+04 -6.778e+04
 7.249e+05 -7.249e+05
 -1.612e+05 1.612e+05
 5.157e+05 -5.157e+05
 -3.02e+05 3.02e+05
 2.076e+05 -2.076e+05
 4.638e+05 -4.638e+05
 -4.992e+05 4.992e+05
 8.609e+04 -8.609e+04
 -1.186e+05 1.186e+05
 -4.903e+05 4.903e+05
 1034 -1034
 4.294e+05 -4.294e+05
 -4.038e+05 4.038e+05
 -6.465e+04 6.465e+04
 -5.475e+05 5.475e+05
 3.534e+05 -3.534e+05
 -9.846e+04 9.846e+04
 -5.403e+05 5.403e+05
 -3.04e+04 3.04e+04
 2.644e+05 -2.644e+05
 -3.01e+05 3.01e+05
 -747.9 747.9
 1.583e+05 -1.583e+05
 -9.797e+05 9.797e+05
 -1.559e+04 1.559e+04
 -4.104e+05 4.104e+05
 -6.029e+05 6.029e+05
 -1.104e+04 1.104e+04
 -1.561e+05 1.561e+05
 -3.303e+05 3.303e+05
 -6.085e+04 6.085e+04
 -8.306e+05 8.306e+05
 -5.465e+05 5.465e+05
 -1.222e+05 1.222e+05
 8.747e+05 -8.747e+05
 -1.462e+06 1.462e+06
 2.147e+05 -2.147e+05
 3.004e+05 -3.004e+05
 -8.943e+05 8.943e+05
 -5.788e+04 5.788e+04
 4.784e+04 -4.784e+04
 -8.709e+05 8.709e+05
 -6.995e+05 6.995e+05
 -1.667e+05 1.667e+05
 -1.772e+05 1.772e+05
 8.533e+05 -8.533e+05
 -1.079e+05 1.079e+05
 -3.377e+05 3.377e+05
 1.467e+05 -1.467e+05
 3.221e+05 -3.221e+05
 -5.442e+05 5.442e+05
 2.311e+05 -2.311e+05
 -5.202e+05 5.202e+05
 -8.719e+04 8.719e+04
 -2.931e+05 2.931e+05
 -8.819e+05 8.819e+05
 5.422e+04 -5.422e+04
 3.802e+05 -3.802e+05
 -7.138e+05 7.138e+05
 4.368e+05 -4.368e+05
 -8.936e+05 8.936e+05
 2.352e+05 -2.352e+05
 -2.961e+05 2.961e+05
 5.777e+05 -5.777e+05
 9.791e+04 -9.791e+04
 1.515e+04 -1.515e+04
 6.833e+05 -6.833e+05
 -1.695e+05 1.695e+05
 -5.07e+05 5.07e+05
 -3.414e+04 3.414e+04
 3.785e+05 -3.785e+05
 -1.221e+06 1.221e+06
 1.29e+06 -1.29e+06
 9.047e+04 -9.047e+04
 1.054e+06 -1.054e+06
 -5.159e+04 5.159e+04
 -5.493e+05 5.493e+05
 -4.598e+05 4.598e+05
 -4.262e+05 4.262e+05
 -5.039e+05 5.039e+05
 6.519e+05 -6.519e+05
 -9.525e+05 9.525e+05
 3.598e+05 -3.598e+05
 -4.213e+05 4.213e+05
 -6.089e+05 6.089e+05
 2.425e+05 -2.425e+05
 5.485e+05 -5.485e+05
 -2.285e+05 2.285e+05
 6.056e+05 -6.056e+05
 -4.075e+05 4.075e+05
 5.631e+05 -5.631e+05
 4.586e+04 -4.586e+04
 3.262e+05 -3.262e+05
 -5.673e+05 5.673e+05
 -1.844e+04 1.844e+04
 -2.45e+05 2.45e+05
 4.203e+05 -4.203e+05
 -3.549e+04 3.549e+04
 2.232e+05 -2.232e+05
 -2.147e+05 2.147e+05
 -4.3e+05 4.3e+05
 1.491e+05 -1.491e+05
 6.415e+05 -6.415e+05
 2.707e+05 -2.707e+05
 -3.272e+05 3.272e+05
 -5.076e+05 5.076e+05
 -6.328e+04 6.328e+04
 2.129e+05 -2.129e+05
 4.43e+05 -4.43e+05
 1.357e+06 -1.357e+06
 -5.125e+05 5.125e+05
 -2.01e+05 2.01e+05
 -5.955e+04 5.955e+04
 5.184e+05 -5.184e+05
 4.746e+05 -4.746e+05
 -8917 8917
 7.274e+05 -7.274e+05
 3.646e+05 -3.646e+05
 -2.718e+04 2.718e+04
 -4.129e+05 4.129e+05
 7.99e+05 -7.99e+05
 1.845e+06 -1.845e+06
 3.137e+05 -3.137e+05
 1.205e+05 -1.205e+05
 9121 -9121
 4.044e+05 -4.044e+05
 -2.02e+05 2.02e+05
 3.137e+05 -3.137e+05
 -4.374e+05 4.374e+05
 5.827e+05 -5.827e+05
 1.668e+05 -1.668e+05
 -7.63e+05 7.63e+05
 -3.087e+05 3.087e+05
 1.231e+05 -1.231e+05
 -2.866e+04 2.866e+04
 1.9e+05 -1.9e+05
 -5.325e+05 5.325e+05
 -2.967e+05 2.967e+05
 9.648e+04 -9.648e+04
 6.151e+05 -6.151e+05
 7.141e+05 -7.141e+05
 3.033e+05 -3.033e+05
 2.017e+06 -2.017e+06
 7.746e+05 -7.746e+05
 -1.306e+06 1.306e+06
 -1.232e+05 1.232e+05
 -2.975e+04 2.975e+04
 -1.314e+06 1.314e+06
 1.748e+05 -1.748e+05
 4.899e+05 -4.899e+05
 -4.486e+05 4.486e+05
 -2469 2469
 -4.776e+05 4.776e+05
 -2.343e+05 2.343e+05
 -4.505e+05 4.505e+05
 4.439e+04 -4.439e+04
 1.522e+05 -1.522e+05
 -3.482e+05 3.482e+05
 -5.716e+04 5.716e+04
 -2.452e+05 2.452e+05
 1.134e+05 -1.134e+05
 -2.367e+04 2.367e+04
 -5.242e+05 5.242e+05
 -1.207e+05 1.207e+05
 -3.895e+05 3.895e+05
 -1.609e+05 1.609e+05
 -3.263e+04 3.263e+04
 -9.213e+05 9.213e+05
 3.231e+05 -3.231e+05
 -3.477e+05 3.477e+05
 -2.688e+05 2.688e+05
 -8.059e+05 8.059e+05
 1.164e+05 -1.164e+05
 2.326e+05 -2.326e+05
 2.52e+04 -2.52e+04
 -3.902e+05 3.902e+05
 -1.515e+05 1.515e+05
 6.911e+05 -6.911e+05
 4.662e+05 -4.662e+05
 4.978e+05 -4.978e+05
 -1.052e+06 1.052e+06
 -4.634e+05 4.634e+05
 -2.384e+05 2.384e+05
 -2.11e+05 2.11e+05
 -1.4e+05 1.4e+05
 4.432e+05 -4.432e+05
 4.282e+05 -4.282e+05
 6.945e+04 -6.945e+04
 6.555e+05 -6.555e+05
 1.184e+06 -1.184e+06
 -3.725e+05 3.725e+05
 1.642e+05 -1.642e+05
 -4.003e+05 4.003e+05
 3.666e+05 -3.666e+05
 6.74e+04 -6.74e+04
 7.165e+04 -7.165e+04
 2.64e+05 -2.64e+05
 -1.041e+06 1.041e+06
 2.587e+05 -2.587e+05
 -1.566e+06 1.566e+06
 -3.297e+05 3.297e+05
 2.076e+05 -2.076e+05
 -5.994e+05 5.994e+05
 3.863e+05 -3.863e+05
 -4.63e+04 4.63e+04
 -8.011e+05 8.011e+05
 -2.825e+05 2.825e+05
 -2.103e+05 2.103e+05
 2.437e+05 -2.437e+05
 3.963e+05 -3.963e+05
 -1.07e+06 1.07e+06
 -9.059e+05 9.059e+05
 1.508e+05 -1.508e+05
 -1.597e+05 1.597e+05
 1.775e+05 -1.775e+05
 -5.899e+05 5.899e+05
 -2.702e+05 2.702e+05
 -3.201e+05 3.201e+05
 6.466e+04 -6.466e+04
 -2.504e+05 2.504e+05
 2.504e+05 -2.504e+05
 -8.132e+05 8.132e+05
 1.153e+05 -1.153e+05
 -1.473e+05 1.473e+05
 3e+05 -3e+05
 3.726e+04 -3.726e+04
 -7.075e+05 7.075e+05
 -4.701e+05 4.701e+05
 -4.855e+05 4.855e+05
 1.82e+05 -1.82e+05
 4.968e+05 -4.968e+05
 -6.341e+05 6.341e+05
 2.8e+05 -2.8e+05
 2.02e+05 -2.02e+05
 4.888e+05 -4.888e+05
 6.435e+04 -6.435e+04
 -2.961e+05 2.961e+05
 7.051e+04 -7.051e+04
 8.488e+05 -8.488e+05
 6289 -6289
 -3.516e+05 3.516e+05
 4.295e+05 -4.295e+05
 -4.571e+05 4.571e+05
 1.707e+05 -1.707e+05
 -7.014e+05 7.014e+05
 -2.961e+04 2.961e+04
 -3.729e+05 3.729e+05
 1.01e+06 -1.01e+06
 2.447e+05 -2.447e+05
 6.784e+05 -6.784e+05
 1.061e+06 -1.061e+06
 -4.252e+05 4.252e+05
 2.791e+06 -2.791e+06
 -1.381e+05 1.381e+05
 -2.539e+05 2.539e+05
 1.824e+05 -1.824e+05
 1996 -1996
 -6.006e+05 6.006e+05
 -7.498e+05 7.498e+05
 -7.144e+05 7.144e+05
 2.853e+05 -2.853e+05
 -4.947e+05 4.947e+05
 -5.991e+05 5.991e+05
 6.156e+05 -6.156e+05
 -4.685e+05 4.685e+05
 9.529e+05 -9.529e+05
 -1.645e+05 1.645e+05
 5.447e+05 -5.447e+05
 2.644e+04 -2.644e+04
 2.96e+05 -2.96e+05
 -1.301e+05 1.301e+05
 -1.927e+05 1.927e+05
 -9.55e+05 9.55e+05
 -3.03e+05 3.03e+05
 -6.435e+05 6.435e+05
 2.203e+05 -2.203e+05
 1.936e+05 -1.936e+05
 -7.653e+05 7.653e+05
 1.012e+06 -1.012e+06
 1.298e+05 -1.298e+05
 1.145e+05 -1.145e+05
 3.17e+04 -3.17e+04
 7.117e+05 -7.117e+05
 -4.328e+04 4.328e+04
 9.757e+05 -9.757e+05
 2.185e+05 -2.185e+05
 4.36e+05 -4.36e+05
 1.22e+06 -1.22e+06
 -5.437e+05 5.437e+05
 -1.953e+05 1.953e+05
 -3.999e+04 3.999e+04
 -2.241e+05 2.241e+05
 -5.989e+05 5.989e+05
 -2.113e+05 2.113e+05
 6.309e+05 -6.309e+05
 8.362e+05 -8.362e+05
 -3.821e+05 3.821e+05
 -4.745e+05 4.745e+05
 -6.913e+05 6.913e+05
 -2.392e+05 2.392e+05
 -4.638e+05 4.638e+05
 1.245e+05 -1.245e+05
 -2.724e+05 2.724e+05
 4.599e+05 -4.599e+05
 5.13e+05 -5.13e+05
 -1.979e+06 1.979e+06
 7.812e+05 -7.812e+05
 -4.843e+05 4.843e+05
 -2.088e+04 2.088e+04
 -7.261e+05 7.261e+05
 7.149e+05 -7.149e+05
 -5.659e+04 5.659e+04
 -7.52e+05 7.52e+05
 -6.115e+05 6.115e+05
 -1.049e+05 1.049e+05
 5.302e+05 -5.302e+05
 -3.552e+05 3.552e+05
 6.038e+05 -6.038e+05
 3.671e+05 -3.671e+05
 -7.445e+05 7.445e+05
 3.988e+05 -3.988e+05
 -4.437e+04 4.437e+04
 6.97e+05 -6.97e+05
 9.017e+04 -9.017e+04
 -3.056e+05 3.056e+05
 -6.57e+05 6.57e+05
 1.058e+06 -1.058e+06
 3.162e+04 -3.162e+04
 3.616e+05 -3.616e+05
 -1.663e+05 1.663e+05
 -1.693e+05 1.693e+05
 -2.962e+04 2.962e+04
 -1.612e+05 1.612e+05
 -2.365e+05 2.365e+05
 -3.875e+04 3.875e+04
 6.579e+05 -6.579e+05
 8.538e+05 -8.538e+05
 -1.432e+05 1.432e+05
 3.668e+05 -3.668e+05
 1.51e+06 -1.51e+06
 4.546e+05 -4.546e+05
 1.674e+05 -1.674e+05
 -1.287e+05 1.287e+05
 -2.492e+04 2.492e+04
 5.659e+04 -5.659e+04
 6.632e+05 -6.632e+05
 7.923e+05 -7.923e+05
 1.182e+06 -1.182e+06
 1.444e+05 -1.444e+05
 9.356e+04 -9.356e+04
 6.463e+05 -6.463e+05
 -3.419e+05 3.419e+05
 -1.769e+05 1.769e+05
 2.125e+05 -2.125e+05
 -8.594e+04 8.594e+04
 3.628e+05 -3.628e+05
 1.573e+05 -1.573e+05
 4.2e+05 -4.2e+05
 8.777e+05 -8.777e+05
 -1.024e+05 1.024e+05
 2.043e+05 -2.043e+05
 -3.337e+05 3.337e+05
 -2.201e+05 2.201e+05
 -4.24e+05 4.24e+05
 6.006e+05 -6.006e+05
 -1.53e+04 1.53e+04
 2.262e+05 -2.262e+05
 7.298e+05 -7.298e+05
 5.456e+04 -5.456e+04
 3.917e+05 -3.917e+05
 -2.865e+05 2.865e+05
 -4.588e+05 4.588e+05
 -5.236e+05 5.236e+05
 3.5e+05 -3.5e+05
 5.061e+04 -5.061e+04
 -8.018e+05 8.018e+05
 2.993e+05 -2.993e+05
 -2.334e+05 2.334e+05
 -8.311e+04 8.311e+04
 6.761e+05 -6.761e+05
 -2.352e+04 2.352e+04
 -7.45e+05 7.45e+05
 7.984e+04 -7.984e+04
 7.508e+05 -7.508e+05
 -4.856e+05 4.856e+05
 5.295e+05 -5.295e+05
 -4.164e+05 4.164e+05
 7.505e+05 -7.505e+05
 -3.709e+05 3.709e+05
 -2.252e+05 2.252e+05
 6.179e+04 -6.179e+04
 3.526e+04 -3.526e+04
 4.421e+05 -4.421e+05
 -6.329e+05 6.329e+05
 1.334e+05 -1.334e+05
 -5.581e+05 5.581e+05
 -4.897e+05 4.897e+05
 -3.151e+04 3.151e+04
 4.327e+04 -4.327e+04
 -2.707e+05 2.707e+05
 6.327e+05 -6.327e+05
 -1.701e+05 1.701e+05
 -1.867e+05 1.867e+05
 3.57e+05 -3.57e+05
 5.982e+05 -5.982e+05
 9.482e+04 -9.482e+04
 4.09e+05 -4.09e+05
 2.396e+05 -2.396e+05
 1.053e+05 -1.053e+05
 5.416e+05 -5.416e+05
 -2.62e+05 2.62e+05
 3.362e+05 -3.362e+05
 -5.969e+05 5.969e+05
 3.654e+05 -3.654e+05
 6.369e+05 -6.369e+05
 -2.759e+05 2.759e+05
 8.327e+05 -8.327e+05
 8.372e+05 -8.372e+05
 -4.152e+05 4.152e+05
 7.947e+05 -7.947e+05
 9.172e+04 -9.172e+04
 1.144e+06 -1.144e+06
 3.743e+05 -3.743e+05
 -6.961e+04 6.961e+04
 -3.875e+05 3.875e+05
 -2.831e+05 2.831e+05
 -2.079e+05 2.079e+05
 -7.786e+05 7.786e+05
 2.365e+05 -2.365e+05
 4.021e+05 -4.021e+05
 2.335e+05 -2.335e+05
 2.881e+05 -2.881e+05
 1.425e+06 -1.425e+06
 -4.395e+05 4.395e+05
 -2.71e+05 2.71e+05
 -1.426e+05 1.426e+05
 -4.314e+05 4.314e+05
 1.572e+05 -1.572e+05
 -4.776e+05 4.776e+05
 1.813e+05 -1.813e+05
 -8.632e+05 8.632e+05
 6.465e+05 -6.465e+05
 8.742e+05 -8.742e+05
 -4.091e+05 4.091e+05
 -3.368e+04 3.368e+04
 -3.893e+04 3.893e+04
 1.204e+06 -1.204e+06
 4.749e+04 -4.749e+04
 6.584e+05 -6.584e+05
 5.099e+05 -5.099e+05
 -6.544e+05 6.544e+05
 -2.761e+05 2.761e+05
 4.573e+05 -4.573e+05
 7.181e+05 -7.181e+05
 7.247e+05 -7.247e+05
 -1.171e+06 1.171e+06
 4.467e+05 -4.467e+05
 -2.542e+05 2.542e+05
 4.047e+05 -4.047e+05
 -3.997e+05 3.997e+05
 -7.267e+05 7.267e+05
 2.275e+04 -2.275e+04
 1.229e+05 -1.229e+05
 1.013e+05 -1.013e+05
 1.073e+05 -1.073e+05
 -1.125e+06 1.125e+06
 -1.987e+05 1.987e+05
 2.931e+05 -2.931e+05
 5.535e+04 -5.535e+04
 -9.071e+04 9.071e+04
 2.855e+05 -2.855e+05
 2.864e+05 -2.864e+05
 -4.614e+05 4.614e+05
 7.786e+05 -7.786e+05
 9.503e+04 -9.503e+04
 3.401e+05 -3.401e+05
 4.339e+05 -4.339e+05
 2.182e+05 -2.182e+05
 -1.486e+05 1.486e+05
 1.965e+05 -1.965e+05
 3.951e+05 -3.951e+05
 -5.762e+04 5.762e+04
 -3.438e+05 3.438e+05
 -5.487e+05 5.487e+05
 1.482e+05 -1.482e+05
 -1.518e+05 1.518e+05
 -1.986e+04 1.986e+04
 -6.372e+05 6.372e+05
 -5.214e+04 5.214e+04
 -6.278e+05 6.278e+05
 1.758e+05 -1.758e+05
 -7.05e+05 7.05e+05
 -1.621e+05 1.621e+05
 7.925e+04 -7.925e+04
 4.214e+05 -4.214e+05
 2.845e+05 -2.845e+05
 -2.902e+05 2.902e+05
 -1.16e+06 1.16e+06
 7.366e+05 -7.366e+05
 7.951e+05 -7.951e+05
 -3.255e+05 3.255e+05
 3.223e+05 -3.223e+05
 -1.055e+06 1.055e+06
 -7.371e+05 7.371e+05
 3.696e+05 -3.696e+05
 -3.158e+05 3.158e+05
 1.002e+05 -1.002e+05
 1.398e+06 -1.398e+06
 -8.679e+04 8.679e+04
 1.679e+05 -1.679e+05
 4.108e+05 -4.108e+05
 2.427e+05 -2.427e+05
 2.328e+05 -2.328e+05
 3.765e+05 -3.765e+05
 -8.349e+04 8.349e+04
 -1.938e+05 1.938e+05
 2.977e+04 -2.977e+04
 -2.104e+05 2.104e+05
 -7.701e+05 7.701e+05
 -2.242e+05 2.242e+05
 2.193e+05 -2.193e+05
 5.154e+05 -5.154e+05
 -4.131e+05 4.131e+05
 -2.567e+05 2.567e+05
 5080 -5080
 -2142 2142
 5.145e+04 -5.145e+04
 4.911e+05 -4.911e+05
 -3.807e+05 3.807e+05
 5.172e+05 -5.172e+05
 -1.333e+04 1.333e+04
 3.08e+05 -3.08e+05
 -3.632e+04 3.632e+04
 -1.452e+06 1.452e+06
 -9.358e+04 9.358e+04
 1.208e+05 -1.208e+05
 -3.815e+05 3.815e+05
 1.184e+05 -1.184e+05
 -9.491e+04 9.491e+04
 -2.553e+04 2.553e+04
 1.507e+06 -1.507e+06
 -3.109e+05 3.109e+05
 9.277e+04 -9.277e+04
 -5.56e+05 5.56e+05
 -5.982e+05 5.982e+05
 -1.906e+04 1.906e+04
 4.45e+05 -4.45e+05
 2.509e+05 -2.509e+05
 1.059e+05 -1.059e+05
 3.711e+05 -3.711e+05
 3.756e+05 -3.756e+05
 2.849e+05 -2.849e+05
 -3.901e+05 3.901e+05
 5.764e+05 -5.764e+05
 -4.571e+05 4.571e+05
 4.545e+05 -4.545e+05
 8.613e+04 -8.613e+04
 -9.983e+05 9.983e+05
 1.534e+05 -1.534e+05
 9961 -9961
 -9.49e+05 9.49e+05
 -7.313e+05 7.313e+05
 -6.428e+05 6.428e+05
 8.537e+04 -8.537e+04
 3.38e+05 -3.38e+05
 -5.698e+05 5.698e+05
 -2.165e+05 2.165e+05
 3.827e+05 -3.827e+05
 9.416e+04 -9.416e+04
 -2.264e+05 2.264e+05
 1.263e+05 -1.263e+05
 -1.007e+06 1.007e+06
 -5.438e+05 5.438e+05
 2.557e+05 -2.557e+05
 -7.572e+05 7.572e+05
 -2.56e+05 2.56e+05
 2.941e+05 -2.941e+05
 -4.739e+05 4.739e+05
 -2.012e+05 2.012e+05
 -1.125e+05 1.125e+05
 -7.826e+05 7.826e+05
 -1.936e+05 1.936e+05
 -2.828e+05 2.828e+05
 -5.574e+04 5.574e+04
 7.227e+05 -7.227e+05
 6.772e+05 -6.772e+05
 -4.89e+05 4.89e+05
 2.637e+05 -2.637e+05
 4.33e+05 -4.33e+05
 -6.926e+05 6.926e+05
 -4.461e+05 4.461e+05
 -8.182e+05 8.182e+05
 1.959e+05 -1.959e+05
 2.49e+05 -2.49e+05
 -1.492e+05 1.492e+05
 -1.065e+06 1.065e+06
 -4.867e+05 4.867e+05
 6.701e+05 -6.701e+05
 5.536e+05 -5.536e+05
 -8.878e+05 8.878e+05
 2.513e+05 -2.513e+05
 -1.538e+06 1.538e+06
 -2.511e+04 2.511e+04
 8.669e+05 -8.669e+05
 -3.788e+05 3.788e+05
 -1.875e+05 1.875e+05
 -2.894e+04 2.894e+04
 5.674e+05 -5.674e+05
 1.365e+05 -1.365e+05
 1.702e+06 -1.702e+06
 4.496e+05 -4.496e+05
 9.032e+05 -9.032e+05
 -1.076e+06 1.076e+06
 6.631e+05 -6.631e+05
 4.342e+04 -4.342e+04
 5.751e+04 -5.751e+04
 7.036e+05 -7.036e+05
 5.296e+05 -5.296e+05
 -4.889e+05 4.889e+05
 -7.841e+05 7.841e+05
 -2.279e+05 2.279e+05
 6.44e+05 -6.44e+05
 3.319e+05 -3.319e+05
 2.02e+04 -2.02e+04
 2.026e+04 -2.026e+04
 -6.622e+05 6.622e+05
 -3.262e+04 3.262e+04
 -1.229e+05 1.229e+05
 -2.964e+04 2.964e+04
 1.683e+05 -1.683e+05
 3.312e+05 -3.312e+05
 1.086e+06 -1.086e+06
 -1.136e+06 1.136e+06
 -2.71e+05 2.71e+05
 3.622e+04 -3.622e+04
 4.372e+05 -4.372e+05
 -1.128e+06 1.128e+06
 5.952e+05 -5.952e+05
 1.081e+05 -1.081e+05
 -3.722e+05 3.722e+05
 -3.821e+05 3.821e+05
 -3.392e+05 3.392e+05
 1.399e+05 -1.399e+05
 -3.182e+05 3.182e+05
 -2.784e+05 2.784e+05
 -6.151e+04 6.151e+04
 4.524e+05 -4.524e+05
 1.429e+05 -1.429e+05
 2.661e+05 -2.661e+05
 -3.715e+05 3.715e+05
 6.477e+05 -6.477e+05
 8.221e+04 -8.221e+04
 -5.092e+04 5.092e+04
 6.681e+05 -6.681e+05
 -1.644e+05 1.644e+05
 -4.28e+04 4.28e+04
 1.526e+05 -1.526e+05
 -1.369e+05 1.369e+05
 7266 -7266
 -3.425e+05 3.425e+05
 -2.786e+05 2.786e+05
 -2.209e+04 2.209e+04
 -3.685e+05 3.685e+05
 -6.845e+04 6.845e+04
 -2.294e+05 2.294e+05
 -2.893e+05 2.893e+05
 -3.34e+05 3.34e+05
 -2.532e+05 2.532e+05
 3.091e+05 -3.091e+05
 -1.531e+05 1.531e+05
 1.815e+05 -1.815e+05
 -1.309e+06 1.309e+06
 4.015e+05 -4.015e+05
 -2.425e+05 2.425e+05
 -2.895e+05 2.895e+05
 2.998e+05 -2.998e+05
 -1.447e+05 1.447e+05
 -5.041e+04 5.041e+04
 2.541e+05 -2.541e+05
 -3.763e+05 3.763e+05
 8.301e+05 -8.301e+05
 5.72e+04 -5.72e+04
 -4.712e+05 4.712e+05
 4.61e+05 -4.61e+05
 -6.382e+05 6.382e+05
 2.372e+05 -2.372e+05
 -1.946e+05 1.946e+05
 1.971e+05 -1.971e+05
 -1.056e+06 1.056e+06
 -3.413e+05 3.413e+05
 8.331e+05 -8.331e+05
 4.924e+04 -4.924e+04
 4.592e+05 -4.592e+05
 5.772e+05 -5.772e+05
 -1.775e+05 1.775e+05
 -3.053e+05 3.053e+05
 4.61e+05 -4.61e+05
 -1.148e+06 1.148e+06
 -2.386e+05 2.386e+05
 1.771e+05 -1.771e+05
 1.791e+05 -1.791e+05
 3.187e+04 -3.187e+04
 -6.64e+04 6.64e+04
 9.964e+04 -9.964e+04
 -7.482e+05 7.482e+05
 -7.57e+05 7.57e+05
 4.066e+05 -4.066e+05
 -2.424e+05 2.424e+05
 2.923e+05 -2.923e+05
 2.223e+04 -2.223e+04
 -2.606e+05 2.606e+05
 -8.459e+05 8.459e+05
 1.222e+06 -1.222e+06
 -7.807e+05 7.807e+05
 3.621e+05 -3.621e+05
 -3.783e+05 3.783e+05
 2.965e+05 -2.965e+05
 -1.714e+05 1.714e+05
 6403 -6403
 -3.808e+04 3.808e+04
 9.466e+05 -9.466e+05
 7.497e+04 -7.497e+04
 -5.542e+04 5.542e+04
 3.941e+05 -3.941e+05
 1.158e+06 -1.158e+06
 -4.022e+05 4.022e+05
 -2.95e+04 2.95e+04
 6.928e+05 -6.928e+05
 6.55e+04 -6.55e+04
 -5.66e+05 5.66e+05
 1.423e+05 -1.423e+05
 2.539e+05 -2.539e+05
 -1.361e+06 1.361e+06
 -3.44e+05 3.44e+05
 1.316e+05 -1.316e+05
 -1.614e+06 1.614e+06
 -1.935e+05 1.935e+05
 1.977e+05 -1.977e+05
 6.874e+04 -6.874e+04
 4.31e+05 -4.31e+05
 -1.467e+05 1.467e+05
 -3.206e+05 3.206e+05
 -1.936e+05 1.936e+05
 2.005e+05 -2.005e+05
 -1.011e+05 1.011e+05
 7.434e+04 -7.434e+04
 -3.982e+05 3.982e+05
 -7.398e+04 7.398e+04
 9.126e+05 -9.126e+05
 -1.034e+05 1.034e+05
 1.161e+06 -1.161e+06
 4347 -4347
 -6.229e+05 6.229e+05
 6.404e+04 -6.404e+04
 -8.075e+05 8.075e+05
 7.493e+05 -7.493e+05
 -5.935e+05 5.935e+05
 -9.932e+04 9.932e+04
 5.35e+05 -5.35e+05
 3.263e+05 -3.263e+05
 -1.732e+05 1.732e+05
 -9.265e+05 9.265e+05
 -7.442e+05 7.442e+05
 -1.878e+05 1.878e+05
 3.11e+05 -3.11e+05
 -5.214e+05 5.214e+05
 -1.861e+05 1.861e+05
 -2.616e+05 2.616e+05
 -8.475e+04 8.475e+04
 1.064e+05 -1.064e+05
 -4.255e+05 4.255e+05
 1.073e+06 -1.073e+06
 -8.485e+05 8.485e+05
 1.145e+06 -1.145e+06
 2.337e+05 -2.337e+05
 -2.197e+05 2.197e+05
 -3.803e+05 3.803e+05
 3.009e+05 -3.009e+05
 5.306e+04 -5.306e+04
 1.939e+05 -1.939e+05
 -7.269e+05 7.269e+05
 -1.06e+06 1.06e+06
 -3.987e+05 3.987e+05
 8.785e+05 -8.785e+05
 -5.631e+05 5.631e+05
 -1.458e+05 1.458e+05
 -4.124e+05 4.124e+05
 -1.391e+04 1.391e+04
 -2.598e+05 2.598e+05
 4.302e+05 -4.302e+05
 -3.752e+05 3.752e+05
 -1.481e+05 1.481e+05
 1.388e+05 -1.388e+05
 1.435e+05 -1.435e+05
 -1.43e+05 1.43e+05
 4.624e+05 -4.624e+05
 4.71e+05 -4.71e+05
 1.337e+05 -1.337e+05
 -1.236e+05 1.236e+05
 -1.371e+05 1.371e+05
 2.257e+05 -2.257e+05
 1.318e+05 -1.318e+05
 5.207e+05 -5.207e+05
 -4.223e+05 4.223e+05
 -1.789e+05 1.789e+05
 -1.415e+05 1.415e+05
 7.266e+05 -7.266e+05
 -4.947e+04 4.947e+04
 1.84e+05 -1.84e+05
 6.308e+05 -6.308e+05
 2239 -2239
 1.623e+05 -1.623e+05
 -3.043e+05 3.043e+05
 -1.681e+05 1.681e+05
 -9.39e+05 9.39e+05
 1.146e+05 -1.146e+05
 -5.136e+05 5.136e+05
 -1.73e+05 1.73e+05
 5.472e+05 -5.472e+05
 -3.201e+05 3.201e+05
 4.336e+05 -4.336e+05
 3.107e+05 -3.107e+05
 -6.476e+05 6.476e+05
 -9.062e+05 9.062e+05
 4.148e+05 -4.148e+05
 -6.327e+05 6.327e+05
 3.008e+05 -3.008e+05
 -4.116e+05 4.116e+05
 -2.331e+05 2.331e+05
 8.208e+05 -8.208e+05
 1.416e+06 -1.416e+06
 7.722e+05 -7.722e+05
 -3.151e+05 3.151e+05
 1.324e+06 -1.324e+06
 -3.668e+05 3.668e+05
 3.92e+05 -3.92e+05
 -6.673e+05 6.673e+05
 -2.423e+05 2.423e+05
 8.821e+05 -8.821e+05
 -4.296e+05 4.296e+05
 -2.95e+05 2.95e+05
 1.336e+05 -1.336e+05
 -1.419e+05 1.419e+05
 -4.68e+04 4.68e+04
 -1.439e+05 1.439e+05
 -2.003e+05 2.003e+05
 2.319e+05 -2.319e+05
 -8.037e+05 8.037e+05
 -3.246e+05 3.246e+05
 -3.831e+05 3.831e+05
 1.815e+05 -1.815e+05
 7.416e+05 -7.416e+05
 7.254e+04 -7.254e+04
 2.761e+05 -2.761e+05
 4.657e+05 -4.657e+05
 8.203e+05 -8.203e+05
 3.42e+05 -3.42e+05
 -7.281e+05 7.281e+05
 6353 -6353
 -2.719e+05 2.719e+05
 1.743e+05 -1.743e+05
 -2.489e+05 2.489e+05
 5.433e+05 -5.433e+05
 -1.328e+06 1.328e+06
 3.595e+05 -3.595e+05
 6.706e+05 -6.706e+05
 -6.032e+05 6.032e+05
 3.546e+05 -3.546e+05
 5.785e+05 -5.785e+05
 2.729e+04 -2.729e+04
 -1.429e+05 1.429e+05
 1.138e+05 -1.138e+05
 4.52e+05 -4.52e+05
 -1.111e+06 1.111e+06
 5.096e+05 -5.096e+05
 -1.838e+06 1.838e+06
 1.33e+06 -1.33e+06
 -3.46e+05 3.46e+05
 -1.461e+06 1.461e+06
 3.996e+05 -3.996e+05
 1.045e+05 -1.045e+05
 -3.814e+05 3.814e+05
 1.814e+05 -1.814e+05
 -1.399e+05 1.399e+05
 -1.634e+05 1.634e+05
 -9.569e+05 9.569e+05
 1.778e+05 -1.778e+05
 3.383e+04 -3.383e+04
 9.002e+05 -9.002e+05
 -1.153e+05 1.153e+05
 7.259e+05 -7.259e+05
 7.277e+05 -7.277e+05
 4.064e+05 -4.064e+05
 4.962e+05 -4.962e+05
 1.678e+05 -1.678e+05
 -3.197e+04 3.197e+04
 2.986e+05 -2.986e+05
 -1.128e+04 1.128e+04
 -4.133e+05 4.133e+05
 -5.157e+05 5.157e+05
 -6.137e+05 6.137e+05
 -6.939e+05 6.939e+05
 6.097e+05 -6.097e+05
 7.587e+05 -7.587e+05
 3.377e+04 -3.377e+04
 -1.032e+05 1.032e+05
 -1.103e+05 1.103e+05
 -1.05e+06 1.05e+06
 2.778e+05 -2.778e+05
 -4.265e+05 4.265e+05
 -6.533e+04 6.533e+04
 1.196e+05 -1.196e+05
 1.822e+05 -1.822e+05
 1.465e+05 -1.465e+05
 3.055e+05 -3.055e+05
 -5.321e+05 5.321e+05
 2.403e+06 -2.403e+06
 5.376e+05 -5.376e+05
 9.089e+04 -9.089e+04
 1.509e+05 -1.509e+05
 9.924e+05 -9.924e+05
 -9.174e+05 9.174e+05
 -3.096e+05 3.096e+05
 -1.704e+05 1.704e+05
 2.741e+04 -2.741e+04
 -2.274e+05 2.274e+05
 1.138e+06 -1.138e+06
 1.649e+05 -1.649e+05
 4.922e+05 -4.922e+05
 -8.638e+05 8.638e+05
 -4.459e+05 4.459e+05
 -6.98e+04 6.98e+04
 1.795e+04 -1.795e+04
 3.824e+05 -3.824e+05
 -2.022e+05 2.022e+05
 6.811e+05 -6.811e+05
 -4.298e+05 4.298e+05
 -1.937e+05 1.937e+05
 4.306e+04 -4.306e+04
 3.743e+05 -3.743e+05
 -7.588e+05 7.588e+05
 5.826e+05 -5.826e+05
 -4.786e+05 4.786e+05
 4.833e+05 -4.833e+05
 2.735e+05 -2.735e+05
 3.719e+04 -3.719e+04
 -3.121e+05 3.121e+05
 7.598e+04 -7.598e+04
 3.447e+05 -3.447e+05
 -3.956e+05 3.956e+05
 4.69e+05 -4.69e+05
 2.64e+05 -2.64e+05
 4.593e+04 -4.593e+04
 3.917e+05 -3.917e+05
 -1581 1581
 4.084e+05 -4.084e+05
 -9.478e+04 9.478e+04
 -1.523e+05 1.523e+05
 -1.571e+06 1.571e+06
 1.163e+05 -1.163e+05
 -4.895e+05 4.895e+05
 -4.325e+05 4.325e+05
 -2.597e+05 2.597e+05
 -3.065e+05 3.065e+05
 -3.933e+05 3.933e+05
 -1.57e+05 1.57e+05
 2.113e+05 -2.113e+05
 -1.134e+06 1.134e+06
 4.502e+05 -4.502e+05
 -6.236e+05 6.236e+05
 -2.626e+05 2.626e+05
 1.552e+05 -1.552e+05
 7.476e+05 -7.476e+05
 -2.711e+05 2.711e+05
 -1.785e+05 1.785e+05
 -5.697e+05 5.697e+05
 6.062e+05 -6.062e+05
 -2.95e+05 2.95e+05
 5.348e+05 -5.348e+05
 -4.146e+04 4.146e+04
 2.057e+05 -2.057e+05
 -6.961e+05 6.961e+05
 1.995e+05 -1.995e+05
 1.706e+05 -1.706e+05
 -1.487e+04 1.487e+04
 1.578e+06 -1.578e+06
 1.858e+06 -1.858e+06
 -7.147e+05 7.147e+05
 5.26e+05 -5.26e+05
 3.848e+04 -3.848e+04
 8.856e+05 -8.856e+05
 389.5 -389.5
 4.488e+05 -4.488e+05
 -3.902e+05 3.902e+05
 -6.034e+05 6.034e+05
 -9.491e+05 9.491e+05
 1.055e+05 -1.055e+05
 -5.162e+05 5.162e+05
 2.535e+05 -2.535e+05
 5.211e+05 -5.211e+05
 1.845e+05 -1.845e+05
 1.662e+06 -1.662e+06
 1.059e+06 -1.059e+06
 8.775e+04 -8.775e+04
 -5.729e+05 5.729e+05
 -4.111e+05 4.111e+05
 1.412e+05 -1.412e+05
 -2.299e+04 2.299e+04
 -5.052e+05 5.052e+05
 5.817e+05 -5.817e+05
 9.469e+04 -9.469e+04
 7.707e+05 -7.707e+05
 -9.92e+05 9.92e+05
 3.582e+05 -3.582e+05
 7.123e+05 -7.123e+05
 -1.065e+06 1.065e+06
 -2.032e+05 2.032e+05
 2.808e+05 -2.808e+05
 -4.446e+05 4.446e+05
 7.128e+05 -7.128e+05
 1.124e+05 -1.124e+05
 -2.313e+05 2.313e+05
 -1.443e+06 1.443e+06
 -3.13e+05 3.13e+05
 4.683e+05 -4.683e+05
 -6.742e+05 6.742e+05
 1.434e+04 -1.434e+04
 1.506e+06 -1.506e+06
 -2.885e+05 2.885e+05
 1.139e+06 -1.139e+06
 3.775e+05 -3.775e+05
 -2.685e+04 2.685e+04
 -3.598e+05 3.598e+05
 3.97e+05 -3.97e+05
 5.648e+05 -5.648e+05
 3.621e+05 -3.621e+05
 -5.121e+05 5.121e+05
 -1.991e+05 1.991e+05
 1.724e+05 -1.724e+05
 -8.442e+05 8.442e+05
 -1.888e+05 1.888e+05
 -5.414e+05 5.414e+05
 9.047e+05 -9.047e+05
 2.993e+05 -2.993e+05
 -1.345e+05 1.345e+05
 -4.399e+05 4.399e+05
 -9.388e+04 9.388e+04
 -1.85e+05 1.85e+05
 -3.865e+04 3.865e+04
 1.384e+06 -1.384e+06
 -1.95e+05 1.95e+05
 -9.654e+04 9.654e+04
 -2.33e+04 2.33e+04
 -3.509e+05 3.509e+05
 2.165e+05 -2.165e+05
 3.52e+05 -3.52e+05
 1.483e+05 -1.483e+05
 -2.082e+05 2.082e+05
 -4.873e+05 4.873e+05
 -2.98e+05 2.98e+05
 1.08e+05 -1.08e+05
 2.264e+05 -2.264e+05
 -8.823e+05 8.823e+05
 4.401e+05 -4.401e+05
 -4.029e+05 4.029e+05
 -5.932e+05 5.932e+05
 -5.931e+05 5.931e+05
 -2.981e+05 2.981e+05
 7.29e+05 -7.29e+05
 -3.297e+05 3.297e+05
 1.058e+05 -1.058e+05
 3.777e+05 -3.777e+05
 5.467e+05 -5.467e+05
 1.617e+05 -1.617e+05
 -7.876e+05 7.876e+05
 -2.549e+05 2.549e+05
 -2.826e+05 2.826e+05
 -7.996e+04 7.996e+04
 -5.358e+05 5.358e+05
 4.281e+05 -4.281e+05
 -2.498e+05 2.498e+05
 2.666e+04 -2.666e+04
 -4.67e+05 4.67e+05
 -3.787e+05 3.787e+05
 -3.11e+05 3.11e+05
 -1.184e+05 1.184e+05
 5.663e+05 -5.663e+05
 -3.349e+05 3.349e+05
 -1.033e+05 1.033e+05
 3.319e+05 -3.319e+05
 3.103e+04 -3.103e+04
 -3.027e+05 3.027e+05
 2.568e+04 -2.568e+04
 1.2e+06 -1.2e+06
 1.198e+05 -1.198e+05
 1.197e+05 -1.197e+05
 -1.667e+05 1.667e+05
 -1.006e+05 1.006e+05
 -1.633e+05 1.633e+05
 -5.146e+05 5.146e+05
 -9.075e+05 9.075e+05
 -2.674e+05 2.674e+05
 6.179e+05 -6.179e+05
 -1.407e+05 1.407e+05
 -2.118e+05 2.118e+05
 1.206e+05 -1.206e+05
 1.996e+05 -1.996e+05
 5.07e+05 -5.07e+05
 1.644e+06 -1.644e+06
 4.244e+05 -4.244e+05
 6.994e+05 -6.994e+05
 -1.944e+05 1.944e+05
 6.12e+05 -6.12e+05
 -5.347e+05 5.347e+05
 1.132e+06 -1.132e+06
 7.306e+05 -7.306e+05
 5.35e+05 -5.35e+05
 3.149e+05 -3.149e+05
 -5.664e+05 5.664e+05
 5.243e+05 -5.243e+05
 4.668e+05 -4.668e+05
 -4.931e+05 4.931e+05
 8.482e+05 -8.482e+05
 -7.547e+05 7.547e+05
 1.757e+06 -1.757e+06
 2.184e+04 -2.184e+04
 2.781e+05 -2.781e+05
 -2.986e+05 2.986e+05
 -4.004e+05 4.004e+05
 4.117e+05 -4.117e+05
 1.311e+06 -1.311e+06
 -1.329e+06 1.329e+06
 7.076e+05 -7.076e+05
 -2.831e+04 2.831e+04
 1.216e+04 -1.216e+04
 8.821e+05 -8.821e+05
 1.545e+05 -1.545e+05
 5.58e+05 -5.58e+05
 6.015e+05 -6.015e+05
 5.771e+04 -5.771e+04
 2.65e+05 -2.65e+05
 4.611e+05 -4.611e+05
 2.247e+05 -2.247e+05
 1.972e+05 -1.972e+05
 7.907e+05 -7.907e+05
 2.086e+04 -2.086e+04
 2.811e+05 -2.811e+05
 2.897e+05 -2.897e+05
 -1.74e+05 1.74e+05
 1.606e+05 -1.606e+05
 3.202e+05 -3.202e+05
 -1.868e+04 1.868e+04
 -2.325e+05 2.325e+05
 -8.064e+05 8.064e+05
 -2.849e+05 2.849e+05
 1.376e+06 -1.376e+06
 -3.008e+05 3.008e+05
 -6.617e+05 6.617e+05
 9.156e+05 -9.156e+05
 3.022e+05 -3.022e+05
 2.814e+05 -2.814e+05
 -4.162e+05 4.162e+05
 -5.083e+04 5.083e+04
 5.639e+05 -5.639e+05
 -4.567e+05 4.567e+05
 -8692 8692
 -2.318e+05 2.318e+05
 7.386e+05 -7.386e+05
 4.756e+05 -4.756e+05
 3.861e+05 -3.861e+05
 -6.067e+05 6.067e+05
 1.043e+05 -1.043e+05
 -3.381e+05 3.381e+05
 -2.074e+05 2.074e+05
 3.108e+05 -3.108e+05
 -4.568e+05 4.568e+05
 -4.482e+05 4.482e+05
 -1.216e+06 1.216e+06
 8.339e+05 -8.339e+05
 -5.777e+05 5.777e+05
 -1.906e+05 1.906e+05
 -4.951e+04 4.951e+04
 -5.459e+05 5.459e+05
 4.961e+05 -4.961e+05
 3.641e+05 -3.641e+05
 -6.69e+05 6.69e+05
 7.627e+04 -7.627e+04
 6.072e+05 -6.072e+05
 -2.855e+05 2.855e+05
 8.222e+04 -8.222e+04
 -4.87e+05 4.87e+05
 -2.508e+04 2.508e+04
 1.581e+05 -1.581e+05
 5.223e+04 -5.223e+04
 -7.437e+05 7.437e+05
 -9.072e+05 9.072e+05
 -9.364e+05 9.364e+05
 4.68e+05 -4.68e+05
 2.339e+05 -2.339e+05
 7.648e+05 -7.648e+05
 -5.598e+05 5.598e+05
 -2.331e+05 2.331e+05
 4.256e+05 -4.256e+05
 1.718e+05 -1.718e+05
 1.717e+05 -1.717e+05
 5.233e+05 -5.233e+05
 -1.07e+06 1.07e+06
 4.855e+04 -4.855e+04
 2.246e+05 -2.246e+05
 -7.508e+05 7.508e+05
 -9.412e+04 9.412e+04
 5.589e+05 -5.589e+05
 1.035e+06 -1.035e+06
 -1.062e+05 1.062e+05
 -4.198e+05 4.198e+05
 9.011e+05 -9.011e+05
 5.197e+05 -5.197e+05
 4.402e+05 -4.402e+05
 -3.105e+05 3.105e+05
 -3.908e+05 3.908e+05
 -5.094e+05 5.094e+05
 4.471e+04 -4.471e+04
 1.584e+05 -1.584e+05
 7.336e+05 -7.336e+05
 -1.372e+05 1.372e+05
 -4.445e+05 4.445e+05
 3.293e+05 -3.293e+05
 2.296e+05 -2.296e+05
 -5.688e+05 5.688e+05
 -1.897e+05 1.897e+05
 3.091e+05 -3.091e+05
 3.587e+05 -3.587e+05
 4.955e+04 -4.955e+04
 3.128e+05 -3.128e+05
 -5.282e+05 5.282e+05
 8.35e+05 -8.35e+05
 4.309e+05 -4.309e+05
 -9.402e+05 9.402e+05
 -4.335e+05 4.335e+05
 -7.888e+05 7.888e+05
 2.438e+05 -2.438e+05
 1.455e+05 -1.455e+05
 -3.431e+05 3.431e+05
 -7.824e+05 7.824e+05
 -3.426e+05 3.426e+05
 -3.373e+05 3.373e+05
 -7.108e+05 7.108e+05
 -1.688e+05 1.688e+05
 -7.829e+05 7.829e+05
 2.453e+05 -2.453e+05
 5.171e+05 -5.171e+05
 4.858e+04 -4.858e+04
 3.041e+05 -3.041e+05
 -4.829e+05 4.829e+05
 1.361e+05 -1.361e+05
 4.696e+05 -4.696e+05
 7.994e+05 -7.994e+05
 -2.878e+05 2.878e+05
 -1.396e+04 1.396e+04
 5.277e+05 -5.277e+05
 8.286e+05 -8.286e+05
 -2.133e+05 2.133e+05
 -7.835e+05 7.835e+05
 -3.061e+05 3.061e+05
 3.897e+05 -3.897e+05
 -4.901e+05 4.901e+05
 3.856e+05 -3.856e+05
 -3.632e+05 3.632e+05
 2759 -2759
 -1.206e+06 1.206e+06
 3.486e+04 -3.486e+04
 -7.309e+05 7.309e+05
 -1.808e+05 1.808e+05
 -3.15e+04 3.15e+04
 -1.581e+06 1.581e+06
 9.287e+04 -9.287e+04
 4.901e+05 -4.901e+05
 4.294e+05 -4.294e+05
 1.918e+05 -1.918e+05
 -3.481e+05 3.481e+05
 -3.102e+05 3.102e+05
 -3.798e+05 3.798e+05
 -3.363e+05 3.363e+05
 -4.186e+05 4.186e+05
 -3.704e+05 3.704e+05
 -4.804e+05 4.804e+05
 4.521e+04 -4.521e+04
 7.198e+05 -7.198e+05
 5.721e+05 -5.721e+05
 2.171e+04 -2.171e+04
 -1.301e+05 1.301e+05
 1.424e+05 -1.424e+05
 3.832e+05 -3.832e+05
 2.594e+05 -2.594e+05
 2.022e+05 -2.022e+05
 -7.72e+05 7.72e+05
 -1.122e+05 1.122e+05
 -3.567e+05 3.567e+05
 -3.421e+04 3.421e+04
 6.666e+05 -6.666e+05
 -7.052e+05 7.052e+05
 -3.492e+05 3.492e+05
 -5.079e+05 5.079e+05
 -7.149e+05 7.149e+05
 -1.019e+06 1.019e+06
 -7.901e+04 7.901e+04
 -4609 4609
 -4.313e+05 4.313e+05
 -3.726e+05 3.726e+05
 1.096e+06 -1.096e+06
 -9.784e+05 9.784e+05
 -4.695e+05 4.695e+05
 -2.671e+05 2.671e+05
 1.249e+05 -1.249e+05
 -5.896e+05 5.896e+05
 5.093e+05 -5.093e+05
 -4.47e+05 4.47e+05
 -5.067e+05 5.067e+05
 7.232e+05 -7.232e+05
 8.225e+05 -8.225e+05
 8.244e+05 -8.244e+05
 -3.662e+05 3.662e+05
 -7.645e+05 7.645e+05
 9.888e+05 -9.888e+05
 1.715e+05 -1.715e+05
 -5.915e+05 5.915e+05
 3.725e+05 -3.725e+05
 -7.452e+05 7.452e+05
 1.945e+05 -1.945e+05
 -3.567e+05 3.567e+05
 -6.097e+04 6.097e+04
 1.104e+06 -1.104e+06
 -3.234e+05 3.234e+05
 6.46e+05 -6.46e+05
 -1.961e+05 1.961e+05
 7.291e+05 -7.291e+05
 -1.004e+06 1.004e+06
 -6.591e+05 6.591e+05
 1.378e+05 -1.378e+05
 1.188e+06 -1.188e+06
 -3.657e+05 3.657e+05
 1.379e+05 -1.379e+05
 3.418e+05 -3.418e+05
 -7.37e+05 7.37e+05
 5.359e+05 -5.359e+05
 3.533e+05 -3.533e+05
 -4.412e+05 4.412e+05
 2.917e+05 -2.917e+05
 -4.465e+05 4.465e+05
 -9.564e+04 9.564e+04
 -5.229e+04 5.229e+04
 -4.451e+04 4.451e+04
 -2.785e+05 2.785e+05
 1.154e+05 -1.154e+05
 -4.436e+05 4.436e+05
 1.255e+06 -1.255e+06
 -5.552e+05 5.552e+05
 5.186e+05 -5.186e+05
 -1.921e+05 1.921e+05
 -2.081e+05 2.081e+05
 1.154e+04 -1.154e+04
 5.79e+05 -5.79e+05
 -3.43e+05 3.43e+05
 5.334e+05 -5.334e+05
 5.272e+04 -5.272e+04
 -7.497e+04 7.497e+04
 -6.839e+04 6.839e+04
 1.468e+05 -1.468e+05
 8.252e+05 -8.252e+05
 -1.468e+05 1.468e+05
 2.31e+05 -2.31e+05
 -4.797e+05 4.797e+05
 -5.405e+05 5.405e+05
 1.002e+06 -1.002e+06
 -2.305e+05 2.305e+05
 5.824e+05 -5.824e+05
 -7.722e+04 7.722e+04
 -2.388e+05 2.388e+05
 8.558e+04 -8.558e+04
 5.688e+05 -5.688e+05
 4.472e+05 -4.472e+05
 -7.636e+04 7.636e+04
 -4.304e+05 4.304e+05
 -6.366e+05 6.366e+05
 1.104e+05 -1.104e+05
 2.555e+05 -2.555e+05
 2.423e+05 -2.423e+05
 -9.613e+04 9.613e+04
 8.734e+05 -8.734e+05
 1.02e+06 -1.02e+06
 -1.132e+05 1.132e+05
 3.785e+04 -3.785e+04
 9.652e+05 -9.652e+05
 -1.388e+05 1.388e+05
 1.877e+04 -1.877e+04
 -5.8e+05 5.8e+05
 -1.217e+06 1.217e+06
 5.338e+04 -5.338e+04
 2.755e+05 -2.755e+05
 1.536e+05 -1.536e+05
 -4.205e+05 4.205e+05
 7.606e+05 -7.606e+05
 -4.813e+05 4.813e+05
 -2.915e+05 2.915e+05
 -1.258e+04 1.258e+04
 2.716e+04 -2.716e+04
 2.707e+05 -2.707e+05
 2.903e+05 -2.903e+05
 -9.517e+05 9.517e+05
 -2.81e+04 2.81e+04
 3.643e+05 -3.643e+05
 -1.193e+05 1.193e+05
 3.289e+05 -3.289e+05
 3.364e+05 -3.364e+05
 -1.12e+05 1.12e+05
 -2.913e+04 2.913e+04
 1.139e+06 -1.139e+06
 -1.268e+05 1.268e+05
 4.722e+05 -4.722e+05
 7.889e+05 -7.889e+05
 -6.64e+05 6.64e+05
 -3.997e+05 3.997e+05
 1.224e+05 -1.224e+05
 -4.296e+05 4.296e+05
 2.44e+05 -2.44e+05
 2.234e+05 -2.234e+05
 8.396e+04 -8.396e+04
 -5.614e+05 5.614e+05
 -2.17e+05 2.17e+05
 -2.445e+05 2.445e+05
 -1.642e+05 1.642e+05
 -2.131e+05 2.131e+05
 -4.604e+05 4.604e+05
 -7.461e+05 7.461e+05
 9.344e+05 -9.344e+05
 1.317e+06 -1.317e+06
 9.075e+05 -9.075e+05
 -5.716e+05 5.716e+05
 2.405e+05 -2.405e+05
 -2.71e+04 2.71e+04
 3.417e+05 -3.417e+05
 3.141e+05 -3.141e+05
 8.465e+05 -8.465e+05
 -1.61e+05 1.61e+05
 2.042e+05 -2.042e+05
 7.353e+05 -7.353e+05
 7.31e+04 -7.31e+04
 -3.03e+05 3.03e+05
 -1.777e+06 1.777e+06
 -6.938e+05 6.938e+05
 -6.699e+05 6.699e+05
 1.753e+05 -1.753e+05
 -6.992e+05 6.992e+05
 1.644e+04 -1.644e+04
 -1.111e+05 1.111e+05
 1.143e+05 -1.143e+05
 -6.888e+05 6.888e+05
 9.135e+04 -9.135e+04
 -4.268e+05 4.268e+05
 -8.181e+04 8.181e+04
 1.673e+05 -1.673e+05
 -4.858e+05 4.858e+05
 1.267e+06 -1.267e+06
 1.768e+05 -1.768e+05
 2.457e+05 -2.457e+05
 -6.644e+04 6.644e+04
 5.055e+04 -5.055e+04
 2.667e+04 -2.667e+04
 6.86e+04 -6.86e+04
 1.559e+05 -1.559e+05
 5.563e+05 -5.563e+05
 -5940 5940
 -1.98e+05 1.98e+05
 7.012e+04 -7.012e+04
 -2.109e+05 2.109e+05
 -1.049e+06 1.049e+06
 -2.333e+04 2.333e+04
 -3.969e+05 3.969e+05
 3.1e+05 -3.1e+05
 3.375e+05 -3.375e+05
 4.559e+05 -4.559e+05
 3.543e+05 -3.543e+05
 -6.978e+04 6.978e+04
 -3.906e+05 3.906e+05
 -1.095e+05 1.095e+05
 2.58e+05 -2.58e+05
 4.051e+04 -4.051e+04
 4.359e+04 -4.359e+04
 -1.042e+06 1.042e+06
 -2.18e+05 2.18e+05
 2.036e+04 -2.036e+04
 -5.154e+05 5.154e+05
 -7.039e+05 7.039e+05
 9.81e+05 -9.81e+05
 3.784e+05 -3.784e+05
 -7.164e+05 7.164e+05
 -2.097e+05 2.097e+05
 -3.593e+05 3.593e+05
 5.068e+05 -5.068e+05
 4.117e+05 -4.117e+05
 6.315e+05 -6.315e+05
 -1.075e+05 1.075e+05
 -9.585e+05 9.585e+05
 -5.394e+05 5.394e+05
 -7.847e+05 7.847e+05
 1.263e+06 -1.263e+06
 -1.86e+05 1.86e+05
 -1.654e+05 1.654e+05
 -5.212e+05 5.212e+05
 4.047e+05 -4.047e+05
 7.926e+05 -7.926e+05
 -2.902e+05 2.902e+05
 2.255e+05 -2.255e+05
 1.277e+04 -1.277e+04
 -5.742e+05 5.742e+05
 8.432e+05 -8.432e+05
 1.248e+05 -1.248e+05
 -1.153e+06 1.153e+06
 7.995e+05 -7.995e+05
 -5.487e+05 5.487e+05
 4.466e+05 -4.466e+05
 -1.459e+05 1.459e+05
 -1.151e+05 1.151e+05
 4.232e+04 -4.232e+04
 -2.542e+05 2.542e+05
 9.047e+05 -9.047e+05
 -5.255e+05 5.255e+05
 -1.751e+04 1.751e+04
 8.492e+05 -8.492e+05
 1.3e+05 -1.3e+05
 -7.584e+05 7.584e+05
 2.38e+05 -2.38e+05
 -7.363e+05 7.363e+05
 -5.263e+05 5.263e+05
 4.827e+05 -4.827e+05
 -6.661e+05 6.661e+05
 7.796e+04 -7.796e+04


