# Created by Octave 5.2.0, Fri Sep 25 00:48:01 2020 CEST <jiwidi@land>
# name: w
# type: matrix
# rows: 2001
# columns: 2
 0 0
 8.235e+05 -8.235e+05
 1.069e+05 -1.069e+05
 1.312e+06 -1.312e+06
 4.708e+04 -4.708e+04
 2.199e+05 -2.199e+05
 8.939e+05 -8.939e+05
 -2.013e+05 2.013e+05
 3.599e+05 -3.599e+05
 -9.776e+04 9.776e+04
 -2.946e+05 2.946e+05
 1.105e+05 -1.105e+05
 1.933e+04 -1.933e+04
 2.084e+05 -2.084e+05
 -2.839e+05 2.839e+05
 -6.662e+05 6.662e+05
 3.375e+05 -3.375e+05
 -6.415e+05 6.415e+05
 6.99e+05 -6.99e+05
 -4.075e+04 4.075e+04
 -1.383e+05 1.383e+05
 -7.15e+05 7.15e+05
 4.852e+05 -4.852e+05
 -1.965e+04 1.965e+04
 1.05e+04 -1.05e+04
 -5.686e+05 5.686e+05
 -8189 8189
 -1.408e+05 1.408e+05
 -2.769e+05 2.769e+05
 3.517e+05 -3.517e+05
 -6.199e+05 6.199e+05
 4.448e+04 -4.448e+04
 2.382e+05 -2.382e+05
 -2.447e+04 2.447e+04
 4.37e+05 -4.37e+05
 -1.317e+06 1.317e+06
 -1.222e+06 1.222e+06
 -4.071e+05 4.071e+05
 -6.176e+05 6.176e+05
 -2.276e+05 2.276e+05
 -2.143e+04 2.143e+04
 3.678e+05 -3.678e+05
 -2.618e+05 2.618e+05
 -6.612e+05 6.612e+05
 -3.686e+05 3.686e+05
 2.972e+05 -2.972e+05
 -5.643e+05 5.643e+05
 1.046e+06 -1.046e+06
 -3.736e+04 3.736e+04
 4.319e+05 -4.319e+05
 1.947e+05 -1.947e+05
 -2.383e+05 2.383e+05
 2.036e+04 -2.036e+04
 -7.998e+05 7.998e+05
 6.918e+05 -6.918e+05
 7.003e+05 -7.003e+05
 -1.588e+05 1.588e+05
 2.603e+05 -2.603e+05
 -7.175e+04 7.175e+04
 -9.212e+05 9.212e+05
 9.877e+04 -9.877e+04
 -2.012e+05 2.012e+05
 -5.57e+04 5.57e+04
 5.349e+05 -5.349e+05
 -4.18e+05 4.18e+05
 -1.692e+05 1.692e+05
 7.354e+05 -7.354e+05
 3.673e+04 -3.673e+04
 4.445e+05 -4.445e+05
 6.186e+04 -6.186e+04
 2.54e+05 -2.54e+05
 -1.121e+06 1.121e+06
 -1.202e+05 1.202e+05
 2.864e+05 -2.864e+05
 1.042e+06 -1.042e+06
 -5.05e+05 5.05e+05
 -2.251e+06 2.251e+06
 -6.238e+05 6.238e+05
 4.887e+05 -4.887e+05
 -8.703e+05 8.703e+05
 1.543e+05 -1.543e+05
 6.431e+04 -6.431e+04
 -6.645e+05 6.645e+05
 -2.669e+05 2.669e+05
 -9061 9061
 9.847e+04 -9.847e+04
 -1.049e+06 1.049e+06
 -1.333e+05 1.333e+05
 -3.839e+05 3.839e+05
 -4.318e+05 4.318e+05
 1.322e+05 -1.322e+05
 8.126e+05 -8.126e+05
 1.531e+04 -1.531e+04
 -5.104e+04 5.104e+04
 1.283e+06 -1.283e+06
 -8.183e+04 8.183e+04
 -1.608e+05 1.608e+05
 5.051e+05 -5.051e+05
 2.389e+04 -2.389e+04
 -8.874e+04 8.874e+04
 -5858 5858
 1.191e+05 -1.191e+05
 -4.523e+05 4.523e+05
 -2.762e+05 2.762e+05
 1.118e+05 -1.118e+05
 4.879e+05 -4.879e+05
 -3.797e+05 3.797e+05
 9.991e+04 -9.991e+04
 1.182e+05 -1.182e+05
 3.446e+05 -3.446e+05
 4.743e+05 -4.743e+05
 -7.848e+04 7.848e+04
 3.332e+04 -3.332e+04
 1.341e+05 -1.341e+05
 2.3e+05 -2.3e+05
 -3.799e+05 3.799e+05
 3.509e+05 -3.509e+05
 -2.115e+05 2.115e+05
 -5.901e+05 5.901e+05
 -3.217e+05 3.217e+05
 1.346e+05 -1.346e+05
 7.767e+05 -7.767e+05
 -1.704e+06 1.704e+06
 1.01e+05 -1.01e+05
 6.163e+05 -6.163e+05
 -1.353e+06 1.353e+06
 -2.931e+05 2.931e+05
 -2.071e+05 2.071e+05
 2.899e+05 -2.899e+05
 -6.331e+04 6.331e+04
 6.837e+05 -6.837e+05
 -4.134e+05 4.134e+05
 -6.182e+04 6.182e+04
 -3.609e+05 3.609e+05
 2.816e+05 -2.816e+05
 3.851e+04 -3.851e+04
 3.981e+05 -3.981e+05
 -1.55e+06 1.55e+06
 -1.519e+05 1.519e+05
 -1.55e+05 1.55e+05
 -2.51e+04 2.51e+04
 -1.272e+05 1.272e+05
 3.574e+05 -3.574e+05
 -1.174e+05 1.174e+05
 4.622e+05 -4.622e+05
 -1.827e+05 1.827e+05
 7.585e+05 -7.585e+05
 -1.029e+05 1.029e+05
 -5.612e+05 5.612e+05
 3.484e+05 -3.484e+05
 1.773e+05 -1.773e+05
 -8.247e+05 8.247e+05
 5.569e+05 -5.569e+05
 1.18e+06 -1.18e+06
 -4.577e+04 4.577e+04
 -2.979e+05 2.979e+05
 -2.157e+05 2.157e+05
 2.589e+05 -2.589e+05
 -6.616e+05 6.616e+05
 1.01e+05 -1.01e+05
 6.788e+04 -6.788e+04
 4.239e+05 -4.239e+05
 -5.594e+05 5.594e+05
 -7.53e+05 7.53e+05
 2.648e+05 -2.648e+05
 9.834e+05 -9.834e+05
 2.027e+05 -2.027e+05
 -1.481e+05 1.481e+05
 9.935e+04 -9.935e+04
 -3.471e+05 3.471e+05
 -1.704e+05 1.704e+05
 2.253e+05 -2.253e+05
 -4.32e+05 4.32e+05
 3.589e+05 -3.589e+05
 2.84e+05 -2.84e+05
 -5.515e+04 5.515e+04
 -4.136e+05 4.136e+05
 7.728e+05 -7.728e+05
 -1.203e+05 1.203e+05
 8.434e+04 -8.434e+04
 -6.601e+04 6.601e+04
 -6.254e+05 6.254e+05
 -9.958e+05 9.958e+05
 8.417e+05 -8.417e+05
 -6.621e+04 6.621e+04
 -2.631e+05 2.631e+05
 6.644e+05 -6.644e+05
 -3.625e+05 3.625e+05
 1.574e+05 -1.574e+05
 -7.312e+05 7.312e+05
 3.433e+05 -3.433e+05
 1.359e+05 -1.359e+05
 -1.332e+05 1.332e+05
 -1.253e+05 1.253e+05
 -4.085e+05 4.085e+05
 -4.96e+05 4.96e+05
 -1.858e+05 1.858e+05
 -5.77e+05 5.77e+05
 3.238e+04 -3.238e+04
 1.374e+06 -1.374e+06
 3.625e+05 -3.625e+05
 -4.014e+05 4.014e+05
 -8.539e+05 8.539e+05
 9.177e+05 -9.177e+05
 -3.406e+05 3.406e+05
 3.092e+05 -3.092e+05
 -2.821e+05 2.821e+05
 -2.815e+05 2.815e+05
 -1.798e+05 1.798e+05
 5.832e+05 -5.832e+05
 -1.93e+06 1.93e+06
 1.207e+05 -1.207e+05
 -5.523e+05 5.523e+05
 4.593e+05 -4.593e+05
 -4.314e+05 4.314e+05
 9.764e+05 -9.764e+05
 -1.893e+05 1.893e+05
 -3.904e+05 3.904e+05
 1.164e+04 -1.164e+04
 6.057e+05 -6.057e+05
 -2.718e+05 2.718e+05
 -1.313e+05 1.313e+05
 7.387e+05 -7.387e+05
 5.02e+05 -5.02e+05
 6.477e+05 -6.477e+05
 3.79e+05 -3.79e+05
 2.87e+05 -2.87e+05
 -3.723e+04 3.723e+04
 3.187e+05 -3.187e+05
 -7.5e+05 7.5e+05
 2.426e+05 -2.426e+05
 1.052e+06 -1.052e+06
 1.101e+05 -1.101e+05
 -7.969e+05 7.969e+05
 2.803e+05 -2.803e+05
 -1.998e+05 1.998e+05
 -2.999e+05 2.999e+05
 -6.527e+05 6.527e+05
 7.314e+05 -7.314e+05
 3.535e+05 -3.535e+05
 -8.705e+05 8.705e+05
 -2.614e+05 2.614e+05
 -3.634e+05 3.634e+05
 5.576e+04 -5.576e+04
 -4.628e+05 4.628e+05
 -6.02e+05 6.02e+05
 3.372e+05 -3.372e+05
 3.506e+05 -3.506e+05
 -1.863e+05 1.863e+05
 -7.231e+05 7.231e+05
 8.557e+05 -8.557e+05
 2.252e+05 -2.252e+05
 2.353e+05 -2.353e+05
 2.643e+05 -2.643e+05
 -1.913e+05 1.913e+05
 2.725e+05 -2.725e+05
 1.481e+05 -1.481e+05
 1.221e+06 -1.221e+06
 8.501e+05 -8.501e+05
 -7.51e+04 7.51e+04
 1.053e+06 -1.053e+06
 -2.152e+05 2.152e+05
 1.019e+04 -1.019e+04
 -3.683e+05 3.683e+05
 2.59e+05 -2.59e+05
 2.22e+05 -2.22e+05
 1.124e+05 -1.124e+05
 6.533e+04 -6.533e+04
 4.128e+04 -4.128e+04
 8.548e+05 -8.548e+05
 6.564e+04 -6.564e+04
 -5.809e+05 5.809e+05
 -5.71e+05 5.71e+05
 6991 -6991
 -8.107e+04 8.107e+04
 3.294e+05 -3.294e+05
 1.925e+05 -1.925e+05
 -8355 8355
 -6.148e+05 6.148e+05
 -2.768e+04 2.768e+04
 -5.981e+05 5.981e+05
 1.44e+05 -1.44e+05
 2.691e+05 -2.691e+05
 4.486e+04 -4.486e+04
 8.31e+05 -8.31e+05
 2.577e+05 -2.577e+05
 2.239e+05 -2.239e+05
 -2.462e+05 2.462e+05
 3.238e+05 -3.238e+05
 -9.189e+05 9.189e+05
 4.393e+04 -4.393e+04
 -1.426e+06 1.426e+06
 9.795e+05 -9.795e+05
 1.617e+05 -1.617e+05
 8.99e+04 -8.99e+04
 7.785e+04 -7.785e+04
 -1.286e+06 1.286e+06
 -1.647e+05 1.647e+05
 4.555e+05 -4.555e+05
 1.645e+05 -1.645e+05
 -4.274e+05 4.274e+05
 7417 -7417
 4.649e+05 -4.649e+05
 -8.046e+05 8.046e+05
 4.575e+05 -4.575e+05
 7.128e+04 -7.128e+04
 5.411e+05 -5.411e+05
 -8.332e+04 8.332e+04
 5.786e+04 -5.786e+04
 1.951e+05 -1.951e+05
 3660 -3660
 1.257e+06 -1.257e+06
 -7.253e+05 7.253e+05
 -9.291e+05 9.291e+05
 4.54e+05 -4.54e+05
 -5.854e+05 5.854e+05
 1.331e+04 -1.331e+04
 4.876e+05 -4.876e+05
 -9.768e+04 9.768e+04
 -9.353e+04 9.353e+04
 5.105e+05 -5.105e+05
 2.206e+06 -2.206e+06
 3.661e+05 -3.661e+05
 -4.415e+04 4.415e+04
 -4.377e+05 4.377e+05
 3.251e+05 -3.251e+05
 8.161e+05 -8.161e+05
 4.451e+05 -4.451e+05
 2.918e+05 -2.918e+05
 3.012e+05 -3.012e+05
 -7.255e+05 7.255e+05
 1.284e+05 -1.284e+05
 2.311e+05 -2.311e+05
 -5.927e+05 5.927e+05
 -3.325e+05 3.325e+05
 1.027e+05 -1.027e+05
 -3.388e+04 3.388e+04
 1.012e+06 -1.012e+06
 6.404e+05 -6.404e+05
 9.184e+05 -9.184e+05
 6.39e+04 -6.39e+04
 -3.747e+05 3.747e+05
 -1.713e+05 1.713e+05
 5.902e+05 -5.902e+05
 -2.136e+05 2.136e+05
 -3.138e+05 3.138e+05
 8.74e+05 -8.74e+05
 1.574e+05 -1.574e+05
 7.602e+05 -7.602e+05
 3.082e+05 -3.082e+05
 -2.397e+05 2.397e+05
 -2.048e+04 2.048e+04
 -1.091e+06 1.091e+06
 -2.764e+05 2.764e+05
 -2.911e+05 2.911e+05
 3.867e+05 -3.867e+05
 -3.97e+05 3.97e+05
 -2.055e+05 2.055e+05
 -4.42e+04 4.42e+04
 1.044e+06 -1.044e+06
 -7.908e+05 7.908e+05
 -3.457e+05 3.457e+05
 -5.051e+05 5.051e+05
 4.583e+05 -4.583e+05
 -1.988e+05 1.988e+05
 1.699e+05 -1.699e+05
 3.43e+05 -3.43e+05
 -9.411e+05 9.411e+05
 1.282e+05 -1.282e+05
 -1.162e+06 1.162e+06
 3.783e+05 -3.783e+05
 3.467e+05 -3.467e+05
 -2.623e+05 2.623e+05
 -1.18e+06 1.18e+06
 -1.055e+06 1.055e+06
 8.776e+04 -8.776e+04
 -1.059e+05 1.059e+05
 9.269e+05 -9.269e+05
 1.438e+05 -1.438e+05
 -1.357e+06 1.357e+06
 -4.041e+05 4.041e+05
 -4.432e+05 4.432e+05
 -7.7e+04 7.7e+04
 -3.603e+05 3.603e+05
 3.895e+04 -3.895e+04
 6.143e+05 -6.143e+05
 2.721e+05 -2.721e+05
 8.853e+05 -8.853e+05
 5.864e+05 -5.864e+05
 -4.486e+05 4.486e+05
 -6.059e+04 6.059e+04
 -5.385e+04 5.385e+04
 1.121e+05 -1.121e+05
 -1.114e+06 1.114e+06
 4758 -4758
 2.091e+05 -2.091e+05
 -2.34e+05 2.34e+05
 1.997e+05 -1.997e+05
 5.289e+04 -5.289e+04
 9.015e+05 -9.015e+05
 4.044e+04 -4.044e+04
 -5.374e+05 5.374e+05
 -4.058e+05 4.058e+05
 3.363e+05 -3.363e+05
 -2.384e+05 2.384e+05
 8.921e+04 -8.921e+04
 5.863e+04 -5.863e+04
 -2.478e+04 2.478e+04
 -2.037e+05 2.037e+05
 9.86e+05 -9.86e+05
 -3.959e+05 3.959e+05
 9606 -9606
 -1.776e+05 1.776e+05
 4.371e+05 -4.371e+05
 -7.582e+05 7.582e+05
 -3.679e+04 3.679e+04
 3.211e+05 -3.211e+05
 -1.502e+05 1.502e+05
 6.954e+05 -6.954e+05
 2029 -2029
 7.884e+05 -7.884e+05
 -5.638e+05 5.638e+05
 1.39e+06 -1.39e+06
 4.017e+05 -4.017e+05
 -4.172e+05 4.172e+05
 -2.536e+05 2.536e+05
 -4.753e+05 4.753e+05
 -8.139e+04 8.139e+04
 -2.538e+04 2.538e+04
 -1.971e+05 1.971e+05
 7.675e+05 -7.675e+05
 -3.137e+05 3.137e+05
 3.934e+05 -3.934e+05
 3.288e+05 -3.288e+05
 -5.498e+05 5.498e+05
 -1.558e+05 1.558e+05
 -2.493e+05 2.493e+05
 1.834e+05 -1.834e+05
 -1.26e+06 1.26e+06
 5.722e+04 -5.722e+04
 -6.907e+05 6.907e+05
 -1.274e+05 1.274e+05
 -1.499e+06 1.499e+06
 7.113e+05 -7.113e+05
 2.799e+05 -2.799e+05
 -6.851e+05 6.851e+05
 -4.381e+05 4.381e+05
 2.504e+05 -2.504e+05
 6.635e+04 -6.635e+04
 8.953e+05 -8.953e+05
 -2.181e+05 2.181e+05
 -8.496e+04 8.496e+04
 9.278e+05 -9.278e+05
 5.113e+04 -5.113e+04
 -1.286e+05 1.286e+05
 7.959e+05 -7.959e+05
 3.364e+05 -3.364e+05
 1.141e+06 -1.141e+06
 1.63e+04 -1.63e+04
 6.423e+04 -6.423e+04
 -1.176e+05 1.176e+05
 2390 -2390
 7.388e+05 -7.388e+05
 8.011e+04 -8.011e+04
 7.327e+05 -7.327e+05
 -1.816e+05 1.816e+05
 4.947e+05 -4.947e+05
 -2.748e+05 2.748e+05
 2.301e+05 -2.301e+05
 4.771e+05 -4.771e+05
 -4.827e+05 4.827e+05
 8.975e+04 -8.975e+04
 -8.244e+04 8.244e+04
 -5.168e+05 5.168e+05
 -2.532e+04 2.532e+04
 4.826e+05 -4.826e+05
 -4.095e+05 4.095e+05
 -5.348e+04 5.348e+04
 -5.574e+05 5.574e+05
 3.802e+05 -3.802e+05
 -9.832e+04 9.832e+04
 -5.379e+05 5.379e+05
 -1.59e+04 1.59e+04
 2.737e+05 -2.737e+05
 -2.575e+05 2.575e+05
 -1634 1634
 1.521e+05 -1.521e+05
 -9.868e+05 9.868e+05
 -1.895e+04 1.895e+04
 -4.23e+05 4.23e+05
 -6.013e+05 6.013e+05
 1.947e+04 -1.947e+04
 -1.406e+05 1.406e+05
 -3.454e+05 3.454e+05
 -9.174e+04 9.174e+04
 -8.488e+05 8.488e+05
 -5.866e+05 5.866e+05
 -1.412e+05 1.412e+05
 8.771e+05 -8.771e+05
 -1.456e+06 1.456e+06
 2.322e+05 -2.322e+05
 3.395e+05 -3.395e+05
 -8.999e+05 8.999e+05
 -7.552e+04 7.552e+04
 4.668e+04 -4.668e+04
 -8.926e+05 8.926e+05
 -7.196e+05 7.196e+05
 -1.494e+05 1.494e+05
 -1.664e+05 1.664e+05
 8.548e+05 -8.548e+05
 -8.692e+04 8.692e+04
 -3.119e+05 3.119e+05
 9.108e+04 -9.108e+04
 3.362e+05 -3.362e+05
 -5.357e+05 5.357e+05
 2.434e+05 -2.434e+05
 -5.017e+05 5.017e+05
 -6.524e+04 6.524e+04
 -2.835e+05 2.835e+05
 -8.838e+05 8.838e+05
 5.624e+04 -5.624e+04
 3.887e+05 -3.887e+05
 -7.219e+05 7.219e+05
 4.41e+05 -4.41e+05
 -9.385e+05 9.385e+05
 2.55e+05 -2.55e+05
 -3.158e+05 3.158e+05
 5.689e+05 -5.689e+05
 1.041e+05 -1.041e+05
 5178 -5178
 6.919e+05 -6.919e+05
 -1.661e+05 1.661e+05
 -4.954e+05 4.954e+05
 -3.893e+04 3.893e+04
 3.76e+05 -3.76e+05
 -1.272e+06 1.272e+06
 1.302e+06 -1.302e+06
 1.078e+05 -1.078e+05
 1.076e+06 -1.076e+06
 -5.893e+04 5.893e+04
 -5.989e+05 5.989e+05
 -4.746e+05 4.746e+05
 -4.478e+05 4.478e+05
 -4.835e+05 4.835e+05
 6.452e+05 -6.452e+05
 -1.036e+06 1.036e+06
 3.868e+05 -3.868e+05
 -4.123e+05 4.123e+05
 -6.222e+05 6.222e+05
 2.374e+05 -2.374e+05
 5.71e+05 -5.71e+05
 -2.092e+05 2.092e+05
 6.247e+05 -6.247e+05
 -4.238e+05 4.238e+05
 5.848e+05 -5.848e+05
 2.693e+04 -2.693e+04
 3.27e+05 -3.27e+05
 -6.033e+05 6.033e+05
 -2.183e+04 2.183e+04
 -2.255e+05 2.255e+05
 4.258e+05 -4.258e+05
 -1.733e+04 1.733e+04
 2.189e+05 -2.189e+05
 -2.091e+05 2.091e+05
 -4.479e+05 4.479e+05
 1.158e+05 -1.158e+05
 6.539e+05 -6.539e+05
 2.405e+05 -2.405e+05
 -3.392e+05 3.392e+05
 -5.058e+05 5.058e+05
 -3.965e+04 3.965e+04
 2.068e+05 -2.068e+05
 4.616e+05 -4.616e+05
 1.388e+06 -1.388e+06
 -5.177e+05 5.177e+05
 -2.03e+05 2.03e+05
 -6.307e+04 6.307e+04
 5.456e+05 -5.456e+05
 4.678e+05 -4.678e+05
 -2.438e+04 2.438e+04
 7.144e+05 -7.144e+05
 3.923e+05 -3.923e+05
 -8.128e+04 8.128e+04
 -4.211e+05 4.211e+05
 8.603e+05 -8.603e+05
 1.885e+06 -1.885e+06
 3.149e+05 -3.149e+05
 1.17e+05 -1.17e+05
 2.121e+04 -2.121e+04
 4.158e+05 -4.158e+05
 -2.026e+05 2.026e+05
 3.345e+05 -3.345e+05
 -4.479e+05 4.479e+05
 6.005e+05 -6.005e+05
 1.567e+05 -1.567e+05
 -7.626e+05 7.626e+05
 -3.434e+05 3.434e+05
 1.58e+05 -1.58e+05
 -3.739e+04 3.739e+04
 1.47e+05 -1.47e+05
 -5.246e+05 5.246e+05
 -2.663e+05 2.663e+05
 9.45e+04 -9.45e+04
 6.511e+05 -6.511e+05
 7.213e+05 -7.213e+05
 3.181e+05 -3.181e+05
 2.037e+06 -2.037e+06
 7.876e+05 -7.876e+05
 -1.307e+06 1.307e+06
 -1.548e+05 1.548e+05
 -3.808e+04 3.808e+04
 -1.308e+06 1.308e+06
 2.318e+05 -2.318e+05
 4.608e+05 -4.608e+05
 -4.579e+05 4.579e+05
 3154 -3154
 -5.027e+05 5.027e+05
 -2.175e+05 2.175e+05
 -4.43e+05 4.43e+05
 7.782e+04 -7.782e+04
 1.221e+05 -1.221e+05
 -3.601e+05 3.601e+05
 1.591e+04 -1.591e+04
 -2.397e+05 2.397e+05
 1.165e+05 -1.165e+05
 -2.977e+04 2.977e+04
 -5.467e+05 5.467e+05
 -1.347e+05 1.347e+05
 -3.721e+05 3.721e+05
 -1.491e+05 1.491e+05
 -4.674e+04 4.674e+04
 -9.508e+05 9.508e+05
 3.314e+05 -3.314e+05
 -3.67e+05 3.67e+05
 -2.436e+05 2.436e+05
 -8.235e+05 8.235e+05
 1.329e+05 -1.329e+05
 2.594e+05 -2.594e+05
 2.54e+04 -2.54e+04
 -4.244e+05 4.244e+05
 -1.545e+05 1.545e+05
 7.421e+05 -7.421e+05
 4.798e+05 -4.798e+05
 5.407e+05 -5.407e+05
 -1.042e+06 1.042e+06
 -4.856e+05 4.856e+05
 -2.464e+05 2.464e+05
 -2.569e+05 2.569e+05
 -9.69e+04 9.69e+04
 4.705e+05 -4.705e+05
 4.582e+05 -4.582e+05
 6.954e+04 -6.954e+04
 6.708e+05 -6.708e+05
 1.195e+06 -1.195e+06
 -3.548e+05 3.548e+05
 1.923e+05 -1.923e+05
 -4.058e+05 4.058e+05
 3.511e+05 -3.511e+05
 1.989e+04 -1.989e+04
 5.378e+04 -5.378e+04
 2.541e+05 -2.541e+05
 -1.042e+06 1.042e+06
 2.55e+05 -2.55e+05
 -1.602e+06 1.602e+06
 -3.509e+05 3.509e+05
 1.911e+05 -1.911e+05
 -6.164e+05 6.164e+05
 4.034e+05 -4.034e+05
 -4.812e+04 4.812e+04
 -7.946e+05 7.946e+05
 -2.945e+05 2.945e+05
 -2.021e+05 2.021e+05
 2.487e+05 -2.487e+05
 3.882e+05 -3.882e+05
 -1.059e+06 1.059e+06
 -9.386e+05 9.386e+05
 1.547e+05 -1.547e+05
 -1.78e+05 1.78e+05
 2.143e+05 -2.143e+05
 -5.829e+05 5.829e+05
 -2.829e+05 2.829e+05
 -3.149e+05 3.149e+05
 5.802e+04 -5.802e+04
 -3.046e+05 3.046e+05
 2.51e+05 -2.51e+05
 -7.806e+05 7.806e+05
 1.17e+05 -1.17e+05
 -1.409e+05 1.409e+05
 2.874e+05 -2.874e+05
 7331 -7331
 -6.777e+05 6.777e+05
 -4.697e+05 4.697e+05
 -4.399e+05 4.399e+05
 2.077e+05 -2.077e+05
 4.976e+05 -4.976e+05
 -6.707e+05 6.707e+05
 3.264e+05 -3.264e+05
 1.951e+05 -1.951e+05
 4.789e+05 -4.789e+05
 5.102e+04 -5.102e+04
 -3.345e+05 3.345e+05
 5.97e+04 -5.97e+04
 8.6e+05 -8.6e+05
 1.056e+04 -1.056e+04
 -3.412e+05 3.412e+05
 4.197e+05 -4.197e+05
 -4.59e+05 4.59e+05
 1.471e+05 -1.471e+05
 -7.183e+05 7.183e+05
 -2.255e+04 2.255e+04
 -3.692e+05 3.692e+05
 1.095e+06 -1.095e+06
 2.437e+05 -2.437e+05
 6.897e+05 -6.897e+05
 1.082e+06 -1.082e+06
 -4.508e+05 4.508e+05
 2.855e+06 -2.855e+06
 -1.41e+05 1.41e+05
 -2.239e+05 2.239e+05
 1.76e+05 -1.76e+05
 -1.361e+04 1.361e+04
 -6.499e+05 6.499e+05
 -7.612e+05 7.612e+05
 -7.146e+05 7.146e+05
 2.991e+05 -2.991e+05
 -5.025e+05 5.025e+05
 -5.68e+05 5.68e+05
 6.222e+05 -6.222e+05
 -4.949e+05 4.949e+05
 9.71e+05 -9.71e+05
 -1.703e+05 1.703e+05
 5.525e+05 -5.525e+05
 6.59e+04 -6.59e+04
 3.047e+05 -3.047e+05
 -1.395e+05 1.395e+05
 -2.15e+05 2.15e+05
 -9.439e+05 9.439e+05
 -3.264e+05 3.264e+05
 -6.663e+05 6.663e+05
 2.467e+05 -2.467e+05
 2.06e+05 -2.06e+05
 -7.675e+05 7.675e+05
 1.029e+06 -1.029e+06
 1.138e+05 -1.138e+05
 1.025e+05 -1.025e+05
 4.498e+04 -4.498e+04
 7.117e+05 -7.117e+05
 -5.176e+04 5.176e+04
 9.921e+05 -9.921e+05
 2.155e+05 -2.155e+05
 4.444e+05 -4.444e+05
 1.236e+06 -1.236e+06
 -5.1e+05 5.1e+05
 -2.181e+05 2.181e+05
 -2.737e+04 2.737e+04
 -2.443e+05 2.443e+05
 -5.775e+05 5.775e+05
 -2.061e+05 2.061e+05
 6.56e+05 -6.56e+05
 8.237e+05 -8.237e+05
 -3.844e+05 3.844e+05
 -5.168e+05 5.168e+05
 -7.262e+05 7.262e+05
 -2.429e+05 2.429e+05
 -4.337e+05 4.337e+05
 1.247e+05 -1.247e+05
 -2.738e+05 2.738e+05
 4.671e+05 -4.671e+05
 5.124e+05 -5.124e+05
 -1.996e+06 1.996e+06
 8.048e+05 -8.048e+05
 -5.359e+05 5.359e+05
 2.284e+04 -2.284e+04
 -7.438e+05 7.438e+05
 7.304e+05 -7.304e+05
 -5.378e+04 5.378e+04
 -7.477e+05 7.477e+05
 -6.306e+05 6.306e+05
 -1.072e+05 1.072e+05
 5.4e+05 -5.4e+05
 -3.783e+05 3.783e+05
 6.201e+05 -6.201e+05
 2.913e+05 -2.913e+05
 -8.06e+05 8.06e+05
 4.112e+05 -4.112e+05
 -4.052e+04 4.052e+04
 7.26e+05 -7.26e+05
 9.028e+04 -9.028e+04
 -3.227e+05 3.227e+05
 -7.085e+05 7.085e+05
 1.06e+06 -1.06e+06
 3.005e+04 -3.005e+04
 3.779e+05 -3.779e+05
 -1.786e+05 1.786e+05
 -1.644e+05 1.644e+05
 -6.305e+04 6.305e+04
 -1.725e+05 1.725e+05
 -2.528e+05 2.528e+05
 -4.504e+04 4.504e+04
 6.597e+05 -6.597e+05
 8.858e+05 -8.858e+05
 -1.073e+05 1.073e+05
 3.709e+05 -3.709e+05
 1.557e+06 -1.557e+06
 4.568e+05 -4.568e+05
 1.769e+05 -1.769e+05
 -1.275e+05 1.275e+05
 -3.029e+04 3.029e+04
 4.884e+04 -4.884e+04
 7.124e+05 -7.124e+05
 8.015e+05 -8.015e+05
 1.298e+06 -1.298e+06
 1.28e+05 -1.28e+05
 9.902e+04 -9.902e+04
 6.576e+05 -6.576e+05
 -3.257e+05 3.257e+05
 -1.856e+05 1.856e+05
 2.064e+05 -2.064e+05
 -8.018e+04 8.018e+04
 3.568e+05 -3.568e+05
 1.53e+05 -1.53e+05
 4.077e+05 -4.077e+05
 8.907e+05 -8.907e+05
 -1.033e+05 1.033e+05
 2.272e+05 -2.272e+05
 -3.477e+05 3.477e+05
 -2.334e+05 2.334e+05
 -4.104e+05 4.104e+05
 5.709e+05 -5.709e+05
 -3.99e+04 3.99e+04
 2.295e+05 -2.295e+05
 7.418e+05 -7.418e+05
 5.76e+04 -5.76e+04
 3.866e+05 -3.866e+05
 -2.822e+05 2.822e+05
 -4.539e+05 4.539e+05
 -5.12e+05 5.12e+05
 3.954e+05 -3.954e+05
 5.419e+04 -5.419e+04
 -8.388e+05 8.388e+05
 2.638e+05 -2.638e+05
 -2.43e+05 2.43e+05
 -8.774e+04 8.774e+04
 6.483e+05 -6.483e+05
 -4.014e+04 4.014e+04
 -7.841e+05 7.841e+05
 7.84e+04 -7.84e+04
 7.65e+05 -7.65e+05
 -5.012e+05 5.012e+05
 5.321e+05 -5.321e+05
 -4.289e+05 4.289e+05
 7.571e+05 -7.571e+05
 -3.269e+05 3.269e+05
 -2.788e+05 2.788e+05
 8.646e+04 -8.646e+04
 4.258e+04 -4.258e+04
 4.42e+05 -4.42e+05
 -6.501e+05 6.501e+05
 1.582e+05 -1.582e+05
 -5.509e+05 5.509e+05
 -5e+05 5e+05
 -2.511e+04 2.511e+04
 3.938e+04 -3.938e+04
 -2.607e+05 2.607e+05
 6.679e+05 -6.679e+05
 -1.542e+05 1.542e+05
 -1.764e+05 1.764e+05
 3.597e+05 -3.597e+05
 5.748e+05 -5.748e+05
 7.301e+04 -7.301e+04
 4.453e+05 -4.453e+05
 2.402e+05 -2.402e+05
 9.231e+04 -9.231e+04
 5.489e+05 -5.489e+05
 -2.521e+05 2.521e+05
 3.508e+05 -3.508e+05
 -6.357e+05 6.357e+05
 3.619e+05 -3.619e+05
 6.801e+05 -6.801e+05
 -3.007e+05 3.007e+05
 8.464e+05 -8.464e+05
 8.802e+05 -8.802e+05
 -4.313e+05 4.313e+05
 8.052e+05 -8.052e+05
 8.925e+04 -8.925e+04
 1.139e+06 -1.139e+06
 3.769e+05 -3.769e+05
 -8.491e+04 8.491e+04
 -3.865e+05 3.865e+05
 -2.968e+05 2.968e+05
 -1.996e+05 1.996e+05
 -7.914e+05 7.914e+05
 2.686e+05 -2.686e+05
 3.843e+05 -3.843e+05
 2.451e+05 -2.451e+05
 3.096e+05 -3.096e+05
 1.45e+06 -1.45e+06
 -4.551e+05 4.551e+05
 -2.68e+05 2.68e+05
 -1.619e+05 1.619e+05
 -4.764e+05 4.764e+05
 1.281e+05 -1.281e+05
 -4.9e+05 4.9e+05
 1.763e+05 -1.763e+05
 -8.885e+05 8.885e+05
 6.636e+05 -6.636e+05
 8.279e+05 -8.279e+05
 -4.226e+05 4.226e+05
 -4651 4651
 -3423 3423
 1.226e+06 -1.226e+06
 2.495e+04 -2.495e+04
 6.461e+05 -6.461e+05
 5.049e+05 -5.049e+05
 -6.503e+05 6.503e+05
 -2.61e+05 2.61e+05
 5.297e+05 -5.297e+05
 7.583e+05 -7.583e+05
 7.633e+05 -7.633e+05
 -1.217e+06 1.217e+06
 4.33e+05 -4.33e+05
 -2.751e+05 2.751e+05
 3.295e+05 -3.295e+05
 -4.373e+05 4.373e+05
 -7.285e+05 7.285e+05
 -6737 6737
 1.479e+05 -1.479e+05
 9.165e+04 -9.165e+04
 1.147e+05 -1.147e+05
 -1.154e+06 1.154e+06
 -1.876e+05 1.876e+05
 2.776e+05 -2.776e+05
 4.33e+04 -4.33e+04
 -1.126e+05 1.126e+05
 3.155e+05 -3.155e+05
 2.936e+05 -2.936e+05
 -4.304e+05 4.304e+05
 7.86e+05 -7.86e+05
 8.423e+04 -8.423e+04
 3.582e+05 -3.582e+05
 4.324e+05 -4.324e+05
 2.443e+05 -2.443e+05
 -1.485e+05 1.485e+05
 1.819e+05 -1.819e+05
 3.94e+05 -3.94e+05
 -7.721e+04 7.721e+04
 -3.444e+05 3.444e+05
 -5.217e+05 5.217e+05
 1.642e+05 -1.642e+05
 -1.475e+05 1.475e+05
 1.966e+04 -1.966e+04
 -6.064e+05 6.064e+05
 -6.257e+04 6.257e+04
 -6.422e+05 6.422e+05
 1.592e+05 -1.592e+05
 -7.457e+05 7.457e+05
 -1.571e+05 1.571e+05
 6.046e+04 -6.046e+04
 4.391e+05 -4.391e+05
 3.167e+05 -3.167e+05
 -3.024e+05 3.024e+05
 -1.163e+06 1.163e+06
 7.528e+05 -7.528e+05
 7.885e+05 -7.885e+05
 -3.351e+05 3.351e+05
 3.438e+05 -3.438e+05
 -1.09e+06 1.09e+06
 -7.3e+05 7.3e+05
 3.676e+05 -3.676e+05
 -3.503e+05 3.503e+05
 8.528e+04 -8.528e+04
 1.451e+06 -1.451e+06
 -1.436e+05 1.436e+05
 1.508e+05 -1.508e+05
 4.222e+05 -4.222e+05
 2.676e+05 -2.676e+05
 2.366e+05 -2.366e+05
 3.895e+05 -3.895e+05
 -5.757e+04 5.757e+04
 -2.012e+05 2.012e+05
 4.002e+04 -4.002e+04
 -2.054e+05 2.054e+05
 -7.819e+05 7.819e+05
 -2.534e+05 2.534e+05
 2.452e+05 -2.452e+05
 5.319e+05 -5.319e+05
 -4.283e+05 4.283e+05
 -2.468e+05 2.468e+05
 -1.921e+04 1.921e+04
 -3.405e+04 3.405e+04
 7.24e+04 -7.24e+04
 5.362e+05 -5.362e+05
 -3.878e+05 3.878e+05
 5.111e+05 -5.111e+05
 -4.653e+04 4.653e+04
 2.834e+05 -2.834e+05
 -5.364e+04 5.364e+04
 -1.486e+06 1.486e+06
 -1.301e+05 1.301e+05
 1.411e+05 -1.411e+05
 -3.774e+05 3.774e+05
 1.057e+05 -1.057e+05
 -1.393e+05 1.393e+05
 -3.114e+04 3.114e+04
 1.5e+06 -1.5e+06
 -3.686e+05 3.686e+05
 8.221e+04 -8.221e+04
 -5.843e+05 5.843e+05
 -6.168e+05 6.168e+05
 -3.913e+04 3.913e+04
 4.382e+05 -4.382e+05
 2.266e+05 -2.266e+05
 9.448e+04 -9.448e+04
 3.788e+05 -3.788e+05
 3.908e+05 -3.908e+05
 2.722e+05 -2.722e+05
 -4.11e+05 4.11e+05
 5.522e+05 -5.522e+05
 -4.77e+05 4.77e+05
 4.506e+05 -4.506e+05
 6.974e+04 -6.974e+04
 -1.022e+06 1.022e+06
 1.342e+05 -1.342e+05
 2.446e+04 -2.446e+04
 -9.31e+05 9.31e+05
 -7.514e+05 7.514e+05
 -6.616e+05 6.616e+05
 1.07e+05 -1.07e+05
 3.652e+05 -3.652e+05
 -5.612e+05 5.612e+05
 -2.422e+05 2.422e+05
 3.744e+05 -3.744e+05
 7.476e+04 -7.476e+04
 -2.392e+05 2.392e+05
 1.527e+05 -1.527e+05
 -9.96e+05 9.96e+05
 -5.439e+05 5.439e+05
 2.646e+05 -2.646e+05
 -7.715e+05 7.715e+05
 -2.506e+05 2.506e+05
 3.099e+05 -3.099e+05
 -5.11e+05 5.11e+05
 -2.048e+05 2.048e+05
 -1.719e+05 1.719e+05
 -7.835e+05 7.835e+05
 -1.972e+05 1.972e+05
 -2.684e+05 2.684e+05
 -3.443e+04 3.443e+04
 7.267e+05 -7.267e+05
 7.03e+05 -7.03e+05
 -5.302e+05 5.302e+05
 2.642e+05 -2.642e+05
 4.556e+05 -4.556e+05
 -7.079e+05 7.079e+05
 -4.797e+05 4.797e+05
 -7.833e+05 7.833e+05
 1.837e+05 -1.837e+05
 2.515e+05 -2.515e+05
 -1.675e+05 1.675e+05
 -1.065e+06 1.065e+06
 -4.799e+05 4.799e+05
 6.839e+05 -6.839e+05
 5.089e+05 -5.089e+05
 -8.806e+05 8.806e+05
 2.548e+05 -2.548e+05
 -1.581e+06 1.581e+06
 -3.754e+04 3.754e+04
 8.944e+05 -8.944e+05
 -3.774e+05 3.774e+05
 -1.974e+05 1.974e+05
 -1.144e+04 1.144e+04
 5.628e+05 -5.628e+05
 1.513e+05 -1.513e+05
 1.715e+06 -1.715e+06
 4.341e+05 -4.341e+05
 8.915e+05 -8.915e+05
 -1.114e+06 1.114e+06
 6.751e+05 -6.751e+05
 5.364e+04 -5.364e+04
 1.72e+04 -1.72e+04
 7.35e+05 -7.35e+05
 5.309e+05 -5.309e+05
 -4.966e+05 4.966e+05
 -8.404e+05 8.404e+05
 -2.17e+05 2.17e+05
 6.485e+05 -6.485e+05
 3.43e+05 -3.43e+05
 1369 -1369
 4.022e+04 -4.022e+04
 -6.616e+05 6.616e+05
 -2.983e+04 2.983e+04
 -1.704e+05 1.704e+05
 -2.942e+04 2.942e+04
 1.226e+05 -1.226e+05
 3.38e+05 -3.38e+05
 1.127e+06 -1.127e+06
 -1.138e+06 1.138e+06
 -2.701e+05 2.701e+05
 6.643e+04 -6.643e+04
 4.508e+05 -4.508e+05
 -1.186e+06 1.186e+06
 5.808e+05 -5.808e+05
 1.363e+05 -1.363e+05
 -3.905e+05 3.905e+05
 -3.681e+05 3.681e+05
 -3.242e+05 3.242e+05
 1.617e+05 -1.617e+05
 -3.472e+05 3.472e+05
 -3.014e+05 3.014e+05
 -7.373e+04 7.373e+04
 4.405e+05 -4.405e+05
 1.202e+05 -1.202e+05
 2.55e+05 -2.55e+05
 -3.572e+05 3.572e+05
 6.815e+05 -6.815e+05
 7.606e+04 -7.606e+04
 -6.374e+04 6.374e+04
 7.253e+05 -7.253e+05
 -1.537e+05 1.537e+05
 -7.903e+04 7.903e+04
 1.557e+05 -1.557e+05
 -1.53e+05 1.53e+05
 -7560 7560
 -3.42e+05 3.42e+05
 -3.044e+05 3.044e+05
 -3.63e+04 3.63e+04
 -4.039e+05 4.039e+05
 -8.746e+04 8.746e+04
 -2.044e+05 2.044e+05
 -2.947e+05 2.947e+05
 -3.045e+05 3.045e+05
 -2.535e+05 2.535e+05
 3.054e+05 -3.054e+05
 -1.809e+05 1.809e+05
 2.143e+05 -2.143e+05
 -1.33e+06 1.33e+06
 4.049e+05 -4.049e+05
 -2.511e+05 2.511e+05
 -3.044e+05 3.044e+05
 2.985e+05 -2.985e+05
 -1.321e+05 1.321e+05
 -3.001e+04 3.001e+04
 2.5e+05 -2.5e+05
 -3.882e+05 3.882e+05
 8.592e+05 -8.592e+05
 4.853e+04 -4.853e+04
 -4.854e+05 4.854e+05
 4.718e+05 -4.718e+05
 -6.278e+05 6.278e+05
 2.337e+05 -2.337e+05
 -2.081e+05 2.081e+05
 1.614e+05 -1.614e+05
 -1.103e+06 1.103e+06
 -3.725e+05 3.725e+05
 8.57e+05 -8.57e+05
 6.471e+04 -6.471e+04
 4.564e+05 -4.564e+05
 5.929e+05 -5.929e+05
 -1.795e+05 1.795e+05
 -3.1e+05 3.1e+05
 4.503e+05 -4.503e+05
 -1.198e+06 1.198e+06
 -1.921e+05 1.921e+05
 1.411e+05 -1.411e+05
 1.808e+05 -1.808e+05
 -7736 7736
 -6.704e+04 6.704e+04
 9.1e+04 -9.1e+04
 -7.314e+05 7.314e+05
 -7.686e+05 7.686e+05
 4.272e+05 -4.272e+05
 -2.569e+05 2.569e+05
 2.959e+05 -2.959e+05
 3.019e+04 -3.019e+04
 -2.62e+05 2.62e+05
 -8.61e+05 8.61e+05
 1.235e+06 -1.235e+06
 -7.828e+05 7.828e+05
 3.732e+05 -3.732e+05
 -3.965e+05 3.965e+05
 2.869e+05 -2.869e+05
 -1.758e+05 1.758e+05
 3.881e+04 -3.881e+04
 -7.882e+04 7.882e+04
 9.492e+05 -9.492e+05
 8.64e+04 -8.64e+04
 -6.296e+04 6.296e+04
 4.133e+05 -4.133e+05
 1.235e+06 -1.235e+06
 -3.898e+05 3.898e+05
 -1.239e+04 1.239e+04
 7.009e+05 -7.009e+05
 4.865e+04 -4.865e+04
 -5.524e+05 5.524e+05
 1.854e+05 -1.854e+05
 2.678e+05 -2.678e+05
 -1.391e+06 1.391e+06
 -3.797e+05 3.797e+05
 8.222e+04 -8.222e+04
 -1.598e+06 1.598e+06
 -1.75e+05 1.75e+05
 1.721e+05 -1.721e+05
 2.834e+04 -2.834e+04
 4.463e+05 -4.463e+05
 -1.407e+05 1.407e+05
 -2.992e+05 2.992e+05
 -2.261e+05 2.261e+05
 2.104e+05 -2.104e+05
 -1.165e+05 1.165e+05
 3.829e+04 -3.829e+04
 -4.121e+05 4.121e+05
 -8.792e+04 8.792e+04
 9.468e+05 -9.468e+05
 -1.058e+05 1.058e+05
 1.197e+06 -1.197e+06
 -1.479e+04 1.479e+04
 -6.801e+05 6.801e+05
 3.02e+04 -3.02e+04
 -7.693e+05 7.693e+05
 7.813e+05 -7.813e+05
 -5.99e+05 5.99e+05
 -1.041e+05 1.041e+05
 5.328e+05 -5.328e+05
 3.223e+05 -3.223e+05
 -1.892e+05 1.892e+05
 -9.259e+05 9.259e+05
 -7.362e+05 7.362e+05
 -1.992e+05 1.992e+05
 3.077e+05 -3.077e+05
 -5.037e+05 5.037e+05
 -2.229e+05 2.229e+05
 -2.591e+05 2.591e+05
 -5.562e+04 5.562e+04
 8.35e+04 -8.35e+04
 -4.433e+05 4.433e+05
 1.059e+06 -1.059e+06
 -8.725e+05 8.725e+05
 1.119e+06 -1.119e+06
 2.287e+05 -2.287e+05
 -2.061e+05 2.061e+05
 -3.739e+05 3.739e+05
 3.229e+05 -3.229e+05
 6.953e+04 -6.953e+04
 1.907e+05 -1.907e+05
 -7.408e+05 7.408e+05
 -1.062e+06 1.062e+06
 -4.172e+05 4.172e+05
 8.806e+05 -8.806e+05
 -5.79e+05 5.79e+05
 -1.222e+05 1.222e+05
 -3.969e+05 3.969e+05
 1.739e+04 -1.739e+04
 -2.763e+05 2.763e+05
 4.159e+05 -4.159e+05
 -3.943e+05 3.943e+05
 -1.673e+05 1.673e+05
 1.16e+05 -1.16e+05
 1.525e+05 -1.525e+05
 -1.525e+05 1.525e+05
 4.577e+05 -4.577e+05
 5.094e+05 -5.094e+05
 1.217e+05 -1.217e+05
 -1.412e+05 1.412e+05
 -1.492e+05 1.492e+05
 2.483e+05 -2.483e+05
 1.558e+05 -1.558e+05
 5.574e+05 -5.574e+05
 -4.35e+05 4.35e+05
 -1.783e+05 1.783e+05
 -1.349e+05 1.349e+05
 7.351e+05 -7.351e+05
 -4.455e+04 4.455e+04
 1.941e+05 -1.941e+05
 6.095e+05 -6.095e+05
 -1.118e+04 1.118e+04
 1.564e+05 -1.564e+05
 -2.643e+05 2.643e+05
 -1.737e+05 1.737e+05
 -9.418e+05 9.418e+05
 1.07e+05 -1.07e+05
 -5.104e+05 5.104e+05
 -1.777e+05 1.777e+05
 5.61e+05 -5.61e+05
 -3.269e+05 3.269e+05
 4.738e+05 -4.738e+05
 3.127e+05 -3.127e+05
 -6.686e+05 6.686e+05
 -9.199e+05 9.199e+05
 4.069e+05 -4.069e+05
 -6.419e+05 6.419e+05
 2.42e+05 -2.42e+05
 -4.208e+05 4.208e+05
 -2.286e+05 2.286e+05
 7.831e+05 -7.831e+05
 1.38e+06 -1.38e+06
 7.911e+05 -7.911e+05
 -3.056e+05 3.056e+05
 1.309e+06 -1.309e+06
 -3.541e+05 3.541e+05
 3.81e+05 -3.81e+05
 -6.807e+05 6.807e+05
 -2.236e+05 2.236e+05
 8.711e+05 -8.711e+05
 -4.029e+05 4.029e+05
 -2.84e+05 2.84e+05
 1.495e+05 -1.495e+05
 -1.652e+05 1.652e+05
 -2.951e+04 2.951e+04
 -1.426e+05 1.426e+05
 -2.05e+05 2.05e+05
 2.173e+05 -2.173e+05
 -8.26e+05 8.26e+05
 -3.134e+05 3.134e+05
 -4.236e+05 4.236e+05
 2.042e+05 -2.042e+05
 7.581e+05 -7.581e+05
 8.285e+04 -8.285e+04
 2.722e+05 -2.722e+05
 4.603e+05 -4.603e+05
 7.81e+05 -7.81e+05
 3.658e+05 -3.658e+05
 -7.216e+05 7.216e+05
 2.526e+04 -2.526e+04
 -2.779e+05 2.779e+05
 1.661e+05 -1.661e+05
 -2.561e+05 2.561e+05
 5.542e+05 -5.542e+05
 -1.312e+06 1.312e+06
 3.683e+05 -3.683e+05
 6.631e+05 -6.631e+05
 -6.091e+05 6.091e+05
 3.582e+05 -3.582e+05
 6.053e+05 -6.053e+05
 2.713e+04 -2.713e+04
 -1.462e+05 1.462e+05
 1.157e+05 -1.157e+05
 4.616e+05 -4.616e+05
 -1.133e+06 1.133e+06
 4.91e+05 -4.91e+05
 -1.859e+06 1.859e+06
 1.347e+06 -1.347e+06
 -3.058e+05 3.058e+05
 -1.473e+06 1.473e+06
 3.818e+05 -3.818e+05
 8.626e+04 -8.626e+04
 -3.808e+05 3.808e+05
 1.821e+05 -1.821e+05
 -1.635e+05 1.635e+05
 -1.296e+05 1.296e+05
 -9.521e+05 9.521e+05
 1.658e+05 -1.658e+05
 2.407e+04 -2.407e+04
 9.222e+05 -9.222e+05
 -1.204e+05 1.204e+05
 7.64e+05 -7.64e+05
 7.11e+05 -7.11e+05
 3.462e+05 -3.462e+05
 5.105e+05 -5.105e+05
 1.555e+05 -1.555e+05
 -3.759e+04 3.759e+04
 3.309e+05 -3.309e+05
 -3.368e+04 3.368e+04
 -3.968e+05 3.968e+05
 -5.432e+05 5.432e+05
 -5.779e+05 5.779e+05
 -6.921e+05 6.921e+05
 6.272e+05 -6.272e+05
 7.561e+05 -7.561e+05
 1.906e+04 -1.906e+04
 -1.101e+05 1.101e+05
 -4.322e+04 4.322e+04
 -1.064e+06 1.064e+06
 2.807e+05 -2.807e+05
 -4.426e+05 4.426e+05
 -5.414e+04 5.414e+04
 1.079e+05 -1.079e+05
 2.049e+05 -2.049e+05
 1.463e+05 -1.463e+05
 2.909e+05 -2.909e+05
 -5.427e+05 5.427e+05
 2.401e+06 -2.401e+06
 5.415e+05 -5.415e+05
 1.041e+05 -1.041e+05
 1.609e+05 -1.609e+05
 9.849e+05 -9.849e+05
 -9.522e+05 9.522e+05
 -2.936e+05 2.936e+05
 -2.003e+05 2.003e+05
 1.416e+04 -1.416e+04
 -2.524e+05 2.524e+05
 1.137e+06 -1.137e+06
 1.815e+05 -1.815e+05
 5.073e+05 -5.073e+05
 -8.484e+05 8.484e+05
 -4.661e+05 4.661e+05
 -5.67e+04 5.67e+04
 519.6 -519.6
 3.798e+05 -3.798e+05
 -2.265e+05 2.265e+05
 6.887e+05 -6.887e+05
 -4.458e+05 4.458e+05
 -1.853e+05 1.853e+05
 2.525e+04 -2.525e+04
 3.644e+05 -3.644e+05
 -7.339e+05 7.339e+05
 5.839e+05 -5.839e+05
 -4.647e+05 4.647e+05
 5.098e+05 -5.098e+05
 2.647e+05 -2.647e+05
 2.924e+04 -2.924e+04
 -3.517e+05 3.517e+05
 7.021e+04 -7.021e+04
 3.569e+05 -3.569e+05
 -3.981e+05 3.981e+05
 4.686e+05 -4.686e+05
 2.575e+05 -2.575e+05
 5.916e+04 -5.916e+04
 3.808e+05 -3.808e+05
 1936 -1936
 4.019e+05 -4.019e+05
 -6.099e+04 6.099e+04
 -1.389e+05 1.389e+05
 -1.601e+06 1.601e+06
 8.649e+04 -8.649e+04
 -4.944e+05 4.944e+05
 -4.317e+05 4.317e+05
 -2.671e+05 2.671e+05
 -3.078e+05 3.078e+05
 -3.632e+05 3.632e+05
 -1.462e+05 1.462e+05
 1.948e+05 -1.948e+05
 -1.171e+06 1.171e+06
 4.109e+05 -4.109e+05
 -6.146e+05 6.146e+05
 -2.478e+05 2.478e+05
 1.77e+05 -1.77e+05
 7.494e+05 -7.494e+05
 -2.756e+05 2.756e+05
 -1.668e+05 1.668e+05
 -5.714e+05 5.714e+05
 6.541e+05 -6.541e+05
 -2.93e+05 2.93e+05
 5.634e+05 -5.634e+05
 -2.65e+04 2.65e+04
 2.142e+05 -2.142e+05
 -7.063e+05 7.063e+05
 1.926e+05 -1.926e+05
 1.661e+05 -1.661e+05
 -4.228e+04 4.228e+04
 1.61e+06 -1.61e+06
 1.886e+06 -1.886e+06
 -7.272e+05 7.272e+05
 5.625e+05 -5.625e+05
 1.037e+05 -1.037e+05
 8.904e+05 -8.904e+05
 -6759 6759
 4.269e+05 -4.269e+05
 -3.765e+05 3.765e+05
 -5.914e+05 5.914e+05
 -9.312e+05 9.312e+05
 1.166e+05 -1.166e+05
 -5.322e+05 5.322e+05
 2.479e+05 -2.479e+05
 5.231e+05 -5.231e+05
 1.815e+05 -1.815e+05
 1.669e+06 -1.669e+06
 1.081e+06 -1.081e+06
 9.333e+04 -9.333e+04
 -5.567e+05 5.567e+05
 -4.436e+05 4.436e+05
 1.529e+05 -1.529e+05
 -1.237e+04 1.237e+04
 -5.264e+05 5.264e+05
 5.756e+05 -5.756e+05
 1.195e+05 -1.195e+05
 7.128e+05 -7.128e+05
 -1.033e+06 1.033e+06
 3.922e+05 -3.922e+05
 7.325e+05 -7.325e+05
 -1.067e+06 1.067e+06
 -2.218e+05 2.218e+05
 2.616e+05 -2.616e+05
 -4.589e+05 4.589e+05
 7.051e+05 -7.051e+05
 1.032e+05 -1.032e+05
 -2.204e+05 2.204e+05
 -1.467e+06 1.467e+06
 -2.997e+05 2.997e+05
 4.695e+05 -4.695e+05
 -7.055e+05 7.055e+05
 3.158e+04 -3.158e+04
 1.547e+06 -1.547e+06
 -2.67e+05 2.67e+05
 1.165e+06 -1.165e+06
 3.878e+05 -3.878e+05
 -2.837e+04 2.837e+04
 -3.726e+05 3.726e+05
 4.337e+05 -4.337e+05
 5.633e+05 -5.633e+05
 3.623e+05 -3.623e+05
 -5.008e+05 5.008e+05
 -1.919e+05 1.919e+05
 1.702e+05 -1.702e+05
 -8.769e+05 8.769e+05
 -2.132e+05 2.132e+05
 -5.537e+05 5.537e+05
 8.96e+05 -8.96e+05
 2.558e+05 -2.558e+05
 -9.617e+04 9.617e+04
 -4.788e+05 4.788e+05
 -5.223e+04 5.223e+04
 -1.834e+05 1.834e+05
 -7.287e+04 7.287e+04
 1.416e+06 -1.416e+06
 -1.992e+05 1.992e+05
 -1.072e+05 1.072e+05
 -2.044e+04 2.044e+04
 -3.72e+05 3.72e+05
 2.281e+05 -2.281e+05
 3.226e+05 -3.226e+05
 1.751e+05 -1.751e+05
 -1.914e+05 1.914e+05
 -4.693e+05 4.693e+05
 -3.194e+05 3.194e+05
 1.01e+05 -1.01e+05
 1.933e+05 -1.933e+05
 -9.194e+05 9.194e+05
 4.475e+05 -4.475e+05
 -4.26e+05 4.26e+05
 -6.01e+05 6.01e+05
 -6.221e+05 6.221e+05
 -2.98e+05 2.98e+05
 7.348e+05 -7.348e+05
 -3.473e+05 3.473e+05
 1.24e+05 -1.24e+05
 3.869e+05 -3.869e+05
 5.1e+05 -5.1e+05
 1.7e+05 -1.7e+05
 -7.684e+05 7.684e+05
 -2.614e+05 2.614e+05
 -2.951e+05 2.951e+05
 -7.54e+04 7.54e+04
 -5.485e+05 5.485e+05
 4.648e+05 -4.648e+05
 -2.645e+05 2.645e+05
 2.553e+04 -2.553e+04
 -4.951e+05 4.951e+05
 -3.778e+05 3.778e+05
 -3.005e+05 3.005e+05
 -1.266e+05 1.266e+05
 5.58e+05 -5.58e+05
 -3.719e+05 3.719e+05
 -9.297e+04 9.297e+04
 3.561e+05 -3.561e+05
 7850 -7850
 -2.857e+05 2.857e+05
 3.396e+04 -3.396e+04
 1.203e+06 -1.203e+06
 1.085e+05 -1.085e+05
 1.315e+05 -1.315e+05
 -1.7e+05 1.7e+05
 -1.07e+05 1.07e+05
 -1.734e+05 1.734e+05
 -5.228e+05 5.228e+05
 -8.884e+05 8.884e+05
 -2.605e+05 2.605e+05
 6.298e+05 -6.298e+05
 -1.389e+05 1.389e+05
 -2.389e+05 2.389e+05
 1.047e+05 -1.047e+05
 1.548e+05 -1.548e+05
 5.32e+05 -5.32e+05
 1.642e+06 -1.642e+06
 4.505e+05 -4.505e+05
 6.768e+05 -6.768e+05
 -1.819e+05 1.819e+05
 5.859e+05 -5.859e+05
 -5.307e+05 5.307e+05
 1.152e+06 -1.152e+06
 7.28e+05 -7.28e+05
 5.715e+05 -5.715e+05
 3.243e+05 -3.243e+05
 -5.571e+05 5.571e+05
 5.429e+05 -5.429e+05
 5.128e+05 -5.128e+05
 -4.957e+05 4.957e+05
 8.855e+05 -8.855e+05
 -7.906e+05 7.906e+05
 1.712e+06 -1.712e+06
 1.749e+04 -1.749e+04
 3.073e+05 -3.073e+05
 -3.024e+05 3.024e+05
 -4.344e+05 4.344e+05
 4.572e+05 -4.572e+05
 1.28e+06 -1.28e+06
 -1.336e+06 1.336e+06
 7.551e+05 -7.551e+05
 -3.483e+04 3.483e+04
 2.585e+04 -2.585e+04
 9.106e+05 -9.106e+05
 1.494e+05 -1.494e+05
 5.474e+05 -5.474e+05
 6.108e+05 -6.108e+05
 5.824e+04 -5.824e+04
 2.857e+05 -2.857e+05
 4.846e+05 -4.846e+05
 2.288e+05 -2.288e+05
 2.031e+05 -2.031e+05
 7.712e+05 -7.712e+05
 3.827e+04 -3.827e+04
 2.967e+05 -2.967e+05
 2.727e+05 -2.727e+05
 -1.998e+05 1.998e+05
 1.78e+05 -1.78e+05
 3.486e+05 -3.486e+05
 -5.552e+04 5.552e+04
 -2.215e+05 2.215e+05
 -8.319e+05 8.319e+05
 -3.184e+05 3.184e+05
 1.357e+06 -1.357e+06
 -3.189e+05 3.189e+05
 -6.577e+05 6.577e+05
 9.156e+05 -9.156e+05
 3.296e+05 -3.296e+05
 2.772e+05 -2.772e+05
 -4.206e+05 4.206e+05
 -2.391e+04 2.391e+04
 5.709e+05 -5.709e+05
 -4.819e+05 4.819e+05
 -5002 5002
 -2.468e+05 2.468e+05
 7.248e+05 -7.248e+05
 4.594e+05 -4.594e+05
 4.269e+05 -4.269e+05
 -6.178e+05 6.178e+05
 5.191e+04 -5.191e+04
 -3.156e+05 3.156e+05
 -2.133e+05 2.133e+05
 3.57e+05 -3.57e+05
 -4.891e+05 4.891e+05
 -4.647e+05 4.647e+05
 -1.249e+06 1.249e+06
 8.721e+05 -8.721e+05
 -5.503e+05 5.503e+05
 -2.101e+05 2.101e+05
 -3.504e+04 3.504e+04
 -5.728e+05 5.728e+05
 5.255e+05 -5.255e+05
 3.643e+05 -3.643e+05
 -6.634e+05 6.634e+05
 1.039e+05 -1.039e+05
 6.228e+05 -6.228e+05
 -3.108e+05 3.108e+05
 8.986e+04 -8.986e+04
 -4.759e+05 4.759e+05
 -5.226e+04 5.226e+04
 1.688e+05 -1.688e+05
 2.533e+04 -2.533e+04
 -7.503e+05 7.503e+05
 -9.132e+05 9.132e+05
 -9.55e+05 9.55e+05
 4.938e+05 -4.938e+05
 2.171e+05 -2.171e+05
 7.18e+05 -7.18e+05
 -5.685e+05 5.685e+05
 -2.199e+05 2.199e+05
 4.364e+05 -4.364e+05
 1.986e+05 -1.986e+05
 1.499e+05 -1.499e+05
 5.264e+05 -5.264e+05
 -1.113e+06 1.113e+06
 5.755e+04 -5.755e+04
 2.118e+05 -2.118e+05
 -7.359e+05 7.359e+05
 -1.237e+05 1.237e+05
 5.937e+05 -5.937e+05
 1.025e+06 -1.025e+06
 -9.167e+04 9.167e+04
 -3.969e+05 3.969e+05
 8.866e+05 -8.866e+05
 5.334e+05 -5.334e+05
 4.694e+05 -4.694e+05
 -3.12e+05 3.12e+05
 -4.19e+05 4.19e+05
 -5.097e+05 5.097e+05
 3.121e+04 -3.121e+04
 1.68e+05 -1.68e+05
 7.415e+05 -7.415e+05
 -1.054e+05 1.054e+05
 -3.987e+05 3.987e+05
 3.618e+05 -3.618e+05
 2.273e+05 -2.273e+05
 -5.659e+05 5.659e+05
 -2.034e+05 2.034e+05
 3.071e+05 -3.071e+05
 3.574e+05 -3.574e+05
 6.599e+04 -6.599e+04
 3.094e+05 -3.094e+05
 -5.816e+05 5.816e+05
 8.75e+05 -8.75e+05
 4.452e+05 -4.452e+05
 -9.357e+05 9.357e+05
 -4.082e+05 4.082e+05
 -7.826e+05 7.826e+05
 2.307e+05 -2.307e+05
 1.483e+05 -1.483e+05
 -3.209e+05 3.209e+05
 -7.89e+05 7.89e+05
 -3.771e+05 3.771e+05
 -3.595e+05 3.595e+05
 -7.666e+05 7.666e+05
 -1.273e+05 1.273e+05
 -7.57e+05 7.57e+05
 2.366e+05 -2.366e+05
 4.949e+05 -4.949e+05
 5.584e+04 -5.584e+04
 2.999e+05 -2.999e+05
 -4.511e+05 4.511e+05
 1.58e+05 -1.58e+05
 5.022e+05 -5.022e+05
 8.946e+05 -8.946e+05
 -2.624e+05 2.624e+05
 -4.866e+04 4.866e+04
 5.464e+05 -5.464e+05
 8.386e+05 -8.386e+05
 -2.03e+05 2.03e+05
 -7.79e+05 7.79e+05
 -3.441e+05 3.441e+05
 4.454e+05 -4.454e+05
 -4.703e+05 4.703e+05
 3.742e+05 -3.742e+05
 -3.869e+05 3.869e+05
 -2.221e+04 2.221e+04
 -1.215e+06 1.215e+06
 4.121e+04 -4.121e+04
 -7.528e+05 7.528e+05
 -1.227e+05 1.227e+05
 -3.716e+04 3.716e+04
 -1.6e+06 1.6e+06
 1.265e+05 -1.265e+05
 4.967e+05 -4.967e+05
 4.401e+05 -4.401e+05
 1.581e+05 -1.581e+05
 -3.683e+05 3.683e+05
 -3.436e+05 3.436e+05
 -3.757e+05 3.757e+05
 -3.518e+05 3.518e+05
 -3.983e+05 3.983e+05
 -3.926e+05 3.926e+05
 -4.791e+05 4.791e+05
 3.759e+04 -3.759e+04
 6.989e+05 -6.989e+05
 5.696e+05 -5.696e+05
 2.563e+04 -2.563e+04
 -1.205e+05 1.205e+05
 1.356e+05 -1.356e+05
 3.893e+05 -3.893e+05
 2.447e+05 -2.447e+05
 1.559e+05 -1.559e+05
 -7.916e+05 7.916e+05
 -1.515e+05 1.515e+05
 -3.393e+05 3.393e+05
 -4.198e+04 4.198e+04
 6.766e+05 -6.766e+05
 -7.373e+05 7.373e+05
 -3.604e+05 3.604e+05
 -5.227e+05 5.227e+05
 -7.144e+05 7.144e+05
 -1.021e+06 1.021e+06
 -9.059e+04 9.059e+04
 3759 -3759
 -4.26e+05 4.26e+05
 -3.972e+05 3.972e+05
 1.091e+06 -1.091e+06
 -9.601e+05 9.601e+05
 -4.502e+05 4.502e+05
 -2.91e+05 2.91e+05
 9.71e+04 -9.71e+04
 -6.051e+05 6.051e+05
 5.098e+05 -5.098e+05
 -4.668e+05 4.668e+05
 -5.186e+05 5.186e+05
 7.328e+05 -7.328e+05
 8.183e+05 -8.183e+05
 8.594e+05 -8.594e+05
 -3.277e+05 3.277e+05
 -7.709e+05 7.709e+05
 9.815e+05 -9.815e+05
 1.812e+05 -1.812e+05
 -5.765e+05 5.765e+05
 4.374e+05 -4.374e+05
 -7.599e+05 7.599e+05
 2.083e+05 -2.083e+05
 -3.682e+05 3.682e+05
 -4.522e+04 4.522e+04
 1.103e+06 -1.103e+06
 -2.552e+05 2.552e+05
 6.722e+05 -6.722e+05
 -1.971e+05 1.971e+05
 7.316e+05 -7.316e+05
 -1.009e+06 1.009e+06
 -6.863e+05 6.863e+05
 1.452e+05 -1.452e+05
 1.211e+06 -1.211e+06
 -3.669e+05 3.669e+05
 1.269e+05 -1.269e+05
 3.622e+05 -3.622e+05
 -7.244e+05 7.244e+05
 5.8e+05 -5.8e+05
 4.397e+05 -4.397e+05
 -4.607e+05 4.607e+05
 2.842e+05 -2.842e+05
 -4.486e+05 4.486e+05
 -1.375e+05 1.375e+05
 -3.181e+04 3.181e+04
 -1.576e+04 1.576e+04
 -2.9e+05 2.9e+05
 1.048e+05 -1.048e+05
 -4.367e+05 4.367e+05
 1.286e+06 -1.286e+06
 -5.76e+05 5.76e+05
 5.407e+05 -5.407e+05
 -2.486e+05 2.486e+05
 -1.941e+05 1.941e+05
 2.445e+04 -2.445e+04
 6.336e+05 -6.336e+05
 -3.614e+05 3.614e+05
 5.459e+05 -5.459e+05
 9.509e+04 -9.509e+04
 -6.836e+04 6.836e+04
 -4.331e+04 4.331e+04
 1.624e+05 -1.624e+05
 8.232e+05 -8.232e+05
 -1.552e+05 1.552e+05
 2.376e+05 -2.376e+05
 -4.913e+05 4.913e+05
 -5.511e+05 5.511e+05
 1.054e+06 -1.054e+06
 -2.48e+05 2.48e+05
 5.979e+05 -5.979e+05
 -1.122e+05 1.122e+05
 -2.475e+05 2.475e+05
 9.711e+04 -9.711e+04
 5.669e+05 -5.669e+05
 4.481e+05 -4.481e+05
 -6.941e+04 6.941e+04
 -4.221e+05 4.221e+05
 -6.149e+05 6.149e+05
 1.308e+05 -1.308e+05
 2.661e+05 -2.661e+05
 2.568e+05 -2.568e+05
 -1.015e+05 1.015e+05
 9.312e+05 -9.312e+05
 1.035e+06 -1.035e+06
 -1.122e+05 1.122e+05
 3.927e+04 -3.927e+04
 9.903e+05 -9.903e+05
 -1.312e+05 1.312e+05
 8404 -8404
 -5.793e+05 5.793e+05
 -1.221e+06 1.221e+06
 5426 -5426
 2.991e+05 -2.991e+05
 1.827e+05 -1.827e+05
 -4.334e+05 4.334e+05
 7.582e+05 -7.582e+05
 -4.667e+05 4.667e+05
 -2.995e+05 2.995e+05
 1884 -1884
 5.603e+04 -5.603e+04
 2.743e+05 -2.743e+05
 3.214e+05 -3.214e+05
 -9.597e+05 9.597e+05
 -2.913e+04 2.913e+04
 3.349e+05 -3.349e+05
 -1.074e+05 1.074e+05
 3.325e+05 -3.325e+05
 3.695e+05 -3.695e+05
 -9.065e+04 9.065e+04
 -4.582e+04 4.582e+04
 1.125e+06 -1.125e+06
 -1.294e+05 1.294e+05
 4.751e+05 -4.751e+05
 7.923e+05 -7.923e+05
 -6.729e+05 6.729e+05
 -4.26e+05 4.26e+05
 9.529e+04 -9.529e+04
 -3.605e+05 3.605e+05
 2.781e+05 -2.781e+05
 2.119e+05 -2.119e+05
 1.051e+05 -1.051e+05
 -5.663e+05 5.663e+05
 -2.021e+05 2.021e+05
 -2.647e+05 2.647e+05
 -2.006e+05 2.006e+05
 -2.135e+05 2.135e+05
 -4.783e+05 4.783e+05
 -7.332e+05 7.332e+05
 9.41e+05 -9.41e+05
 1.356e+06 -1.356e+06
 9.122e+05 -9.122e+05
 -5.577e+05 5.577e+05
 2.003e+05 -2.003e+05
 -6777 6777
 3.589e+05 -3.589e+05
 3.034e+05 -3.034e+05
 8.289e+05 -8.289e+05
 -1.651e+05 1.651e+05
 2.08e+05 -2.08e+05
 7.904e+05 -7.904e+05
 7.385e+04 -7.385e+04
 -2.624e+05 2.624e+05
 -1.84e+06 1.84e+06
 -7.44e+05 7.44e+05
 -6.848e+05 6.848e+05
 1.969e+05 -1.969e+05
 -6.993e+05 6.993e+05
 2.168e+04 -2.168e+04
 -1.257e+05 1.257e+05
 1.251e+05 -1.251e+05
 -7.157e+05 7.157e+05
 9.637e+04 -9.637e+04
 -4.385e+05 4.385e+05
 -9.265e+04 9.265e+04
 1.64e+05 -1.64e+05
 -4.745e+05 4.745e+05
 1.295e+06 -1.295e+06
 1.749e+05 -1.749e+05
 2.171e+05 -2.171e+05
 -5.766e+04 5.766e+04
 3.485e+04 -3.485e+04
 5.33e+04 -5.33e+04
 3.011e+04 -3.011e+04
 1.645e+05 -1.645e+05
 5.959e+05 -5.959e+05
 1.228e+04 -1.228e+04
 -1.772e+05 1.772e+05
 9.758e+04 -9.758e+04
 -2.216e+05 2.216e+05
 -1.095e+06 1.095e+06
 -3.366e+04 3.366e+04
 -4.085e+05 4.085e+05
 3.062e+05 -3.062e+05
 2.766e+05 -2.766e+05
 4.717e+05 -4.717e+05
 3.709e+05 -3.709e+05
 -9.946e+04 9.946e+04
 -3.903e+05 3.903e+05
 -1.089e+05 1.089e+05
 2.311e+05 -2.311e+05
 7.879e+04 -7.879e+04
 8.257e+04 -8.257e+04
 -1.102e+06 1.102e+06
 -2.074e+05 2.074e+05
 -1.547e+04 1.547e+04
 -5.127e+05 5.127e+05
 -7.342e+05 7.342e+05
 9.557e+05 -9.557e+05
 3.957e+05 -3.957e+05
 -7.302e+05 7.302e+05
 -1.909e+05 1.909e+05
 -4.139e+05 4.139e+05
 5.234e+05 -5.234e+05
 4.814e+05 -4.814e+05
 6.354e+05 -6.354e+05
 -1.04e+05 1.04e+05
 -1.001e+06 1.001e+06
 -5.307e+05 5.307e+05
 -7.886e+05 7.886e+05
 1.26e+06 -1.26e+06
 -1.896e+05 1.896e+05
 -2.176e+05 2.176e+05
 -4.862e+05 4.862e+05
 4.108e+05 -4.108e+05
 8.302e+05 -8.302e+05
 -3.33e+05 3.33e+05
 2.423e+05 -2.423e+05
 -1.259e+04 1.259e+04
 -5.693e+05 5.693e+05
 8.469e+05 -8.469e+05
 1.133e+05 -1.133e+05
 -1.176e+06 1.176e+06
 7.976e+05 -7.976e+05
 -5.609e+05 5.609e+05
 4.744e+05 -4.744e+05
 -1.754e+05 1.754e+05
 -1.301e+05 1.301e+05
 3.154e+04 -3.154e+04
 -2.513e+05 2.513e+05
 8.907e+05 -8.907e+05
 -5.433e+05 5.433e+05
 -1.066e+04 1.066e+04
 8.861e+05 -8.861e+05
 1.561e+05 -1.561e+05
 -7.906e+05 7.906e+05
 2.716e+05 -2.716e+05
 -7.763e+05 7.763e+05
 -5.358e+05 5.358e+05
 5.29e+05 -5.29e+05
 -6.707e+05 6.707e+05
 6.118e+04 -6.118e+04


