# Created by Octave 5.2.0, Fri Sep 25 00:39:45 2020 CEST <jiwidi@land>
# name: w
# type: matrix
# rows: 2001
# columns: 2
 0 0
 8.235e+04 -8.235e+04
 1.069e+04 -1.069e+04
 1.312e+05 -1.312e+05
 4708 -4708
 2.199e+04 -2.199e+04
 8.939e+04 -8.939e+04
 -2.013e+04 2.013e+04
 3.599e+04 -3.599e+04
 -9776 9776
 -2.946e+04 2.946e+04
 1.105e+04 -1.105e+04
 1933 -1933
 2.084e+04 -2.084e+04
 -2.839e+04 2.839e+04
 -6.662e+04 6.662e+04
 3.375e+04 -3.375e+04
 -6.415e+04 6.415e+04
 6.99e+04 -6.99e+04
 -4075 4075
 -1.383e+04 1.383e+04
 -7.15e+04 7.15e+04
 4.852e+04 -4.852e+04
 -1965 1965
 1050 -1050
 -5.686e+04 5.686e+04
 -818.9 818.9
 -1.408e+04 1.408e+04
 -2.769e+04 2.769e+04
 3.517e+04 -3.517e+04
 -6.199e+04 6.199e+04
 4448 -4448
 2.382e+04 -2.382e+04
 -2447 2447
 4.37e+04 -4.37e+04
 -1.317e+05 1.317e+05
 -1.222e+05 1.222e+05
 -4.071e+04 4.071e+04
 -6.176e+04 6.176e+04
 -2.276e+04 2.276e+04
 -2143 2143
 3.678e+04 -3.678e+04
 -2.618e+04 2.618e+04
 -6.612e+04 6.612e+04
 -3.686e+04 3.686e+04
 2.972e+04 -2.972e+04
 -5.643e+04 5.643e+04
 1.046e+05 -1.046e+05
 -3736 3736
 4.319e+04 -4.319e+04
 1.947e+04 -1.947e+04
 -2.383e+04 2.383e+04
 2036 -2036
 -7.998e+04 7.998e+04
 6.918e+04 -6.918e+04
 7.003e+04 -7.003e+04
 -1.588e+04 1.588e+04
 2.603e+04 -2.603e+04
 -7175 7175
 -9.212e+04 9.212e+04
 9877 -9877
 -2.012e+04 2.012e+04
 -5570 5570
 5.349e+04 -5.349e+04
 -4.18e+04 4.18e+04
 -1.692e+04 1.692e+04
 7.354e+04 -7.354e+04
 3673 -3673
 4.445e+04 -4.445e+04
 6186 -6186
 2.54e+04 -2.54e+04
 -1.121e+05 1.121e+05
 -1.202e+04 1.202e+04
 2.864e+04 -2.864e+04
 1.042e+05 -1.042e+05
 -5.05e+04 5.05e+04
 -2.251e+05 2.251e+05
 -6.238e+04 6.238e+04
 4.887e+04 -4.887e+04
 -8.703e+04 8.703e+04
 1.543e+04 -1.543e+04
 6431 -6431
 -6.645e+04 6.645e+04
 -2.669e+04 2.669e+04
 -906.1 906.1
 9847 -9847
 -1.049e+05 1.049e+05
 -1.333e+04 1.333e+04
 -3.839e+04 3.839e+04
 -4.318e+04 4.318e+04
 1.322e+04 -1.322e+04
 8.126e+04 -8.126e+04
 1531 -1531
 -5104 5104
 1.283e+05 -1.283e+05
 -8183 8183
 -1.608e+04 1.608e+04
 5.051e+04 -5.051e+04
 2389 -2389
 -8874 8874
 -585.8 585.8
 1.191e+04 -1.191e+04
 -4.523e+04 4.523e+04
 -2.762e+04 2.762e+04
 1.118e+04 -1.118e+04
 4.879e+04 -4.879e+04
 -3.797e+04 3.797e+04
 9991 -9991
 1.182e+04 -1.182e+04
 3.446e+04 -3.446e+04
 4.743e+04 -4.743e+04
 -7848 7848
 3332 -3332
 1.341e+04 -1.341e+04
 2.3e+04 -2.3e+04
 -3.799e+04 3.799e+04
 3.509e+04 -3.509e+04
 -2.115e+04 2.115e+04
 -5.901e+04 5.901e+04
 -3.217e+04 3.217e+04
 1.346e+04 -1.346e+04
 7.767e+04 -7.767e+04
 -1.704e+05 1.704e+05
 1.01e+04 -1.01e+04
 6.163e+04 -6.163e+04
 -1.353e+05 1.353e+05
 -2.931e+04 2.931e+04
 -2.071e+04 2.071e+04
 2.899e+04 -2.899e+04
 -6331 6331
 6.837e+04 -6.837e+04
 -4.134e+04 4.134e+04
 -6182 6182
 -3.609e+04 3.609e+04
 2.816e+04 -2.816e+04
 3851 -3851
 3.981e+04 -3.981e+04
 -1.55e+05 1.55e+05
 -1.519e+04 1.519e+04
 -1.55e+04 1.55e+04
 -2510 2510
 -1.272e+04 1.272e+04
 3.574e+04 -3.574e+04
 -1.174e+04 1.174e+04
 4.622e+04 -4.622e+04
 -1.827e+04 1.827e+04
 7.585e+04 -7.585e+04
 -1.029e+04 1.029e+04
 -5.612e+04 5.612e+04
 3.484e+04 -3.484e+04
 1.773e+04 -1.773e+04
 -8.247e+04 8.247e+04
 5.569e+04 -5.569e+04
 1.18e+05 -1.18e+05
 -4577 4577
 -2.979e+04 2.979e+04
 -2.157e+04 2.157e+04
 2.589e+04 -2.589e+04
 -6.616e+04 6.616e+04
 1.01e+04 -1.01e+04
 6788 -6788
 4.239e+04 -4.239e+04
 -5.594e+04 5.594e+04
 -7.53e+04 7.53e+04
 2.648e+04 -2.648e+04
 9.834e+04 -9.834e+04
 2.027e+04 -2.027e+04
 -1.481e+04 1.481e+04
 9935 -9935
 -3.471e+04 3.471e+04
 -1.704e+04 1.704e+04
 2.253e+04 -2.253e+04
 -4.32e+04 4.32e+04
 3.589e+04 -3.589e+04
 2.84e+04 -2.84e+04
 -5515 5515
 -4.136e+04 4.136e+04
 7.728e+04 -7.728e+04
 -1.203e+04 1.203e+04
 8434 -8434
 -6601 6601
 -6.254e+04 6.254e+04
 -9.958e+04 9.958e+04
 8.417e+04 -8.417e+04
 -6621 6621
 -2.631e+04 2.631e+04
 6.644e+04 -6.644e+04
 -3.625e+04 3.625e+04
 1.574e+04 -1.574e+04
 -7.312e+04 7.312e+04
 3.433e+04 -3.433e+04
 1.359e+04 -1.359e+04
 -1.332e+04 1.332e+04
 -1.253e+04 1.253e+04
 -4.085e+04 4.085e+04
 -4.96e+04 4.96e+04
 -1.858e+04 1.858e+04
 -5.77e+04 5.77e+04
 3238 -3238
 1.374e+05 -1.374e+05
 3.625e+04 -3.625e+04
 -4.014e+04 4.014e+04
 -8.539e+04 8.539e+04
 9.177e+04 -9.177e+04
 -3.406e+04 3.406e+04
 3.092e+04 -3.092e+04
 -2.821e+04 2.821e+04
 -2.815e+04 2.815e+04
 -1.798e+04 1.798e+04
 5.832e+04 -5.832e+04
 -1.93e+05 1.93e+05
 1.207e+04 -1.207e+04
 -5.523e+04 5.523e+04
 4.593e+04 -4.593e+04
 -4.314e+04 4.314e+04
 9.764e+04 -9.764e+04
 -1.893e+04 1.893e+04
 -3.904e+04 3.904e+04
 1164 -1164
 6.057e+04 -6.057e+04
 -2.718e+04 2.718e+04
 -1.313e+04 1.313e+04
 7.387e+04 -7.387e+04
 5.02e+04 -5.02e+04
 6.477e+04 -6.477e+04
 3.79e+04 -3.79e+04
 2.87e+04 -2.87e+04
 -3723 3723
 3.187e+04 -3.187e+04
 -7.5e+04 7.5e+04
 2.426e+04 -2.426e+04
 1.052e+05 -1.052e+05
 1.101e+04 -1.101e+04
 -7.969e+04 7.969e+04
 2.803e+04 -2.803e+04
 -1.998e+04 1.998e+04
 -2.999e+04 2.999e+04
 -6.527e+04 6.527e+04
 7.314e+04 -7.314e+04
 3.535e+04 -3.535e+04
 -8.705e+04 8.705e+04
 -2.614e+04 2.614e+04
 -3.634e+04 3.634e+04
 5576 -5576
 -4.628e+04 4.628e+04
 -6.02e+04 6.02e+04
 3.372e+04 -3.372e+04
 3.506e+04 -3.506e+04
 -1.863e+04 1.863e+04
 -7.231e+04 7.231e+04
 8.557e+04 -8.557e+04
 2.252e+04 -2.252e+04
 2.353e+04 -2.353e+04
 2.643e+04 -2.643e+04
 -1.913e+04 1.913e+04
 2.725e+04 -2.725e+04
 1.481e+04 -1.481e+04
 1.221e+05 -1.221e+05
 8.501e+04 -8.501e+04
 -7510 7510
 1.053e+05 -1.053e+05
 -2.152e+04 2.152e+04
 1019 -1019
 -3.683e+04 3.683e+04
 2.59e+04 -2.59e+04
 2.22e+04 -2.22e+04
 1.124e+04 -1.124e+04
 6533 -6533
 4128 -4128
 8.548e+04 -8.548e+04
 6564 -6564
 -5.809e+04 5.809e+04
 -5.71e+04 5.71e+04
 699.1 -699.1
 -8107 8107
 3.294e+04 -3.294e+04
 1.925e+04 -1.925e+04
 -835.5 835.5
 -6.148e+04 6.148e+04
 -2768 2768
 -5.981e+04 5.981e+04
 1.44e+04 -1.44e+04
 2.691e+04 -2.691e+04
 4486 -4486
 8.31e+04 -8.31e+04
 2.577e+04 -2.577e+04
 2.239e+04 -2.239e+04
 -2.462e+04 2.462e+04
 3.238e+04 -3.238e+04
 -9.189e+04 9.189e+04
 4393 -4393
 -1.426e+05 1.426e+05
 9.795e+04 -9.795e+04
 1.617e+04 -1.617e+04
 8990 -8990
 7785 -7785
 -1.286e+05 1.286e+05
 -1.647e+04 1.647e+04
 4.555e+04 -4.555e+04
 1.645e+04 -1.645e+04
 -4.274e+04 4.274e+04
 741.7 -741.7
 4.649e+04 -4.649e+04
 -8.046e+04 8.046e+04
 4.575e+04 -4.575e+04
 7128 -7128
 5.411e+04 -5.411e+04
 -8332 8332
 5786 -5786
 1.951e+04 -1.951e+04
 366 -366
 1.257e+05 -1.257e+05
 -7.253e+04 7.253e+04
 -9.291e+04 9.291e+04
 4.54e+04 -4.54e+04
 -5.854e+04 5.854e+04
 1331 -1331
 4.876e+04 -4.876e+04
 -9768 9768
 -9353 9353
 5.105e+04 -5.105e+04
 2.206e+05 -2.206e+05
 3.661e+04 -3.661e+04
 -4415 4415
 -4.377e+04 4.377e+04
 3.251e+04 -3.251e+04
 8.161e+04 -8.161e+04
 4.451e+04 -4.451e+04
 2.918e+04 -2.918e+04
 3.012e+04 -3.012e+04
 -7.255e+04 7.255e+04
 1.284e+04 -1.284e+04
 2.311e+04 -2.311e+04
 -5.927e+04 5.927e+04
 -3.325e+04 3.325e+04
 1.027e+04 -1.027e+04
 -3388 3388
 1.012e+05 -1.012e+05
 6.404e+04 -6.404e+04
 9.184e+04 -9.184e+04
 6390 -6390
 -3.747e+04 3.747e+04
 -1.713e+04 1.713e+04
 5.902e+04 -5.902e+04
 -2.136e+04 2.136e+04
 -3.138e+04 3.138e+04
 8.74e+04 -8.74e+04
 1.574e+04 -1.574e+04
 7.602e+04 -7.602e+04
 3.082e+04 -3.082e+04
 -2.397e+04 2.397e+04
 -2048 2048
 -1.091e+05 1.091e+05
 -2.764e+04 2.764e+04
 -2.911e+04 2.911e+04
 3.867e+04 -3.867e+04
 -3.97e+04 3.97e+04
 -2.055e+04 2.055e+04
 -4420 4420
 1.044e+05 -1.044e+05
 -7.908e+04 7.908e+04
 -3.457e+04 3.457e+04
 -5.051e+04 5.051e+04
 4.583e+04 -4.583e+04
 -1.988e+04 1.988e+04
 1.699e+04 -1.699e+04
 3.43e+04 -3.43e+04
 -9.411e+04 9.411e+04
 1.282e+04 -1.282e+04
 -1.162e+05 1.162e+05
 3.783e+04 -3.783e+04
 3.467e+04 -3.467e+04
 -2.623e+04 2.623e+04
 -1.18e+05 1.18e+05
 -1.055e+05 1.055e+05
 8776 -8776
 -1.059e+04 1.059e+04
 9.269e+04 -9.269e+04
 1.438e+04 -1.438e+04
 -1.357e+05 1.357e+05
 -4.041e+04 4.041e+04
 -4.432e+04 4.432e+04
 -7700 7700
 -3.603e+04 3.603e+04
 3895 -3895
 6.143e+04 -6.143e+04
 2.721e+04 -2.721e+04
 8.853e+04 -8.853e+04
 5.864e+04 -5.864e+04
 -4.486e+04 4.486e+04
 -6059 6059
 -5385 5385
 1.121e+04 -1.121e+04
 -1.114e+05 1.114e+05
 475.8 -475.8
 2.091e+04 -2.091e+04
 -2.34e+04 2.34e+04
 1.997e+04 -1.997e+04
 5289 -5289
 9.015e+04 -9.015e+04
 4044 -4044
 -5.374e+04 5.374e+04
 -4.058e+04 4.058e+04
 3.363e+04 -3.363e+04
 -2.384e+04 2.384e+04
 8921 -8921
 5863 -5863
 -2478 2478
 -2.037e+04 2.037e+04
 9.86e+04 -9.86e+04
 -3.959e+04 3.959e+04
 960.6 -960.6
 -1.776e+04 1.776e+04
 4.371e+04 -4.371e+04
 -7.582e+04 7.582e+04
 -3679 3679
 3.211e+04 -3.211e+04
 -1.502e+04 1.502e+04
 6.954e+04 -6.954e+04
 202.9 -202.9
 7.884e+04 -7.884e+04
 -5.638e+04 5.638e+04
 1.39e+05 -1.39e+05
 4.017e+04 -4.017e+04
 -4.172e+04 4.172e+04
 -2.536e+04 2.536e+04
 -4.753e+04 4.753e+04
 -8139 8139
 -2538 2538
 -1.971e+04 1.971e+04
 7.675e+04 -7.675e+04
 -3.137e+04 3.137e+04
 3.934e+04 -3.934e+04
 3.288e+04 -3.288e+04
 -5.498e+04 5.498e+04
 -1.558e+04 1.558e+04
 -2.493e+04 2.493e+04
 1.834e+04 -1.834e+04
 -1.26e+05 1.26e+05
 5721 -5721
 -6.907e+04 6.907e+04
 -1.274e+04 1.274e+04
 -1.499e+05 1.499e+05
 7.113e+04 -7.113e+04
 2.799e+04 -2.799e+04
 -6.851e+04 6.851e+04
 -4.381e+04 4.381e+04
 2.504e+04 -2.504e+04
 6635 -6635
 8.953e+04 -8.953e+04
 -2.181e+04 2.181e+04
 -8496 8496
 9.278e+04 -9.278e+04
 5113 -5113
 -1.286e+04 1.286e+04
 7.959e+04 -7.959e+04
 3.364e+04 -3.364e+04
 1.141e+05 -1.141e+05
 1630 -1630
 6423 -6423
 -1.176e+04 1.176e+04
 239 -239
 7.388e+04 -7.388e+04
 8011 -8011
 7.327e+04 -7.327e+04
 -1.816e+04 1.816e+04
 4.947e+04 -4.947e+04
 -2.748e+04 2.748e+04
 2.301e+04 -2.301e+04
 4.771e+04 -4.771e+04
 -4.827e+04 4.827e+04
 8975 -8975
 -8244 8244
 -5.168e+04 5.168e+04
 -2532 2532
 4.826e+04 -4.826e+04
 -4.095e+04 4.095e+04
 -5348 5348
 -5.574e+04 5.574e+04
 3.802e+04 -3.802e+04
 -9832 9832
 -5.379e+04 5.379e+04
 -1590 1590
 2.737e+04 -2.737e+04
 -2.575e+04 2.575e+04
 -163.4 163.4
 1.521e+04 -1.521e+04
 -9.868e+04 9.868e+04
 -1895 1895
 -4.23e+04 4.23e+04
 -6.013e+04 6.013e+04
 1947 -1947
 -1.406e+04 1.406e+04
 -3.454e+04 3.454e+04
 -9174 9174
 -8.488e+04 8.488e+04
 -5.866e+04 5.866e+04
 -1.412e+04 1.412e+04
 8.771e+04 -8.771e+04
 -1.456e+05 1.456e+05
 2.322e+04 -2.322e+04
 3.395e+04 -3.395e+04
 -8.999e+04 8.999e+04
 -7552 7552
 4668 -4668
 -8.926e+04 8.926e+04
 -7.196e+04 7.196e+04
 -1.494e+04 1.494e+04
 -1.664e+04 1.664e+04
 8.548e+04 -8.548e+04
 -8692 8692
 -3.119e+04 3.119e+04
 9108 -9108
 3.362e+04 -3.362e+04
 -5.357e+04 5.357e+04
 2.434e+04 -2.434e+04
 -5.017e+04 5.017e+04
 -6524 6524
 -2.835e+04 2.835e+04
 -8.838e+04 8.838e+04
 5624 -5624
 3.887e+04 -3.887e+04
 -7.219e+04 7.219e+04
 4.41e+04 -4.41e+04
 -9.385e+04 9.385e+04
 2.55e+04 -2.55e+04
 -3.158e+04 3.158e+04
 5.689e+04 -5.689e+04
 1.041e+04 -1.041e+04
 517.8 -517.8
 6.919e+04 -6.919e+04
 -1.661e+04 1.661e+04
 -4.954e+04 4.954e+04
 -3893 3893
 3.76e+04 -3.76e+04
 -1.272e+05 1.272e+05
 1.302e+05 -1.302e+05
 1.078e+04 -1.078e+04
 1.076e+05 -1.076e+05
 -5893 5893
 -5.989e+04 5.989e+04
 -4.746e+04 4.746e+04
 -4.478e+04 4.478e+04
 -4.835e+04 4.835e+04
 6.452e+04 -6.452e+04
 -1.036e+05 1.036e+05
 3.868e+04 -3.868e+04
 -4.123e+04 4.123e+04
 -6.222e+04 6.222e+04
 2.374e+04 -2.374e+04
 5.71e+04 -5.71e+04
 -2.092e+04 2.092e+04
 6.247e+04 -6.247e+04
 -4.238e+04 4.238e+04
 5.848e+04 -5.848e+04
 2693 -2693
 3.27e+04 -3.27e+04
 -6.033e+04 6.033e+04
 -2183 2183
 -2.255e+04 2.255e+04
 4.258e+04 -4.258e+04
 -1733 1733
 2.189e+04 -2.189e+04
 -2.091e+04 2.091e+04
 -4.479e+04 4.479e+04
 1.158e+04 -1.158e+04
 6.539e+04 -6.539e+04
 2.405e+04 -2.405e+04
 -3.392e+04 3.392e+04
 -5.058e+04 5.058e+04
 -3965 3965
 2.068e+04 -2.068e+04
 4.616e+04 -4.616e+04
 1.388e+05 -1.388e+05
 -5.177e+04 5.177e+04
 -2.03e+04 2.03e+04
 -6307 6307
 5.456e+04 -5.456e+04
 4.678e+04 -4.678e+04
 -2438 2438
 7.144e+04 -7.144e+04
 3.923e+04 -3.923e+04
 -8128 8128
 -4.211e+04 4.211e+04
 8.603e+04 -8.603e+04
 1.885e+05 -1.885e+05
 3.149e+04 -3.149e+04
 1.17e+04 -1.17e+04
 2121 -2121
 4.158e+04 -4.158e+04
 -2.026e+04 2.026e+04
 3.345e+04 -3.345e+04
 -4.479e+04 4.479e+04
 6.005e+04 -6.005e+04
 1.567e+04 -1.567e+04
 -7.626e+04 7.626e+04
 -3.434e+04 3.434e+04
 1.58e+04 -1.58e+04
 -3739 3739
 1.47e+04 -1.47e+04
 -5.246e+04 5.246e+04
 -2.663e+04 2.663e+04
 9450 -9450
 6.511e+04 -6.511e+04
 7.213e+04 -7.213e+04
 3.181e+04 -3.181e+04
 2.037e+05 -2.037e+05
 7.876e+04 -7.876e+04
 -1.307e+05 1.307e+05
 -1.548e+04 1.548e+04
 -3808 3808
 -1.308e+05 1.308e+05
 2.318e+04 -2.318e+04
 4.608e+04 -4.608e+04
 -4.579e+04 4.579e+04
 315.4 -315.4
 -5.027e+04 5.027e+04
 -2.175e+04 2.175e+04
 -4.43e+04 4.43e+04
 7782 -7782
 1.221e+04 -1.221e+04
 -3.601e+04 3.601e+04
 1591 -1591
 -2.397e+04 2.397e+04
 1.165e+04 -1.165e+04
 -2977 2977
 -5.467e+04 5.467e+04
 -1.347e+04 1.347e+04
 -3.721e+04 3.721e+04
 -1.491e+04 1.491e+04
 -4674 4674
 -9.508e+04 9.508e+04
 3.314e+04 -3.314e+04
 -3.67e+04 3.67e+04
 -2.436e+04 2.436e+04
 -8.235e+04 8.235e+04
 1.329e+04 -1.329e+04
 2.594e+04 -2.594e+04
 2540 -2540
 -4.244e+04 4.244e+04
 -1.545e+04 1.545e+04
 7.421e+04 -7.421e+04
 4.798e+04 -4.798e+04
 5.407e+04 -5.407e+04
 -1.042e+05 1.042e+05
 -4.856e+04 4.856e+04
 -2.464e+04 2.464e+04
 -2.569e+04 2.569e+04
 -9690 9690
 4.705e+04 -4.705e+04
 4.582e+04 -4.582e+04
 6954 -6954
 6.708e+04 -6.708e+04
 1.195e+05 -1.195e+05
 -3.548e+04 3.548e+04
 1.923e+04 -1.923e+04
 -4.058e+04 4.058e+04
 3.511e+04 -3.511e+04
 1989 -1989
 5378 -5378
 2.541e+04 -2.541e+04
 -1.042e+05 1.042e+05
 2.55e+04 -2.55e+04
 -1.602e+05 1.602e+05
 -3.509e+04 3.509e+04
 1.911e+04 -1.911e+04
 -6.164e+04 6.164e+04
 4.034e+04 -4.034e+04
 -4812 4812
 -7.946e+04 7.946e+04
 -2.945e+04 2.945e+04
 -2.021e+04 2.021e+04
 2.487e+04 -2.487e+04
 3.882e+04 -3.882e+04
 -1.059e+05 1.059e+05
 -9.386e+04 9.386e+04
 1.547e+04 -1.547e+04
 -1.78e+04 1.78e+04
 2.143e+04 -2.143e+04
 -5.829e+04 5.829e+04
 -2.829e+04 2.829e+04
 -3.149e+04 3.149e+04
 5802 -5802
 -3.046e+04 3.046e+04
 2.51e+04 -2.51e+04
 -7.806e+04 7.806e+04
 1.17e+04 -1.17e+04
 -1.409e+04 1.409e+04
 2.874e+04 -2.874e+04
 733.1 -733.1
 -6.777e+04 6.777e+04
 -4.697e+04 4.697e+04
 -4.399e+04 4.399e+04
 2.077e+04 -2.077e+04
 4.976e+04 -4.976e+04
 -6.707e+04 6.707e+04
 3.264e+04 -3.264e+04
 1.951e+04 -1.951e+04
 4.789e+04 -4.789e+04
 5102 -5102
 -3.345e+04 3.345e+04
 5970 -5970
 8.6e+04 -8.6e+04
 1056 -1056
 -3.412e+04 3.412e+04
 4.197e+04 -4.197e+04
 -4.59e+04 4.59e+04
 1.471e+04 -1.471e+04
 -7.183e+04 7.183e+04
 -2255 2255
 -3.692e+04 3.692e+04
 1.095e+05 -1.095e+05
 2.437e+04 -2.437e+04
 6.897e+04 -6.897e+04
 1.082e+05 -1.082e+05
 -4.508e+04 4.508e+04
 2.855e+05 -2.855e+05
 -1.41e+04 1.41e+04
 -2.239e+04 2.239e+04
 1.76e+04 -1.76e+04
 -1361 1361
 -6.499e+04 6.499e+04
 -7.612e+04 7.612e+04
 -7.146e+04 7.146e+04
 2.991e+04 -2.991e+04
 -5.025e+04 5.025e+04
 -5.68e+04 5.68e+04
 6.222e+04 -6.222e+04
 -4.949e+04 4.949e+04
 9.71e+04 -9.71e+04
 -1.703e+04 1.703e+04
 5.525e+04 -5.525e+04
 6590 -6590
 3.047e+04 -3.047e+04
 -1.395e+04 1.395e+04
 -2.15e+04 2.15e+04
 -9.439e+04 9.439e+04
 -3.264e+04 3.264e+04
 -6.663e+04 6.663e+04
 2.467e+04 -2.467e+04
 2.06e+04 -2.06e+04
 -7.675e+04 7.675e+04
 1.029e+05 -1.029e+05
 1.138e+04 -1.138e+04
 1.025e+04 -1.025e+04
 4498 -4498
 7.117e+04 -7.117e+04
 -5176 5176
 9.921e+04 -9.921e+04
 2.155e+04 -2.155e+04
 4.444e+04 -4.444e+04
 1.236e+05 -1.236e+05
 -5.1e+04 5.1e+04
 -2.181e+04 2.181e+04
 -2737 2737
 -2.443e+04 2.443e+04
 -5.775e+04 5.775e+04
 -2.061e+04 2.061e+04
 6.56e+04 -6.56e+04
 8.237e+04 -8.237e+04
 -3.844e+04 3.844e+04
 -5.168e+04 5.168e+04
 -7.262e+04 7.262e+04
 -2.429e+04 2.429e+04
 -4.337e+04 4.337e+04
 1.247e+04 -1.247e+04
 -2.738e+04 2.738e+04
 4.671e+04 -4.671e+04
 5.124e+04 -5.124e+04
 -1.996e+05 1.996e+05
 8.048e+04 -8.048e+04
 -5.359e+04 5.359e+04
 2284 -2284
 -7.438e+04 7.438e+04
 7.304e+04 -7.304e+04
 -5378 5378
 -7.477e+04 7.477e+04
 -6.306e+04 6.306e+04
 -1.072e+04 1.072e+04
 5.4e+04 -5.4e+04
 -3.783e+04 3.783e+04
 6.201e+04 -6.201e+04
 2.913e+04 -2.913e+04
 -8.06e+04 8.06e+04
 4.112e+04 -4.112e+04
 -4052 4052
 7.26e+04 -7.26e+04
 9028 -9028
 -3.227e+04 3.227e+04
 -7.085e+04 7.085e+04
 1.06e+05 -1.06e+05
 3005 -3005
 3.779e+04 -3.779e+04
 -1.786e+04 1.786e+04
 -1.644e+04 1.644e+04
 -6305 6305
 -1.725e+04 1.725e+04
 -2.528e+04 2.528e+04
 -4504 4504
 6.597e+04 -6.597e+04
 8.858e+04 -8.858e+04
 -1.073e+04 1.073e+04
 3.709e+04 -3.709e+04
 1.557e+05 -1.557e+05
 4.568e+04 -4.568e+04
 1.769e+04 -1.769e+04
 -1.275e+04 1.275e+04
 -3029 3029
 4884 -4884
 7.124e+04 -7.124e+04
 8.015e+04 -8.015e+04
 1.298e+05 -1.298e+05
 1.28e+04 -1.28e+04
 9902 -9902
 6.576e+04 -6.576e+04
 -3.257e+04 3.257e+04
 -1.856e+04 1.856e+04
 2.064e+04 -2.064e+04
 -8018 8018
 3.568e+04 -3.568e+04
 1.53e+04 -1.53e+04
 4.077e+04 -4.077e+04
 8.907e+04 -8.907e+04
 -1.033e+04 1.033e+04
 2.272e+04 -2.272e+04
 -3.477e+04 3.477e+04
 -2.334e+04 2.334e+04
 -4.104e+04 4.104e+04
 5.709e+04 -5.709e+04
 -3990 3990
 2.295e+04 -2.295e+04
 7.418e+04 -7.418e+04
 5760 -5760
 3.866e+04 -3.866e+04
 -2.822e+04 2.822e+04
 -4.539e+04 4.539e+04
 -5.12e+04 5.12e+04
 3.954e+04 -3.954e+04
 5419 -5419
 -8.388e+04 8.388e+04
 2.638e+04 -2.638e+04
 -2.43e+04 2.43e+04
 -8774 8774
 6.483e+04 -6.483e+04
 -4014 4014
 -7.841e+04 7.841e+04
 7841 -7841
 7.65e+04 -7.65e+04
 -5.012e+04 5.012e+04
 5.321e+04 -5.321e+04
 -4.289e+04 4.289e+04
 7.571e+04 -7.571e+04
 -3.269e+04 3.269e+04
 -2.788e+04 2.788e+04
 8646 -8646
 4258 -4258
 4.42e+04 -4.42e+04
 -6.501e+04 6.501e+04
 1.582e+04 -1.582e+04
 -5.509e+04 5.509e+04
 -5e+04 5e+04
 -2511 2511
 3938 -3938
 -2.607e+04 2.607e+04
 6.679e+04 -6.679e+04
 -1.542e+04 1.542e+04
 -1.764e+04 1.764e+04
 3.597e+04 -3.597e+04
 5.748e+04 -5.748e+04
 7301 -7301
 4.453e+04 -4.453e+04
 2.402e+04 -2.402e+04
 9231 -9231
 5.489e+04 -5.489e+04
 -2.521e+04 2.521e+04
 3.508e+04 -3.508e+04
 -6.357e+04 6.357e+04
 3.619e+04 -3.619e+04
 6.801e+04 -6.801e+04
 -3.007e+04 3.007e+04
 8.464e+04 -8.464e+04
 8.802e+04 -8.802e+04
 -4.313e+04 4.313e+04
 8.052e+04 -8.052e+04
 8925 -8925
 1.139e+05 -1.139e+05
 3.769e+04 -3.769e+04
 -8491 8491
 -3.865e+04 3.865e+04
 -2.968e+04 2.968e+04
 -1.996e+04 1.996e+04
 -7.914e+04 7.914e+04
 2.686e+04 -2.686e+04
 3.843e+04 -3.843e+04
 2.451e+04 -2.451e+04
 3.096e+04 -3.096e+04
 1.45e+05 -1.45e+05
 -4.551e+04 4.551e+04
 -2.68e+04 2.68e+04
 -1.619e+04 1.619e+04
 -4.764e+04 4.764e+04
 1.281e+04 -1.281e+04
 -4.9e+04 4.9e+04
 1.763e+04 -1.763e+04
 -8.885e+04 8.885e+04
 6.636e+04 -6.636e+04
 8.279e+04 -8.279e+04
 -4.226e+04 4.226e+04
 -465.1 465.1
 -342.3 342.3
 1.226e+05 -1.226e+05
 2495 -2495
 6.461e+04 -6.461e+04
 5.049e+04 -5.049e+04
 -6.503e+04 6.503e+04
 -2.61e+04 2.61e+04
 5.297e+04 -5.297e+04
 7.583e+04 -7.583e+04
 7.633e+04 -7.633e+04
 -1.217e+05 1.217e+05
 4.33e+04 -4.33e+04
 -2.751e+04 2.751e+04
 3.295e+04 -3.295e+04
 -4.373e+04 4.373e+04
 -7.285e+04 7.285e+04
 -673.7 673.7
 1.479e+04 -1.479e+04
 9165 -9165
 1.147e+04 -1.147e+04
 -1.154e+05 1.154e+05
 -1.876e+04 1.876e+04
 2.776e+04 -2.776e+04
 4330 -4330
 -1.126e+04 1.126e+04
 3.155e+04 -3.155e+04
 2.936e+04 -2.936e+04
 -4.304e+04 4.304e+04
 7.86e+04 -7.86e+04
 8423 -8423
 3.582e+04 -3.582e+04
 4.324e+04 -4.324e+04
 2.443e+04 -2.443e+04
 -1.485e+04 1.485e+04
 1.819e+04 -1.819e+04
 3.94e+04 -3.94e+04
 -7721 7721
 -3.444e+04 3.444e+04
 -5.217e+04 5.217e+04
 1.642e+04 -1.642e+04
 -1.475e+04 1.475e+04
 1966 -1966
 -6.064e+04 6.064e+04
 -6257 6257
 -6.422e+04 6.422e+04
 1.592e+04 -1.592e+04
 -7.457e+04 7.457e+04
 -1.571e+04 1.571e+04
 6046 -6046
 4.391e+04 -4.391e+04
 3.167e+04 -3.167e+04
 -3.024e+04 3.024e+04
 -1.163e+05 1.163e+05
 7.528e+04 -7.528e+04
 7.885e+04 -7.885e+04
 -3.351e+04 3.351e+04
 3.438e+04 -3.438e+04
 -1.09e+05 1.09e+05
 -7.3e+04 7.3e+04
 3.676e+04 -3.676e+04
 -3.503e+04 3.503e+04
 8528 -8528
 1.451e+05 -1.451e+05
 -1.436e+04 1.436e+04
 1.508e+04 -1.508e+04
 4.222e+04 -4.222e+04
 2.676e+04 -2.676e+04
 2.366e+04 -2.366e+04
 3.895e+04 -3.895e+04
 -5757 5757
 -2.012e+04 2.012e+04
 4002 -4002
 -2.054e+04 2.054e+04
 -7.819e+04 7.819e+04
 -2.534e+04 2.534e+04
 2.452e+04 -2.452e+04
 5.319e+04 -5.319e+04
 -4.283e+04 4.283e+04
 -2.468e+04 2.468e+04
 -1921 1921
 -3405 3405
 7240 -7240
 5.362e+04 -5.362e+04
 -3.878e+04 3.878e+04
 5.111e+04 -5.111e+04
 -4653 4653
 2.834e+04 -2.834e+04
 -5364 5364
 -1.486e+05 1.486e+05
 -1.301e+04 1.301e+04
 1.411e+04 -1.411e+04
 -3.774e+04 3.774e+04
 1.057e+04 -1.057e+04
 -1.393e+04 1.393e+04
 -3114 3114
 1.5e+05 -1.5e+05
 -3.686e+04 3.686e+04
 8221 -8221
 -5.843e+04 5.843e+04
 -6.168e+04 6.168e+04
 -3913 3913
 4.382e+04 -4.382e+04
 2.266e+04 -2.266e+04
 9448 -9448
 3.788e+04 -3.788e+04
 3.908e+04 -3.908e+04
 2.722e+04 -2.722e+04
 -4.11e+04 4.11e+04
 5.522e+04 -5.522e+04
 -4.77e+04 4.77e+04
 4.506e+04 -4.506e+04
 6974 -6974
 -1.022e+05 1.022e+05
 1.342e+04 -1.342e+04
 2446 -2446
 -9.31e+04 9.31e+04
 -7.514e+04 7.514e+04
 -6.616e+04 6.616e+04
 1.07e+04 -1.07e+04
 3.652e+04 -3.652e+04
 -5.612e+04 5.612e+04
 -2.422e+04 2.422e+04
 3.744e+04 -3.744e+04
 7476 -7476
 -2.392e+04 2.392e+04
 1.527e+04 -1.527e+04
 -9.96e+04 9.96e+04
 -5.439e+04 5.439e+04
 2.646e+04 -2.646e+04
 -7.715e+04 7.715e+04
 -2.506e+04 2.506e+04
 3.099e+04 -3.099e+04
 -5.11e+04 5.11e+04
 -2.048e+04 2.048e+04
 -1.719e+04 1.719e+04
 -7.835e+04 7.835e+04
 -1.972e+04 1.972e+04
 -2.684e+04 2.684e+04
 -3443 3443
 7.267e+04 -7.267e+04
 7.03e+04 -7.03e+04
 -5.302e+04 5.302e+04
 2.642e+04 -2.642e+04
 4.556e+04 -4.556e+04
 -7.079e+04 7.079e+04
 -4.797e+04 4.797e+04
 -7.833e+04 7.833e+04
 1.837e+04 -1.837e+04
 2.515e+04 -2.515e+04
 -1.675e+04 1.675e+04
 -1.065e+05 1.065e+05
 -4.799e+04 4.799e+04
 6.839e+04 -6.839e+04
 5.089e+04 -5.089e+04
 -8.806e+04 8.806e+04
 2.548e+04 -2.548e+04
 -1.581e+05 1.581e+05
 -3754 3754
 8.944e+04 -8.944e+04
 -3.774e+04 3.774e+04
 -1.974e+04 1.974e+04
 -1144 1144
 5.628e+04 -5.628e+04
 1.513e+04 -1.513e+04
 1.715e+05 -1.715e+05
 4.341e+04 -4.341e+04
 8.915e+04 -8.915e+04
 -1.114e+05 1.114e+05
 6.751e+04 -6.751e+04
 5364 -5364
 1720 -1720
 7.35e+04 -7.35e+04
 5.309e+04 -5.309e+04
 -4.966e+04 4.966e+04
 -8.404e+04 8.404e+04
 -2.17e+04 2.17e+04
 6.485e+04 -6.485e+04
 3.43e+04 -3.43e+04
 136.9 -136.9
 4022 -4022
 -6.616e+04 6.616e+04
 -2983 2983
 -1.704e+04 1.704e+04
 -2942 2942
 1.226e+04 -1.226e+04
 3.38e+04 -3.38e+04
 1.127e+05 -1.127e+05
 -1.138e+05 1.138e+05
 -2.701e+04 2.701e+04
 6643 -6643
 4.508e+04 -4.508e+04
 -1.186e+05 1.186e+05
 5.808e+04 -5.808e+04
 1.363e+04 -1.363e+04
 -3.905e+04 3.905e+04
 -3.681e+04 3.681e+04
 -3.242e+04 3.242e+04
 1.617e+04 -1.617e+04
 -3.472e+04 3.472e+04
 -3.014e+04 3.014e+04
 -7373 7373
 4.405e+04 -4.405e+04
 1.202e+04 -1.202e+04
 2.55e+04 -2.55e+04
 -3.572e+04 3.572e+04
 6.815e+04 -6.815e+04
 7606 -7606
 -6374 6374
 7.253e+04 -7.253e+04
 -1.537e+04 1.537e+04
 -7903 7903
 1.557e+04 -1.557e+04
 -1.53e+04 1.53e+04
 -756 756
 -3.42e+04 3.42e+04
 -3.044e+04 3.044e+04
 -3630 3630
 -4.039e+04 4.039e+04
 -8746 8746
 -2.044e+04 2.044e+04
 -2.947e+04 2.947e+04
 -3.045e+04 3.045e+04
 -2.535e+04 2.535e+04
 3.054e+04 -3.054e+04
 -1.809e+04 1.809e+04
 2.143e+04 -2.143e+04
 -1.33e+05 1.33e+05
 4.049e+04 -4.049e+04
 -2.511e+04 2.511e+04
 -3.044e+04 3.044e+04
 2.985e+04 -2.985e+04
 -1.321e+04 1.321e+04
 -3001 3001
 2.5e+04 -2.5e+04
 -3.882e+04 3.882e+04
 8.592e+04 -8.592e+04
 4853 -4853
 -4.854e+04 4.854e+04
 4.718e+04 -4.718e+04
 -6.278e+04 6.278e+04
 2.337e+04 -2.337e+04
 -2.081e+04 2.081e+04
 1.614e+04 -1.614e+04
 -1.103e+05 1.103e+05
 -3.725e+04 3.725e+04
 8.57e+04 -8.57e+04
 6471 -6471
 4.564e+04 -4.564e+04
 5.929e+04 -5.929e+04
 -1.795e+04 1.795e+04
 -3.1e+04 3.1e+04
 4.503e+04 -4.503e+04
 -1.198e+05 1.198e+05
 -1.921e+04 1.921e+04
 1.411e+04 -1.411e+04
 1.808e+04 -1.808e+04
 -773.6 773.6
 -6704 6704
 9100 -9100
 -7.314e+04 7.314e+04
 -7.686e+04 7.686e+04
 4.272e+04 -4.272e+04
 -2.569e+04 2.569e+04
 2.959e+04 -2.959e+04
 3019 -3019
 -2.62e+04 2.62e+04
 -8.61e+04 8.61e+04
 1.235e+05 -1.235e+05
 -7.828e+04 7.828e+04
 3.732e+04 -3.732e+04
 -3.965e+04 3.965e+04
 2.869e+04 -2.869e+04
 -1.758e+04 1.758e+04
 3881 -3881
 -7882 7882
 9.492e+04 -9.492e+04
 8640 -8640
 -6296 6296
 4.133e+04 -4.133e+04
 1.235e+05 -1.235e+05
 -3.898e+04 3.898e+04
 -1239 1239
 7.009e+04 -7.009e+04
 4865 -4865
 -5.524e+04 5.524e+04
 1.854e+04 -1.854e+04
 2.678e+04 -2.678e+04
 -1.391e+05 1.391e+05
 -3.797e+04 3.797e+04
 8222 -8222
 -1.598e+05 1.598e+05
 -1.75e+04 1.75e+04
 1.721e+04 -1.721e+04
 2834 -2834
 4.463e+04 -4.463e+04
 -1.407e+04 1.407e+04
 -2.992e+04 2.992e+04
 -2.261e+04 2.261e+04
 2.104e+04 -2.104e+04
 -1.165e+04 1.165e+04
 3829 -3829
 -4.121e+04 4.121e+04
 -8792 8792
 9.468e+04 -9.468e+04
 -1.058e+04 1.058e+04
 1.197e+05 -1.197e+05
 -1479 1479
 -6.801e+04 6.801e+04
 3020 -3020
 -7.693e+04 7.693e+04
 7.813e+04 -7.813e+04
 -5.99e+04 5.99e+04
 -1.041e+04 1.041e+04
 5.328e+04 -5.328e+04
 3.223e+04 -3.223e+04
 -1.892e+04 1.892e+04
 -9.259e+04 9.259e+04
 -7.362e+04 7.362e+04
 -1.992e+04 1.992e+04
 3.077e+04 -3.077e+04
 -5.037e+04 5.037e+04
 -2.229e+04 2.229e+04
 -2.591e+04 2.591e+04
 -5562 5562
 8350 -8350
 -4.433e+04 4.433e+04
 1.059e+05 -1.059e+05
 -8.725e+04 8.725e+04
 1.119e+05 -1.119e+05
 2.287e+04 -2.287e+04
 -2.061e+04 2.061e+04
 -3.739e+04 3.739e+04
 3.229e+04 -3.229e+04
 6953 -6953
 1.907e+04 -1.907e+04
 -7.408e+04 7.408e+04
 -1.062e+05 1.062e+05
 -4.172e+04 4.172e+04
 8.806e+04 -8.806e+04
 -5.79e+04 5.79e+04
 -1.222e+04 1.222e+04
 -3.969e+04 3.969e+04
 1739 -1739
 -2.763e+04 2.763e+04
 4.159e+04 -4.159e+04
 -3.943e+04 3.943e+04
 -1.673e+04 1.673e+04
 1.16e+04 -1.16e+04
 1.525e+04 -1.525e+04
 -1.525e+04 1.525e+04
 4.577e+04 -4.577e+04
 5.094e+04 -5.094e+04
 1.217e+04 -1.217e+04
 -1.412e+04 1.412e+04
 -1.492e+04 1.492e+04
 2.483e+04 -2.483e+04
 1.558e+04 -1.558e+04
 5.574e+04 -5.574e+04
 -4.35e+04 4.35e+04
 -1.783e+04 1.783e+04
 -1.349e+04 1.349e+04
 7.351e+04 -7.351e+04
 -4455 4455
 1.941e+04 -1.941e+04
 6.095e+04 -6.095e+04
 -1118 1118
 1.564e+04 -1.564e+04
 -2.643e+04 2.643e+04
 -1.737e+04 1.737e+04
 -9.418e+04 9.418e+04
 1.07e+04 -1.07e+04
 -5.104e+04 5.104e+04
 -1.777e+04 1.777e+04
 5.61e+04 -5.61e+04
 -3.269e+04 3.269e+04
 4.738e+04 -4.738e+04
 3.127e+04 -3.127e+04
 -6.686e+04 6.686e+04
 -9.199e+04 9.199e+04
 4.069e+04 -4.069e+04
 -6.419e+04 6.419e+04
 2.42e+04 -2.42e+04
 -4.208e+04 4.208e+04
 -2.286e+04 2.286e+04
 7.831e+04 -7.831e+04
 1.38e+05 -1.38e+05
 7.911e+04 -7.911e+04
 -3.056e+04 3.056e+04
 1.309e+05 -1.309e+05
 -3.541e+04 3.541e+04
 3.81e+04 -3.81e+04
 -6.807e+04 6.807e+04
 -2.236e+04 2.236e+04
 8.711e+04 -8.711e+04
 -4.029e+04 4.029e+04
 -2.84e+04 2.84e+04
 1.495e+04 -1.495e+04
 -1.652e+04 1.652e+04
 -2951 2951
 -1.426e+04 1.426e+04
 -2.05e+04 2.05e+04
 2.173e+04 -2.173e+04
 -8.26e+04 8.26e+04
 -3.134e+04 3.134e+04
 -4.236e+04 4.236e+04
 2.042e+04 -2.042e+04
 7.581e+04 -7.581e+04
 8285 -8285
 2.722e+04 -2.722e+04
 4.603e+04 -4.603e+04
 7.81e+04 -7.81e+04
 3.658e+04 -3.658e+04
 -7.216e+04 7.216e+04
 2526 -2526
 -2.779e+04 2.779e+04
 1.661e+04 -1.661e+04
 -2.561e+04 2.561e+04
 5.542e+04 -5.542e+04
 -1.312e+05 1.312e+05
 3.683e+04 -3.683e+04
 6.631e+04 -6.631e+04
 -6.091e+04 6.091e+04
 3.582e+04 -3.582e+04
 6.053e+04 -6.053e+04
 2713 -2713
 -1.462e+04 1.462e+04
 1.157e+04 -1.157e+04
 4.616e+04 -4.616e+04
 -1.133e+05 1.133e+05
 4.91e+04 -4.91e+04
 -1.859e+05 1.859e+05
 1.347e+05 -1.347e+05
 -3.058e+04 3.058e+04
 -1.473e+05 1.473e+05
 3.818e+04 -3.818e+04
 8626 -8626
 -3.808e+04 3.808e+04
 1.821e+04 -1.821e+04
 -1.635e+04 1.635e+04
 -1.296e+04 1.296e+04
 -9.521e+04 9.521e+04
 1.658e+04 -1.658e+04
 2407 -2407
 9.222e+04 -9.222e+04
 -1.204e+04 1.204e+04
 7.64e+04 -7.64e+04
 7.11e+04 -7.11e+04
 3.462e+04 -3.462e+04
 5.105e+04 -5.105e+04
 1.555e+04 -1.555e+04
 -3759 3759
 3.309e+04 -3.309e+04
 -3368 3368
 -3.968e+04 3.968e+04
 -5.432e+04 5.432e+04
 -5.779e+04 5.779e+04
 -6.921e+04 6.921e+04
 6.272e+04 -6.272e+04
 7.561e+04 -7.561e+04
 1906 -1906
 -1.101e+04 1.101e+04
 -4322 4322
 -1.064e+05 1.064e+05
 2.807e+04 -2.807e+04
 -4.426e+04 4.426e+04
 -5414 5414
 1.079e+04 -1.079e+04
 2.049e+04 -2.049e+04
 1.463e+04 -1.463e+04
 2.909e+04 -2.909e+04
 -5.427e+04 5.427e+04
 2.401e+05 -2.401e+05
 5.415e+04 -5.415e+04
 1.041e+04 -1.041e+04
 1.609e+04 -1.609e+04
 9.849e+04 -9.849e+04
 -9.522e+04 9.522e+04
 -2.936e+04 2.936e+04
 -2.003e+04 2.003e+04
 1416 -1416
 -2.524e+04 2.524e+04
 1.137e+05 -1.137e+05
 1.815e+04 -1.815e+04
 5.073e+04 -5.073e+04
 -8.484e+04 8.484e+04
 -4.661e+04 4.661e+04
 -5670 5670
 51.96 -51.96
 3.798e+04 -3.798e+04
 -2.265e+04 2.265e+04
 6.887e+04 -6.887e+04
 -4.458e+04 4.458e+04
 -1.853e+04 1.853e+04
 2525 -2525
 3.644e+04 -3.644e+04
 -7.339e+04 7.339e+04
 5.839e+04 -5.839e+04
 -4.647e+04 4.647e+04
 5.098e+04 -5.098e+04
 2.647e+04 -2.647e+04
 2924 -2924
 -3.517e+04 3.517e+04
 7021 -7021
 3.569e+04 -3.569e+04
 -3.981e+04 3.981e+04
 4.686e+04 -4.686e+04
 2.575e+04 -2.575e+04
 5916 -5916
 3.808e+04 -3.808e+04
 193.6 -193.6
 4.019e+04 -4.019e+04
 -6099 6099
 -1.389e+04 1.389e+04
 -1.601e+05 1.601e+05
 8649 -8649
 -4.944e+04 4.944e+04
 -4.317e+04 4.317e+04
 -2.671e+04 2.671e+04
 -3.078e+04 3.078e+04
 -3.632e+04 3.632e+04
 -1.462e+04 1.462e+04
 1.948e+04 -1.948e+04
 -1.171e+05 1.171e+05
 4.109e+04 -4.109e+04
 -6.146e+04 6.146e+04
 -2.478e+04 2.478e+04
 1.77e+04 -1.77e+04
 7.494e+04 -7.494e+04
 -2.756e+04 2.756e+04
 -1.668e+04 1.668e+04
 -5.714e+04 5.714e+04
 6.541e+04 -6.541e+04
 -2.93e+04 2.93e+04
 5.634e+04 -5.634e+04
 -2650 2650
 2.142e+04 -2.142e+04
 -7.063e+04 7.063e+04
 1.926e+04 -1.926e+04
 1.661e+04 -1.661e+04
 -4228 4228
 1.61e+05 -1.61e+05
 1.886e+05 -1.886e+05
 -7.272e+04 7.272e+04
 5.625e+04 -5.625e+04
 1.037e+04 -1.037e+04
 8.904e+04 -8.904e+04
 -675.9 675.9
 4.269e+04 -4.269e+04
 -3.765e+04 3.765e+04
 -5.914e+04 5.914e+04
 -9.312e+04 9.312e+04
 1.166e+04 -1.166e+04
 -5.322e+04 5.322e+04
 2.479e+04 -2.479e+04
 5.231e+04 -5.231e+04
 1.815e+04 -1.815e+04
 1.669e+05 -1.669e+05
 1.081e+05 -1.081e+05
 9333 -9333
 -5.567e+04 5.567e+04
 -4.436e+04 4.436e+04
 1.529e+04 -1.529e+04
 -1237 1237
 -5.264e+04 5.264e+04
 5.756e+04 -5.756e+04
 1.195e+04 -1.195e+04
 7.128e+04 -7.128e+04
 -1.033e+05 1.033e+05
 3.922e+04 -3.922e+04
 7.325e+04 -7.325e+04
 -1.067e+05 1.067e+05
 -2.218e+04 2.218e+04
 2.616e+04 -2.616e+04
 -4.589e+04 4.589e+04
 7.051e+04 -7.051e+04
 1.032e+04 -1.032e+04
 -2.204e+04 2.204e+04
 -1.467e+05 1.467e+05
 -2.997e+04 2.997e+04
 4.695e+04 -4.695e+04
 -7.055e+04 7.055e+04
 3158 -3158
 1.547e+05 -1.547e+05
 -2.67e+04 2.67e+04
 1.165e+05 -1.165e+05
 3.878e+04 -3.878e+04
 -2837 2837
 -3.726e+04 3.726e+04
 4.337e+04 -4.337e+04
 5.633e+04 -5.633e+04
 3.623e+04 -3.623e+04
 -5.008e+04 5.008e+04
 -1.919e+04 1.919e+04
 1.702e+04 -1.702e+04
 -8.769e+04 8.769e+04
 -2.132e+04 2.132e+04
 -5.537e+04 5.537e+04
 8.96e+04 -8.96e+04
 2.558e+04 -2.558e+04
 -9617 9617
 -4.788e+04 4.788e+04
 -5223 5223
 -1.834e+04 1.834e+04
 -7287 7287
 1.416e+05 -1.416e+05
 -1.992e+04 1.992e+04
 -1.072e+04 1.072e+04
 -2044 2044
 -3.72e+04 3.72e+04
 2.281e+04 -2.281e+04
 3.226e+04 -3.226e+04
 1.751e+04 -1.751e+04
 -1.914e+04 1.914e+04
 -4.693e+04 4.693e+04
 -3.194e+04 3.194e+04
 1.01e+04 -1.01e+04
 1.933e+04 -1.933e+04
 -9.194e+04 9.194e+04
 4.475e+04 -4.475e+04
 -4.26e+04 4.26e+04
 -6.01e+04 6.01e+04
 -6.221e+04 6.221e+04
 -2.98e+04 2.98e+04
 7.348e+04 -7.348e+04
 -3.473e+04 3.473e+04
 1.24e+04 -1.24e+04
 3.869e+04 -3.869e+04
 5.1e+04 -5.1e+04
 1.7e+04 -1.7e+04
 -7.684e+04 7.684e+04
 -2.614e+04 2.614e+04
 -2.951e+04 2.951e+04
 -7540 7540
 -5.485e+04 5.485e+04
 4.648e+04 -4.648e+04
 -2.645e+04 2.645e+04
 2553 -2553
 -4.951e+04 4.951e+04
 -3.778e+04 3.778e+04
 -3.005e+04 3.005e+04
 -1.266e+04 1.266e+04
 5.58e+04 -5.58e+04
 -3.719e+04 3.719e+04
 -9297 9297
 3.561e+04 -3.561e+04
 785 -785
 -2.857e+04 2.857e+04
 3396 -3396
 1.203e+05 -1.203e+05
 1.085e+04 -1.085e+04
 1.315e+04 -1.315e+04
 -1.7e+04 1.7e+04
 -1.07e+04 1.07e+04
 -1.734e+04 1.734e+04
 -5.228e+04 5.228e+04
 -8.884e+04 8.884e+04
 -2.605e+04 2.605e+04
 6.298e+04 -6.298e+04
 -1.389e+04 1.389e+04
 -2.389e+04 2.389e+04
 1.047e+04 -1.047e+04
 1.548e+04 -1.548e+04
 5.32e+04 -5.32e+04
 1.642e+05 -1.642e+05
 4.505e+04 -4.505e+04
 6.768e+04 -6.768e+04
 -1.819e+04 1.819e+04
 5.859e+04 -5.859e+04
 -5.307e+04 5.307e+04
 1.152e+05 -1.152e+05
 7.28e+04 -7.28e+04
 5.715e+04 -5.715e+04
 3.243e+04 -3.243e+04
 -5.571e+04 5.571e+04
 5.429e+04 -5.429e+04
 5.128e+04 -5.128e+04
 -4.957e+04 4.957e+04
 8.855e+04 -8.855e+04
 -7.906e+04 7.906e+04
 1.712e+05 -1.712e+05
 1749 -1749
 3.073e+04 -3.073e+04
 -3.024e+04 3.024e+04
 -4.344e+04 4.344e+04
 4.572e+04 -4.572e+04
 1.28e+05 -1.28e+05
 -1.336e+05 1.336e+05
 7.551e+04 -7.551e+04
 -3483 3483
 2585 -2585
 9.106e+04 -9.106e+04
 1.494e+04 -1.494e+04
 5.474e+04 -5.474e+04
 6.108e+04 -6.108e+04
 5824 -5824
 2.857e+04 -2.857e+04
 4.846e+04 -4.846e+04
 2.288e+04 -2.288e+04
 2.031e+04 -2.031e+04
 7.712e+04 -7.712e+04
 3827 -3827
 2.967e+04 -2.967e+04
 2.727e+04 -2.727e+04
 -1.998e+04 1.998e+04
 1.78e+04 -1.78e+04
 3.486e+04 -3.486e+04
 -5552 5552
 -2.215e+04 2.215e+04
 -8.319e+04 8.319e+04
 -3.184e+04 3.184e+04
 1.357e+05 -1.357e+05
 -3.189e+04 3.189e+04
 -6.577e+04 6.577e+04
 9.156e+04 -9.156e+04
 3.296e+04 -3.296e+04
 2.772e+04 -2.772e+04
 -4.206e+04 4.206e+04
 -2391 2391
 5.709e+04 -5.709e+04
 -4.819e+04 4.819e+04
 -500.2 500.2
 -2.468e+04 2.468e+04
 7.248e+04 -7.248e+04
 4.594e+04 -4.594e+04
 4.269e+04 -4.269e+04
 -6.178e+04 6.178e+04
 5191 -5191
 -3.156e+04 3.156e+04
 -2.133e+04 2.133e+04
 3.57e+04 -3.57e+04
 -4.891e+04 4.891e+04
 -4.647e+04 4.647e+04
 -1.249e+05 1.249e+05
 8.721e+04 -8.721e+04
 -5.503e+04 5.503e+04
 -2.101e+04 2.101e+04
 -3504 3504
 -5.728e+04 5.728e+04
 5.255e+04 -5.255e+04
 3.643e+04 -3.643e+04
 -6.634e+04 6.634e+04
 1.039e+04 -1.039e+04
 6.228e+04 -6.228e+04
 -3.108e+04 3.108e+04
 8986 -8986
 -4.759e+04 4.759e+04
 -5226 5226
 1.688e+04 -1.688e+04
 2533 -2533
 -7.503e+04 7.503e+04
 -9.132e+04 9.132e+04
 -9.55e+04 9.55e+04
 4.938e+04 -4.938e+04
 2.171e+04 -2.171e+04
 7.18e+04 -7.18e+04
 -5.685e+04 5.685e+04
 -2.199e+04 2.199e+04
 4.364e+04 -4.364e+04
 1.986e+04 -1.986e+04
 1.499e+04 -1.499e+04
 5.264e+04 -5.264e+04
 -1.113e+05 1.113e+05
 5755 -5755
 2.118e+04 -2.118e+04
 -7.359e+04 7.359e+04
 -1.237e+04 1.237e+04
 5.937e+04 -5.937e+04
 1.025e+05 -1.025e+05
 -9167 9167
 -3.969e+04 3.969e+04
 8.866e+04 -8.866e+04
 5.334e+04 -5.334e+04
 4.694e+04 -4.694e+04
 -3.12e+04 3.12e+04
 -4.19e+04 4.19e+04
 -5.097e+04 5.097e+04
 3121 -3121
 1.68e+04 -1.68e+04
 7.415e+04 -7.415e+04
 -1.054e+04 1.054e+04
 -3.987e+04 3.987e+04
 3.618e+04 -3.618e+04
 2.273e+04 -2.273e+04
 -5.659e+04 5.659e+04
 -2.034e+04 2.034e+04
 3.071e+04 -3.071e+04
 3.574e+04 -3.574e+04
 6599 -6599
 3.094e+04 -3.094e+04
 -5.816e+04 5.816e+04
 8.75e+04 -8.75e+04
 4.452e+04 -4.452e+04
 -9.357e+04 9.357e+04
 -4.082e+04 4.082e+04
 -7.826e+04 7.826e+04
 2.307e+04 -2.307e+04
 1.483e+04 -1.483e+04
 -3.209e+04 3.209e+04
 -7.89e+04 7.89e+04
 -3.771e+04 3.771e+04
 -3.595e+04 3.595e+04
 -7.666e+04 7.666e+04
 -1.273e+04 1.273e+04
 -7.57e+04 7.57e+04
 2.366e+04 -2.366e+04
 4.949e+04 -4.949e+04
 5584 -5584
 2.999e+04 -2.999e+04
 -4.511e+04 4.511e+04
 1.58e+04 -1.58e+04
 5.022e+04 -5.022e+04
 8.946e+04 -8.946e+04
 -2.624e+04 2.624e+04
 -4866 4866
 5.464e+04 -5.464e+04
 8.386e+04 -8.386e+04
 -2.03e+04 2.03e+04
 -7.79e+04 7.79e+04
 -3.441e+04 3.441e+04
 4.454e+04 -4.454e+04
 -4.703e+04 4.703e+04
 3.742e+04 -3.742e+04
 -3.869e+04 3.869e+04
 -2221 2221
 -1.215e+05 1.215e+05
 4121 -4121
 -7.528e+04 7.528e+04
 -1.227e+04 1.227e+04
 -3716 3716
 -1.6e+05 1.6e+05
 1.265e+04 -1.265e+04
 4.967e+04 -4.967e+04
 4.401e+04 -4.401e+04
 1.581e+04 -1.581e+04
 -3.683e+04 3.683e+04
 -3.436e+04 3.436e+04
 -3.757e+04 3.757e+04
 -3.518e+04 3.518e+04
 -3.983e+04 3.983e+04
 -3.926e+04 3.926e+04
 -4.791e+04 4.791e+04
 3759 -3759
 6.989e+04 -6.989e+04
 5.696e+04 -5.696e+04
 2563 -2563
 -1.205e+04 1.205e+04
 1.356e+04 -1.356e+04
 3.893e+04 -3.893e+04
 2.447e+04 -2.447e+04
 1.559e+04 -1.559e+04
 -7.916e+04 7.916e+04
 -1.515e+04 1.515e+04
 -3.393e+04 3.393e+04
 -4198 4198
 6.766e+04 -6.766e+04
 -7.373e+04 7.373e+04
 -3.604e+04 3.604e+04
 -5.227e+04 5.227e+04
 -7.144e+04 7.144e+04
 -1.021e+05 1.021e+05
 -9059 9059
 375.9 -375.9
 -4.26e+04 4.26e+04
 -3.972e+04 3.972e+04
 1.091e+05 -1.091e+05
 -9.601e+04 9.601e+04
 -4.502e+04 4.502e+04
 -2.91e+04 2.91e+04
 9710 -9710
 -6.051e+04 6.051e+04
 5.098e+04 -5.098e+04
 -4.668e+04 4.668e+04
 -5.186e+04 5.186e+04
 7.328e+04 -7.328e+04
 8.183e+04 -8.183e+04
 8.594e+04 -8.594e+04
 -3.277e+04 3.277e+04
 -7.709e+04 7.709e+04
 9.815e+04 -9.815e+04
 1.812e+04 -1.812e+04
 -5.765e+04 5.765e+04
 4.374e+04 -4.374e+04
 -7.599e+04 7.599e+04
 2.083e+04 -2.083e+04
 -3.682e+04 3.682e+04
 -4522 4522
 1.103e+05 -1.103e+05
 -2.552e+04 2.552e+04
 6.722e+04 -6.722e+04
 -1.971e+04 1.971e+04
 7.316e+04 -7.316e+04
 -1.009e+05 1.009e+05
 -6.863e+04 6.863e+04
 1.452e+04 -1.452e+04
 1.211e+05 -1.211e+05
 -3.669e+04 3.669e+04
 1.269e+04 -1.269e+04
 3.622e+04 -3.622e+04
 -7.244e+04 7.244e+04
 5.8e+04 -5.8e+04
 4.397e+04 -4.397e+04
 -4.607e+04 4.607e+04
 2.842e+04 -2.842e+04
 -4.486e+04 4.486e+04
 -1.375e+04 1.375e+04
 -3181 3181
 -1576 1576
 -2.9e+04 2.9e+04
 1.048e+04 -1.048e+04
 -4.367e+04 4.367e+04
 1.286e+05 -1.286e+05
 -5.76e+04 5.76e+04
 5.407e+04 -5.407e+04
 -2.486e+04 2.486e+04
 -1.941e+04 1.941e+04
 2445 -2445
 6.336e+04 -6.336e+04
 -3.614e+04 3.614e+04
 5.459e+04 -5.459e+04
 9509 -9509
 -6836 6836
 -4331 4331
 1.624e+04 -1.624e+04
 8.232e+04 -8.232e+04
 -1.552e+04 1.552e+04
 2.376e+04 -2.376e+04
 -4.913e+04 4.913e+04
 -5.511e+04 5.511e+04
 1.054e+05 -1.054e+05
 -2.48e+04 2.48e+04
 5.979e+04 -5.979e+04
 -1.122e+04 1.122e+04
 -2.475e+04 2.475e+04
 9711 -9711
 5.669e+04 -5.669e+04
 4.481e+04 -4.481e+04
 -6941 6941
 -4.221e+04 4.221e+04
 -6.149e+04 6.149e+04
 1.308e+04 -1.308e+04
 2.661e+04 -2.661e+04
 2.568e+04 -2.568e+04
 -1.015e+04 1.015e+04
 9.312e+04 -9.312e+04
 1.035e+05 -1.035e+05
 -1.122e+04 1.122e+04
 3927 -3927
 9.903e+04 -9.903e+04
 -1.312e+04 1.312e+04
 840.4 -840.4
 -5.793e+04 5.793e+04
 -1.221e+05 1.221e+05
 542.6 -542.6
 2.991e+04 -2.991e+04
 1.827e+04 -1.827e+04
 -4.334e+04 4.334e+04
 7.582e+04 -7.582e+04
 -4.667e+04 4.667e+04
 -2.995e+04 2.995e+04
 188.4 -188.4
 5603 -5603
 2.743e+04 -2.743e+04
 3.214e+04 -3.214e+04
 -9.597e+04 9.597e+04
 -2913 2913
 3.349e+04 -3.349e+04
 -1.074e+04 1.074e+04
 3.325e+04 -3.325e+04
 3.695e+04 -3.695e+04
 -9065 9065
 -4582 4582
 1.125e+05 -1.125e+05
 -1.294e+04 1.294e+04
 4.751e+04 -4.751e+04
 7.923e+04 -7.923e+04
 -6.729e+04 6.729e+04
 -4.26e+04 4.26e+04
 9529 -9529
 -3.605e+04 3.605e+04
 2.781e+04 -2.781e+04
 2.119e+04 -2.119e+04
 1.051e+04 -1.051e+04
 -5.663e+04 5.663e+04
 -2.021e+04 2.021e+04
 -2.647e+04 2.647e+04
 -2.006e+04 2.006e+04
 -2.135e+04 2.135e+04
 -4.783e+04 4.783e+04
 -7.332e+04 7.332e+04
 9.41e+04 -9.41e+04
 1.356e+05 -1.356e+05
 9.122e+04 -9.122e+04
 -5.577e+04 5.577e+04
 2.003e+04 -2.003e+04
 -677.7 677.7
 3.589e+04 -3.589e+04
 3.034e+04 -3.034e+04
 8.289e+04 -8.289e+04
 -1.651e+04 1.651e+04
 2.08e+04 -2.08e+04
 7.904e+04 -7.904e+04
 7385 -7385
 -2.624e+04 2.624e+04
 -1.84e+05 1.84e+05
 -7.44e+04 7.44e+04
 -6.848e+04 6.848e+04
 1.969e+04 -1.969e+04
 -6.993e+04 6.993e+04
 2168 -2168
 -1.257e+04 1.257e+04
 1.251e+04 -1.251e+04
 -7.157e+04 7.157e+04
 9637 -9637
 -4.385e+04 4.385e+04
 -9265 9265
 1.64e+04 -1.64e+04
 -4.745e+04 4.745e+04
 1.295e+05 -1.295e+05
 1.749e+04 -1.749e+04
 2.171e+04 -2.171e+04
 -5766 5766
 3485 -3485
 5330 -5330
 3011 -3011
 1.645e+04 -1.645e+04
 5.959e+04 -5.959e+04
 1228 -1228
 -1.772e+04 1.772e+04
 9758 -9758
 -2.216e+04 2.216e+04
 -1.095e+05 1.095e+05
 -3366 3366
 -4.085e+04 4.085e+04
 3.062e+04 -3.062e+04
 2.766e+04 -2.766e+04
 4.717e+04 -4.717e+04
 3.709e+04 -3.709e+04
 -9946 9946
 -3.903e+04 3.903e+04
 -1.089e+04 1.089e+04
 2.311e+04 -2.311e+04
 7879 -7879
 8257 -8257
 -1.102e+05 1.102e+05
 -2.074e+04 2.074e+04
 -1547 1547
 -5.127e+04 5.127e+04
 -7.342e+04 7.342e+04
 9.557e+04 -9.557e+04
 3.957e+04 -3.957e+04
 -7.302e+04 7.302e+04
 -1.909e+04 1.909e+04
 -4.139e+04 4.139e+04
 5.234e+04 -5.234e+04
 4.814e+04 -4.814e+04
 6.354e+04 -6.354e+04
 -1.04e+04 1.04e+04
 -1.001e+05 1.001e+05
 -5.307e+04 5.307e+04
 -7.886e+04 7.886e+04
 1.26e+05 -1.26e+05
 -1.896e+04 1.896e+04
 -2.176e+04 2.176e+04
 -4.862e+04 4.862e+04
 4.108e+04 -4.108e+04
 8.302e+04 -8.302e+04
 -3.33e+04 3.33e+04
 2.423e+04 -2.423e+04
 -1259 1259
 -5.693e+04 5.693e+04
 8.469e+04 -8.469e+04
 1.133e+04 -1.133e+04
 -1.176e+05 1.176e+05
 7.976e+04 -7.976e+04
 -5.609e+04 5.609e+04
 4.744e+04 -4.744e+04
 -1.754e+04 1.754e+04
 -1.301e+04 1.301e+04
 3154 -3154
 -2.513e+04 2.513e+04
 8.907e+04 -8.907e+04
 -5.433e+04 5.433e+04
 -1066 1066
 8.861e+04 -8.861e+04
 1.561e+04 -1.561e+04
 -7.906e+04 7.906e+04
 2.716e+04 -2.716e+04
 -7.763e+04 7.763e+04
 -5.358e+04 5.358e+04
 5.29e+04 -5.29e+04
 -6.707e+04 6.707e+04
 6118 -6118


