# Created by Octave 5.2.0, Fri Sep 25 00:31:11 2020 CEST <jiwidi@land>
# name: w
# type: matrix
# rows: 2001
# columns: 2
 0 0
 8235 -8235
 1069 -1069
 1.312e+04 -1.312e+04
 470.8 -470.8
 2199 -2199
 8939 -8939
 -2013 2013
 3599 -3599
 -977.6 977.6
 -2946 2946
 1105 -1105
 193.3 -193.3
 2084 -2084
 -2839 2839
 -6662 6662
 3375 -3375
 -6415 6415
 6990 -6990
 -407.5 407.5
 -1383 1383
 -7150 7150
 4852 -4852
 -196.5 196.5
 105 -105
 -5686 5686
 -81.89 81.89
 -1408 1408
 -2769 2769
 3517 -3517
 -6199 6199
 444.8 -444.8
 2382 -2382
 -244.7 244.7
 4370 -4370
 -1.317e+04 1.317e+04
 -1.222e+04 1.222e+04
 -4071 4071
 -6176 6176
 -2276 2276
 -214.3 214.3
 3678 -3678
 -2618 2618
 -6612 6612
 -3686 3686
 2972 -2972
 -5643 5643
 1.046e+04 -1.046e+04
 -373.6 373.6
 4319 -4319
 1947 -1947
 -2383 2383
 203.6 -203.6
 -7998 7998
 6918 -6918
 7003 -7003
 -1588 1588
 2603 -2603
 -717.5 717.5
 -9212 9212
 987.7 -987.7
 -2012 2012
 -557 557
 5349 -5349
 -4180 4180
 -1692 1692
 7354 -7354
 367.3 -367.3
 4445 -4445
 618.6 -618.6
 2540 -2540
 -1.121e+04 1.121e+04
 -1202 1202
 2864 -2864
 1.042e+04 -1.042e+04
 -5050 5050
 -2.251e+04 2.251e+04
 -6238 6238
 4887 -4887
 -8703 8703
 1543 -1543
 643.1 -643.1
 -6645 6645
 -2669 2669
 -90.61 90.61
 984.7 -984.7
 -1.049e+04 1.049e+04
 -1333 1333
 -3839 3839
 -4318 4318
 1322 -1322
 8126 -8126
 153.1 -153.1
 -510.4 510.4
 1.283e+04 -1.283e+04
 -818.3 818.3
 -1608 1608
 5051 -5051
 238.9 -238.9
 -887.4 887.4
 -58.58 58.58
 1191 -1191
 -4523 4523
 -2762 2762
 1118 -1118
 4879 -4879
 -3797 3797
 999.1 -999.1
 1182 -1182
 3446 -3446
 4743 -4743
 -784.8 784.8
 333.2 -333.2
 1341 -1341
 2300 -2300
 -3799 3799
 3509 -3509
 -2115 2115
 -5901 5901
 -3217 3217
 1346 -1346
 7767 -7767
 -1.704e+04 1.704e+04
 1010 -1010
 6163 -6163
 -1.353e+04 1.353e+04
 -2931 2931
 -2071 2071
 2899 -2899
 -633.1 633.1
 6837 -6837
 -4134 4134
 -618.2 618.2
 -3609 3609
 2816 -2816
 385.1 -385.1
 3981 -3981
 -1.55e+04 1.55e+04
 -1519 1519
 -1550 1550
 -251 251
 -1272 1272
 3574 -3574
 -1174 1174
 4622 -4622
 -1827 1827
 7585 -7585
 -1029 1029
 -5612 5612
 3484 -3484
 1773 -1773
 -8247 8247
 5569 -5569
 1.18e+04 -1.18e+04
 -457.7 457.7
 -2979 2979
 -2157 2157
 2589 -2589
 -6616 6616
 1010 -1010
 678.8 -678.8
 4239 -4239
 -5594 5594
 -7530 7530
 2648 -2648
 9834 -9834
 2027 -2027
 -1481 1481
 993.5 -993.5
 -3471 3471
 -1704 1704
 2253 -2253
 -4320 4320
 3589 -3589
 2840 -2840
 -551.5 551.5
 -4136 4136
 7728 -7728
 -1203 1203
 843.4 -843.4
 -660.1 660.1
 -6254 6254
 -9958 9958
 8417 -8417
 -662.1 662.1
 -2631 2631
 6644 -6644
 -3625 3625
 1574 -1574
 -7312 7312
 3433 -3433
 1359 -1359
 -1332 1332
 -1253 1253
 -4085 4085
 -4960 4960
 -1858 1858
 -5770 5770
 323.8 -323.8
 1.374e+04 -1.374e+04
 3625 -3625
 -4014 4014
 -8539 8539
 9177 -9177
 -3406 3406
 3092 -3092
 -2821 2821
 -2815 2815
 -1798 1798
 5832 -5832
 -1.93e+04 1.93e+04
 1207 -1207
 -5523 5523
 4593 -4593
 -4314 4314
 9764 -9764
 -1893 1893
 -3904 3904
 116.4 -116.4
 6057 -6057
 -2718 2718
 -1313 1313
 7387 -7387
 5020 -5020
 6477 -6477
 3790 -3790
 2870 -2870
 -372.3 372.3
 3187 -3187
 -7500 7500
 2426 -2426
 1.052e+04 -1.052e+04
 1101 -1101
 -7969 7969
 2803 -2803
 -1998 1998
 -2999 2999
 -6527 6527
 7314 -7314
 3535 -3535
 -8705 8705
 -2614 2614
 -3634 3634
 557.6 -557.6
 -4628 4628
 -6020 6020
 3372 -3372
 3506 -3506
 -1863 1863
 -7231 7231
 8557 -8557
 2252 -2252
 2353 -2353
 2643 -2643
 -1913 1913
 2725 -2725
 1481 -1481
 1.221e+04 -1.221e+04
 8501 -8501
 -751 751
 1.053e+04 -1.053e+04
 -2152 2152
 101.9 -101.9
 -3683 3683
 2590 -2590
 2220 -2220
 1124 -1124
 653.3 -653.3
 412.8 -412.8
 8548 -8548
 656.4 -656.4
 -5809 5809
 -5710 5710
 69.91 -69.91
 -810.7 810.7
 3294 -3294
 1925 -1925
 -83.55 83.55
 -6148 6148
 -276.8 276.8
 -5981 5981
 1440 -1440
 2691 -2691
 448.6 -448.6
 8310 -8310
 2577 -2577
 2239 -2239
 -2462 2462
 3238 -3238
 -9189 9189
 439.3 -439.3
 -1.426e+04 1.426e+04
 9795 -9795
 1617 -1617
 899 -899
 778.5 -778.5
 -1.286e+04 1.286e+04
 -1647 1647
 4555 -4555
 1645 -1645
 -4274 4274
 74.17 -74.17
 4649 -4649
 -8046 8046
 4575 -4575
 712.8 -712.8
 5411 -5411
 -833.2 833.2
 578.6 -578.6
 1951 -1951
 36.6 -36.6
 1.257e+04 -1.257e+04
 -7253 7253
 -9291 9291
 4540 -4540
 -5854 5854
 133.1 -133.1
 4876 -4876
 -976.8 976.8
 -935.3 935.3
 5105 -5105
 2.206e+04 -2.206e+04
 3661 -3661
 -441.5 441.5
 -4377 4377
 3251 -3251
 8161 -8161
 4451 -4451
 2918 -2918
 3012 -3012
 -7255 7255
 1284 -1284
 2311 -2311
 -5927 5927
 -3325 3325
 1027 -1027
 -338.8 338.8
 1.012e+04 -1.012e+04
 6404 -6404
 9184 -9184
 639 -639
 -3747 3747
 -1713 1713
 5902 -5902
 -2136 2136
 -3138 3138
 8740 -8740
 1574 -1574
 7602 -7602
 3082 -3082
 -2397 2397
 -204.8 204.8
 -1.091e+04 1.091e+04
 -2764 2764
 -2911 2911
 3867 -3867
 -3970 3970
 -2055 2055
 -442 442
 1.044e+04 -1.044e+04
 -7908 7908
 -3457 3457
 -5051 5051
 4583 -4583
 -1988 1988
 1699 -1699
 3430 -3430
 -9411 9411
 1282 -1282
 -1.162e+04 1.162e+04
 3783 -3783
 3467 -3467
 -2623 2623
 -1.18e+04 1.18e+04
 -1.055e+04 1.055e+04
 877.6 -877.6
 -1059 1059
 9269 -9269
 1438 -1438
 -1.357e+04 1.357e+04
 -4041 4041
 -4432 4432
 -770 770
 -3603 3603
 389.5 -389.5
 6143 -6143
 2721 -2721
 8853 -8853
 5864 -5864
 -4486 4486
 -605.9 605.9
 -538.5 538.5
 1121 -1121
 -1.114e+04 1.114e+04
 47.58 -47.58
 2091 -2091
 -2340 2340
 1997 -1997
 528.9 -528.9
 9015 -9015
 404.4 -404.4
 -5374 5374
 -4058 4058
 3363 -3363
 -2384 2384
 892.1 -892.1
 586.3 -586.3
 -247.8 247.8
 -2037 2037
 9860 -9860
 -3959 3959
 96.06 -96.06
 -1776 1776
 4371 -4371
 -7582 7582
 -367.9 367.9
 3211 -3211
 -1502 1502
 6954 -6954
 20.29 -20.29
 7884 -7884
 -5638 5638
 1.39e+04 -1.39e+04
 4017 -4017
 -4172 4172
 -2536 2536
 -4753 4753
 -813.9 813.9
 -253.8 253.8
 -1971 1971
 7675 -7675
 -3137 3137
 3934 -3934
 3288 -3288
 -5498 5498
 -1558 1558
 -2493 2493
 1834 -1834
 -1.26e+04 1.26e+04
 572.1 -572.1
 -6907 6907
 -1274 1274
 -1.499e+04 1.499e+04
 7113 -7113
 2799 -2799
 -6851 6851
 -4381 4381
 2504 -2504
 663.5 -663.5
 8953 -8953
 -2181 2181
 -849.6 849.6
 9278 -9278
 511.3 -511.3
 -1286 1286
 7959 -7959
 3364 -3364
 1.141e+04 -1.141e+04
 163 -163
 642.3 -642.3
 -1176 1176
 23.9 -23.9
 7388 -7388
 801.1 -801.1
 7327 -7327
 -1816 1816
 4947 -4947
 -2748 2748
 2301 -2301
 4771 -4771
 -4827 4827
 897.5 -897.5
 -824.4 824.4
 -5168 5168
 -253.2 253.2
 4826 -4826
 -4095 4095
 -534.8 534.8
 -5574 5574
 3802 -3802
 -983.2 983.2
 -5379 5379
 -159 159
 2737 -2737
 -2575 2575
 -16.34 16.34
 1521 -1521
 -9868 9868
 -189.5 189.5
 -4230 4230
 -6013 6013
 194.7 -194.7
 -1406 1406
 -3454 3454
 -917.4 917.4
 -8488 8488
 -5866 5866
 -1412 1412
 8771 -8771
 -1.456e+04 1.456e+04
 2322 -2322
 3395 -3395
 -8999 8999
 -755.2 755.2
 466.8 -466.8
 -8926 8926
 -7196 7196
 -1494 1494
 -1664 1664
 8548 -8548
 -869.2 869.2
 -3119 3119
 910.8 -910.8
 3362 -3362
 -5357 5357
 2434 -2434
 -5017 5017
 -652.4 652.4
 -2835 2835
 -8838 8838
 562.4 -562.4
 3887 -3887
 -7219 7219
 4410 -4410
 -9385 9385
 2550 -2550
 -3158 3158
 5689 -5689
 1041 -1041
 51.78 -51.78
 6919 -6919
 -1661 1661
 -4954 4954
 -389.3 389.3
 3760 -3760
 -1.272e+04 1.272e+04
 1.302e+04 -1.302e+04
 1078 -1078
 1.076e+04 -1.076e+04
 -589.3 589.3
 -5989 5989
 -4746 4746
 -4478 4478
 -4835 4835
 6452 -6452
 -1.036e+04 1.036e+04
 3868 -3868
 -4123 4123
 -6222 6222
 2374 -2374
 5710 -5710
 -2092 2092
 6247 -6247
 -4238 4238
 5848 -5848
 269.3 -269.3
 3270 -3270
 -6033 6033
 -218.3 218.3
 -2255 2255
 4258 -4258
 -173.3 173.3
 2189 -2189
 -2091 2091
 -4479 4479
 1158 -1158
 6539 -6539
 2405 -2405
 -3392 3392
 -5058 5058
 -396.5 396.5
 2068 -2068
 4616 -4616
 1.388e+04 -1.388e+04
 -5177 5177
 -2030 2030
 -630.7 630.7
 5456 -5456
 4678 -4678
 -243.8 243.8
 7144 -7144
 3923 -3923
 -812.8 812.8
 -4211 4211
 8603 -8603
 1.885e+04 -1.885e+04
 3149 -3149
 1170 -1170
 212.1 -212.1
 4158 -4158
 -2026 2026
 3345 -3345
 -4479 4479
 6005 -6005
 1567 -1567
 -7626 7626
 -3434 3434
 1580 -1580
 -373.9 373.9
 1470 -1470
 -5246 5246
 -2663 2663
 945 -945
 6511 -6511
 7213 -7213
 3181 -3181
 2.037e+04 -2.037e+04
 7876 -7876
 -1.307e+04 1.307e+04
 -1548 1548
 -380.8 380.8
 -1.308e+04 1.308e+04
 2318 -2318
 4608 -4608
 -4579 4579
 31.54 -31.54
 -5027 5027
 -2175 2175
 -4430 4430
 778.2 -778.2
 1221 -1221
 -3601 3601
 159.1 -159.1
 -2397 2397
 1165 -1165
 -297.7 297.7
 -5467 5467
 -1347 1347
 -3721 3721
 -1491 1491
 -467.4 467.4
 -9508 9508
 3314 -3314
 -3670 3670
 -2436 2436
 -8235 8235
 1329 -1329
 2594 -2594
 254 -254
 -4244 4244
 -1545 1545
 7421 -7421
 4798 -4798
 5407 -5407
 -1.042e+04 1.042e+04
 -4856 4856
 -2464 2464
 -2569 2569
 -969 969
 4705 -4705
 4582 -4582
 695.4 -695.4
 6708 -6708
 1.195e+04 -1.195e+04
 -3548 3548
 1923 -1923
 -4058 4058
 3511 -3511
 198.9 -198.9
 537.8 -537.8
 2541 -2541
 -1.042e+04 1.042e+04
 2550 -2550
 -1.602e+04 1.602e+04
 -3509 3509
 1911 -1911
 -6164 6164
 4034 -4034
 -481.2 481.2
 -7946 7946
 -2945 2945
 -2021 2021
 2487 -2487
 3882 -3882
 -1.059e+04 1.059e+04
 -9386 9386
 1547 -1547
 -1780 1780
 2143 -2143
 -5829 5829
 -2829 2829
 -3149 3149
 580.2 -580.2
 -3046 3046
 2510 -2510
 -7806 7806
 1170 -1170
 -1409 1409
 2874 -2874
 73.31 -73.31
 -6777 6777
 -4697 4697
 -4399 4399
 2077 -2077
 4976 -4976
 -6707 6707
 3264 -3264
 1951 -1951
 4789 -4789
 510.2 -510.2
 -3345 3345
 597 -597
 8600 -8600
 105.6 -105.6
 -3412 3412
 4197 -4197
 -4590 4590
 1471 -1471
 -7183 7183
 -225.5 225.5
 -3692 3692
 1.095e+04 -1.095e+04
 2437 -2437
 6897 -6897
 1.082e+04 -1.082e+04
 -4508 4508
 2.855e+04 -2.855e+04
 -1410 1410
 -2239 2239
 1760 -1760
 -136.1 136.1
 -6499 6499
 -7612 7612
 -7146 7146
 2991 -2991
 -5025 5025
 -5680 5680
 6222 -6222
 -4949 4949
 9710 -9710
 -1703 1703
 5525 -5525
 659 -659
 3047 -3047
 -1395 1395
 -2150 2150
 -9439 9439
 -3264 3264
 -6663 6663
 2467 -2467
 2060 -2060
 -7675 7675
 1.029e+04 -1.029e+04
 1138 -1138
 1025 -1025
 449.8 -449.8
 7117 -7117
 -517.6 517.6
 9921 -9921
 2155 -2155
 4444 -4444
 1.236e+04 -1.236e+04
 -5100 5100
 -2181 2181
 -273.7 273.7
 -2443 2443
 -5775 5775
 -2061 2061
 6560 -6560
 8237 -8237
 -3844 3844
 -5168 5168
 -7262 7262
 -2429 2429
 -4337 4337
 1247 -1247
 -2738 2738
 4671 -4671
 5124 -5124
 -1.996e+04 1.996e+04
 8048 -8048
 -5359 5359
 228.4 -228.4
 -7438 7438
 7304 -7304
 -537.8 537.8
 -7477 7477
 -6306 6306
 -1072 1072
 5400 -5400
 -3783 3783
 6201 -6201
 2913 -2913
 -8060 8060
 4112 -4112
 -405.2 405.2
 7260 -7260
 902.8 -902.8
 -3227 3227
 -7085 7085
 1.06e+04 -1.06e+04
 300.5 -300.5
 3779 -3779
 -1786 1786
 -1644 1644
 -630.5 630.5
 -1725 1725
 -2528 2528
 -450.4 450.4
 6597 -6597
 8858 -8858
 -1073 1073
 3709 -3709
 1.557e+04 -1.557e+04
 4568 -4568
 1769 -1769
 -1275 1275
 -302.9 302.9
 488.4 -488.4
 7124 -7124
 8015 -8015
 1.298e+04 -1.298e+04
 1280 -1280
 990.2 -990.2
 6576 -6576
 -3257 3257
 -1856 1856
 2064 -2064
 -801.8 801.8
 3568 -3568
 1530 -1530
 4077 -4077
 8907 -8907
 -1033 1033
 2272 -2272
 -3477 3477
 -2334 2334
 -4104 4104
 5709 -5709
 -399 399
 2295 -2295
 7418 -7418
 576 -576
 3866 -3866
 -2822 2822
 -4539 4539
 -5120 5120
 3954 -3954
 541.9 -541.9
 -8388 8388
 2638 -2638
 -2430 2430
 -877.4 877.4
 6483 -6483
 -401.4 401.4
 -7841 7841
 784 -784
 7650 -7650
 -5012 5012
 5321 -5321
 -4289 4289
 7571 -7571
 -3269 3269
 -2788 2788
 864.6 -864.6
 425.8 -425.8
 4420 -4420
 -6501 6501
 1582 -1582
 -5509 5509
 -5000 5000
 -251.1 251.1
 393.8 -393.8
 -2607 2607
 6679 -6679
 -1542 1542
 -1764 1764
 3597 -3597
 5748 -5748
 730.1 -730.1
 4453 -4453
 2402 -2402
 923.1 -923.1
 5489 -5489
 -2521 2521
 3508 -3508
 -6357 6357
 3619 -3619
 6801 -6801
 -3007 3007
 8464 -8464
 8802 -8802
 -4313 4313
 8052 -8052
 892.5 -892.5
 1.139e+04 -1.139e+04
 3769 -3769
 -849.1 849.1
 -3865 3865
 -2968 2968
 -1996 1996
 -7914 7914
 2686 -2686
 3843 -3843
 2451 -2451
 3096 -3096
 1.45e+04 -1.45e+04
 -4551 4551
 -2680 2680
 -1619 1619
 -4764 4764
 1281 -1281
 -4900 4900
 1763 -1763
 -8885 8885
 6636 -6636
 8279 -8279
 -4226 4226
 -46.51 46.51
 -34.24 34.24
 1.226e+04 -1.226e+04
 249.5 -249.5
 6461 -6461
 5049 -5049
 -6503 6503
 -2610 2610
 5297 -5297
 7583 -7583
 7633 -7633
 -1.217e+04 1.217e+04
 4330 -4330
 -2751 2751
 3295 -3295
 -4373 4373
 -7285 7285
 -67.37 67.37
 1479 -1479
 916.5 -916.5
 1147 -1147
 -1.154e+04 1.154e+04
 -1876 1876
 2776 -2776
 433 -433
 -1126 1126
 3155 -3155
 2936 -2936
 -4304 4304
 7860 -7860
 842.3 -842.3
 3582 -3582
 4324 -4324
 2443 -2443
 -1485 1485
 1819 -1819
 3940 -3940
 -772.1 772.1
 -3444 3444
 -5217 5217
 1642 -1642
 -1475 1475
 196.6 -196.6
 -6064 6064
 -625.7 625.7
 -6422 6422
 1592 -1592
 -7457 7457
 -1571 1571
 604.6 -604.6
 4391 -4391
 3167 -3167
 -3024 3024
 -1.163e+04 1.163e+04
 7528 -7528
 7885 -7885
 -3351 3351
 3438 -3438
 -1.09e+04 1.09e+04
 -7300 7300
 3676 -3676
 -3503 3503
 852.8 -852.8
 1.451e+04 -1.451e+04
 -1436 1436
 1508 -1508
 4222 -4222
 2676 -2676
 2366 -2366
 3895 -3895
 -575.7 575.7
 -2012 2012
 400.2 -400.2
 -2054 2054
 -7819 7819
 -2534 2534
 2452 -2452
 5319 -5319
 -4283 4283
 -2468 2468
 -192.1 192.1
 -340.5 340.5
 724 -724
 5362 -5362
 -3878 3878
 5111 -5111
 -465.3 465.3
 2834 -2834
 -536.4 536.4
 -1.486e+04 1.486e+04
 -1301 1301
 1411 -1411
 -3774 3774
 1057 -1057
 -1393 1393
 -311.4 311.4
 1.5e+04 -1.5e+04
 -3686 3686
 822.1 -822.1
 -5843 5843
 -6168 6168
 -391.3 391.3
 4382 -4382
 2266 -2266
 944.8 -944.8
 3788 -3788
 3908 -3908
 2722 -2722
 -4110 4110
 5522 -5522
 -4770 4770
 4506 -4506
 697.4 -697.4
 -1.022e+04 1.022e+04
 1342 -1342
 244.6 -244.6
 -9310 9310
 -7514 7514
 -6616 6616
 1070 -1070
 3652 -3652
 -5612 5612
 -2422 2422
 3744 -3744
 747.6 -747.6
 -2392 2392
 1527 -1527
 -9960 9960
 -5439 5439
 2646 -2646
 -7715 7715
 -2506 2506
 3099 -3099
 -5110 5110
 -2048 2048
 -1719 1719
 -7835 7835
 -1972 1972
 -2684 2684
 -344.3 344.3
 7267 -7267
 7030 -7030
 -5302 5302
 2642 -2642
 4556 -4556
 -7079 7079
 -4797 4797
 -7833 7833
 1837 -1837
 2515 -2515
 -1675 1675
 -1.065e+04 1.065e+04
 -4799 4799
 6839 -6839
 5089 -5089
 -8806 8806
 2548 -2548
 -1.581e+04 1.581e+04
 -375.4 375.4
 8944 -8944
 -3774 3774
 -1974 1974
 -114.4 114.4
 5628 -5628
 1513 -1513
 1.715e+04 -1.715e+04
 4341 -4341
 8915 -8915
 -1.114e+04 1.114e+04
 6751 -6751
 536.4 -536.4
 172 -172
 7350 -7350
 5309 -5309
 -4966 4966
 -8404 8404
 -2170 2170
 6485 -6485
 3430 -3430
 13.69 -13.69
 402.2 -402.2
 -6616 6616
 -298.3 298.3
 -1704 1704
 -294.2 294.2
 1226 -1226
 3380 -3380
 1.127e+04 -1.127e+04
 -1.138e+04 1.138e+04
 -2701 2701
 664.3 -664.3
 4508 -4508
 -1.186e+04 1.186e+04
 5808 -5808
 1363 -1363
 -3905 3905
 -3681 3681
 -3242 3242
 1617 -1617
 -3472 3472
 -3014 3014
 -737.3 737.3
 4405 -4405
 1202 -1202
 2550 -2550
 -3572 3572
 6815 -6815
 760.6 -760.6
 -637.4 637.4
 7253 -7253
 -1537 1537
 -790.3 790.3
 1557 -1557
 -1530 1530
 -75.6 75.6
 -3420 3420
 -3044 3044
 -363 363
 -4039 4039
 -874.6 874.6
 -2044 2044
 -2947 2947
 -3045 3045
 -2535 2535
 3054 -3054
 -1809 1809
 2143 -2143
 -1.33e+04 1.33e+04
 4049 -4049
 -2511 2511
 -3044 3044
 2985 -2985
 -1321 1321
 -300.1 300.1
 2500 -2500
 -3882 3882
 8592 -8592
 485.3 -485.3
 -4854 4854
 4718 -4718
 -6278 6278
 2337 -2337
 -2081 2081
 1614 -1614
 -1.103e+04 1.103e+04
 -3725 3725
 8570 -8570
 647.1 -647.1
 4564 -4564
 5929 -5929
 -1795 1795
 -3100 3100
 4503 -4503
 -1.198e+04 1.198e+04
 -1921 1921
 1411 -1411
 1808 -1808
 -77.36 77.36
 -670.4 670.4
 910 -910
 -7314 7314
 -7686 7686
 4272 -4272
 -2569 2569
 2959 -2959
 301.9 -301.9
 -2620 2620
 -8610 8610
 1.235e+04 -1.235e+04
 -7828 7828
 3732 -3732
 -3965 3965
 2869 -2869
 -1758 1758
 388.1 -388.1
 -788.2 788.2
 9492 -9492
 864 -864
 -629.6 629.6
 4133 -4133
 1.235e+04 -1.235e+04
 -3898 3898
 -123.9 123.9
 7009 -7009
 486.5 -486.5
 -5524 5524
 1854 -1854
 2678 -2678
 -1.391e+04 1.391e+04
 -3797 3797
 822.2 -822.2
 -1.598e+04 1.598e+04
 -1750 1750
 1721 -1721
 283.4 -283.4
 4463 -4463
 -1407 1407
 -2992 2992
 -2261 2261
 2104 -2104
 -1165 1165
 382.9 -382.9
 -4121 4121
 -879.2 879.2
 9468 -9468
 -1058 1058
 1.197e+04 -1.197e+04
 -147.9 147.9
 -6801 6801
 302 -302
 -7693 7693
 7813 -7813
 -5990 5990
 -1041 1041
 5328 -5328
 3223 -3223
 -1892 1892
 -9259 9259
 -7362 7362
 -1992 1992
 3077 -3077
 -5037 5037
 -2229 2229
 -2591 2591
 -556.2 556.2
 835 -835
 -4433 4433
 1.059e+04 -1.059e+04
 -8725 8725
 1.119e+04 -1.119e+04
 2287 -2287
 -2061 2061
 -3739 3739
 3229 -3229
 695.3 -695.3
 1907 -1907
 -7408 7408
 -1.062e+04 1.062e+04
 -4172 4172
 8806 -8806
 -5790 5790
 -1222 1222
 -3969 3969
 173.9 -173.9
 -2763 2763
 4159 -4159
 -3943 3943
 -1673 1673
 1160 -1160
 1525 -1525
 -1525 1525
 4577 -4577
 5094 -5094
 1217 -1217
 -1412 1412
 -1492 1492
 2483 -2483
 1558 -1558
 5574 -5574
 -4350 4350
 -1783 1783
 -1349 1349
 7351 -7351
 -445.5 445.5
 1941 -1941
 6095 -6095
 -111.8 111.8
 1564 -1564
 -2643 2643
 -1737 1737
 -9418 9418
 1070 -1070
 -5104 5104
 -1777 1777
 5610 -5610
 -3269 3269
 4738 -4738
 3127 -3127
 -6686 6686
 -9199 9199
 4069 -4069
 -6419 6419
 2420 -2420
 -4208 4208
 -2286 2286
 7831 -7831
 1.38e+04 -1.38e+04
 7911 -7911
 -3056 3056
 1.309e+04 -1.309e+04
 -3541 3541
 3810 -3810
 -6807 6807
 -2236 2236
 8711 -8711
 -4029 4029
 -2840 2840
 1495 -1495
 -1652 1652
 -295.1 295.1
 -1426 1426
 -2050 2050
 2173 -2173
 -8260 8260
 -3134 3134
 -4236 4236
 2042 -2042
 7581 -7581
 828.5 -828.5
 2722 -2722
 4603 -4603
 7810 -7810
 3658 -3658
 -7216 7216
 252.6 -252.6
 -2779 2779
 1661 -1661
 -2561 2561
 5542 -5542
 -1.312e+04 1.312e+04
 3683 -3683
 6631 -6631
 -6091 6091
 3582 -3582
 6053 -6053
 271.3 -271.3
 -1462 1462
 1157 -1157
 4616 -4616
 -1.133e+04 1.133e+04
 4910 -4910
 -1.859e+04 1.859e+04
 1.347e+04 -1.347e+04
 -3058 3058
 -1.473e+04 1.473e+04
 3818 -3818
 862.6 -862.6
 -3808 3808
 1821 -1821
 -1635 1635
 -1296 1296
 -9521 9521
 1658 -1658
 240.7 -240.7
 9222 -9222
 -1204 1204
 7640 -7640
 7110 -7110
 3462 -3462
 5105 -5105
 1555 -1555
 -375.9 375.9
 3309 -3309
 -336.8 336.8
 -3968 3968
 -5432 5432
 -5779 5779
 -6921 6921
 6272 -6272
 7561 -7561
 190.6 -190.6
 -1101 1101
 -432.2 432.2
 -1.064e+04 1.064e+04
 2807 -2807
 -4426 4426
 -541.4 541.4
 1079 -1079
 2049 -2049
 1463 -1463
 2909 -2909
 -5427 5427
 2.401e+04 -2.401e+04
 5415 -5415
 1041 -1041
 1609 -1609
 9849 -9849
 -9522 9522
 -2936 2936
 -2003 2003
 141.6 -141.6
 -2524 2524
 1.137e+04 -1.137e+04
 1815 -1815
 5073 -5073
 -8484 8484
 -4661 4661
 -567 567
 5.196 -5.196
 3798 -3798
 -2265 2265
 6887 -6887
 -4458 4458
 -1853 1853
 252.5 -252.5
 3644 -3644
 -7339 7339
 5839 -5839
 -4647 4647
 5098 -5098
 2647 -2647
 292.4 -292.4
 -3517 3517
 702.1 -702.1
 3569 -3569
 -3981 3981
 4686 -4686
 2575 -2575
 591.6 -591.6
 3808 -3808
 19.36 -19.36
 4019 -4019
 -609.9 609.9
 -1389 1389
 -1.601e+04 1.601e+04
 864.9 -864.9
 -4944 4944
 -4317 4317
 -2671 2671
 -3078 3078
 -3632 3632
 -1462 1462
 1948 -1948
 -1.171e+04 1.171e+04
 4109 -4109
 -6146 6146
 -2478 2478
 1770 -1770
 7494 -7494
 -2756 2756
 -1668 1668
 -5714 5714
 6541 -6541
 -2930 2930
 5634 -5634
 -265 265
 2142 -2142
 -7063 7063
 1926 -1926
 1661 -1661
 -422.8 422.8
 1.61e+04 -1.61e+04
 1.886e+04 -1.886e+04
 -7272 7272
 5625 -5625
 1037 -1037
 8904 -8904
 -67.59 67.59
 4269 -4269
 -3765 3765
 -5914 5914
 -9312 9312
 1166 -1166
 -5322 5322
 2479 -2479
 5231 -5231
 1815 -1815
 1.669e+04 -1.669e+04
 1.081e+04 -1.081e+04
 933.3 -933.3
 -5567 5567
 -4436 4436
 1529 -1529
 -123.7 123.7
 -5264 5264
 5756 -5756
 1195 -1195
 7128 -7128
 -1.033e+04 1.033e+04
 3922 -3922
 7325 -7325
 -1.067e+04 1.067e+04
 -2218 2218
 2616 -2616
 -4589 4589
 7051 -7051
 1032 -1032
 -2204 2204
 -1.467e+04 1.467e+04
 -2997 2997
 4695 -4695
 -7055 7055
 315.8 -315.8
 1.547e+04 -1.547e+04
 -2670 2670
 1.165e+04 -1.165e+04
 3878 -3878
 -283.7 283.7
 -3726 3726
 4337 -4337
 5633 -5633
 3623 -3623
 -5008 5008
 -1919 1919
 1702 -1702
 -8769 8769
 -2132 2132
 -5537 5537
 8960 -8960
 2558 -2558
 -961.7 961.7
 -4788 4788
 -522.3 522.3
 -1834 1834
 -728.7 728.7
 1.416e+04 -1.416e+04
 -1992 1992
 -1072 1072
 -204.4 204.4
 -3720 3720
 2281 -2281
 3226 -3226
 1751 -1751
 -1914 1914
 -4693 4693
 -3194 3194
 1010 -1010
 1933 -1933
 -9194 9194
 4475 -4475
 -4260 4260
 -6010 6010
 -6221 6221
 -2980 2980
 7348 -7348
 -3473 3473
 1240 -1240
 3869 -3869
 5100 -5100
 1700 -1700
 -7684 7684
 -2614 2614
 -2951 2951
 -754 754
 -5485 5485
 4648 -4648
 -2645 2645
 255.3 -255.3
 -4951 4951
 -3778 3778
 -3005 3005
 -1266 1266
 5580 -5580
 -3719 3719
 -929.7 929.7
 3561 -3561
 78.5 -78.5
 -2857 2857
 339.6 -339.6
 1.203e+04 -1.203e+04
 1085 -1085
 1315 -1315
 -1700 1700
 -1070 1070
 -1734 1734
 -5228 5228
 -8884 8884
 -2605 2605
 6298 -6298
 -1389 1389
 -2389 2389
 1047 -1047
 1548 -1548
 5320 -5320
 1.642e+04 -1.642e+04
 4505 -4505
 6768 -6768
 -1819 1819
 5859 -5859
 -5307 5307
 1.152e+04 -1.152e+04
 7280 -7280
 5715 -5715
 3243 -3243
 -5571 5571
 5429 -5429
 5128 -5128
 -4957 4957
 8855 -8855
 -7906 7906
 1.712e+04 -1.712e+04
 174.9 -174.9
 3073 -3073
 -3024 3024
 -4344 4344
 4572 -4572
 1.28e+04 -1.28e+04
 -1.336e+04 1.336e+04
 7551 -7551
 -348.3 348.3
 258.5 -258.5
 9106 -9106
 1494 -1494
 5474 -5474
 6108 -6108
 582.4 -582.4
 2857 -2857
 4846 -4846
 2288 -2288
 2031 -2031
 7712 -7712
 382.7 -382.7
 2967 -2967
 2727 -2727
 -1998 1998
 1780 -1780
 3486 -3486
 -555.2 555.2
 -2215 2215
 -8319 8319
 -3184 3184
 1.357e+04 -1.357e+04
 -3189 3189
 -6577 6577
 9156 -9156
 3296 -3296
 2772 -2772
 -4206 4206
 -239.1 239.1
 5709 -5709
 -4819 4819
 -50.02 50.02
 -2468 2468
 7248 -7248
 4594 -4594
 4269 -4269
 -6178 6178
 519.1 -519.1
 -3156 3156
 -2133 2133
 3570 -3570
 -4891 4891
 -4647 4647
 -1.249e+04 1.249e+04
 8721 -8721
 -5503 5503
 -2101 2101
 -350.4 350.4
 -5728 5728
 5255 -5255
 3643 -3643
 -6634 6634
 1039 -1039
 6228 -6228
 -3108 3108
 898.6 -898.6
 -4759 4759
 -522.6 522.6
 1688 -1688
 253.3 -253.3
 -7503 7503
 -9132 9132
 -9550 9550
 4938 -4938
 2171 -2171
 7180 -7180
 -5685 5685
 -2199 2199
 4364 -4364
 1986 -1986
 1499 -1499
 5264 -5264
 -1.113e+04 1.113e+04
 575.5 -575.5
 2118 -2118
 -7359 7359
 -1237 1237
 5937 -5937
 1.025e+04 -1.025e+04
 -916.7 916.7
 -3969 3969
 8866 -8866
 5334 -5334
 4694 -4694
 -3120 3120
 -4190 4190
 -5097 5097
 312.1 -312.1
 1680 -1680
 7415 -7415
 -1054 1054
 -3987 3987
 3618 -3618
 2273 -2273
 -5659 5659
 -2034 2034
 3071 -3071
 3574 -3574
 659.9 -659.9
 3094 -3094
 -5816 5816
 8750 -8750
 4452 -4452
 -9357 9357
 -4082 4082
 -7826 7826
 2307 -2307
 1483 -1483
 -3209 3209
 -7890 7890
 -3771 3771
 -3595 3595
 -7666 7666
 -1273 1273
 -7570 7570
 2366 -2366
 4949 -4949
 558.4 -558.4
 2999 -2999
 -4511 4511
 1580 -1580
 5022 -5022
 8946 -8946
 -2624 2624
 -486.6 486.6
 5464 -5464
 8386 -8386
 -2030 2030
 -7790 7790
 -3441 3441
 4454 -4454
 -4703 4703
 3742 -3742
 -3869 3869
 -222.1 222.1
 -1.215e+04 1.215e+04
 412.1 -412.1
 -7528 7528
 -1227 1227
 -371.6 371.6
 -1.6e+04 1.6e+04
 1265 -1265
 4967 -4967
 4401 -4401
 1581 -1581
 -3683 3683
 -3436 3436
 -3757 3757
 -3518 3518
 -3983 3983
 -3926 3926
 -4791 4791
 375.9 -375.9
 6989 -6989
 5696 -5696
 256.3 -256.3
 -1205 1205
 1356 -1356
 3893 -3893
 2447 -2447
 1559 -1559
 -7916 7916
 -1515 1515
 -3393 3393
 -419.8 419.8
 6766 -6766
 -7373 7373
 -3604 3604
 -5227 5227
 -7144 7144
 -1.021e+04 1.021e+04
 -905.9 905.9
 37.59 -37.59
 -4260 4260
 -3972 3972
 1.091e+04 -1.091e+04
 -9601 9601
 -4502 4502
 -2910 2910
 971 -971
 -6051 6051
 5098 -5098
 -4668 4668
 -5186 5186
 7328 -7328
 8183 -8183
 8594 -8594
 -3277 3277
 -7709 7709
 9815 -9815
 1812 -1812
 -5765 5765
 4374 -4374
 -7599 7599
 2083 -2083
 -3682 3682
 -452.2 452.2
 1.103e+04 -1.103e+04
 -2552 2552
 6722 -6722
 -1971 1971
 7316 -7316
 -1.009e+04 1.009e+04
 -6863 6863
 1452 -1452
 1.211e+04 -1.211e+04
 -3669 3669
 1269 -1269
 3622 -3622
 -7244 7244
 5800 -5800
 4397 -4397
 -4607 4607
 2842 -2842
 -4486 4486
 -1375 1375
 -318.1 318.1
 -157.6 157.6
 -2900 2900
 1048 -1048
 -4367 4367
 1.286e+04 -1.286e+04
 -5760 5760
 5407 -5407
 -2486 2486
 -1941 1941
 244.5 -244.5
 6336 -6336
 -3614 3614
 5459 -5459
 950.9 -950.9
 -683.6 683.6
 -433.1 433.1
 1624 -1624
 8232 -8232
 -1552 1552
 2376 -2376
 -4913 4913
 -5511 5511
 1.054e+04 -1.054e+04
 -2480 2480
 5979 -5979
 -1122 1122
 -2475 2475
 971.1 -971.1
 5669 -5669
 4481 -4481
 -694.1 694.1
 -4221 4221
 -6149 6149
 1308 -1308
 2661 -2661
 2568 -2568
 -1015 1015
 9312 -9312
 1.035e+04 -1.035e+04
 -1122 1122
 392.7 -392.7
 9903 -9903
 -1312 1312
 84.04 -84.04
 -5793 5793
 -1.221e+04 1.221e+04
 54.26 -54.26
 2991 -2991
 1827 -1827
 -4334 4334
 7582 -7582
 -4667 4667
 -2995 2995
 18.84 -18.84
 560.3 -560.3
 2743 -2743
 3214 -3214
 -9597 9597
 -291.3 291.3
 3349 -3349
 -1074 1074
 3325 -3325
 3695 -3695
 -906.5 906.5
 -458.2 458.2
 1.125e+04 -1.125e+04
 -1294 1294
 4751 -4751
 7923 -7923
 -6729 6729
 -4260 4260
 952.9 -952.9
 -3605 3605
 2781 -2781
 2119 -2119
 1051 -1051
 -5663 5663
 -2021 2021
 -2647 2647
 -2006 2006
 -2135 2135
 -4783 4783
 -7332 7332
 9410 -9410
 1.356e+04 -1.356e+04
 9122 -9122
 -5577 5577
 2003 -2003
 -67.77 67.77
 3589 -3589
 3034 -3034
 8289 -8289
 -1651 1651
 2080 -2080
 7904 -7904
 738.5 -738.5
 -2624 2624
 -1.84e+04 1.84e+04
 -7440 7440
 -6848 6848
 1969 -1969
 -6993 6993
 216.8 -216.8
 -1257 1257
 1251 -1251
 -7157 7157
 963.7 -963.7
 -4385 4385
 -926.5 926.5
 1640 -1640
 -4745 4745
 1.295e+04 -1.295e+04
 1749 -1749
 2171 -2171
 -576.6 576.6
 348.5 -348.5
 533 -533
 301.1 -301.1
 1645 -1645
 5959 -5959
 122.8 -122.8
 -1772 1772
 975.8 -975.8
 -2216 2216
 -1.095e+04 1.095e+04
 -336.6 336.6
 -4085 4085
 3062 -3062
 2766 -2766
 4717 -4717
 3709 -3709
 -994.6 994.6
 -3903 3903
 -1089 1089
 2311 -2311
 787.9 -787.9
 825.7 -825.7
 -1.102e+04 1.102e+04
 -2074 2074
 -154.7 154.7
 -5127 5127
 -7342 7342
 9557 -9557
 3957 -3957
 -7302 7302
 -1909 1909
 -4139 4139
 5234 -5234
 4814 -4814
 6354 -6354
 -1040 1040
 -1.001e+04 1.001e+04
 -5307 5307
 -7886 7886
 1.26e+04 -1.26e+04
 -1896 1896
 -2176 2176
 -4862 4862
 4108 -4108
 8302 -8302
 -3330 3330
 2423 -2423
 -125.9 125.9
 -5693 5693
 8469 -8469
 1133 -1133
 -1.176e+04 1.176e+04
 7976 -7976
 -5609 5609
 4744 -4744
 -1754 1754
 -1301 1301
 315.4 -315.4
 -2513 2513
 8907 -8907
 -5433 5433
 -106.6 106.6
 8861 -8861
 1561 -1561
 -7906 7906
 2716 -2716
 -7763 7763
 -5358 5358
 5290 -5290
 -6707 6707
 611.8 -611.8


