# Created by Octave 5.2.0, Fri Sep 25 00:47:01 2020 CEST <jiwidi@land>
# name: w
# type: matrix
# rows: 2001
# columns: 2
 0 0
 8.124e+05 -8.124e+05
 9.491e+04 -9.491e+04
 1.267e+06 -1.267e+06
 4.217e+04 -4.217e+04
 1.747e+05 -1.747e+05
 8.372e+05 -8.372e+05
 -1.842e+05 1.842e+05
 3.473e+05 -3.473e+05
 -9.687e+04 9.687e+04
 -2.953e+05 2.953e+05
 1.029e+05 -1.029e+05
 3.611e+04 -3.611e+04
 1.908e+05 -1.908e+05
 -2.033e+05 2.033e+05
 -6.756e+05 6.756e+05
 3.303e+05 -3.303e+05
 -6.432e+05 6.432e+05
 6.681e+05 -6.681e+05
 -3.432e+04 3.432e+04
 -1.484e+05 1.484e+05
 -7.268e+05 7.268e+05
 4.993e+05 -4.993e+05
 -2.195e+04 2.195e+04
 6987 -6987
 -5.278e+05 5.278e+05
 3927 -3927
 -1.746e+05 1.746e+05
 -2.667e+05 2.667e+05
 3.724e+05 -3.724e+05
 -6.443e+05 6.443e+05
 5.144e+04 -5.144e+04
 2.104e+05 -2.104e+05
 -5.931e+04 5.931e+04
 4.409e+05 -4.409e+05
 -1.276e+06 1.276e+06
 -1.202e+06 1.202e+06
 -3.896e+05 3.896e+05
 -6.052e+05 6.052e+05
 -2.266e+05 2.266e+05
 -153.8 153.8
 3.732e+05 -3.732e+05
 -2.561e+05 2.561e+05
 -6.267e+05 6.267e+05
 -3.731e+05 3.731e+05
 3.187e+05 -3.187e+05
 -5.671e+05 5.671e+05
 1.003e+06 -1.003e+06
 -2.793e+04 2.793e+04
 4.289e+05 -4.289e+05
 2.005e+05 -2.005e+05
 -2.543e+05 2.543e+05
 1.333e+04 -1.333e+04
 -8.067e+05 8.067e+05
 7.216e+05 -7.216e+05
 7.258e+05 -7.258e+05
 -1.461e+05 1.461e+05
 2.814e+05 -2.814e+05
 -8.002e+04 8.002e+04
 -8.956e+05 8.956e+05
 6.485e+04 -6.485e+04
 -1.891e+05 1.891e+05
 -3.389e+04 3.389e+04
 5.285e+05 -5.285e+05
 -4.081e+05 4.081e+05
 -1.613e+05 1.613e+05
 7.377e+05 -7.377e+05
 4.829e+04 -4.829e+04
 4.277e+05 -4.277e+05
 3.799e+04 -3.799e+04
 2.713e+05 -2.713e+05
 -1.095e+06 1.095e+06
 -1.251e+05 1.251e+05
 2.61e+05 -2.61e+05
 1.024e+06 -1.024e+06
 -4.923e+05 4.923e+05
 -2.24e+06 2.24e+06
 -6.091e+05 6.091e+05
 4.835e+05 -4.835e+05
 -8.344e+05 8.344e+05
 1.313e+05 -1.313e+05
 8.493e+04 -8.493e+04
 -6.408e+05 6.408e+05
 -2.532e+05 2.532e+05
 -2486 2486
 9.999e+04 -9.999e+04
 -1.037e+06 1.037e+06
 -1.449e+05 1.449e+05
 -3.774e+05 3.774e+05
 -4.221e+05 4.221e+05
 9.68e+04 -9.68e+04
 8.073e+05 -8.073e+05
 -4503 4503
 -4.893e+04 4.893e+04
 1.281e+06 -1.281e+06
 -8.959e+04 8.959e+04
 -1.471e+05 1.471e+05
 4.806e+05 -4.806e+05
 3.101e+04 -3.101e+04
 -9.044e+04 9.044e+04
 1.465e+04 -1.465e+04
 8.609e+04 -8.609e+04
 -4.414e+05 4.414e+05
 -2.424e+05 2.424e+05
 8.491e+04 -8.491e+04
 4.728e+05 -4.728e+05
 -4.079e+05 4.079e+05
 1.004e+05 -1.004e+05
 1.209e+05 -1.209e+05
 3.35e+05 -3.35e+05
 4.778e+05 -4.778e+05
 -8.868e+04 8.868e+04
 -6376 6376
 1.517e+05 -1.517e+05
 2.024e+05 -2.024e+05
 -3.554e+05 3.554e+05
 3.177e+05 -3.177e+05
 -2.001e+05 2.001e+05
 -5.741e+05 5.741e+05
 -3.402e+05 3.402e+05
 1.513e+05 -1.513e+05
 7.602e+05 -7.602e+05
 -1.672e+06 1.672e+06
 1.084e+05 -1.084e+05
 6.057e+05 -6.057e+05
 -1.32e+06 1.32e+06
 -2.776e+05 2.776e+05
 -1.888e+05 1.888e+05
 2.566e+05 -2.566e+05
 -7.248e+04 7.248e+04
 6.54e+05 -6.54e+05
 -3.933e+05 3.933e+05
 -7.56e+04 7.56e+04
 -3.14e+05 3.14e+05
 2.511e+05 -2.511e+05
 3.256e+04 -3.256e+04
 3.902e+05 -3.902e+05
 -1.524e+06 1.524e+06
 -1.425e+05 1.425e+05
 -1.343e+05 1.343e+05
 -1.316e+04 1.316e+04
 -1.106e+05 1.106e+05
 3.628e+05 -3.628e+05
 -9.921e+04 9.921e+04
 4.42e+05 -4.42e+05
 -1.589e+05 1.589e+05
 7.29e+05 -7.29e+05
 -1.002e+05 1.002e+05
 -5.633e+05 5.633e+05
 3.63e+05 -3.63e+05
 1.767e+05 -1.767e+05
 -7.967e+05 7.967e+05
 5.63e+05 -5.63e+05
 1.171e+06 -1.171e+06
 -5.196e+04 5.196e+04
 -2.909e+05 2.909e+05
 -2.369e+05 2.369e+05
 2.596e+05 -2.596e+05
 -6.238e+05 6.238e+05
 1.024e+05 -1.024e+05
 6.159e+04 -6.159e+04
 3.839e+05 -3.839e+05
 -5.524e+05 5.524e+05
 -7.08e+05 7.08e+05
 2.564e+05 -2.564e+05
 9.683e+05 -9.683e+05
 1.689e+05 -1.689e+05
 -1.476e+05 1.476e+05
 8.92e+04 -8.92e+04
 -3.525e+05 3.525e+05
 -1.675e+05 1.675e+05
 2.088e+05 -2.088e+05
 -4.391e+05 4.391e+05
 3.807e+05 -3.807e+05
 2.853e+05 -2.853e+05
 -4.752e+04 4.752e+04
 -3.85e+05 3.85e+05
 7.666e+05 -7.666e+05
 -7.063e+04 7.063e+04
 6.009e+04 -6.009e+04
 -7.136e+04 7.136e+04
 -6.224e+05 6.224e+05
 -1.004e+06 1.004e+06
 8.529e+05 -8.529e+05
 -5.93e+04 5.93e+04
 -2.765e+05 2.765e+05
 6.326e+05 -6.326e+05
 -3.249e+05 3.249e+05
 1.254e+05 -1.254e+05
 -7.115e+05 7.115e+05
 3.279e+05 -3.279e+05
 1.333e+05 -1.333e+05
 -9.841e+04 9.841e+04
 -1.662e+05 1.662e+05
 -4.146e+05 4.146e+05
 -4.962e+05 4.962e+05
 -1.89e+05 1.89e+05
 -5.639e+05 5.639e+05
 4.231e+04 -4.231e+04
 1.332e+06 -1.332e+06
 3.76e+05 -3.76e+05
 -4.067e+05 4.067e+05
 -8.568e+05 8.568e+05
 8.914e+05 -8.914e+05
 -3.412e+05 3.412e+05
 2.632e+05 -2.632e+05
 -2.941e+05 2.941e+05
 -3.176e+05 3.176e+05
 -1.941e+05 1.941e+05
 5.338e+05 -5.338e+05
 -1.912e+06 1.912e+06
 1.056e+05 -1.056e+05
 -5.685e+05 5.685e+05
 4.424e+05 -4.424e+05
 -4.346e+05 4.346e+05
 9.243e+05 -9.243e+05
 -1.746e+05 1.746e+05
 -3.65e+05 3.65e+05
 -9446 9446
 5.564e+05 -5.564e+05
 -2.78e+05 2.78e+05
 -1.636e+05 1.636e+05
 7.677e+05 -7.677e+05
 4.65e+05 -4.65e+05
 6.412e+05 -6.412e+05
 3.753e+05 -3.753e+05
 3.108e+05 -3.108e+05
 -3.889e+04 3.889e+04
 3.114e+05 -3.114e+05
 -7.455e+05 7.455e+05
 2.179e+05 -2.179e+05
 1.064e+06 -1.064e+06
 1.084e+05 -1.084e+05
 -7.941e+05 7.941e+05
 2.772e+05 -2.772e+05
 -2.247e+05 2.247e+05
 -3.149e+05 3.149e+05
 -6.459e+05 6.459e+05
 7.266e+05 -7.266e+05
 3.492e+05 -3.492e+05
 -8.628e+05 8.628e+05
 -2.736e+05 2.736e+05
 -3.691e+05 3.691e+05
 5.465e+04 -5.465e+04
 -4.395e+05 4.395e+05
 -5.895e+05 5.895e+05
 3.291e+05 -3.291e+05
 3.443e+05 -3.443e+05
 -1.765e+05 1.765e+05
 -7.204e+05 7.204e+05
 8.668e+05 -8.668e+05
 2.274e+05 -2.274e+05
 2.403e+05 -2.403e+05
 2.875e+05 -2.875e+05
 -1.838e+05 1.838e+05
 2.615e+05 -2.615e+05
 1.699e+05 -1.699e+05
 1.252e+06 -1.252e+06
 8.281e+05 -8.281e+05
 -8.251e+04 8.251e+04
 1.024e+06 -1.024e+06
 -2.011e+05 2.011e+05
 -6351 6351
 -3.559e+05 3.559e+05
 2.618e+05 -2.618e+05
 2.279e+05 -2.279e+05
 1.167e+05 -1.167e+05
 5.175e+04 -5.175e+04
 3.725e+04 -3.725e+04
 8.077e+05 -8.077e+05
 5.488e+04 -5.488e+04
 -5.792e+05 5.792e+05
 -5.589e+05 5.589e+05
 1.095e+04 -1.095e+04
 -7.668e+04 7.668e+04
 3.287e+05 -3.287e+05
 1.834e+05 -1.834e+05
 2348 -2348
 -6.005e+05 6.005e+05
 -802.2 802.2
 -5.599e+05 5.599e+05
 1.468e+05 -1.468e+05
 2.452e+05 -2.452e+05
 1.56e+04 -1.56e+04
 8.065e+05 -8.065e+05
 2.559e+05 -2.559e+05
 1.938e+05 -1.938e+05
 -2.438e+05 2.438e+05
 2.918e+05 -2.918e+05
 -9.25e+05 9.25e+05
 3.174e+04 -3.174e+04
 -1.435e+06 1.435e+06
 9.758e+05 -9.758e+05
 1.485e+05 -1.485e+05
 1.069e+05 -1.069e+05
 8.159e+04 -8.159e+04
 -1.272e+06 1.272e+06
 -1.607e+05 1.607e+05
 4.737e+05 -4.737e+05
 1.769e+05 -1.769e+05
 -4.416e+05 4.416e+05
 1350 -1350
 4.895e+05 -4.895e+05
 -7.708e+05 7.708e+05
 4.606e+05 -4.606e+05
 6.294e+04 -6.294e+04
 5.248e+05 -5.248e+05
 -8.855e+04 8.855e+04
 4.489e+04 -4.489e+04
 1.927e+05 -1.927e+05
 2.248e+04 -2.248e+04
 1.265e+06 -1.265e+06
 -7.021e+05 7.021e+05
 -9.19e+05 9.19e+05
 4.301e+05 -4.301e+05
 -5.272e+05 5.272e+05
 -2.18e+04 2.18e+04
 5.105e+05 -5.105e+05
 -1.055e+05 1.055e+05
 -1.023e+05 1.023e+05
 5.115e+05 -5.115e+05
 2.166e+06 -2.166e+06
 3.55e+05 -3.55e+05
 -5.248e+04 5.248e+04
 -4.061e+05 4.061e+05
 3.356e+05 -3.356e+05
 8.071e+05 -8.071e+05
 4.412e+05 -4.412e+05
 2.888e+05 -2.888e+05
 3.2e+05 -3.2e+05
 -7.449e+05 7.449e+05
 1.15e+05 -1.15e+05
 2.124e+05 -2.124e+05
 -5.737e+05 5.737e+05
 -3.089e+05 3.089e+05
 1.138e+05 -1.138e+05
 -2.781e+04 2.781e+04
 9.815e+05 -9.815e+05
 6.455e+05 -6.455e+05
 9.068e+05 -9.068e+05
 8.17e+04 -8.17e+04
 -3.685e+05 3.685e+05
 -1.349e+05 1.349e+05
 5.684e+05 -5.684e+05
 -2.636e+05 2.636e+05
 -3.13e+05 3.13e+05
 8.509e+05 -8.509e+05
 1.721e+05 -1.721e+05
 7.377e+05 -7.377e+05
 2.605e+05 -2.605e+05
 -2.478e+05 2.478e+05
 1.946e+04 -1.946e+04
 -1.055e+06 1.055e+06
 -2.423e+05 2.423e+05
 -3.015e+05 3.015e+05
 3.707e+05 -3.707e+05
 -3.658e+05 3.658e+05
 -2.168e+05 2.168e+05
 -4.481e+04 4.481e+04
 1.024e+06 -1.024e+06
 -7.888e+05 7.888e+05
 -3.574e+05 3.574e+05
 -4.784e+05 4.784e+05
 4.609e+05 -4.609e+05
 -1.77e+05 1.77e+05
 1.814e+05 -1.814e+05
 3.339e+05 -3.339e+05
 -9.239e+05 9.239e+05
 1.062e+05 -1.062e+05
 -1.126e+06 1.126e+06
 3.731e+05 -3.731e+05
 3.375e+05 -3.375e+05
 -2.561e+05 2.561e+05
 -1.143e+06 1.143e+06
 -1.019e+06 1.019e+06
 8.879e+04 -8.879e+04
 -1.121e+05 1.121e+05
 9.189e+05 -9.189e+05
 1.552e+05 -1.552e+05
 -1.314e+06 1.314e+06
 -4.141e+05 4.141e+05
 -4.19e+05 4.19e+05
 -6.619e+04 6.619e+04
 -3.545e+05 3.545e+05
 4.716e+04 -4.716e+04
 6.125e+05 -6.125e+05
 2.671e+05 -2.671e+05
 8.822e+05 -8.822e+05
 5.906e+05 -5.906e+05
 -4.665e+05 4.665e+05
 -3.576e+04 3.576e+04
 -4.739e+04 4.739e+04
 1.194e+05 -1.194e+05
 -1.116e+06 1.116e+06
 1.741e+04 -1.741e+04
 2.11e+05 -2.11e+05
 -2.402e+05 2.402e+05
 1.588e+05 -1.588e+05
 5.856e+04 -5.856e+04
 8.64e+05 -8.64e+05
 4.798e+04 -4.798e+04
 -5.3e+05 5.3e+05
 -3.791e+05 3.791e+05
 3.583e+05 -3.583e+05
 -2.355e+05 2.355e+05
 1.008e+05 -1.008e+05
 6.082e+04 -6.082e+04
 -2.221e+04 2.221e+04
 -1.727e+05 1.727e+05
 9.5e+05 -9.5e+05
 -3.859e+05 3.859e+05
 2.601e+04 -2.601e+04
 -1.796e+05 1.796e+05
 4.187e+05 -4.187e+05
 -7.084e+05 7.084e+05
 -5.181e+04 5.181e+04
 2.986e+05 -2.986e+05
 -1.429e+05 1.429e+05
 6.94e+05 -6.94e+05
 -2209 2209
 7.995e+05 -7.995e+05
 -5.22e+05 5.22e+05
 1.352e+06 -1.352e+06
 4.036e+05 -4.036e+05
 -3.903e+05 3.903e+05
 -2.608e+05 2.608e+05
 -4.527e+05 4.527e+05
 -6.849e+04 6.849e+04
 -5.333e+04 5.333e+04
 -1.749e+05 1.749e+05
 7.569e+05 -7.569e+05
 -3.061e+05 3.061e+05
 3.92e+05 -3.92e+05
 3.287e+05 -3.287e+05
 -5.62e+05 5.62e+05
 -1.76e+05 1.76e+05
 -2.386e+05 2.386e+05
 1.89e+05 -1.89e+05
 -1.254e+06 1.254e+06
 8.964e+04 -8.964e+04
 -7.245e+05 7.245e+05
 -1.143e+05 1.143e+05
 -1.475e+06 1.475e+06
 6.711e+05 -6.711e+05
 2.847e+05 -2.847e+05
 -6.982e+05 6.982e+05
 -4.365e+05 4.365e+05
 2.713e+05 -2.713e+05
 2.106e+04 -2.106e+04
 8.615e+05 -8.615e+05
 -2.463e+05 2.463e+05
 -9.457e+04 9.457e+04
 8.862e+05 -8.862e+05
 3.788e+04 -3.788e+04
 -1.379e+05 1.379e+05
 7.612e+05 -7.612e+05
 3.611e+05 -3.611e+05
 1.108e+06 -1.108e+06
 3.415e+04 -3.415e+04
 8.813e+04 -8.813e+04
 -1.235e+05 1.235e+05
 -2541 2541
 7.417e+05 -7.417e+05
 7.152e+04 -7.152e+04
 7.226e+05 -7.226e+05
 -1.719e+05 1.719e+05
 5.145e+05 -5.145e+05
 -3e+05 3e+05
 2.148e+05 -2.148e+05
 4.453e+05 -4.453e+05
 -5e+05 5e+05
 9.479e+04 -9.479e+04
 -1.202e+05 1.202e+05
 -4.954e+05 4.954e+05
 -3619 3619
 4.412e+05 -4.412e+05
 -3.958e+05 3.958e+05
 -6.509e+04 6.509e+04
 -5.355e+05 5.355e+05
 3.591e+05 -3.591e+05
 -9.846e+04 9.846e+04
 -5.387e+05 5.387e+05
 -1.964e+04 1.964e+04
 2.678e+05 -2.678e+05
 -2.949e+05 2.949e+05
 -803.3 803.3
 1.606e+05 -1.606e+05
 -9.848e+05 9.848e+05
 -1.856e+04 1.856e+04
 -4.16e+05 4.16e+05
 -5.906e+05 5.906e+05
 -1.032e+04 1.032e+04
 -1.532e+05 1.532e+05
 -3.35e+05 3.35e+05
 -6.775e+04 6.775e+04
 -8.343e+05 8.343e+05
 -5.513e+05 5.513e+05
 -1.313e+05 1.313e+05
 8.775e+05 -8.775e+05
 -1.472e+06 1.472e+06
 2.081e+05 -2.081e+05
 2.944e+05 -2.944e+05
 -8.945e+05 8.945e+05
 -6.088e+04 6.088e+04
 4.008e+04 -4.008e+04
 -8.637e+05 8.637e+05
 -6.955e+05 6.955e+05
 -1.698e+05 1.698e+05
 -1.772e+05 1.772e+05
 8.586e+05 -8.586e+05
 -1.057e+05 1.057e+05
 -3.336e+05 3.336e+05
 1.374e+05 -1.374e+05
 3.32e+05 -3.32e+05
 -5.427e+05 5.427e+05
 2.392e+05 -2.392e+05
 -5.132e+05 5.132e+05
 -9.176e+04 9.176e+04
 -2.927e+05 2.927e+05
 -8.787e+05 8.787e+05
 5.619e+04 -5.619e+04
 3.777e+05 -3.777e+05
 -7.146e+05 7.146e+05
 4.337e+05 -4.337e+05
 -9.037e+05 9.037e+05
 2.414e+05 -2.414e+05
 -2.968e+05 2.968e+05
 5.795e+05 -5.795e+05
 9.987e+04 -9.987e+04
 1.543e+04 -1.543e+04
 6.861e+05 -6.861e+05
 -1.822e+05 1.822e+05
 -5.196e+05 5.196e+05
 -3.866e+04 3.866e+04
 3.857e+05 -3.857e+05
 -1.221e+06 1.221e+06
 1.281e+06 -1.281e+06
 9.006e+04 -9.006e+04
 1.053e+06 -1.053e+06
 -5.106e+04 5.106e+04
 -5.495e+05 5.495e+05
 -4.606e+05 4.606e+05
 -4.344e+05 4.344e+05
 -5.069e+05 5.069e+05
 6.563e+05 -6.563e+05
 -9.609e+05 9.609e+05
 3.663e+05 -3.663e+05
 -4.252e+05 4.252e+05
 -6.126e+05 6.126e+05
 2.487e+05 -2.487e+05
 5.465e+05 -5.465e+05
 -2.331e+05 2.331e+05
 6.095e+05 -6.095e+05
 -4.145e+05 4.145e+05
 5.701e+05 -5.701e+05
 3.857e+04 -3.857e+04
 3.325e+05 -3.325e+05
 -5.725e+05 5.725e+05
 -2.413e+04 2.413e+04
 -2.438e+05 2.438e+05
 4.176e+05 -4.176e+05
 -2.922e+04 2.922e+04
 2.301e+05 -2.301e+05
 -2.131e+05 2.131e+05
 -4.48e+05 4.48e+05
 1.428e+05 -1.428e+05
 6.315e+05 -6.315e+05
 2.717e+05 -2.717e+05
 -3.284e+05 3.284e+05
 -5.056e+05 5.056e+05
 -6.519e+04 6.519e+04
 2.218e+05 -2.218e+05
 4.429e+05 -4.429e+05
 1.367e+06 -1.367e+06
 -5.126e+05 5.126e+05
 -1.991e+05 1.991e+05
 -5.964e+04 5.964e+04
 5.291e+05 -5.291e+05
 4.778e+05 -4.778e+05
 -1.368e+04 1.368e+04
 7.306e+05 -7.306e+05
 3.663e+05 -3.663e+05
 -2.732e+04 2.732e+04
 -4.18e+05 4.18e+05
 8.071e+05 -8.071e+05
 1.841e+06 -1.841e+06
 3.241e+05 -3.241e+05
 1.143e+05 -1.143e+05
 6348 -6348
 4.089e+05 -4.089e+05
 -1.983e+05 1.983e+05
 3.118e+05 -3.118e+05
 -4.33e+05 4.33e+05
 5.857e+05 -5.857e+05
 1.72e+05 -1.72e+05
 -7.632e+05 7.632e+05
 -3.118e+05 3.118e+05
 1.248e+05 -1.248e+05
 -2.713e+04 2.713e+04
 1.771e+05 -1.771e+05
 -5.307e+05 5.307e+05
 -2.882e+05 2.882e+05
 9.762e+04 -9.762e+04
 6.169e+05 -6.169e+05
 7.076e+05 -7.076e+05
 3.011e+05 -3.011e+05
 2.014e+06 -2.014e+06
 7.628e+05 -7.628e+05
 -1.3e+06 1.3e+06
 -1.263e+05 1.263e+05
 -3.046e+04 3.046e+04
 -1.317e+06 1.317e+06
 1.717e+05 -1.717e+05
 4.854e+05 -4.854e+05
 -4.484e+05 4.484e+05
 494.2 -494.2
 -4.832e+05 4.832e+05
 -2.353e+05 2.353e+05
 -4.575e+05 4.575e+05
 3.428e+04 -3.428e+04
 1.449e+05 -1.449e+05
 -3.447e+05 3.447e+05
 -5.289e+04 5.289e+04
 -2.467e+05 2.467e+05
 1.194e+05 -1.194e+05
 -2.456e+04 2.456e+04
 -5.402e+05 5.402e+05
 -1.312e+05 1.312e+05
 -3.831e+05 3.831e+05
 -1.486e+05 1.486e+05
 -3.088e+04 3.088e+04
 -9.35e+05 9.35e+05
 3.235e+05 -3.235e+05
 -3.511e+05 3.511e+05
 -2.608e+05 2.608e+05
 -8.156e+05 8.156e+05
 1.2e+05 -1.2e+05
 2.375e+05 -2.375e+05
 1.644e+04 -1.644e+04
 -4.059e+05 4.059e+05
 -1.531e+05 1.531e+05
 6.98e+05 -6.98e+05
 4.757e+05 -4.757e+05
 5.083e+05 -5.083e+05
 -1.048e+06 1.048e+06
 -4.617e+05 4.617e+05
 -2.386e+05 2.386e+05
 -2.125e+05 2.125e+05
 -1.488e+05 1.488e+05
 4.496e+05 -4.496e+05
 4.306e+05 -4.306e+05
 6.859e+04 -6.859e+04
 6.615e+05 -6.615e+05
 1.19e+06 -1.19e+06
 -3.656e+05 3.656e+05
 1.733e+05 -1.733e+05
 -4.012e+05 4.012e+05
 3.606e+05 -3.606e+05
 5.379e+04 -5.379e+04
 7.989e+04 -7.989e+04
 2.634e+05 -2.634e+05
 -1.033e+06 1.033e+06
 2.602e+05 -2.602e+05
 -1.566e+06 1.566e+06
 -3.313e+05 3.313e+05
 2.058e+05 -2.058e+05
 -6.105e+05 6.105e+05
 3.884e+05 -3.884e+05
 -4.591e+04 4.591e+04
 -8.041e+05 8.041e+05
 -2.672e+05 2.672e+05
 -2.061e+05 2.061e+05
 2.401e+05 -2.401e+05
 3.878e+05 -3.878e+05
 -1.056e+06 1.056e+06
 -9.149e+05 9.149e+05
 1.529e+05 -1.529e+05
 -1.711e+05 1.711e+05
 1.747e+05 -1.747e+05
 -5.782e+05 5.782e+05
 -2.748e+05 2.748e+05
 -3.228e+05 3.228e+05
 7.719e+04 -7.719e+04
 -2.689e+05 2.689e+05
 2.487e+05 -2.487e+05
 -7.94e+05 7.94e+05
 1.132e+05 -1.132e+05
 -1.402e+05 1.402e+05
 2.989e+05 -2.989e+05
 3.629e+04 -3.629e+04
 -7.147e+05 7.147e+05
 -4.7e+05 4.7e+05
 -4.786e+05 4.786e+05
 1.881e+05 -1.881e+05
 5.033e+05 -5.033e+05
 -6.34e+05 6.34e+05
 2.915e+05 -2.915e+05
 1.974e+05 -1.974e+05
 4.845e+05 -4.845e+05
 6.042e+04 -6.042e+04
 -3.021e+05 3.021e+05
 6.674e+04 -6.674e+04
 8.507e+05 -8.507e+05
 8644 -8644
 -3.491e+05 3.491e+05
 4.264e+05 -4.264e+05
 -4.522e+05 4.522e+05
 1.679e+05 -1.679e+05
 -7.024e+05 7.024e+05
 -3.23e+04 3.23e+04
 -3.767e+05 3.767e+05
 1.028e+06 -1.028e+06
 2.54e+05 -2.54e+05
 6.837e+05 -6.837e+05
 1.056e+06 -1.056e+06
 -4.308e+05 4.308e+05
 2.807e+06 -2.807e+06
 -1.356e+05 1.356e+05
 -2.355e+05 2.355e+05
 1.841e+05 -1.841e+05
 1.411e+04 -1.411e+04
 -6.127e+05 6.127e+05
 -7.559e+05 7.559e+05
 -7.213e+05 7.213e+05
 2.887e+05 -2.887e+05
 -4.98e+05 4.98e+05
 -5.983e+05 5.983e+05
 6.203e+05 -6.203e+05
 -4.645e+05 4.645e+05
 9.596e+05 -9.596e+05
 -1.646e+05 1.646e+05
 5.411e+05 -5.411e+05
 5.182e+04 -5.182e+04
 2.959e+05 -2.959e+05
 -1.323e+05 1.323e+05
 -1.982e+05 1.982e+05
 -9.532e+05 9.532e+05
 -3.061e+05 3.061e+05
 -6.559e+05 6.559e+05
 2.205e+05 -2.205e+05
 1.902e+05 -1.902e+05
 -7.685e+05 7.685e+05
 1.019e+06 -1.019e+06
 1.199e+05 -1.199e+05
 1.118e+05 -1.118e+05
 3.239e+04 -3.239e+04
 7.071e+05 -7.071e+05
 -4.558e+04 4.558e+04
 9.845e+05 -9.845e+05
 2.287e+05 -2.287e+05
 4.4e+05 -4.4e+05
 1.219e+06 -1.219e+06
 -5.344e+05 5.344e+05
 -2.079e+05 2.079e+05
 -3.772e+04 3.772e+04
 -2.267e+05 2.267e+05
 -5.908e+05 5.908e+05
 -2.102e+05 2.102e+05
 6.309e+05 -6.309e+05
 8.231e+05 -8.231e+05
 -3.806e+05 3.806e+05
 -4.894e+05 4.894e+05
 -6.944e+05 6.944e+05
 -2.333e+05 2.333e+05
 -4.564e+05 4.564e+05
 1.233e+05 -1.233e+05
 -2.708e+05 2.708e+05
 4.728e+05 -4.728e+05
 5.175e+05 -5.175e+05
 -1.975e+06 1.975e+06
 7.832e+05 -7.832e+05
 -4.975e+05 4.975e+05
 -2.515e+04 2.515e+04
 -7.279e+05 7.279e+05
 7.175e+05 -7.175e+05
 -6.217e+04 6.217e+04
 -7.487e+05 7.487e+05
 -6.038e+05 6.038e+05
 -1.038e+05 1.038e+05
 5.42e+05 -5.42e+05
 -3.718e+05 3.718e+05
 6.057e+05 -6.057e+05
 3.49e+05 -3.49e+05
 -7.56e+05 7.56e+05
 3.947e+05 -3.947e+05
 -3.797e+04 3.797e+04
 7.035e+05 -7.035e+05
 8.959e+04 -8.959e+04
 -3.142e+05 3.142e+05
 -6.672e+05 6.672e+05
 1.06e+06 -1.06e+06
 3.09e+04 -3.09e+04
 3.606e+05 -3.606e+05
 -1.693e+05 1.693e+05
 -1.714e+05 1.714e+05
 -4.7e+04 4.7e+04
 -1.682e+05 1.682e+05
 -2.417e+05 2.417e+05
 -3.653e+04 3.653e+04
 6.625e+05 -6.625e+05
 8.603e+05 -8.603e+05
 -1.415e+05 1.415e+05
 3.764e+05 -3.764e+05
 1.518e+06 -1.518e+06
 4.588e+05 -4.588e+05
 1.637e+05 -1.637e+05
 -1.208e+05 1.208e+05
 -2.492e+04 2.492e+04
 5.831e+04 -5.831e+04
 6.676e+05 -6.676e+05
 7.938e+05 -7.938e+05
 1.207e+06 -1.207e+06
 1.426e+05 -1.426e+05
 1.029e+05 -1.029e+05
 6.568e+05 -6.568e+05
 -3.318e+05 3.318e+05
 -1.767e+05 1.767e+05
 2.2e+05 -2.2e+05
 -8.145e+04 8.145e+04
 3.563e+05 -3.563e+05
 1.519e+05 -1.519e+05
 4.171e+05 -4.171e+05
 8.812e+05 -8.812e+05
 -1.003e+05 1.003e+05
 2.1e+05 -2.1e+05
 -3.421e+05 3.421e+05
 -2.183e+05 2.183e+05
 -4.169e+05 4.169e+05
 6.011e+05 -6.011e+05
 -2.074e+04 2.074e+04
 2.175e+05 -2.175e+05
 7.293e+05 -7.293e+05
 5.434e+04 -5.434e+04
 3.89e+05 -3.89e+05
 -2.891e+05 2.891e+05
 -4.558e+05 4.558e+05
 -5.325e+05 5.325e+05
 3.505e+05 -3.505e+05
 4.366e+04 -4.366e+04
 -8.043e+05 8.043e+05
 2.849e+05 -2.849e+05
 -2.377e+05 2.377e+05
 -7.94e+04 7.94e+04
 6.563e+05 -6.563e+05
 -2.977e+04 2.977e+04
 -7.534e+05 7.534e+05
 8.045e+04 -8.045e+04
 7.443e+05 -7.443e+05
 -4.87e+05 4.87e+05
 5.21e+05 -5.21e+05
 -4.321e+05 4.321e+05
 7.487e+05 -7.487e+05
 -3.721e+05 3.721e+05
 -2.365e+05 2.365e+05
 6.029e+04 -6.029e+04
 3.845e+04 -3.845e+04
 4.418e+05 -4.418e+05
 -6.326e+05 6.326e+05
 1.415e+05 -1.415e+05
 -5.495e+05 5.495e+05
 -4.882e+05 4.882e+05
 -3.173e+04 3.173e+04
 4.734e+04 -4.734e+04
 -2.741e+05 2.741e+05
 6.443e+05 -6.443e+05
 -1.673e+05 1.673e+05
 -1.829e+05 1.829e+05
 3.502e+05 -3.502e+05
 5.893e+05 -5.893e+05
 9.036e+04 -9.036e+04
 4.034e+05 -4.034e+05
 2.418e+05 -2.418e+05
 9.982e+04 -9.982e+04
 5.465e+05 -5.465e+05
 -2.627e+05 2.627e+05
 3.283e+05 -3.283e+05
 -6.07e+05 6.07e+05
 3.612e+05 -3.612e+05
 6.38e+05 -6.38e+05
 -2.867e+05 2.867e+05
 8.356e+05 -8.356e+05
 8.488e+05 -8.488e+05
 -4.185e+05 4.185e+05
 7.932e+05 -7.932e+05
 8.944e+04 -8.944e+04
 1.141e+06 -1.141e+06
 3.766e+05 -3.766e+05
 -7.371e+04 7.371e+04
 -3.867e+05 3.867e+05
 -2.878e+05 2.878e+05
 -2.107e+05 2.107e+05
 -7.761e+05 7.761e+05
 2.444e+05 -2.444e+05
 3.937e+05 -3.937e+05
 2.408e+05 -2.408e+05
 2.809e+05 -2.809e+05
 1.432e+06 -1.432e+06
 -4.412e+05 4.412e+05
 -2.612e+05 2.612e+05
 -1.565e+05 1.565e+05
 -4.493e+05 4.493e+05
 1.493e+05 -1.493e+05
 -4.844e+05 4.844e+05
 1.733e+05 -1.733e+05
 -8.59e+05 8.59e+05
 6.466e+05 -6.466e+05
 8.559e+05 -8.559e+05
 -4.084e+05 4.084e+05
 -3.129e+04 3.129e+04
 -3.591e+04 3.591e+04
 1.2e+06 -1.2e+06
 4.646e+04 -4.646e+04
 6.444e+05 -6.444e+05
 5.15e+05 -5.15e+05
 -6.444e+05 6.444e+05
 -2.738e+05 2.738e+05
 4.723e+05 -4.723e+05
 7.233e+05 -7.233e+05
 7.397e+05 -7.397e+05
 -1.181e+06 1.181e+06
 4.509e+05 -4.509e+05
 -2.544e+05 2.544e+05
 3.819e+05 -3.819e+05
 -4.064e+05 4.064e+05
 -7.31e+05 7.31e+05
 2.544e+04 -2.544e+04
 1.227e+05 -1.227e+05
 1.143e+05 -1.143e+05
 1.121e+05 -1.121e+05
 -1.129e+06 1.129e+06
 -1.962e+05 1.962e+05
 2.91e+05 -2.91e+05
 5.164e+04 -5.164e+04
 -9.332e+04 9.332e+04
 2.853e+05 -2.853e+05
 2.869e+05 -2.869e+05
 -4.59e+05 4.59e+05
 7.811e+05 -7.811e+05
 9.287e+04 -9.287e+04
 3.475e+05 -3.475e+05
 4.36e+05 -4.36e+05
 2.302e+05 -2.302e+05
 -1.52e+05 1.52e+05
 1.898e+05 -1.898e+05
 3.968e+05 -3.968e+05
 -6.419e+04 6.419e+04
 -3.424e+05 3.424e+05
 -5.447e+05 5.447e+05
 1.514e+05 -1.514e+05
 -1.497e+05 1.497e+05
 -8744 8744
 -6.24e+05 6.24e+05
 -5.948e+04 5.948e+04
 -6.195e+05 6.195e+05
 1.705e+05 -1.705e+05
 -7.086e+05 7.086e+05
 -1.593e+05 1.593e+05
 8.031e+04 -8.031e+04
 4.203e+05 -4.203e+05
 2.945e+05 -2.945e+05
 -2.892e+05 2.892e+05
 -1.157e+06 1.157e+06
 7.266e+05 -7.266e+05
 7.947e+05 -7.947e+05
 -3.218e+05 3.218e+05
 3.323e+05 -3.323e+05
 -1.056e+06 1.056e+06
 -7.348e+05 7.348e+05
 3.676e+05 -3.676e+05
 -3.121e+05 3.121e+05
 1e+05 -1e+05
 1.393e+06 -1.393e+06
 -9.657e+04 9.657e+04
 1.55e+05 -1.55e+05
 4.049e+05 -4.049e+05
 2.435e+05 -2.435e+05
 2.395e+05 -2.395e+05
 3.805e+05 -3.805e+05
 -8.728e+04 8.728e+04
 -1.81e+05 1.81e+05
 4.13e+04 -4.13e+04
 -2.014e+05 2.014e+05
 -7.671e+05 7.671e+05
 -2.272e+05 2.272e+05
 2.299e+05 -2.299e+05
 5.145e+05 -5.145e+05
 -4.21e+05 4.21e+05
 -2.499e+05 2.499e+05
 -575.2 575.2
 -5300 5300
 5.749e+04 -5.749e+04
 5.027e+05 -5.027e+05
 -3.813e+05 3.813e+05
 5.155e+05 -5.155e+05
 -1.563e+04 1.563e+04
 3.011e+05 -3.011e+05
 -3.984e+04 3.984e+04
 -1.469e+06 1.469e+06
 -1.038e+05 1.038e+05
 1.213e+05 -1.213e+05
 -3.832e+05 3.832e+05
 1.177e+05 -1.177e+05
 -1e+05 1e+05
 -2.672e+04 2.672e+04
 1.513e+06 -1.513e+06
 -3.188e+05 3.188e+05
 9.688e+04 -9.688e+04
 -5.627e+05 5.627e+05
 -5.992e+05 5.992e+05
 -1.851e+04 1.851e+04
 4.585e+05 -4.585e+05
 2.4e+05 -2.4e+05
 1.013e+05 -1.013e+05
 3.763e+05 -3.763e+05
 3.82e+05 -3.82e+05
 2.827e+05 -2.827e+05
 -3.904e+05 3.904e+05
 5.6e+05 -5.6e+05
 -4.583e+05 4.583e+05
 4.644e+05 -4.644e+05
 8.726e+04 -8.726e+04
 -1.001e+06 1.001e+06
 1.618e+05 -1.618e+05
 8744 -8744
 -9.412e+05 9.412e+05
 -7.3e+05 7.3e+05
 -6.489e+05 6.489e+05
 8.933e+04 -8.933e+04
 3.425e+05 -3.425e+05
 -5.693e+05 5.693e+05
 -2.281e+05 2.281e+05
 3.798e+05 -3.798e+05
 9.508e+04 -9.508e+04
 -2.397e+05 2.397e+05
 1.341e+05 -1.341e+05
 -1.007e+06 1.007e+06
 -5.491e+05 5.491e+05
 2.578e+05 -2.578e+05
 -7.503e+05 7.503e+05
 -2.494e+05 2.494e+05
 2.938e+05 -2.938e+05
 -4.759e+05 4.759e+05
 -2.037e+05 2.037e+05
 -1.185e+05 1.185e+05
 -7.773e+05 7.773e+05
 -1.873e+05 1.873e+05
 -2.872e+05 2.872e+05
 -5.169e+04 5.169e+04
 7.257e+05 -7.257e+05
 6.764e+05 -6.764e+05
 -4.956e+05 4.956e+05
 2.62e+05 -2.62e+05
 4.368e+05 -4.368e+05
 -6.991e+05 6.991e+05
 -4.463e+05 4.463e+05
 -8.059e+05 8.059e+05
 2.022e+05 -2.022e+05
 2.507e+05 -2.507e+05
 -1.426e+05 1.426e+05
 -1.068e+06 1.068e+06
 -4.827e+05 4.827e+05
 6.747e+05 -6.747e+05
 5.333e+05 -5.333e+05
 -8.809e+05 8.809e+05
 2.518e+05 -2.518e+05
 -1.54e+06 1.54e+06
 -2.151e+04 2.151e+04
 8.648e+05 -8.648e+05
 -3.867e+05 3.867e+05
 -1.913e+05 1.913e+05
 -2.864e+04 2.864e+04
 5.659e+05 -5.659e+05
 1.389e+05 -1.389e+05
 1.706e+06 -1.706e+06
 4.448e+05 -4.448e+05
 9.065e+05 -9.065e+05
 -1.082e+06 1.082e+06
 6.612e+05 -6.612e+05
 4.728e+04 -4.728e+04
 5.144e+04 -5.144e+04
 7.067e+05 -7.067e+05
 5.278e+05 -5.278e+05
 -4.98e+05 4.98e+05
 -7.88e+05 7.88e+05
 -2.2e+05 2.2e+05
 6.468e+05 -6.468e+05
 3.328e+05 -3.328e+05
 1.432e+04 -1.432e+04
 2.832e+04 -2.832e+04
 -6.557e+05 6.557e+05
 -2.847e+04 2.847e+04
 -1.322e+05 1.322e+05
 -2.906e+04 2.906e+04
 1.679e+05 -1.679e+05
 3.312e+05 -3.312e+05
 1.092e+06 -1.092e+06
 -1.126e+06 1.126e+06
 -2.671e+05 2.671e+05
 3.81e+04 -3.81e+04
 4.333e+05 -4.333e+05
 -1.134e+06 1.134e+06
 5.956e+05 -5.956e+05
 1.055e+05 -1.055e+05
 -3.829e+05 3.829e+05
 -3.805e+05 3.805e+05
 -3.337e+05 3.337e+05
 1.409e+05 -1.409e+05
 -3.121e+05 3.121e+05
 -2.817e+05 2.817e+05
 -7.476e+04 7.476e+04
 4.539e+05 -4.539e+05
 1.497e+05 -1.497e+05
 2.635e+05 -2.635e+05
 -3.851e+05 3.851e+05
 6.539e+05 -6.539e+05
 9.05e+04 -9.05e+04
 -5.349e+04 5.349e+04
 6.698e+05 -6.698e+05
 -1.609e+05 1.609e+05
 -4.829e+04 4.829e+04
 1.632e+05 -1.632e+05
 -1.374e+05 1.374e+05
 3581 -3581
 -3.452e+05 3.452e+05
 -2.833e+05 2.833e+05
 -2.874e+04 2.874e+04
 -3.784e+05 3.784e+05
 -6.903e+04 6.903e+04
 -2.22e+05 2.22e+05
 -2.96e+05 2.96e+05
 -3.382e+05 3.382e+05
 -2.492e+05 2.492e+05
 3.073e+05 -3.073e+05
 -1.673e+05 1.673e+05
 1.644e+05 -1.644e+05
 -1.312e+06 1.312e+06
 4e+05 -4e+05
 -2.406e+05 2.406e+05
 -2.926e+05 2.926e+05
 2.983e+05 -2.983e+05
 -1.479e+05 1.479e+05
 -5.418e+04 5.418e+04
 2.544e+05 -2.544e+05
 -3.809e+05 3.809e+05
 8.211e+05 -8.211e+05
 5.005e+04 -5.005e+04
 -4.704e+05 4.704e+05
 4.668e+05 -4.668e+05
 -6.374e+05 6.374e+05
 2.351e+05 -2.351e+05
 -1.993e+05 1.993e+05
 1.791e+05 -1.791e+05
 -1.064e+06 1.064e+06
 -3.477e+05 3.477e+05
 8.295e+05 -8.295e+05
 4.647e+04 -4.647e+04
 4.585e+05 -4.585e+05
 5.787e+05 -5.787e+05
 -1.825e+05 1.825e+05
 -3.133e+05 3.133e+05
 4.488e+05 -4.488e+05
 -1.155e+06 1.155e+06
 -2.354e+05 2.354e+05
 1.664e+05 -1.664e+05
 1.723e+05 -1.723e+05
 3.678e+04 -3.678e+04
 -6.845e+04 6.845e+04
 9.374e+04 -9.374e+04
 -7.469e+05 7.469e+05
 -7.616e+05 7.616e+05
 4.084e+05 -4.084e+05
 -2.444e+05 2.444e+05
 2.971e+05 -2.971e+05
 2.483e+04 -2.483e+04
 -2.577e+05 2.577e+05
 -8.514e+05 8.514e+05
 1.23e+06 -1.23e+06
 -7.799e+05 7.799e+05
 3.69e+05 -3.69e+05
 -3.805e+05 3.805e+05
 2.947e+05 -2.947e+05
 -1.745e+05 1.745e+05
 2.035e+04 -2.035e+04
 -5.43e+04 5.43e+04
 9.462e+05 -9.462e+05
 7.7e+04 -7.7e+04
 -5.767e+04 5.767e+04
 3.979e+05 -3.979e+05
 1.18e+06 -1.18e+06
 -4.015e+05 4.015e+05
 -3.165e+04 3.165e+04
 6.9e+05 -6.9e+05
 6.317e+04 -6.317e+04
 -5.568e+05 5.568e+05
 1.446e+05 -1.446e+05
 2.559e+05 -2.559e+05
 -1.373e+06 1.373e+06
 -3.446e+05 3.446e+05
 1.227e+05 -1.227e+05
 -1.61e+06 1.61e+06
 -1.919e+05 1.919e+05
 2.01e+05 -2.01e+05
 5.689e+04 -5.689e+04
 4.425e+05 -4.425e+05
 -1.468e+05 1.468e+05
 -3.205e+05 3.205e+05
 -1.973e+05 1.973e+05
 2.149e+05 -2.149e+05
 -1.098e+05 1.098e+05
 6.932e+04 -6.932e+04
 -4.037e+05 4.037e+05
 -7.265e+04 7.265e+04
 9.126e+05 -9.126e+05
 -1.051e+05 1.051e+05
 1.155e+06 -1.155e+06
 -8016 8016
 -6.261e+05 6.261e+05
 5.766e+04 -5.766e+04
 -8.02e+05 8.02e+05
 7.494e+05 -7.494e+05
 -5.923e+05 5.923e+05
 -1.096e+05 1.096e+05
 5.349e+05 -5.349e+05
 3.281e+05 -3.281e+05
 -1.792e+05 1.792e+05
 -9.296e+05 9.296e+05
 -7.349e+05 7.349e+05
 -1.855e+05 1.855e+05
 2.977e+05 -2.977e+05
 -5.144e+05 5.144e+05
 -1.884e+05 1.884e+05
 -2.708e+05 2.708e+05
 -7.663e+04 7.663e+04
 1.044e+05 -1.044e+05
 -4.266e+05 4.266e+05
 1.07e+06 -1.07e+06
 -8.544e+05 8.544e+05
 1.14e+06 -1.14e+06
 2.373e+05 -2.373e+05
 -2.154e+05 2.154e+05
 -3.791e+05 3.791e+05
 3.024e+05 -3.024e+05
 6.356e+04 -6.356e+04
 1.913e+05 -1.913e+05
 -7.294e+05 7.294e+05
 -1.065e+06 1.065e+06
 -3.897e+05 3.897e+05
 8.656e+05 -8.656e+05
 -5.613e+05 5.613e+05
 -1.401e+05 1.401e+05
 -4.19e+05 4.19e+05
 -2.456e+04 2.456e+04
 -2.65e+05 2.65e+05
 4.174e+05 -4.174e+05
 -3.791e+05 3.791e+05
 -1.462e+05 1.462e+05
 1.457e+05 -1.457e+05
 1.412e+05 -1.412e+05
 -1.455e+05 1.455e+05
 4.671e+05 -4.671e+05
 4.858e+05 -4.858e+05
 1.26e+05 -1.26e+05
 -1.38e+05 1.38e+05
 -1.462e+05 1.462e+05
 2.328e+05 -2.328e+05
 1.327e+05 -1.327e+05
 5.252e+05 -5.252e+05
 -4.266e+05 4.266e+05
 -1.809e+05 1.809e+05
 -1.388e+05 1.388e+05
 7.279e+05 -7.279e+05
 -4.705e+04 4.705e+04
 1.93e+05 -1.93e+05
 6.219e+05 -6.219e+05
 3401 -3401
 1.711e+05 -1.711e+05
 -2.978e+05 2.978e+05
 -1.757e+05 1.757e+05
 -9.459e+05 9.459e+05
 1.118e+05 -1.118e+05
 -5.142e+05 5.142e+05
 -1.719e+05 1.719e+05
 5.497e+05 -5.497e+05
 -3.21e+05 3.21e+05
 4.363e+05 -4.363e+05
 3.108e+05 -3.108e+05
 -6.436e+05 6.436e+05
 -9.175e+05 9.175e+05
 4.174e+05 -4.174e+05
 -6.368e+05 6.368e+05
 2.912e+05 -2.912e+05
 -4.129e+05 4.129e+05
 -2.321e+05 2.321e+05
 8.196e+05 -8.196e+05
 1.406e+06 -1.406e+06
 7.698e+05 -7.698e+05
 -3.141e+05 3.141e+05
 1.322e+06 -1.322e+06
 -3.735e+05 3.735e+05
 3.898e+05 -3.898e+05
 -6.641e+05 6.641e+05
 -2.431e+05 2.431e+05
 8.832e+05 -8.832e+05
 -4.246e+05 4.246e+05
 -2.978e+05 2.978e+05
 1.402e+05 -1.402e+05
 -1.455e+05 1.455e+05
 -4.572e+04 4.572e+04
 -1.439e+05 1.439e+05
 -2.023e+05 2.023e+05
 2.293e+05 -2.293e+05
 -8.021e+05 8.021e+05
 -3.331e+05 3.331e+05
 -3.997e+05 3.997e+05
 1.783e+05 -1.783e+05
 7.432e+05 -7.432e+05
 7.298e+04 -7.298e+04
 2.77e+05 -2.77e+05
 4.651e+05 -4.651e+05
 8.193e+05 -8.193e+05
 3.43e+05 -3.43e+05
 -7.271e+05 7.271e+05
 9375 -9375
 -2.711e+05 2.711e+05
 1.754e+05 -1.754e+05
 -2.495e+05 2.495e+05
 5.453e+05 -5.453e+05
 -1.312e+06 1.312e+06
 3.606e+05 -3.606e+05
 6.627e+05 -6.627e+05
 -6.025e+05 6.025e+05
 3.5e+05 -3.5e+05
 5.734e+05 -5.734e+05
 1.989e+04 -1.989e+04
 -1.426e+05 1.426e+05
 1.078e+05 -1.078e+05
 4.549e+05 -4.549e+05
 -1.123e+06 1.123e+06
 5.038e+05 -5.038e+05
 -1.839e+06 1.839e+06
 1.339e+06 -1.339e+06
 -3.372e+05 3.372e+05
 -1.467e+06 1.467e+06
 3.911e+05 -3.911e+05
 1.046e+05 -1.046e+05
 -3.813e+05 3.813e+05
 1.682e+05 -1.682e+05
 -1.468e+05 1.468e+05
 -1.441e+05 1.441e+05
 -9.569e+05 9.569e+05
 1.821e+05 -1.821e+05
 3.231e+04 -3.231e+04
 8.993e+05 -8.993e+05
 -1.092e+05 1.092e+05
 7.368e+05 -7.368e+05
 7.262e+05 -7.262e+05
 4.017e+05 -4.017e+05
 4.992e+05 -4.992e+05
 1.668e+05 -1.668e+05
 -2.978e+04 2.978e+04
 3.047e+05 -3.047e+05
 -2.101e+04 2.101e+04
 -4.088e+05 4.088e+05
 -5.127e+05 5.127e+05
 -6.059e+05 6.059e+05
 -6.846e+05 6.846e+05
 6.201e+05 -6.201e+05
 7.661e+05 -7.661e+05
 2.859e+04 -2.859e+04
 -9.93e+04 9.93e+04
 -8.965e+04 8.965e+04
 -1.048e+06 1.048e+06
 2.73e+05 -2.73e+05
 -4.249e+05 4.249e+05
 -4.128e+04 4.128e+04
 1.157e+05 -1.157e+05
 1.932e+05 -1.932e+05
 1.497e+05 -1.497e+05
 3.038e+05 -3.038e+05
 -5.325e+05 5.325e+05
 2.399e+06 -2.399e+06
 5.428e+05 -5.428e+05
 8.194e+04 -8.194e+04
 1.557e+05 -1.557e+05
 9.824e+05 -9.824e+05
 -9.259e+05 9.259e+05
 -2.989e+05 2.989e+05
 -1.704e+05 1.704e+05
 1.71e+04 -1.71e+04
 -2.41e+05 2.41e+05
 1.146e+06 -1.146e+06
 1.688e+05 -1.688e+05
 4.96e+05 -4.96e+05
 -8.661e+05 8.661e+05
 -4.509e+05 4.509e+05
 -7.06e+04 7.06e+04
 1.986e+04 -1.986e+04
 3.813e+05 -3.813e+05
 -2.13e+05 2.13e+05
 6.775e+05 -6.775e+05
 -4.359e+05 4.359e+05
 -1.99e+05 1.99e+05
 3.749e+04 -3.749e+04
 3.731e+05 -3.731e+05
 -7.557e+05 7.557e+05
 5.797e+05 -5.797e+05
 -4.711e+05 4.711e+05
 4.851e+05 -4.851e+05
 2.646e+05 -2.646e+05
 5.208e+04 -5.208e+04
 -3.213e+05 3.213e+05
 7.673e+04 -7.673e+04
 3.486e+05 -3.486e+05
 -3.912e+05 3.912e+05
 4.751e+05 -4.751e+05
 2.71e+05 -2.71e+05
 4.588e+04 -4.588e+04
 3.917e+05 -3.917e+05
 -2995 2995
 4.1e+05 -4.1e+05
 -9.908e+04 9.908e+04
 -1.646e+05 1.646e+05
 -1.569e+06 1.569e+06
 1.14e+05 -1.14e+05
 -5.002e+05 5.002e+05
 -4.325e+05 4.325e+05
 -2.616e+05 2.616e+05
 -3.116e+05 3.116e+05
 -4.093e+05 4.093e+05
 -1.472e+05 1.472e+05
 2.035e+05 -2.035e+05
 -1.148e+06 1.148e+06
 4.429e+05 -4.429e+05
 -6.319e+05 6.319e+05
 -2.494e+05 2.494e+05
 1.613e+05 -1.613e+05
 7.467e+05 -7.467e+05
 -2.698e+05 2.698e+05
 -1.776e+05 1.776e+05
 -5.734e+05 5.734e+05
 6.165e+05 -6.165e+05
 -2.811e+05 2.811e+05
 5.359e+05 -5.359e+05
 -3.01e+04 3.01e+04
 2.155e+05 -2.155e+05
 -7.025e+05 7.025e+05
 2.048e+05 -2.048e+05
 1.673e+05 -1.673e+05
 -2.277e+04 2.277e+04
 1.581e+06 -1.581e+06
 1.88e+06 -1.88e+06
 -7.156e+05 7.156e+05
 5.378e+05 -5.378e+05
 4.621e+04 -4.621e+04
 8.892e+05 -8.892e+05
 4381 -4381
 4.4e+05 -4.4e+05
 -3.889e+05 3.889e+05
 -5.962e+05 5.962e+05
 -9.527e+05 9.527e+05
 1.157e+05 -1.157e+05
 -5.12e+05 5.12e+05
 2.523e+05 -2.523e+05
 5.248e+05 -5.248e+05
 1.853e+05 -1.853e+05
 1.663e+06 -1.663e+06
 1.065e+06 -1.065e+06
 8.631e+04 -8.631e+04
 -5.683e+05 5.683e+05
 -4.147e+05 4.147e+05
 1.395e+05 -1.395e+05
 -1.969e+04 1.969e+04
 -5.127e+05 5.127e+05
 5.867e+05 -5.867e+05
 9.971e+04 -9.971e+04
 7.635e+05 -7.635e+05
 -1.007e+06 1.007e+06
 3.623e+05 -3.623e+05
 7.197e+05 -7.197e+05
 -1.067e+06 1.067e+06
 -2.065e+05 2.065e+05
 2.881e+05 -2.881e+05
 -4.482e+05 4.482e+05
 7.234e+05 -7.234e+05
 1.048e+05 -1.048e+05
 -2.257e+05 2.257e+05
 -1.446e+06 1.446e+06
 -2.984e+05 2.984e+05
 4.716e+05 -4.716e+05
 -6.701e+05 6.701e+05
 1.731e+04 -1.731e+04
 1.513e+06 -1.513e+06
 -2.853e+05 2.853e+05
 1.139e+06 -1.139e+06
 3.757e+05 -3.757e+05
 -3.142e+04 3.142e+04
 -3.632e+05 3.632e+05
 4.094e+05 -4.094e+05
 5.673e+05 -5.673e+05
 3.558e+05 -3.558e+05
 -5.096e+05 5.096e+05
 -1.976e+05 1.976e+05
 1.689e+05 -1.689e+05
 -8.479e+05 8.479e+05
 -1.938e+05 1.938e+05
 -5.448e+05 5.448e+05
 9.009e+05 -9.009e+05
 2.956e+05 -2.956e+05
 -1.359e+05 1.359e+05
 -4.347e+05 4.347e+05
 -9.533e+04 9.533e+04
 -1.864e+05 1.864e+05
 -4.962e+04 4.962e+04
 1.39e+06 -1.39e+06
 -1.989e+05 1.989e+05
 -8.352e+04 8.352e+04
 -1.692e+04 1.692e+04
 -3.547e+05 3.547e+05
 2.21e+05 -2.21e+05
 3.567e+05 -3.567e+05
 1.499e+05 -1.499e+05
 -1.97e+05 1.97e+05
 -4.862e+05 4.862e+05
 -3.024e+05 3.024e+05
 1.095e+05 -1.095e+05
 2.194e+05 -2.194e+05
 -8.846e+05 8.846e+05
 4.422e+05 -4.422e+05
 -4.121e+05 4.121e+05
 -5.912e+05 5.912e+05
 -5.977e+05 5.977e+05
 -3.044e+05 3.044e+05
 7.268e+05 -7.268e+05
 -3.303e+05 3.303e+05
 1.211e+05 -1.211e+05
 3.761e+05 -3.761e+05
 5.229e+05 -5.229e+05
 1.636e+05 -1.636e+05
 -7.668e+05 7.668e+05
 -2.604e+05 2.604e+05
 -2.791e+05 2.791e+05
 -8.293e+04 8.293e+04
 -5.44e+05 5.44e+05
 4.335e+05 -4.335e+05
 -2.59e+05 2.59e+05
 3.016e+04 -3.016e+04
 -4.611e+05 4.611e+05
 -3.722e+05 3.722e+05
 -3.184e+05 3.184e+05
 -1.094e+05 1.094e+05
 5.689e+05 -5.689e+05
 -3.368e+05 3.368e+05
 -1.098e+05 1.098e+05
 3.302e+05 -3.302e+05
 2.92e+04 -2.92e+04
 -2.981e+05 2.981e+05
 2.923e+04 -2.923e+04
 1.208e+06 -1.208e+06
 1.185e+05 -1.185e+05
 1.208e+05 -1.208e+05
 -1.701e+05 1.701e+05
 -1.128e+05 1.128e+05
 -1.703e+05 1.703e+05
 -5.1e+05 5.1e+05
 -9.195e+05 9.195e+05
 -2.629e+05 2.629e+05
 6.183e+05 -6.183e+05
 -1.397e+05 1.397e+05
 -2.185e+05 2.185e+05
 1.129e+05 -1.129e+05
 1.959e+05 -1.959e+05
 5.185e+05 -5.185e+05
 1.638e+06 -1.638e+06
 4.331e+05 -4.331e+05
 6.93e+05 -6.93e+05
 -1.846e+05 1.846e+05
 6.128e+05 -6.128e+05
 -5.388e+05 5.388e+05
 1.132e+06 -1.132e+06
 7.324e+05 -7.324e+05
 5.452e+05 -5.452e+05
 3.108e+05 -3.108e+05
 -5.666e+05 5.666e+05
 5.184e+05 -5.184e+05
 4.757e+05 -4.757e+05
 -4.998e+05 4.998e+05
 8.472e+05 -8.472e+05
 -7.688e+05 7.688e+05
 1.741e+06 -1.741e+06
 1.272e+04 -1.272e+04
 2.833e+05 -2.833e+05
 -3.048e+05 3.048e+05
 -4.022e+05 4.022e+05
 4.217e+05 -4.217e+05
 1.305e+06 -1.305e+06
 -1.347e+06 1.347e+06
 7.038e+05 -7.038e+05
 -2.675e+04 2.675e+04
 1.82e+04 -1.82e+04
 8.77e+05 -8.77e+05
 1.486e+05 -1.486e+05
 5.57e+05 -5.57e+05
 5.998e+05 -5.998e+05
 5.693e+04 -5.693e+04
 2.627e+05 -2.627e+05
 4.655e+05 -4.655e+05
 2.254e+05 -2.254e+05
 1.983e+05 -1.983e+05
 7.817e+05 -7.817e+05
 2.177e+04 -2.177e+04
 2.788e+05 -2.788e+05
 2.873e+05 -2.873e+05
 -1.787e+05 1.787e+05
 1.535e+05 -1.535e+05
 3.254e+05 -3.254e+05
 -2.442e+04 2.442e+04
 -2.24e+05 2.24e+05
 -8.172e+05 8.172e+05
 -2.899e+05 2.899e+05
 1.37e+06 -1.37e+06
 -3.095e+05 3.095e+05
 -6.535e+05 6.535e+05
 9.066e+05 -9.066e+05
 3.117e+05 -3.117e+05
 2.825e+05 -2.825e+05
 -4.155e+05 4.155e+05
 -4.401e+04 4.401e+04
 5.709e+05 -5.709e+05
 -4.567e+05 4.567e+05
 -6198 6198
 -2.254e+05 2.254e+05
 7.367e+05 -7.367e+05
 4.564e+05 -4.564e+05
 3.751e+05 -3.751e+05
 -6.137e+05 6.137e+05
 1.023e+05 -1.023e+05
 -3.322e+05 3.322e+05
 -2.147e+05 2.147e+05
 3.31e+05 -3.31e+05
 -4.548e+05 4.548e+05
 -4.534e+05 4.534e+05
 -1.225e+06 1.225e+06
 8.432e+05 -8.432e+05
 -5.723e+05 5.723e+05
 -1.882e+05 1.882e+05
 -5.12e+04 5.12e+04
 -5.462e+05 5.462e+05
 5.175e+05 -5.175e+05
 3.746e+05 -3.746e+05
 -6.591e+05 6.591e+05
 7.081e+04 -7.081e+04
 6.023e+05 -6.023e+05
 -2.911e+05 2.911e+05
 8.497e+04 -8.497e+04
 -4.866e+05 4.866e+05
 -1.953e+04 1.953e+04
 1.647e+05 -1.647e+05
 4.685e+04 -4.685e+04
 -7.48e+05 7.48e+05
 -9.026e+05 9.026e+05
 -9.321e+05 9.321e+05
 4.68e+05 -4.68e+05
 2.32e+05 -2.32e+05
 7.565e+05 -7.565e+05
 -5.603e+05 5.603e+05
 -2.326e+05 2.326e+05
 4.365e+05 -4.365e+05
 1.726e+05 -1.726e+05
 1.683e+05 -1.683e+05
 5.15e+05 -5.15e+05
 -1.074e+06 1.074e+06
 4.781e+04 -4.781e+04
 2.252e+05 -2.252e+05
 -7.441e+05 7.441e+05
 -1.029e+05 1.029e+05
 5.655e+05 -5.655e+05
 1.037e+06 -1.037e+06
 -9.913e+04 9.913e+04
 -3.989e+05 3.989e+05
 8.839e+05 -8.839e+05
 5.245e+05 -5.245e+05
 4.392e+05 -4.392e+05
 -3.046e+05 3.046e+05
 -3.96e+05 3.96e+05
 -5.131e+05 5.131e+05
 4.146e+04 -4.146e+04
 1.582e+05 -1.582e+05
 7.298e+05 -7.298e+05
 -1.195e+05 1.195e+05
 -4.364e+05 4.364e+05
 3.323e+05 -3.323e+05
 2.2e+05 -2.2e+05
 -5.732e+05 5.732e+05
 -1.895e+05 1.895e+05
 3.089e+05 -3.089e+05
 3.533e+05 -3.533e+05
 5.243e+04 -5.243e+04
 3.087e+05 -3.087e+05
 -5.299e+05 5.299e+05
 8.375e+05 -8.375e+05
 4.296e+05 -4.296e+05
 -9.429e+05 9.429e+05
 -4.374e+05 4.374e+05
 -7.885e+05 7.885e+05
 2.497e+05 -2.497e+05
 1.433e+05 -1.433e+05
 -3.244e+05 3.244e+05
 -7.727e+05 7.727e+05
 -3.461e+05 3.461e+05
 -3.373e+05 3.373e+05
 -7.214e+05 7.214e+05
 -1.583e+05 1.583e+05
 -7.916e+05 7.916e+05
 2.464e+05 -2.464e+05
 5.022e+05 -5.022e+05
 5.257e+04 -5.257e+04
 3.011e+05 -3.011e+05
 -4.753e+05 4.753e+05
 1.35e+05 -1.35e+05
 4.816e+05 -4.816e+05
 8.129e+05 -8.129e+05
 -2.779e+05 2.779e+05
 -1.948e+04 1.948e+04
 5.271e+05 -5.271e+05
 8.326e+05 -8.326e+05
 -2.132e+05 2.132e+05
 -7.79e+05 7.79e+05
 -3.139e+05 3.139e+05
 4.095e+05 -4.095e+05
 -4.871e+05 4.871e+05
 3.847e+05 -3.847e+05
 -3.609e+05 3.609e+05
 -4035 4035
 -1.207e+06 1.207e+06
 3.555e+04 -3.555e+04
 -7.332e+05 7.332e+05
 -1.708e+05 1.708e+05
 -3.092e+04 3.092e+04
 -1.59e+06 1.59e+06
 1.037e+05 -1.037e+05
 4.923e+05 -4.923e+05
 4.221e+05 -4.221e+05
 1.771e+05 -1.771e+05
 -3.457e+05 3.457e+05
 -3.153e+05 3.153e+05
 -3.825e+05 3.825e+05
 -3.341e+05 3.341e+05
 -4.177e+05 4.177e+05
 -3.885e+05 3.885e+05
 -4.834e+05 4.834e+05
 3.834e+04 -3.834e+04
 7.205e+05 -7.205e+05
 5.708e+05 -5.708e+05
 3.408e+04 -3.408e+04
 -1.245e+05 1.245e+05
 1.396e+05 -1.396e+05
 3.823e+05 -3.823e+05
 2.512e+05 -2.512e+05
 1.947e+05 -1.947e+05
 -7.676e+05 7.676e+05
 -1.232e+05 1.232e+05
 -3.462e+05 3.462e+05
 -3.624e+04 3.624e+04
 6.656e+05 -6.656e+05
 -7.141e+05 7.141e+05
 -3.499e+05 3.499e+05
 -5.084e+05 5.084e+05
 -7.229e+05 7.229e+05
 -1.018e+06 1.018e+06
 -7.422e+04 7.422e+04
 3817 -3817
 -4.199e+05 4.199e+05
 -3.71e+05 3.71e+05
 1.093e+06 -1.093e+06
 -9.778e+05 9.778e+05
 -4.627e+05 4.627e+05
 -2.626e+05 2.626e+05
 1.198e+05 -1.198e+05
 -5.937e+05 5.937e+05
 5.102e+05 -5.102e+05
 -4.58e+05 4.58e+05
 -5.045e+05 5.045e+05
 7.196e+05 -7.196e+05
 8.319e+05 -8.319e+05
 8.411e+05 -8.411e+05
 -3.546e+05 3.546e+05
 -7.6e+05 7.6e+05
 9.897e+05 -9.897e+05
 1.737e+05 -1.737e+05
 -5.878e+05 5.878e+05
 3.739e+05 -3.739e+05
 -7.471e+05 7.471e+05
 1.973e+05 -1.973e+05
 -3.578e+05 3.578e+05
 -5.775e+04 5.775e+04
 1.104e+06 -1.104e+06
 -3.107e+05 3.107e+05
 6.503e+05 -6.503e+05
 -2.028e+05 2.028e+05
 7.22e+05 -7.22e+05
 -9.942e+05 9.942e+05
 -6.606e+05 6.606e+05
 1.384e+05 -1.384e+05
 1.186e+06 -1.186e+06
 -3.69e+05 3.69e+05
 1.103e+05 -1.103e+05
 3.416e+05 -3.416e+05
 -7.332e+05 7.332e+05
 5.61e+05 -5.61e+05
 3.795e+05 -3.795e+05
 -4.432e+05 4.432e+05
 2.917e+05 -2.917e+05
 -4.398e+05 4.398e+05
 -1.018e+05 1.018e+05
 -4.874e+04 4.874e+04
 -3.716e+04 3.716e+04
 -2.829e+05 2.829e+05
 1.144e+05 -1.144e+05
 -4.415e+05 4.415e+05
 1.248e+06 -1.248e+06
 -5.562e+05 5.562e+05
 5.252e+05 -5.252e+05
 -1.986e+05 1.986e+05
 -2.031e+05 2.031e+05
 1.759e+04 -1.759e+04
 6.057e+05 -6.057e+05
 -3.505e+05 3.505e+05
 5.328e+05 -5.328e+05
 6.622e+04 -6.622e+04
 -7.466e+04 7.466e+04
 -7.962e+04 7.962e+04
 1.485e+05 -1.485e+05
 8.196e+05 -8.196e+05
 -1.439e+05 1.439e+05
 2.271e+05 -2.271e+05
 -4.801e+05 4.801e+05
 -5.374e+05 5.374e+05
 1.032e+06 -1.032e+06
 -2.402e+05 2.402e+05
 5.773e+05 -5.773e+05
 -8.137e+04 8.137e+04
 -2.416e+05 2.416e+05
 8.722e+04 -8.722e+04
 5.649e+05 -5.649e+05
 4.398e+05 -4.398e+05
 -7.897e+04 7.897e+04
 -4.313e+05 4.313e+05
 -6.302e+05 6.302e+05
 1.205e+05 -1.205e+05
 2.526e+05 -2.526e+05
 2.514e+05 -2.514e+05
 -9.375e+04 9.375e+04
 8.778e+05 -8.778e+05
 1.014e+06 -1.014e+06
 -1.1e+05 1.1e+05
 3.766e+04 -3.766e+04
 9.733e+05 -9.733e+05
 -1.492e+05 1.492e+05
 2.254e+04 -2.254e+04
 -5.811e+05 5.811e+05
 -1.209e+06 1.209e+06
 4.321e+04 -4.321e+04
 2.775e+05 -2.775e+05
 1.65e+05 -1.65e+05
 -4.222e+05 4.222e+05
 7.733e+05 -7.733e+05
 -4.777e+05 4.777e+05
 -2.872e+05 2.872e+05
 -1.527e+04 1.527e+04
 3.727e+04 -3.727e+04
 2.717e+05 -2.717e+05
 2.923e+05 -2.923e+05
 -9.595e+05 9.595e+05
 -3.318e+04 3.318e+04
 3.674e+05 -3.674e+05
 -1.179e+05 1.179e+05
 3.354e+05 -3.354e+05
 3.369e+05 -3.369e+05
 -1.188e+05 1.188e+05
 -2.605e+04 2.605e+04
 1.133e+06 -1.133e+06
 -1.347e+05 1.347e+05
 4.689e+05 -4.689e+05
 7.918e+05 -7.918e+05
 -6.639e+05 6.639e+05
 -4.013e+05 4.013e+05
 1.229e+05 -1.229e+05
 -4.208e+05 4.208e+05
 2.452e+05 -2.452e+05
 2.199e+05 -2.199e+05
 8.798e+04 -8.798e+04
 -5.571e+05 5.571e+05
 -2.097e+05 2.097e+05
 -2.515e+05 2.515e+05
 -1.705e+05 1.705e+05
 -2.075e+05 2.075e+05
 -4.689e+05 4.689e+05
 -7.489e+05 7.489e+05
 9.35e+05 -9.35e+05
 1.324e+06 -1.324e+06
 9.085e+05 -9.085e+05
 -5.64e+05 5.64e+05
 2.301e+05 -2.301e+05
 -3.927e+04 3.927e+04
 3.445e+05 -3.445e+05
 3.102e+05 -3.102e+05
 8.407e+05 -8.407e+05
 -1.59e+05 1.59e+05
 1.889e+05 -1.889e+05
 7.453e+05 -7.453e+05
 7.343e+04 -7.343e+04
 -2.918e+05 2.918e+05
 -1.783e+06 1.783e+06
 -6.96e+05 6.96e+05
 -6.756e+05 6.756e+05
 1.766e+05 -1.766e+05
 -7.004e+05 7.004e+05
 1.514e+04 -1.514e+04
 -1.065e+05 1.065e+05
 1.187e+05 -1.187e+05
 -6.814e+05 6.814e+05
 9.474e+04 -9.474e+04
 -4.304e+05 4.304e+05
 -8.574e+04 8.574e+04
 1.648e+05 -1.648e+05
 -4.796e+05 4.796e+05
 1.277e+06 -1.277e+06
 1.717e+05 -1.717e+05
 2.401e+05 -2.401e+05
 -6.608e+04 6.608e+04
 4.317e+04 -4.317e+04
 2.993e+04 -2.993e+04
 5.064e+04 -5.064e+04
 1.545e+05 -1.545e+05
 5.627e+05 -5.627e+05
 1.122e+04 -1.122e+04
 -1.851e+05 1.851e+05
 7.422e+04 -7.422e+04
 -2.004e+05 2.004e+05
 -1.063e+06 1.063e+06
 -2.712e+04 2.712e+04
 -4.015e+05 4.015e+05
 3.029e+05 -3.029e+05
 3.207e+05 -3.207e+05
 4.512e+05 -4.512e+05
 3.598e+05 -3.598e+05
 -7.369e+04 7.369e+04
 -3.898e+05 3.898e+05
 -1.105e+05 1.105e+05
 2.62e+05 -2.62e+05
 5.215e+04 -5.215e+04
 5.756e+04 -5.756e+04
 -1.063e+06 1.063e+06
 -2.139e+05 2.139e+05
 1.493e+04 -1.493e+04
 -5.144e+05 5.144e+05
 -7.071e+05 7.071e+05
 9.861e+05 -9.861e+05
 3.859e+05 -3.859e+05
 -7.121e+05 7.121e+05
 -2.052e+05 2.052e+05
 -3.797e+05 3.797e+05
 5.045e+05 -5.045e+05
 4.231e+05 -4.231e+05
 6.405e+05 -6.405e+05
 -1.016e+05 1.016e+05
 -9.654e+05 9.654e+05
 -5.463e+05 5.463e+05
 -7.846e+05 7.846e+05
 1.261e+06 -1.261e+06
 -1.839e+05 1.839e+05
 -1.716e+05 1.716e+05
 -5.193e+05 5.193e+05
 4.097e+05 -4.097e+05
 7.968e+05 -7.968e+05
 -2.932e+05 2.932e+05
 2.316e+05 -2.316e+05
 1.465e+04 -1.465e+04
 -5.728e+05 5.728e+05
 8.517e+05 -8.517e+05
 1.286e+05 -1.286e+05
 -1.158e+06 1.158e+06
 8.021e+05 -8.021e+05
 -5.512e+05 5.512e+05
 4.635e+05 -4.635e+05
 -1.476e+05 1.476e+05
 -1.188e+05 1.188e+05
 4.349e+04 -4.349e+04
 -2.476e+05 2.476e+05
 8.999e+05 -8.999e+05
 -5.375e+05 5.375e+05
 -1.917e+04 1.917e+04
 8.507e+05 -8.507e+05
 1.42e+05 -1.42e+05
 -7.459e+05 7.459e+05
 2.314e+05 -2.314e+05
 -7.431e+05 7.431e+05
 -5.299e+05 5.299e+05
 4.863e+05 -4.863e+05
 -6.619e+05 6.619e+05
 7.005e+04 -7.005e+04


