# Created by Octave 5.2.0, Fri Sep 25 00:11:41 2020 CEST <jiwidi@land>
# name: w
# type: matrix
# rows: 2001
# columns: 2
 -3600 3600
 29.26 -29.26
 -119.6 119.6
 -57.26 57.26
 -36.86 36.86
 -46.89 46.89
 92.95 -92.95
 75.38 -75.38
 14.57 -14.57
 -48.34 48.34
 148.2 -148.2
 -48.38 48.38
 28.26 -28.26
 42.62 -42.62
 -139.4 139.4
 -211.5 211.5
 -25.44 25.44
 84.98 -84.98
 -96.33 96.33
 117.2 -117.2
 -95.34 95.34
 -98.94 98.94
 -174.7 174.7
 -154.1 154.1
 191.9 -191.9
 -55.93 55.93
 -40.24 40.24
 -394.2 394.2
 -32.59 32.59
 -1.051 1.051
 18.4 -18.4
 -39.35 39.35
 155.3 -155.3
 -74.78 74.78
 114.9 -114.9
 167.2 -167.2
 -91.46 91.46
 -13.14 13.14
 -104.3 104.3
 -2.388 2.388
 -110.4 110.4
 51.38 -51.38
 -59.36 59.36
 -48.28 48.28
 28.37 -28.37
 144.7 -144.7
 -96.06 96.06
 112.7 -112.7
 -209.5 209.5
 -68.07 68.07
 16.79 -16.79
 39.03 -39.03
 -12.42 12.42
 -49.73 49.73
 500.9 -500.9
 81.26 -81.26
 28.1 -28.1
 53.32 -53.32
 -20.45 20.45
 17.68 -17.68
 28.27 -28.27
 -27.65 27.65
 -32.82 32.82
 13.91 -13.91
 -44.78 44.78
 -49.77 49.77
 56.82 -56.82
 -199.9 199.9
 33.42 -33.42
 24.78 -24.78
 -185.5 185.5
 -80.54 80.54
 -45.4 45.4
 61.3 -61.3
 141.1 -141.1
 -62.69 62.69
 -3.992 3.992
 -58.92 58.92
 -2.006 2.006
 36.7 -36.7
 107.4 -107.4
 -2.443 2.443
 70.9 -70.9
 -66.79 66.79
 81.15 -81.15
 8.587 -8.587
 -55.76 55.76
 -49.61 49.61
 37.52 -37.52
 2.33 -2.33
 5.269 -5.269
 39.91 -39.91
 81.31 -81.31
 -48.12 48.12
 -58.75 58.75
 -110.8 110.8
 41.52 -41.52
 339.4 -339.4
 -150.1 150.1
 5.987 -5.987
 66.07 -66.07
 101.9 -101.9
 68.24 -68.24
 -251.1 251.1
 138.1 -138.1
 -53.16 53.16
 105.3 -105.3
 13.58 -13.58
 -12.08 12.08
 -87.13 87.13
 57.93 -57.93
 33.58 -33.58
 -42.62 42.62
 -34.59 34.59
 -227.2 227.2
 -23.73 23.73
 54.64 -54.64
 19.12 -19.12
 -61.75 61.75
 -101.4 101.4
 60.92 -60.92
 39.53 -39.53
 -34.04 34.04
 -59.54 59.54
 -28.23 28.23
 -120.8 120.8
 56.42 -56.42
 80.09 -80.09
 -33.09 33.09
 -74.16 74.16
 -84.97 84.97
 -35.47 35.47
 12.91 -12.91
 -55.27 55.27
 65.08 -65.08
 -98.56 98.56
 43.12 -43.12
 4.769 -4.769
 -81.48 81.48
 4.877 -4.877
 -89.8 89.8
 -85.81 85.81
 10.86 -10.86
 -16.3 16.3
 -23.34 23.34
 -41.19 41.19
 76.22 -76.22
 -335.4 335.4
 -67.74 67.74
 15.18 -15.18
 -96.83 96.83
 -160 160
 15.69 -15.69
 777.4 -777.4
 26.65 -26.65
 -8.979 8.979
 -411.8 411.8
 -77.15 77.15
 19.73 -19.73
 -221.7 221.7
 -62.74 62.74
 49.28 -49.28
 -27.94 27.94
 -103.6 103.6
 140.5 -140.5
 544 -544
 76.32 -76.32
 128.5 -128.5
 48.16 -48.16
 -52.71 52.71
 -94.78 94.78
 55.54 -55.54
 54.99 -54.99
 -89.07 89.07
 62.35 -62.35
 35.02 -35.02
 -2.826 2.826
 257.3 -257.3
 2.492 -2.492
 -30.93 30.93
 -40.62 40.62
 452.1 -452.1
 -331.9 331.9
 37.03 -37.03
 -39.58 39.58
 -6.652 6.652
 93.95 -93.95
 0.8316 -0.8316
 -13.8 13.8
 -147.4 147.4
 162.6 -162.6
 88.68 -88.68
 28.05 -28.05
 -21.46 21.46
 -65.29 65.29
 -26.72 26.72
 5.536 -5.536
 -25.66 25.66
 107.9 -107.9
 30.16 -30.16
 123.8 -123.8
 -132.8 132.8
 -48.29 48.29
 195.2 -195.2
 192.1 -192.1
 8.762 -8.762
 -312 312
 -173 173
 -11.26 11.26
 29.54 -29.54
 -390.4 390.4
 115.7 -115.7
 -179.1 179.1
 -7.867 7.867
 -58.48 58.48
 -42.52 42.52
 -161.7 161.7
 -66.13 66.13
 -16.63 16.63
 -127.7 127.7
 -101 101
 46.73 -46.73
 -183.3 183.3
 35.64 -35.64
 -99.83 99.83
 109.2 -109.2
 26.49 -26.49
 -110 110
 159 -159
 -31.71 31.71
 48.84 -48.84
 102.4 -102.4
 120.8 -120.8
 -108.9 108.9
 104.2 -104.2
 -128.8 128.8
 -97.28 97.28
 -74.07 74.07
 43.74 -43.74
 131.4 -131.4
 -82.49 82.49
 -1.445 1.445
 -92.68 92.68
 71.73 -71.73
 -38.86 38.86
 -19.24 19.24
 12.92 -12.92
 -220.3 220.3
 -230.2 230.2
 -71.52 71.52
 45.4 -45.4
 -90.52 90.52
 -7.976 7.976
 111.3 -111.3
 -21.95 21.95
 -28.98 28.98
 -9.204 9.204
 208.1 -208.1
 228.2 -228.2
 -48.17 48.17
 204.1 -204.1
 -191.5 191.5
 -78.11 78.11
 -56.76 56.76
 108.5 -108.5
 -70.34 70.34
 -114.7 114.7
 -74.06 74.06
 -67.57 67.57
 35.58 -35.58
 89.24 -89.24
 122.7 -122.7
 34.76 -34.76
 -22.67 22.67
 19.4 -19.4
 -108.4 108.4
 29.98 -29.98
 24.22 -24.22
 -77.55 77.55
 -142.5 142.5
 3.996 -3.996
 169.9 -169.9
 -160.2 160.2
 209 -209
 337.7 -337.7
 17.9 -17.9
 -121.5 121.5
 -13.63 13.63
 -88.69 88.69
 -106.6 106.6
 -39.47 39.47
 -284.7 284.7
 44.84 -44.84
 -4.934 4.934
 -0.8886 0.8886
 68.07 -68.07
 -228.8 228.8
 -40.91 40.91
 -81.04 81.04
 46.45 -46.45
 15.29 -15.29
 -31.59 31.59
 -92.41 92.41
 -119.1 119.1
 292.2 -292.2
 43.67 -43.67
 -42.69 42.69
 11.91 -11.91
 5.045 -5.045
 253.3 -253.3
 37.09 -37.09
 230.8 -230.8
 -132 132
 62.31 -62.31
 -191.6 191.6
 -50.56 50.56
 467.4 -467.4
 246.5 -246.5
 -76.89 76.89
 144.4 -144.4
 53.48 -53.48
 329.5 -329.5
 131.5 -131.5
 85.8 -85.8
 16.23 -16.23
 8.029 -8.029
 65.79 -65.79
 -9.926 9.926
 50.83 -50.83
 -24.33 24.33
 -87.86 87.86
 97.84 -97.84
 -89.8 89.8
 -142.7 142.7
 103.3 -103.3
 -116.7 116.7
 -6.541 6.541
 -30.71 30.71
 -16.03 16.03
 57.65 -57.65
 1.822 -1.822
 -231 231
 -83.15 83.15
 61.14 -61.14
 -49.06 49.06
 8.866 -8.866
 -47.07 47.07
 96.11 -96.11
 234.2 -234.2
 100.7 -100.7
 -28.6 28.6
 -125 125
 -50.66 50.66
 -40.24 40.24
 59.43 -59.43
 32.43 -32.43
 -344 344
 178.6 -178.6
 -0.5534 0.5534
 241.2 -241.2
 -32.6 32.6
 -129.9 129.9
 -114.9 114.9
 101.7 -101.7
 -64.58 64.58
 -21.62 21.62
 255.2 -255.2
 -120.1 120.1
 77.66 -77.66
 -129.2 129.2
 -53.77 53.77
 78.27 -78.27
 102.5 -102.5
 5.267 -5.267
 -19.96 19.96
 -8.312 8.312
 84.09 -84.09
 189.1 -189.1
 -90.91 90.91
 -110.6 110.6
 -16.08 16.08
 -176.5 176.5
 -68.07 68.07
 -94.96 94.96
 417.4 -417.4
 108.8 -108.8
 15.85 -15.85
 54.76 -54.76
 -21.63 21.63
 -43.07 43.07
 -55.55 55.55
 -32.43 32.43
 -97.32 97.32
 -201.3 201.3
 44.56 -44.56
 -119.8 119.8
 -5.162 5.162
 -77.27 77.27
 -79.82 79.82
 293.2 -293.2
 -156.2 156.2
 -60.03 60.03
 -49.67 49.67
 -87.36 87.36
 87.3 -87.3
 -88.13 88.13
 -101.2 101.2
 102 -102
 -120.4 120.4
 151.4 -151.4
 -45.94 45.94
 70.56 -70.56
 -44.06 44.06
 -241.1 241.1
 -127.6 127.6
 3.991 -3.991
 353.1 -353.1
 -89.52 89.52
 308.5 -308.5
 184.6 -184.6
 67.51 -67.51
 33.76 -33.76
 135.7 -135.7
 -270.3 270.3
 -54.1 54.1
 -64.07 64.07
 -7.541 7.541
 -45.73 45.73
 -91.73 91.73
 -146.8 146.8
 180.7 -180.7
 -71.39 71.39
 253.5 -253.5
 12.31 -12.31
 4.323 -4.323
 -28.49 28.49
 69.34 -69.34
 49.56 -49.56
 -123 123
 -14.97 14.97
 -89.69 89.69
 48.67 -48.67
 -214.4 214.4
 163.9 -163.9
 -73.84 73.84
 84.91 -84.91
 -46.01 46.01
 -193.1 193.1
 207.7 -207.7
 -12.53 12.53
 -108.6 108.6
 -49.61 49.61
 166.4 -166.4
 383.3 -383.3
 36.19 -36.19
 77.76 -77.76
 -96.34 96.34
 25.72 -25.72
 -120.3 120.3
 -2.336 2.336
 -119.5 119.5
 -130.8 130.8
 334.9 -334.9
 8.943 -8.943
 93.18 -93.18
 106.5 -106.5
 93.3 -93.3
 48.78 -48.78
 3.659 -3.659
 31.98 -31.98
 -21.12 21.12
 -38.8 38.8
 -82.99 82.99
 0.0518 -0.0518
 -7.653 7.653
 31.09 -31.09
 95.18 -95.18
 42.01 -42.01
 -73.11 73.11
 118.4 -118.4
 -6.982 6.982
 62.01 -62.01
 -31.59 31.59
 -0.1212 0.1212
 182 -182
 -0.554 0.554
 -90.9 90.9
 -186 186
 -55.71 55.71
 -68.57 68.57
 67.51 -67.51
 -9.481 9.481
 -8.924 8.924
 -35.75 35.75
 51.5 -51.5
 -39.97 39.97
 -99.95 99.95
 -11.65 11.65
 17.96 -17.96
 -224.4 224.4
 100.8 -100.8
 -63.35 63.35
 -85.31 85.31
 -42.63 42.63
 -14.47 14.47
 -75.61 75.61
 -29.66 29.66
 -233.6 233.6
 85.69 -85.69
 -28.26 28.26
 -14.63 14.63
 25.33 -25.33
 -246.6 246.6
 -17.18 17.18
 76.99 -76.99
 -196 196
 -50.62 50.62
 52.27 -52.27
 -47.12 47.12
 -57.15 57.15
 -31.76 31.76
 121.6 -121.6
 -215 215
 31.76 -31.76
 -3.386 3.386
 -8.319 8.319
 -46.29 46.29
 -134.9 134.9
 0.4432 -0.4432
 -68.56 68.56
 -83.54 83.54
 -82.98 82.98
 -70.84 70.84
 -73.89 73.89
 -88.97 88.97
 -246.8 246.8
 94.63 -94.63
 50.66 -50.66
 -19.79 19.79
 -3.934 3.934
 -88.35 88.35
 -98.34 98.34
 -100.6 100.6
 143 -143
 124.8 -124.8
 -18.96 18.96
 48.17 -48.17
 -232.6 232.6
 -42.91 42.91
 -2.05 2.05
 76.56 -76.56
 -174.4 174.4
 219.2 -219.2
 36.92 -36.92
 2.666 -2.666
 -16.74 16.74
 18.35 -18.35
 -83.37 83.37
 150.6 -150.6
 -10.65 10.65
 199.9 -199.9
 8.143 -8.143
 65.18 -65.18
 -5.219 5.219
 -49.83 49.83
 -281.6 281.6
 -43.85 43.85
 89.51 -89.51
 97.66 -97.66
 -2.332 2.332
 -160.4 160.4
 -21.96 21.96
 -121.9 121.9
 193.2 -193.2
 -42.41 42.41
 -28.99 28.99
 -1.385 1.385
 14.2 -14.2
 269.4 -269.4
 -34.42 34.42
 36.64 -36.64
 -117.7 117.7
 -112.8 112.8
 -102.9 102.9
 78.32 -78.32
 5.764 -5.764
 40.85 -40.85
 10.75 -10.75
 -159.3 159.3
 -5.156 5.156
 18.06 -18.06
 -22.07 22.07
 -247.6 247.6
 -584.6 584.6
 19.9 -19.9
 11.97 -11.97
 -54.77 54.77
 98.33 -98.33
 -64.24 64.24
 168.6 -168.6
 -51.78 51.78
 -8.926 8.926
 -0.2216 0.2216
 210.4 -210.4
 183.1 -183.1
 -48 48
 241.4 -241.4
 266.1 -266.1
 -96.56 96.56
 80.81 -80.81
 -87.63 87.63
 -89.03 89.03
 115 -115
 -59.7 59.7
 -170.7 170.7
 -77.16 77.16
 -23.57 23.57
 -75.44 75.44
 53.77 -53.77
 -250.4 250.4
 -13.42 13.42
 304.7 -304.7
 -125.9 125.9
 30.81 -30.81
 -44.51 44.51
 31.59 -31.59
 -103.2 103.2
 -68.68 68.68
 -25.78 25.78
 12.91 -12.91
 -83.09 83.09
 -135.6 135.6
 -18.85 18.85
 -54.49 54.49
 8.704 -8.704
 -171 171
 -136.1 136.1
 -0.005 0.005
 -69.34 69.34
 103.9 -103.9
 -59.31 59.31
 -9.256 9.256
 -18.91 18.91
 14.69 -14.69
 -239.1 239.1
 -26.84 26.84
 -42.96 42.96
 -118.1 118.1
 -186.2 186.2
 -54.38 54.38
 241.7 -241.7
 -63.35 63.35
 128.6 -128.6
 277.2 -277.2
 -9.258 9.258
 175.7 -175.7
 -88.53 88.53
 -14.47 14.47
 186 -186
 -155.2 155.2
 4.548 -4.548
 -346.8 346.8
 -88.75 88.75
 -80.38 80.38
 29.6 -29.6
 67.57 -67.57
 -177.7 177.7
 -55.21 55.21
 25.21 -25.21
 -277.2 277.2
 -88.91 88.91
 -47.56 47.56
 64.57 -64.57
 -57.7 57.7
 -237.1 237.1
 -119.1 119.1
 207.5 -207.5
 -84.58 84.58
 -101.2 101.2
 -112.4 112.4
 27.7 -27.7
 -84.48 84.48
 -127.6 127.6
 -130.4 130.4
 10.42 -10.42
 107.8 -107.8
 -117 117
 111.6 -111.6
 15.18 -15.18
 -302.8 302.8
 -3.165 3.165
 72.68 -72.68
 -38.58 38.58
 -96.22 96.22
 -38.47 38.47
 -161.9 161.9
 -47.89 47.89
 2.549 -2.549
 -10.43 10.43
 -22.01 22.01
 -42.29 42.29
 -48.78 48.78
 131.8 -131.8
 -13.52 13.52
 -20.24 20.24
 200.7 -200.7
 -141.4 141.4
 -83.75 83.75
 18.51 -18.51
 44.35 -44.35
 -106.8 106.8
 16.96 -16.96
 19.01 -19.01
 272.3 -272.3
 105.3 -105.3
 -123.2 123.2
 207.5 -207.5
 -41.18 41.18
 36.97 -36.97
 103.2 -103.2
 50 -50
 -137.2 137.2
 -165.7 165.7
 94.34 -94.34
 -22 22
 -86.69 86.69
 -134.6 134.6
 41.13 -41.13
 -73.29 73.29
 97.18 -97.18
 17.14 -17.14
 -48.28 48.28
 -56.16 56.16
 -79.2 79.2
 -186.2 186.2
 31.09 -31.09
 -59.59 59.59
 13.14 -13.14
 -190.8 190.8
 124.3 -124.3
 -20.78 20.78
 -138.4 138.4
 -14.58 14.58
 105 -105
 26.16 -26.16
 -4.994 4.994
 -19.57 19.57
 -106.6 106.6
 85.14 -85.14
 -61.3 61.3
 110.1 -110.1
 309.3 -309.3
 -232.8 232.8
 2.941 -2.941
 27.77 -27.77
 -82.49 82.49
 -43.13 43.13
 96.9 -96.9
 -25.22 25.22
 560.5 -560.5
 -147.7 147.7
 -103.9 103.9
 -86.47 86.47
 -38.19 38.19
 11.46 -11.46
 193.8 -193.8
 -55.6 55.6
 25.27 -25.27
 -146.3 146.3
 -459.4 459.4
 0.9944 -0.9944
 -90.91 90.91
 46.11 -46.11
 38.97 -38.97
 23.73 -23.73
 137.8 -137.8
 -106.3 106.3
 -56.93 56.93
 -20.96 20.96
 322.2 -322.2
 96.23 -96.23
 -23.89 23.89
 77.66 -77.66
 20.84 -20.84
 76.77 -76.77
 -47.56 47.56
 -57.31 57.31
 -3.047 3.047
 -61.47 61.47
 -145.7 145.7
 324 -324
 -88.86 88.86
 59.15 -59.15
 -38.3 38.3
 -168.5 168.5
 -3.051 3.051
 -170.6 170.6
 -49.94 49.94
 -0.2838 0.2838
 -78.16 78.16
 137.4 -137.4
 131.5 -131.5
 54.21 -54.21
 194.5 -194.5
 -21.68 21.68
 78.15 -78.15
 30.98 -30.98
 -3.94 3.94
 -116.7 116.7
 -102.7 102.7
 -14.24 14.24
 333.2 -333.2
 21.89 -21.89
 41.95 -41.95
 1.779 -1.779
 -37.47 37.47
 -139.7 139.7
 236 -236
 -107 107
 72.67 -72.67
 -23.34 23.34
 -155.1 155.1
 321.8 -321.8
 -103.8 103.8
 252.4 -252.4
 132.7 -132.7
 237.9 -237.9
 49.33 -49.33
 173.5 -173.5
 -85.09 85.09
 166.4 -166.4
 -117.6 117.6
 -97.17 97.17
 -313.2 313.2
 -38.75 38.75
 -119.7 119.7
 54.65 -54.65
 80.98 -80.98
 152.2 -152.2
 66.24 -66.24
 -14.58 14.58
 -62.91 62.91
 -46.9 46.9
 178.2 -178.2
 90.63 -90.63
 -92.02 92.02
 -169.8 169.8
 -166.1 166.1
 -111.9 111.9
 508 -508
 -112.5 112.5
 34.53 -34.53
 -28.32 28.32
 25.72 -25.72
 -98.39 98.39
 254.8 -254.8
 6.044 -6.044
 -87.92 87.92
 67.85 -67.85
 28.87 -28.87
 -33.59 33.59
 -48.44 48.44
 -9.149 9.149
 -146.2 146.2
 -127.9 127.9
 73 -73
 -41.75 41.75
 -60.75 60.75
 -66.02 66.02
 -21.68 21.68
 179 -179
 -61.47 61.47
 10.42 -10.42
 89.74 -89.74
 -114.7 114.7
 -45.24 45.24
 -56.76 56.76
 125.3 -125.3
 66.69 -66.69
 -101.5 101.5
 207.4 -207.4
 100.6 -100.6
 -41.47 41.47
 121.4 -121.4
 -11.75 11.75
 58.54 -58.54
 259.6 -259.6
 45.12 -45.12
 -40.08 40.08
 -52.77 52.77
 14.08 -14.08
 -196.8 196.8
 -65.9 65.9
 88.79 -88.79
 99.05 -99.05
 -76.5 76.5
 206.2 -206.2
 17.9 -17.9
 -168.2 168.2
 61.41 -61.41
 106.1 -106.1
 41.79 -41.79
 64.45 -64.45
 622.6 -622.6
 -20.52 20.52
 -65.52 65.52
 -32.87 32.87
 45.94 -45.94
 -63.3 63.3
 50.54 -50.54
 293.8 -293.8
 27.16 -27.16
 151.7 -151.7
 -54.76 54.76
 -23.73 23.73
 64.14 -64.14
 -124.3 124.3
 195.1 -195.1
 22.17 -22.17
 -37.81 37.81
 -504 504
 -97.73 97.73
 -170.1 170.1
 -10.26 10.26
 -101.7 101.7
 -67.51 67.51
 45.28 -45.28
 -260.1 260.1
 -54.27 54.27
 -170.8 170.8
 -7.982 7.982
 -349.8 349.8
 210.5 -210.5
 -24.11 24.11
 -140.3 140.3
 1.497 -1.497
 132.7 -132.7
 33.48 -33.48
 37.25 -37.25
 -47.11 47.11
 114 -114
 -89.62 89.62
 -66.41 66.41
 21.89 -21.89
 -1.332 1.332
 -41.91 41.91
 143.2 -143.2
 -28.76 28.76
 -41.47 41.47
 -46.06 46.06
 113.6 -113.6
 -106.2 106.2
 -71.62 71.62
 -101.7 101.7
 -50.5 50.5
 -160.6 160.6
 41.13 -41.13
 7.033 -7.033
 -96.67 96.67
 -58.92 58.92
 -75.77 75.77
 10.08 -10.08
 -60.53 60.53
 -23.89 23.89
 38.42 -38.42
 137.4 -137.4
 -83.26 83.26
 -98.95 98.95
 -177.7 177.7
 -214 214
 103.1 -103.1
 172.1 -172.1
 40.85 -40.85
 93.52 -93.52
 45.73 -45.73
 -41.57 41.57
 -12.42 12.42
 65.9 -65.9
 -89.68 89.68
 53.88 -53.88
 202.2 -202.2
 -8.266 8.266
 -77.05 77.05
 -11.36 11.36
 -82.48 82.48
 68.51 -68.51
 159.1 -159.1
 -14.74 14.74
 28.65 -28.65
 175.7 -175.7
 -127.2 127.2
 141 -141
 197.1 -197.1
 -41.8 41.8
 -39.74 39.74
 -101.1 101.1
 -126.5 126.5
 -182.9 182.9
 212.5 -212.5
 -89.3 89.3
 56.64 -56.64
 107.4 -107.4
 -21.07 21.07
 21.5 -21.5
 420.5 -420.5
 21.28 -21.28
 22.72 -22.72
 -31.93 31.93
 -80.05 80.05
 16.35 -16.35
 32.48 -32.48
 40.68 -40.68
 -2.662 2.662
 -28.06 28.06
 -25.94 25.94
 82.93 -82.93
 -57.2 57.2
 255.9 -255.9
 37.69 -37.69
 -12.47 12.47
 3338 -3338
 -23.12 23.12
 75.22 -75.22
 -42.13 42.13
 -156.1 156.1
 93.23 -93.23
 -30.82 30.82
 7.757 -7.757
 119.6 -119.6
 -77.94 77.94
 -48.45 48.45
 -101.8 101.8
 -190.4 190.4
 -11.8 11.8
 -56.37 56.37
 -24.78 24.78
 -59.38 59.38
 4.657 -4.657
 -21.9 21.9
 178.5 -178.5
 -20.45 20.45
 -10.26 10.26
 -70.67 70.67
 -7.151 7.151
 -150.1 150.1
 -56.1 56.1
 194.2 -194.2
 -145.1 145.1
 28.21 -28.21
 94.39 -94.39
 -246.2 246.2
 -4.996 4.996
 -104.2 104.2
 -97.44 97.44
 72.78 -72.78
 -21.79 21.79
 24.11 -24.11
 55.1 -55.1
 -73.06 73.06
 -88.59 88.59
 -78.87 78.87
 3.993 -3.993
 68.68 -68.68
 -99.16 99.16
 13.08 -13.08
 -110.9 110.9
 -36.26 36.26
 -212.9 212.9
 -136.7 136.7
 2.162 -2.162
 -44.08 44.08
 38.58 -38.58
 -95.01 95.01
 302.6 -302.6
 85.7 -85.7
 108.4 -108.4
 -104.5 104.5
 141.5 -141.5
 57.82 -57.82
 -150.1 150.1
 108 -108
 110.4 -110.4
 1.045 -1.045
 -71.12 71.12
 127.8 -127.8
 44.45 -44.45
 -14.91 14.91
 -35.71 35.71
 -269.1 269.1
 22.44 -22.44
 -91.19 91.19
 28.27 -28.27
 0 0
 -88.92 88.92
 73.39 -73.39
 -41.79 41.79
 561 -561
 -14.91 14.91
 -13.36 13.36
 -123.8 123.8
 -18.9 18.9
 24.78 -24.78
 -4.22 4.22
 -230.3 230.3
 -233.5 233.5
 178.3 -178.3
 92.45 -92.45
 -24.51 24.51
 14.51 -14.51
 22.45 -22.45
 176.3 -176.3
 196.4 -196.4
 -103.9 103.9
 -143.8 143.8
 121.8 -121.8
 -162.9 162.9
 12.3 -12.3
 -76.38 76.38
 -4.271 4.271
 120 -120
 122.5 -122.5
 -61.53 61.53
 26.66 -26.66
 -183.4 183.4
 31.32 -31.32
 -68.34 68.34
 -56.37 56.37
 -108.6 108.6
 5.93 -5.93
 -3.112 3.112
 -60.87 60.87
 -105.4 105.4
 -57.37 57.37
 70.84 -70.84
 -105.7 105.7
 1.552 -1.552
 12.8 -12.8
 -58.15 58.15
 -100.7 100.7
 284.4 -284.4
 -75.17 75.17
 60.75 -60.75
 -43.23 43.23
 -123.6 123.6
 -62.03 62.03
 -10.76 10.76
 69.01 -69.01
 -121.7 121.7
 -25.45 25.45
 -13.81 13.81
 -75.38 75.38
 -3.329 3.329
 -47.62 47.62
 -32.98 32.98
 12.8 -12.8
 -5.211 5.211
 -60.42 60.42
 85.08 -85.08
 -203 203
 8.215 -8.215
 63.47 -63.47
 105.4 -105.4
 206.8 -206.8
 -107.4 107.4
 -46.5 46.5
 -69.68 69.68
 -43.07 43.07
 -82.19 82.19
 -18.51 18.51
 49.82 -49.82
 -31.7 31.7
 14.13 -14.13
 -112.4 112.4
 48.78 -48.78
 -25.17 25.17
 -83.54 83.54
 77.5 -77.5
 -37.85 37.85
 -86.53 86.53
 -98.12 98.12
 -18.79 18.79
 -22.01 22.01
 67.24 -67.24
 64.08 -64.08
 -223.8 223.8
 90.18 -90.18
 -53.38 53.38
 39.46 -39.46
 -15.58 15.58
 -67.24 67.24
 -61.59 61.59
 -54.38 54.38
 -32.48 32.48
 10.59 -10.59
 -154.7 154.7
 83.48 -83.48
 -230.9 230.9
 -249.1 249.1
 187.6 -187.6
 -176.7 176.7
 -63.8 63.8
 57.09 -57.09
 -52.61 52.61
 -263.2 263.2
 -19.62 19.62
 -46.11 46.11
 13.02 -13.02
 -4.66 4.66
 -27.94 27.94
 -62.58 62.58
 -64.52 64.52
 -203.4 203.4
 57.45 -57.45
 1.493 -1.493
 -139.7 139.7
 -18.63 18.63
 -197.1 197.1
 159 -159
 -38.36 38.36
 245.8 -245.8
 -342.7 342.7
 -134.1 134.1
 101.8 -101.8
 390.9 -390.9
 -78.66 78.66
 -19.9 19.9
 -117.2 117.2
 -90.18 90.18
 -166.6 166.6
 -52.27 52.27
 10.53 -10.53
 -8.82 8.82
 -34.42 34.42
 -40.91 40.91
 -109 109
 84.42 -84.42
 -201.9 201.9
 651.6 -651.6
 -82.54 82.54
 70.61 -70.61
 -90.85 90.85
 31.98 -31.98
 -27.16 27.16
 -110.4 110.4
 -159 159
 -283.5 283.5
 -54.05 54.05
 85.31 -85.31
 -189 189
 404.8 -404.8
 70.34 -70.34
 -0.3882 0.3882
 -4.992 4.992
 22.78 -22.78
 -123.9 123.9
 15.02 -15.02
 80.04 -80.04
 -9.308 9.308
 81.98 -81.98
 63.91 -63.91
 21.45 -21.45
 61.53 -61.53
 -177.6 177.6
 -156.8 156.8
 -58.58 58.58
 113.4 -113.4
 112.6 -112.6
 -5.602 5.602
 -20.73 20.73
 -61.59 61.59
 38.15 -38.15
 -151.4 151.4
 23.39 -23.39
 -180.8 180.8
 -28.27 28.27
 67.3 -67.3
 92.06 -92.06
 19.4 -19.4
 -31.21 31.21
 30.03 -30.03
 -136.3 136.3
 -9.705 9.705
 176.6 -176.6
 -24.51 24.51
 54.1 -54.1
 -34.31 34.31
 -21.9 21.9
 -163.7 163.7
 -21.51 21.51
 -69.07 69.07
 -21.45 21.45
 142.5 -142.5
 16.46 -16.46
 10.43 -10.43
 558.4 -558.4
 -70.4 70.4
 -38.35 38.35
 -7.923 7.923
 -154.5 154.5
 -17.46 17.46
 -37.59 37.59
 -42.46 42.46
 139.3 -139.3
 -158.4 158.4
 -160.3 160.3
 -30.88 30.88
 -167.1 167.1
 -323.8 323.8
 -75.22 75.22
 186.1 -186.1
 -24.62 24.62
 24.72 -24.72
 -136.1 136.1
 -126 126
 101.1 -101.1
 19.24 -19.24
 78.21 -78.21
 23.33 -23.33
 42.07 -42.07
 40.52 -40.52
 -193.8 193.8
 -56.26 56.26
 -175.3 175.3
 -41.41 41.41
 -0.7202 0.7202
 -23.4 23.4
 -43.23 43.23
 -272.4 272.4
 101.1 -101.1
 54.05 -54.05
 -99.72 99.72
 176.3 -176.3
 -90.25 90.25
 -227 227
 -32.71 32.71
 -46.28 46.28
 74.71 -74.71
 -272.6 272.6
 41.96 -41.96
 86.75 -86.75
 394.3 -394.3
 -37.26 37.26
 -112.3 112.3
 -113.3 113.3
 91.96 -91.96
 -273.2 273.2
 86.08 -86.08
 22.06 -22.06
 39.74 -39.74
 -104.4 104.4
 -115.2 115.2
 11.69 -11.69
 104.9 -104.9
 23.55 -23.55
 20.28 -20.28
 14.64 -14.64
 238.2 -238.2
 -87.19 87.19
 23 -23
 -17.07 17.07
 -83.15 83.15
 -102.9 102.9
 -78.37 78.37
 -31.16 31.16
 63.07 -63.07
 11.69 -11.69
 38.8 -38.8
 -28.93 28.93
 65.36 -65.36
 -92.3 92.3
 435.5 -435.5
 -167.4 167.4
 234.6 -234.6
 35.91 -35.91
 -77.71 77.71
 -17.46 17.46
 20.95 -20.95
 -108 108
 -73.56 73.56
 16.24 -16.24
 337 -337
 399.4 -399.4
 -76.16 76.16
 33.63 -33.63
 389.1 -389.1
 -105.8 105.8
 69.35 -69.35
 -42.08 42.08
 33.37 -33.37
 -44.46 44.46
 -177.4 177.4
 -6.875 6.875
 -25.67 25.67
 -122 122
 -147.8 147.8
 38.24 -38.24
 -65.57 65.57
 28.93 -28.93
 70.01 -70.01
 308.4 -308.4
 -83.82 83.82
 -23.5 23.5
 -100.4 100.4
 19.35 -19.35
 39.8 -39.8
 9.142 -9.142
 -4.542 4.542
 15.63 -15.63
 -177.6 177.6
 154.2 -154.2
 -136.4 136.4
 -3.66 3.66
 -28.49 28.49
 -19.96 19.96
 49.77 -49.77
 44.62 -44.62
 -43.85 43.85
 -44.46 44.46
 -5.597 5.597
 -26.66 26.66
 -181.5 181.5
 35.36 -35.36
 -70.29 70.29
 73.89 -73.89
 -18.96 18.96
 -6.598 6.598
 -15.19 15.19
 -118.1 118.1
 -40.02 40.02
 -43.56 43.56
 -44.45 44.45
 -329.2 329.2
 -215.5 215.5
 -78.66 78.66
 -107.3 107.3
 6.264 -6.264
 29.05 -29.05
 75.27 -75.27
 85.47 -85.47
 -69.78 69.78
 333.7 -333.7
 61.96 -61.96
 266.2 -266.2
 186.6 -186.6
 49.72 -49.72
 62.24 -62.24
 48.39 -48.39
 -100.5 100.5
 -31.65 31.65
 41.24 -41.24
 602.5 -602.5
 -99.78 99.78
 133.7 -133.7
 36.35 -36.35
 526.6 -526.6
 -116.6 116.6
 159.5 -159.5
 -93.13 93.13
 50.56 -50.56
 -248.2 248.2
 161.6 -161.6
 -37.48 37.48
 -7.261 7.261
 -113.5 113.5
 -75.77 75.77
 391.6 -391.6
 108.9 -108.9
 -27.16 27.16
 -76.5 76.5
 -64.63 64.63
 -83.75 83.75
 6.04 -6.04
 -178.3 178.3
 -28.5 28.5
 17.63 -17.63
 185.7 -185.7
 -46.18 46.18
 -4.77 4.77
 4.543 -4.543
 -90.01 90.01
 -30.32 30.32
 54.04 -54.04
 -92.84 92.84
 40.52 -40.52
 -62.25 62.25
 -143.1 143.1
 -54.33 54.33
 270.2 -270.2
 161.2 -161.2
 -135.9 135.9
 -13.31 13.31
 -19.9 19.9
 -13.35 13.35
 13.52 -13.52
 7.812 -7.812
 -47.33 47.33
 -69.85 69.85
 293 -293
 -15.8 15.8
 -45.95 45.95
 40.4 -40.4
 -225.2 225.2
 29.04 -29.04
 -99.45 99.45
 -79.94 79.94
 -65.57 65.57
 16.07 -16.07
 -102.4 102.4
 16.91 -16.91
 32.1 -32.1
 39.18 -39.18
 106.6 -106.6
 -179.3 179.3
 -61.8 61.8
 -169 169
 -1.228 1.228
 -80.43 80.43
 -69.18 69.18
 130.9 -130.9
 -113.2 113.2
 -89.18 89.18
 46.83 -46.83
 -243.8 243.8
 -109.7 109.7
 15.2 -15.2
 -109.9 109.9
 44.12 -44.12
 131.3 -131.3
 -42.36 42.36
 -121.4 121.4
 -65.08 65.08
 -76.71 76.71
 170.6 -170.6
 -88.08 88.08
 -44.24 44.24
 237 -237
 261.7 -261.7
 81.54 -81.54
 78.99 -78.99
 -182.8 182.8
 -87.42 87.42
 473.6 -473.6
 8.368 -8.368
 -127.5 127.5
 92.46 -92.46
 48.71 -48.71
 19.62 -19.62
 227.3 -227.3
 -73.46 73.46
 -85.75 85.75
 0.8252 -0.8252
 -56.59 56.59
 128.9 -128.9
 -25.66 25.66
 104.6 -104.6
 -74.06 74.06
 40.91 -40.91
 394.9 -394.9
 5.146 -5.146
 218.9 -218.9
 -42.96 42.96
 -371.1 371.1
 -334.1 334.1
 -41.07 41.07
 -104.5 104.5
 -96.18 96.18
 390.1 -390.1
 52.49 -52.49
 -14.47 14.47
 -76.27 76.27
 90.31 -90.31
 -58.37 58.37
 352.5 -352.5
 -83.43 83.43
 -60.92 60.92
 -161.5 161.5
 152.3 -152.3
 -253.2 253.2
 7.317 -7.317
 390.7 -390.7
 -27.44 27.44
 -13.75 13.75
 -77.78 77.78
 45.73 -45.73
 231.3 -231.3
 -48 48
 6.6 -6.6
 -90.41 90.41
 418.6 -418.6
 -19.29 19.29
 62.14 -62.14
 -145.8 145.8
 -49 49
 11.7 -11.7
 354.3 -354.3
 215.6 -215.6
 22.23 -22.23
 100.6 -100.6
 67.73 -67.73
 101.4 -101.4
 -9.373 9.373
 346.7 -346.7
 25.83 -25.83
 41.46 -41.46
 -201.3 201.3
 -9.534 9.534
 -70.45 70.45
 -103.6 103.6
 322.7 -322.7
 -0.553 0.553
 -81.87 81.87
 116.6 -116.6
 -110 110
 203.6 -203.6
 -34.97 34.97
 26.77 -26.77
 -55.99 55.99
 82.93 -82.93
 61.92 -61.92
 269 -269
 -48.06 48.06
 19.34 -19.34
 -68.4 68.4
 -164.9 164.9
 42.34 -42.34
 61.3 -61.3
 7.988 -7.988
 227.9 -227.9
 -43.13 43.13
 -24.77 24.77
 182.4 -182.4
 61.8 -61.8
 578.3 -578.3
 28.82 -28.82
 -11.97 11.97
 32.49 -32.49
 -61.36 61.36
 -102.4 102.4
 -106.5 106.5
 -44.79 44.79
 -237.7 237.7
 -42.24 42.24
 38.64 -38.64
 -15.03 15.03
 52.87 -52.87
 -44.35 44.35
 51.32 -51.32
 102.7 -102.7
 -76.61 76.61
 -129.5 129.5
 -63.41 63.41
 13.25 -13.25
 -32.65 32.65
 74.68 -74.68
 -99.88 99.88
 -54.6 54.6
 -13.47 13.47
 -140.5 140.5
 200.4 -200.4
 -90.35 90.35
 -421.9 421.9
 24.84 -24.84
 1.608 -1.608
 719.3 -719.3
 -127.4 127.4
 -41.52 41.52
 94.02 -94.02
 79.59 -79.59
 -70.73 70.73
 -170.5 170.5
 -50.06 50.06
 -200.4 200.4
 -3.27 3.27
 21.06 -21.06
 -131.2 131.2
 76.22 -76.22
 -103.4 103.4
 118.5 -118.5
 16.73 -16.73
 282.4 -282.4
 102.2 -102.2
 141.1 -141.1
 -33.71 33.71
 55.15 -55.15
 122.2 -122.2
 -12.14 12.14
 -154.1 154.1
 98.89 -98.89
 90.18 -90.18
 -165.8 165.8
 100.8 -100.8
 -62.92 62.92
 -5.82 5.82
 -68.74 68.74
 58.64 -58.64
 123.2 -123.2
 25.05 -25.05
 -36.25 36.25
 -36.64 36.64
 41.35 -41.35
 -25.67 25.67
 -48.28 48.28
 -33.82 33.82
 -84.53 84.53
 2.719 -2.719
 -46.45 46.45
 -124.9 124.9
 -227.8 227.8
 -34.26 34.26
 -132.6 132.6
 -19.07 19.07
 -18.35 18.35
 -101.7 101.7
 13.97 -13.97
 -34.03 34.03
 153.1 -153.1
 18.67 -18.67
 -77.38 77.38
 -97 97
 37.02 -37.02
 212.9 -212.9
 -26.33 26.33
 7.366 -7.366
 12.97 -12.97
 81.59 -81.59
 5.933 -5.933
 303.5 -303.5
 40.73 -40.73
 -38.7 38.7
 -63.3 63.3
 15.02 -15.02
 -16.63 16.63
 -120.5 120.5
 -89.13 89.13
 42.31 -42.31
 -56.42 56.42
 12.13 -12.13
 -86.14 86.14
 -171.7 171.7
 11.03 -11.03
 92.85 -92.85
 -263.8 263.8
 -101.4 101.4
 -41.24 41.24
 45.29 -45.29
 -80.26 80.26
 -43.63 43.63
 18 -18
 -176.6 176.6
 -17.34 17.34
 -38.86 38.86
 446.1 -446.1
 7.542 -7.542
 -179.3 179.3
 60.31 -60.31
 -21.78 21.78
 25.61 -25.61
 -45.12 45.12
 96.51 -96.51
 -26.66 26.66
 -289.5 289.5
 -19.95 19.95
 27.1 -27.1
 23.55 -23.55
 -198.9 198.9
 -83.26 83.26
 -161.8 161.8
 26.27 -26.27
 -41.36 41.36
 -9.362 9.362
 -81.32 81.32
 -65.91 65.91
 -71.17 71.17
 223.5 -223.5
 10.64 -10.64
 0.719 -0.719
 -123.1 123.1
 -18.46 18.46
 -60.37 60.37
 170.4 -170.4
 -290.8 290.8
 4.818 -4.818
 114.7 -114.7
 103.9 -103.9
 232.8 -232.8
 -122 122
 -217.1 217.1
 -51.28 51.28
 68.73 -68.73
 91.35 -91.35
 135.8 -135.8
 -211.1 211.1
 -110.5 110.5
 -48.9 48.9
 27.71 -27.71
 140.8 -140.8
 -188.9 188.9
 36.81 -36.81
 -51.83 51.83
 -6.209 6.209
 -18.29 18.29
 37.47 -37.47
 -68.45 68.45
 284.7 -284.7
 7.146 -7.146
 -395.3 395.3
 18.95 -18.95
 5.542 -5.542
 85.09 -85.09
 86.91 -86.91
 132.8 -132.8
 -60.86 60.86
 -168.5 168.5
 -78.1 78.1
 27.72 -27.72
 11.42 -11.42
 86.75 -86.75
 30.21 -30.21
 7.217 -7.217
 99.05 -99.05
 21.5 -21.5
 174.3 -174.3
 -130.5 130.5
 -36.97 36.97
 -0.0024 0.0024
 3.885 -3.885
 10.91 -10.91
 62.03 -62.03
 -168.4 168.4
 85.14 -85.14
 64.35 -64.35
 -54.38 54.38
 178.3 -178.3
 8.702 -8.702
 2.602 -2.602
 -112 112
 -34.93 34.93
 -13.08 13.08
 -66.85 66.85
 102.4 -102.4
 -12.64 12.64
 -8.269 8.269
 56.6 -56.6
 78.54 -78.54
 -43.12 43.12
 539.4 -539.4
 58.48 -58.48
 405.9 -405.9
 -55.49 55.49
 -36.53 36.53
 195 -195
 -0.5024 0.5024
 70.06 -70.06
 89.63 -89.63
 -48.23 48.23
 -39.69 39.69
 311.9 -311.9
 -86.64 86.64
 -103.2 103.2
 109.6 -109.6
 -270.1 270.1
 461.4 -461.4
 317.2 -317.2
 -5.82 5.82
 -24.61 24.61
 -40.19 40.19
 -85.2 85.2
 -59.64 59.64
 -29.88 29.88
 -131 131
 -76.22 76.22
 147.8 -147.8
 -25.45 25.45
 624.5 -624.5
 -95.12 95.12
 30.26 -30.26
 24.67 -24.67
 228.9 -228.9
 -107 107
 -263.2 263.2
 22.12 -22.12
 -141.1 141.1
 -7.263 7.263
 4.153 -4.153
 28.76 -28.76
 246.8 -246.8
 -46.29 46.29
 -68.96 68.96
 -101.2 101.2
 -37.75 37.75
 -44.51 44.51
 -15.52 15.52
 -37.2 37.2
 -21.29 21.29
 -153.8 153.8
 -1.22 1.22
 61.47 -61.47
 -95.39 95.39
 249.5 -249.5
 13.64 -13.64
 -98.17 98.17
 53.32 -53.32
 69.4 -69.4
 -193.4 193.4
 72.44 -72.44
 -100.4 100.4
 78.38 -78.38
 -111.5 111.5
 -241.4 241.4
 317.7 -317.7
 4.377 -4.377
 7.752 -7.752
 -253.9 253.9
 261.3 -261.3
 -53.71 53.71
 -0.6636 0.6636
 -76.94 76.94
 27.16 -27.16
 -54.33 54.33
 -86.59 86.59
 -181.2 181.2
 11.41 -11.41
 -78.48 78.48
 -44.52 44.52
 20.01 -20.01
 -95.95 95.95
 72.23 -72.23
 6.981 -6.981
 -2.883 2.883
 -18.79 18.79
 -58.98 58.98
 36.92 -36.92
 -7.935 7.935
 -22.73 22.73
 8.424 -8.424
 -48.5 48.5
 47.01 -47.01
 -114.5 114.5
 -82.38 82.38
 79.6 -79.6
 -65.79 65.79
 27.99 -27.99
 -15.85 15.85
 -90.3 90.3
 140.2 -140.2
 199.2 -199.2
 -45.61 45.61
 41.3 -41.3
 -37.41 37.41
 -154 154
 120.3 -120.3
 107.1 -107.1
 -104 104
 19.95 -19.95
 -15.97 15.97
 -86.69 86.69
 45.62 -45.62
 381.1 -381.1
 -91.8 91.8
 -124.8 124.8
 6.264 -6.264
 -52.44 52.44
 -11.81 11.81
 255.2 -255.2
 45.62 -45.62
 50.88 -50.88
 -174.8 174.8
 -101.4 101.4
 -138 138
 426.3 -426.3
 -18.13 18.13
 64.52 -64.52
 -98.61 98.61
 73.61 -73.61
 543 -543
 -201.3 201.3
 -22.12 22.12
 162.4 -162.4
 -277.7 277.7
 -88.92 88.92
 -51.82 51.82
 -49.39 49.39
 -81.53 81.53
 18.9 -18.9
 -228.2 228.2
 -9.538 9.538
 -45.79 45.79
 173.2 -173.2
 61.25 -61.25
 31.32 -31.32
 -26.94 26.94
 -6.326 6.326
 59.26 -59.26
 -23.45 23.45
 -118.2 118.2
 106 -106
 -47.46 47.46
 11.41 -11.41
 35.53 -35.53
 -72.4 72.4
 -104.3 104.3


