# Created by Octave 5.2.0, Fri Sep 25 00:40:46 2020 CEST <jiwidi@land>
# name: w
# type: matrix
# rows: 2001
# columns: 2
 0 0
 8.468e+04 -8.468e+04
 -5222 5222
 1.559e+05 -1.559e+05
 4846 -4846
 2.488e+04 -2.488e+04
 9.871e+04 -9.871e+04
 -1.545e+04 1.545e+04
 4.175e+04 -4.175e+04
 -1.922e+04 1.922e+04
 -1.147e+04 1.147e+04
 5270 -5270
 9567 -9567
 1.966e+04 -1.966e+04
 -3.058e+04 3.058e+04
 -7.608e+04 7.608e+04
 4.198e+04 -4.198e+04
 -6.051e+04 6.051e+04
 9.021e+04 -9.021e+04
 -1.103e+04 1.103e+04
 -5605 5605
 -6.743e+04 6.743e+04
 3.543e+04 -3.543e+04
 978.6 -978.6
 6581 -6581
 -7.723e+04 7.723e+04
 -1.977e+04 1.977e+04
 -6135 6135
 -2.952e+04 2.952e+04
 3.589e+04 -3.589e+04
 -4.832e+04 4.832e+04
 -549.1 549.1
 3.088e+04 -3.088e+04
 -3517 3517
 4.531e+04 -4.531e+04
 -1.5e+05 1.5e+05
 -1.454e+05 1.454e+05
 -3.4e+04 3.4e+04
 -6.831e+04 6.831e+04
 -2.116e+04 2.116e+04
 -5484 5484
 2.63e+04 -2.63e+04
 -2.774e+04 2.774e+04
 -7.425e+04 7.425e+04
 -4.115e+04 4.115e+04
 2.382e+04 -2.382e+04
 -5.823e+04 5.823e+04
 1.356e+05 -1.356e+05
 -567 567
 6.238e+04 -6.238e+04
 2.513e+04 -2.513e+04
 -2.983e+04 2.983e+04
 6004 -6004
 -6.267e+04 6.267e+04
 8.541e+04 -8.541e+04
 8.009e+04 -8.009e+04
 -1.323e+04 1.323e+04
 1.629e+04 -1.629e+04
 -9448 9448
 -9.837e+04 9.837e+04
 2.083e+04 -2.083e+04
 -2.559e+04 2.559e+04
 7518 -7518
 5.995e+04 -5.995e+04
 -4.389e+04 4.389e+04
 -1.792e+04 1.792e+04
 7.575e+04 -7.575e+04
 -1.69e+04 1.69e+04
 5.683e+04 -5.683e+04
 1.633e+04 -1.633e+04
 1.179e+04 -1.179e+04
 -1.219e+05 1.219e+05
 -1.183e+04 1.183e+04
 4.425e+04 -4.425e+04
 1.12e+05 -1.12e+05
 -6.112e+04 6.112e+04
 -2.141e+05 2.141e+05
 -6.236e+04 6.236e+04
 5.915e+04 -5.915e+04
 -9.728e+04 9.728e+04
 2.681e+04 -2.681e+04
 8516 -8516
 -7.839e+04 7.839e+04
 -1.445e+04 1.445e+04
 707.1 -707.1
 1.679e+04 -1.679e+04
 -1.063e+05 1.063e+05
 -2.304e+04 2.304e+04
 -4.73e+04 4.73e+04
 -9113 9113
 2.118e+04 -2.118e+04
 8.001e+04 -8.001e+04
 3561 -3561
 -7467 7467
 1.305e+05 -1.305e+05
 -8155 8155
 -2.891e+04 2.891e+04
 6.161e+04 -6.161e+04
 3400 -3400
 -7653 7653
 7206 -7206
 2.274e+04 -2.274e+04
 -4.81e+04 4.81e+04
 -6.124e+04 6.124e+04
 1.427e+04 -1.427e+04
 5.659e+04 -5.659e+04
 -1.169e+04 1.169e+04
 2.156e+04 -2.156e+04
 2.037e+04 -2.037e+04
 3.048e+04 -3.048e+04
 5.647e+04 -5.647e+04
 -1.483e+04 1.483e+04
 1.29e+04 -1.29e+04
 6797 -6797
 3.957e+04 -3.957e+04
 -3.018e+04 3.018e+04
 4.026e+04 -4.026e+04
 -2.852e+04 2.852e+04
 -6.799e+04 6.799e+04
 -4.093e+04 4.093e+04
 -2032 2032
 8.202e+04 -8.202e+04
 -1.862e+05 1.862e+05
 2.122e+04 -2.122e+04
 5.749e+04 -5.749e+04
 -1.606e+05 1.606e+05
 -3.406e+04 3.406e+04
 -2.853e+04 2.853e+04
 4.023e+04 -4.023e+04
 -764.2 764.2
 8.996e+04 -8.996e+04
 -3.648e+04 3.648e+04
 4736 -4736
 -2.961e+04 2.961e+04
 5.411e+04 -5.411e+04
 -3824 3824
 3.831e+04 -3.831e+04
 -1.736e+05 1.736e+05
 -1.991e+04 1.991e+04
 -2.009e+04 2.009e+04
 -9972 9972
 -1.838e+04 1.838e+04
 3.871e+04 -3.871e+04
 -3.005e+04 3.005e+04
 5.177e+04 -5.177e+04
 -3.131e+04 3.131e+04
 9.374e+04 -9.374e+04
 -8331 8331
 -4.744e+04 4.744e+04
 3.159e+04 -3.159e+04
 8771 -8771
 -9.783e+04 9.783e+04
 4.475e+04 -4.475e+04
 1.223e+05 -1.223e+05
 -1.07e+04 1.07e+04
 -3.332e+04 3.332e+04
 -1.799e+04 1.799e+04
 2.697e+04 -2.697e+04
 -7.251e+04 7.251e+04
 5090 -5090
 -1320 1320
 5.119e+04 -5.119e+04
 -5.846e+04 5.846e+04
 -9.364e+04 9.364e+04
 3.394e+04 -3.394e+04
 1.337e+05 -1.337e+05
 5.471e+04 -5.471e+04
 -4429 4429
 7969 -7969
 -4.166e+04 4.166e+04
 -1.964e+04 1.964e+04
 3.44e+04 -3.44e+04
 -4.257e+04 4.257e+04
 3.898e+04 -3.898e+04
 3.156e+04 -3.156e+04
 -5047 5047
 -5.016e+04 5.016e+04
 8.376e+04 -8.376e+04
 -3.293e+04 3.293e+04
 6020 -6020
 -4079 4079
 -6.171e+04 6.171e+04
 -1.139e+05 1.139e+05
 8.403e+04 -8.403e+04
 -1.011e+04 1.011e+04
 -3.168e+04 3.168e+04
 8.807e+04 -8.807e+04
 -5.165e+04 5.165e+04
 2.147e+04 -2.147e+04
 -8.785e+04 8.785e+04
 4.009e+04 -4.009e+04
 8891 -8891
 -2.232e+04 2.232e+04
 -6823 6823
 -4.312e+04 4.312e+04
 -4.977e+04 4.977e+04
 -1.355e+04 1.355e+04
 -5.649e+04 5.649e+04
 -1034 1034
 1.522e+05 -1.522e+05
 2.951e+04 -2.951e+04
 -3.643e+04 3.643e+04
 -8.441e+04 8.441e+04
 1.006e+05 -1.006e+05
 -2.845e+04 2.845e+04
 3.579e+04 -3.579e+04
 -9025 9025
 -3.617e+04 3.617e+04
 -2.051e+04 2.051e+04
 7.812e+04 -7.812e+04
 -1.966e+05 1.966e+05
 1.777e+04 -1.777e+04
 -4.891e+04 4.891e+04
 6.007e+04 -6.007e+04
 -4.249e+04 4.249e+04
 1.26e+05 -1.26e+05
 -1.834e+04 1.834e+04
 -5.024e+04 5.024e+04
 1.045e+04 -1.045e+04
 4.951e+04 -4.951e+04
 -3.744e+04 3.744e+04
 -2067 2067
 5.89e+04 -5.89e+04
 5.967e+04 -5.967e+04
 6.419e+04 -6.419e+04
 5.843e+04 -5.843e+04
 1.471e+04 -1.471e+04
 -1.177e+04 1.177e+04
 2.448e+04 -2.448e+04
 -7.489e+04 7.489e+04
 3.034e+04 -3.034e+04
 1.001e+05 -1.001e+05
 2.242e+04 -2.242e+04
 -7.144e+04 7.144e+04
 2.75e+04 -2.75e+04
 -1.814e+04 1.814e+04
 -2.187e+04 2.187e+04
 -6.774e+04 6.774e+04
 8.318e+04 -8.318e+04
 3.877e+04 -3.877e+04
 -7.52e+04 7.52e+04
 -1.939e+04 1.939e+04
 -3.476e+04 3.476e+04
 -3763 3763
 -4.974e+04 4.974e+04
 -6.405e+04 6.405e+04
 4.5e+04 -4.5e+04
 1.821e+04 -1.821e+04
 -2.455e+04 2.455e+04
 -7.219e+04 7.219e+04
 7.578e+04 -7.578e+04
 3.156e+04 -3.156e+04
 3.267e+04 -3.267e+04
 1.772e+04 -1.772e+04
 -2.915e+04 2.915e+04
 4.227e+04 -4.227e+04
 1.876e+04 -1.876e+04
 1.103e+05 -1.103e+05
 7.407e+04 -7.407e+04
 -5927 5927
 1.417e+05 -1.417e+05
 -3.017e+04 3.017e+04
 1.183e+04 -1.183e+04
 -4.869e+04 4.869e+04
 2.904e+04 -2.904e+04
 2.594e+04 -2.594e+04
 6096 -6096
 6279 -6279
 1380 -1380
 1.017e+05 -1.017e+05
 7179 -7179
 -5.214e+04 5.214e+04
 -3.496e+04 3.496e+04
 -7657 7657
 -5718 5718
 3.357e+04 -3.357e+04
 3.161e+04 -3.161e+04
 -8262 8262
 -7.152e+04 7.152e+04
 -2.544e+04 2.544e+04
 -5.87e+04 5.87e+04
 2.561e+04 -2.561e+04
 3.318e+04 -3.318e+04
 4798 -4798
 1.029e+05 -1.029e+05
 2.196e+04 -2.196e+04
 2.894e+04 -2.894e+04
 -2.158e+04 2.158e+04
 5.026e+04 -5.026e+04
 -9.448e+04 9.448e+04
 -6172 6172
 -1.544e+05 1.544e+05
 1.098e+05 -1.098e+05
 1.985e+04 -1.985e+04
 168.9 -168.9
 1.671e+04 -1.671e+04
 -1.345e+05 1.345e+05
 -1.696e+04 1.696e+04
 6.081e+04 -6.081e+04
 4164 -4164
 -5.784e+04 5.784e+04
 -1328 1328
 4.713e+04 -4.713e+04
 -1.003e+05 1.003e+05
 4.036e+04 -4.036e+04
 7955 -7955
 5.081e+04 -5.081e+04
 -1.803e+04 1.803e+04
 1.1e+04 -1.1e+04
 1.683e+04 -1.683e+04
 -1490 1490
 1.066e+05 -1.066e+05
 -7.419e+04 7.419e+04
 -1.011e+05 1.011e+05
 6.179e+04 -6.179e+04
 -6.914e+04 6.914e+04
 2824 -2824
 3.947e+04 -3.947e+04
 -1.818e+04 1.818e+04
 -2.623e+04 2.623e+04
 5.306e+04 -5.306e+04
 2.351e+05 -2.351e+05
 4.047e+04 -4.047e+04
 -4126 4126
 -5.067e+04 5.067e+04
 2.568e+04 -2.568e+04
 9.044e+04 -9.044e+04
 3.576e+04 -3.576e+04
 1590 -1590
 1.644e+04 -1.644e+04
 -6.306e+04 6.306e+04
 1.693e+04 -1.693e+04
 2.097e+04 -2.097e+04
 -6.128e+04 6.128e+04
 -4.691e+04 4.691e+04
 1.142e+04 -1.142e+04
 -6672 6672
 1.224e+05 -1.224e+05
 6.734e+04 -6.734e+04
 1.01e+05 -1.01e+05
 -4138 4138
 -5.616e+04 5.616e+04
 -4.044e+04 4.044e+04
 5.057e+04 -5.057e+04
 3445 -3445
 -3.053e+04 3.053e+04
 8.997e+04 -8.997e+04
 2.455e+04 -2.455e+04
 8.306e+04 -8.306e+04
 6.707e+04 -6.707e+04
 -2.691e+04 2.691e+04
 -1.17e+04 1.17e+04
 -1.176e+05 1.176e+05
 -3.405e+04 3.405e+04
 -2.843e+04 2.843e+04
 5.106e+04 -5.106e+04
 -4.695e+04 4.695e+04
 -2.762e+04 2.762e+04
 -6690 6690
 1.067e+05 -1.067e+05
 -8.437e+04 8.437e+04
 -5.952e+04 5.952e+04
 -6.229e+04 6.229e+04
 5.363e+04 -5.363e+04
 -1.88e+04 1.88e+04
 2.297e+04 -2.297e+04
 4.367e+04 -4.367e+04
 -9.649e+04 9.649e+04
 2.975e+04 -2.975e+04
 -1.351e+05 1.351e+05
 4.49e+04 -4.49e+04
 3.431e+04 -3.431e+04
 -3.671e+04 3.671e+04
 -1.279e+05 1.279e+05
 -1.279e+05 1.279e+05
 1.083e+04 -1.083e+04
 -9300 9300
 9.721e+04 -9.721e+04
 -4898 4898
 -1.539e+05 1.539e+05
 -3.355e+04 3.355e+04
 -5.054e+04 5.054e+04
 -4073 4073
 -3.877e+04 3.877e+04
 2939 -2939
 4.962e+04 -4.962e+04
 1.959e+04 -1.959e+04
 9.252e+04 -9.252e+04
 6.599e+04 -6.599e+04
 -3.205e+04 3.205e+04
 -2.034e+04 2.034e+04
 -9087 9087
 4832 -4832
 -9.974e+04 9.974e+04
 -5745 5745
 2.139e+04 -2.139e+04
 -2.606e+04 2.606e+04
 3.272e+04 -3.272e+04
 -8677 8677
 8.877e+04 -8.877e+04
 -1.038e+04 1.038e+04
 -6.444e+04 6.444e+04
 -4.011e+04 4.011e+04
 3.56e+04 -3.56e+04
 -3.208e+04 3.208e+04
 -9582 9582
 1.229e+04 -1.229e+04
 -6884 6884
 -2.949e+04 2.949e+04
 1.182e+05 -1.182e+05
 -4.521e+04 4.521e+04
 1.044e+04 -1.044e+04
 -1.561e+04 1.561e+04
 3.757e+04 -3.757e+04
 -9.996e+04 9.996e+04
 -43.69 43.69
 3.747e+04 -3.747e+04
 -2.57e+04 2.57e+04
 8.075e+04 -8.075e+04
 1.4e+04 -1.4e+04
 7.836e+04 -7.836e+04
 -6.426e+04 6.426e+04
 1.673e+05 -1.673e+05
 3.693e+04 -3.693e+04
 -5.119e+04 5.119e+04
 -2.712e+04 2.712e+04
 -6.654e+04 6.654e+04
 -1.417e+04 1.417e+04
 -6373 6373
 -2.429e+04 2.429e+04
 8.854e+04 -8.854e+04
 -5.62e+04 5.62e+04
 6.049e+04 -6.049e+04
 1.86e+04 -1.86e+04
 -4.965e+04 4.965e+04
 -1.334e+04 1.334e+04
 -3.953e+04 3.953e+04
 1.953e+04 -1.953e+04
 -1.34e+05 1.34e+05
 4685 -4685
 -4.808e+04 4.808e+04
 -1.486e+04 1.486e+04
 -1.478e+05 1.478e+05
 9.019e+04 -9.019e+04
 3.075e+04 -3.075e+04
 -6.747e+04 6.747e+04
 -3.351e+04 3.351e+04
 2.318e+04 -2.318e+04
 3341 -3341
 1.051e+05 -1.051e+05
 -3022 3022
 1549 -1549
 1.146e+05 -1.146e+05
 1.375e+04 -1.375e+04
 -6059 6059
 9.243e+04 -9.243e+04
 1.78e+04 -1.78e+04
 1.264e+05 -1.264e+05
 -1.298e+04 1.298e+04
 -892.3 892.3
 -7787 7787
 1.242e+04 -1.242e+04
 5.571e+04 -5.571e+04
 1.167e+04 -1.167e+04
 7.978e+04 -7.978e+04
 -2.202e+04 2.202e+04
 4.498e+04 -4.498e+04
 -2.392e+04 2.392e+04
 2.487e+04 -2.487e+04
 3.487e+04 -3.487e+04
 -4.716e+04 4.716e+04
 2051 -2051
 8820 -8820
 -6.368e+04 6.368e+04
 -3975 3975
 6.308e+04 -6.308e+04
 -4.659e+04 4.659e+04
 -9876 9876
 -4.463e+04 4.463e+04
 4.18e+04 -4.18e+04
 -1.019e+04 1.019e+04
 -4.471e+04 4.471e+04
 1.851e+04 -1.851e+04
 2.943e+04 -2.943e+04
 -7667 7667
 -473.7 473.7
 1.471e+04 -1.471e+04
 -1.192e+05 1.192e+05
 -2865 2865
 -2.929e+04 2.929e+04
 -7.313e+04 7.313e+04
 5244 -5244
 -1.212e+04 1.212e+04
 -4.199e+04 4.199e+04
 -1.661e+04 1.661e+04
 -8.633e+04 8.633e+04
 -7.645e+04 7.645e+04
 -1.038e+04 1.038e+04
 8.14e+04 -8.14e+04
 -1.567e+05 1.567e+05
 4.24e+04 -4.24e+04
 4.335e+04 -4.335e+04
 -8.796e+04 8.796e+04
 -6191 6191
 -1.229e+04 1.229e+04
 -1.093e+05 1.093e+05
 -8.032e+04 8.032e+04
 -6847 6847
 -1.852e+04 1.852e+04
 8.366e+04 -8.366e+04
 -6901 6901
 -2.238e+04 2.238e+04
 -2.186e+04 2.186e+04
 2.95e+04 -2.95e+04
 -3.18e+04 3.18e+04
 2.432e+04 -2.432e+04
 -4.554e+04 4.554e+04
 1.124e+04 -1.124e+04
 -1.362e+04 1.362e+04
 -8.84e+04 8.84e+04
 1.121e+04 -1.121e+04
 6.104e+04 -6.104e+04
 -7.571e+04 7.571e+04
 5.062e+04 -5.062e+04
 -1.229e+05 1.229e+05
 3.598e+04 -3.598e+04
 -4.322e+04 4.322e+04
 5.069e+04 -5.069e+04
 1.056e+04 -1.056e+04
 -1.015e+04 1.015e+04
 8.243e+04 -8.243e+04
 -1.321e+04 1.321e+04
 -5.433e+04 5.433e+04
 4308 -4308
 2.908e+04 -2.908e+04
 -1.403e+05 1.403e+05
 1.435e+05 -1.435e+05
 9523 -9523
 1.032e+05 -1.032e+05
 -5314 5314
 -7.5e+04 7.5e+04
 -5.058e+04 5.058e+04
 -5.525e+04 5.525e+04
 -2.83e+04 2.83e+04
 6.197e+04 -6.197e+04
 -1.216e+05 1.216e+05
 4.284e+04 -4.284e+04
 -4.952e+04 4.952e+04
 -7.646e+04 7.646e+04
 1.717e+04 -1.717e+04
 8.093e+04 -8.093e+04
 -3.144e+04 3.144e+04
 7.653e+04 -7.653e+04
 -5.365e+04 5.365e+04
 6.409e+04 -6.409e+04
 -9378 9378
 3.395e+04 -3.395e+04
 -7.503e+04 7.503e+04
 4154 -4154
 -7819 7819
 4.51e+04 -4.51e+04
 -7432 7432
 1.867e+04 -1.867e+04
 -2.178e+04 2.178e+04
 -5.165e+04 5.165e+04
 4409 -4409
 8.938e+04 -8.938e+04
 1.952e+04 -1.952e+04
 -4.334e+04 4.334e+04
 -3.615e+04 3.615e+04
 -1.578e+04 1.578e+04
 2.027e+04 -2.027e+04
 4.906e+04 -4.906e+04
 1.446e+05 -1.446e+05
 -6.131e+04 6.131e+04
 -8804 8804
 -8770 8770
 6.533e+04 -6.533e+04
 4.072e+04 -4.072e+04
 -1.379e+04 1.379e+04
 7.139e+04 -7.139e+04
 3.818e+04 -3.818e+04
 -1.84e+04 1.84e+04
 -4.934e+04 4.934e+04
 9.927e+04 -9.927e+04
 2.041e+05 -2.041e+05
 2.122e+04 -2.122e+04
 2.882e+04 -2.882e+04
 7273 -7273
 5.353e+04 -5.353e+04
 -2.452e+04 2.452e+04
 4.363e+04 -4.363e+04
 -5.062e+04 5.062e+04
 6.022e+04 -6.022e+04
 6064 -6064
 -7.645e+04 7.645e+04
 -4.244e+04 4.244e+04
 2.336e+04 -2.336e+04
 -8925 8925
 1.113e+04 -1.113e+04
 -5.636e+04 5.636e+04
 -1.964e+04 1.964e+04
 579.3 -579.3
 7.111e+04 -7.111e+04
 7.484e+04 -7.484e+04
 4.431e+04 -4.431e+04
 2.077e+05 -2.077e+05
 8.352e+04 -8.352e+04
 -1.386e+05 1.386e+05
 -1.854e+04 1.854e+04
 -1.149e+04 1.149e+04
 -1.109e+05 1.109e+05
 4.66e+04 -4.66e+04
 3.032e+04 -3.032e+04
 -6.772e+04 6.772e+04
 5768 -5768
 -5.594e+04 5.594e+04
 -2.992e+04 2.992e+04
 -3.164e+04 3.164e+04
 3.882e+04 -3.882e+04
 -106.4 106.4
 -2.29e+04 2.29e+04
 2.052e+04 -2.052e+04
 -2.273e+04 2.273e+04
 2.399e+04 -2.399e+04
 -1.813e+04 1.813e+04
 -6.572e+04 6.572e+04
 -2.624e+04 2.624e+04
 -2.501e+04 2.501e+04
 -1.139e+04 1.139e+04
 -1.024e+04 1.024e+04
 -9.8e+04 9.8e+04
 3.684e+04 -3.684e+04
 -3.943e+04 3.943e+04
 -4405 4405
 -1.044e+05 1.044e+05
 2.261e+04 -2.261e+04
 4.137e+04 -4.137e+04
 1.663e+04 -1.663e+04
 -5.646e+04 5.646e+04
 -2.045e+04 2.045e+04
 9.678e+04 -9.678e+04
 4.382e+04 -4.382e+04
 6.036e+04 -6.036e+04
 -1.02e+05 1.02e+05
 -4.795e+04 4.795e+04
 -2.093e+04 2.093e+04
 -3.877e+04 3.877e+04
 -2.359e+04 2.359e+04
 7.121e+04 -7.121e+04
 5.141e+04 -5.141e+04
 7726 -7726
 7.526e+04 -7.526e+04
 1.326e+05 -1.326e+05
 -2.625e+04 2.625e+04
 3.293e+04 -3.293e+04
 -4.739e+04 4.739e+04
 5.446e+04 -5.446e+04
 -1.405e+04 1.405e+04
 9393 -9393
 3.051e+04 -3.051e+04
 -1.128e+05 1.128e+05
 1.366e+04 -1.366e+04
 -1.82e+05 1.82e+05
 -4.988e+04 4.988e+04
 9959 -9959
 -5.872e+04 5.872e+04
 4.78e+04 -4.78e+04
 661.9 -661.9
 -1.056e+05 1.056e+05
 -3.568e+04 3.568e+04
 -1.581e+04 1.581e+04
 2.664e+04 -2.664e+04
 4.342e+04 -4.342e+04
 -1.272e+05 1.272e+05
 -9.927e+04 9.927e+04
 1.859e+04 -1.859e+04
 -1.623e+04 1.623e+04
 3.444e+04 -3.444e+04
 -7.707e+04 7.707e+04
 -3.701e+04 3.701e+04
 -2.624e+04 2.624e+04
 -2.276e+04 2.276e+04
 -3.462e+04 3.462e+04
 2.976e+04 -2.976e+04
 -7.655e+04 7.655e+04
 1.396e+04 -1.396e+04
 -2.44e+04 2.44e+04
 3.067e+04 -3.067e+04
 -1.717e+04 1.717e+04
 -7.151e+04 7.151e+04
 -4.21e+04 4.21e+04
 -3.83e+04 3.83e+04
 2.29e+04 -2.29e+04
 5.614e+04 -5.614e+04
 -8.795e+04 8.795e+04
 5.335e+04 -5.335e+04
 1.46e+04 -1.46e+04
 4.593e+04 -4.593e+04
 -6244 6244
 -3.535e+04 3.535e+04
 9407 -9407
 9.366e+04 -9.366e+04
 -1650 1650
 -3.234e+04 3.234e+04
 3.568e+04 -3.568e+04
 -5.296e+04 5.296e+04
 7723 -7723
 -7.426e+04 7.426e+04
 -6094 6094
 -4.615e+04 4.615e+04
 1.335e+05 -1.335e+05
 2.895e+04 -2.895e+04
 6.404e+04 -6.404e+04
 1.064e+05 -1.064e+05
 -3.327e+04 3.327e+04
 3.055e+05 -3.055e+05
 -1.729e+04 1.729e+04
 -1.101e+04 1.101e+04
 6315 -6315
 -8219 8219
 -7.179e+04 7.179e+04
 -7.409e+04 7.409e+04
 -9.042e+04 9.042e+04
 1.538e+04 -1.538e+04
 -4.793e+04 4.793e+04
 -4.995e+04 4.995e+04
 5.374e+04 -5.374e+04
 -6.97e+04 6.97e+04
 1.196e+05 -1.196e+05
 -1.589e+04 1.589e+04
 6.967e+04 -6.967e+04
 2.145e+04 -2.145e+04
 4.302e+04 -4.302e+04
 -3.9e+04 3.9e+04
 -2.027e+04 2.027e+04
 -9.678e+04 9.678e+04
 -4.445e+04 4.445e+04
 -7.648e+04 7.648e+04
 3.572e+04 -3.572e+04
 3.208e+04 -3.208e+04
 -7.422e+04 7.422e+04
 1.114e+05 -1.114e+05
 1.378e+04 -1.378e+04
 1.342e+04 -1.342e+04
 8922 -8922
 8.121e+04 -8.121e+04
 -6551 6551
 1.101e+05 -1.101e+05
 1.724e+04 -1.724e+04
 2.9e+04 -2.9e+04
 1.32e+05 -1.32e+05
 -6.263e+04 6.263e+04
 -2.089e+04 2.089e+04
 7067 -7067
 -4.345e+04 4.345e+04
 -5.179e+04 5.179e+04
 -2.015e+04 2.015e+04
 6.689e+04 -6.689e+04
 1.074e+05 -1.074e+05
 -4.766e+04 4.766e+04
 -6.451e+04 6.451e+04
 -8.397e+04 8.397e+04
 -3.744e+04 3.744e+04
 -4.383e+04 4.383e+04
 1.954e+04 -1.954e+04
 -3.014e+04 3.014e+04
 5.798e+04 -5.798e+04
 7.089e+04 -7.089e+04
 -2.077e+05 2.077e+05
 9.022e+04 -9.022e+04
 -7.116e+04 7.116e+04
 1.789e+04 -1.789e+04
 -8.214e+04 8.214e+04
 7.086e+04 -7.086e+04
 2211 -2211
 -6.527e+04 6.527e+04
 -6.975e+04 6.975e+04
 -3235 3235
 6.271e+04 -6.271e+04
 -5.065e+04 5.065e+04
 7.508e+04 -7.508e+04
 9470 -9470
 -8.471e+04 8.471e+04
 6.378e+04 -6.378e+04
 -1.089e+04 1.089e+04
 8e+04 -8e+04
 9757 -9757
 -4.547e+04 4.547e+04
 -1.112e+05 1.112e+05
 1.154e+05 -1.154e+05
 1.861e+04 -1.861e+04
 3.985e+04 -3.985e+04
 -1.568e+04 1.568e+04
 -2.475e+04 2.475e+04
 -1.547e+04 1.547e+04
 -2.168e+04 2.168e+04
 -3.91e+04 3.91e+04
 -4399 4399
 6.849e+04 -6.849e+04
 1.146e+05 -1.146e+05
 -1.535e+04 1.535e+04
 4.773e+04 -4.773e+04
 1.598e+05 -1.598e+05
 4.438e+04 -4.438e+04
 3.015e+04 -3.015e+04
 -1.239e+04 1.239e+04
 -5172 5172
 3553 -3553
 7.881e+04 -7.881e+04
 8.344e+04 -8.344e+04
 1.604e+05 -1.604e+05
 8551 -8551
 -7453 7453
 4.32e+04 -4.32e+04
 -3.998e+04 3.998e+04
 -1.598e+04 1.598e+04
 1.431e+04 -1.431e+04
 -1.094e+04 1.094e+04
 4.672e+04 -4.672e+04
 1.696e+04 -1.696e+04
 4.356e+04 -4.356e+04
 9.846e+04 -9.846e+04
 -2257 2257
 3.675e+04 -3.675e+04
 -3.408e+04 3.408e+04
 -3.436e+04 3.436e+04
 -3.973e+04 3.973e+04
 5.045e+04 -5.045e+04
 -7331 7331
 3.639e+04 -3.639e+04
 7.907e+04 -7.907e+04
 1.783e+04 -1.783e+04
 2.792e+04 -2.792e+04
 -1.8e+04 1.8e+04
 -4.614e+04 4.614e+04
 -6.17e+04 6.17e+04
 6.559e+04 -6.559e+04
 3215 -3215
 -9.343e+04 9.343e+04
 3.038e+04 -3.038e+04
 -2.142e+04 2.142e+04
 -2.608e+04 2.608e+04
 5.826e+04 -5.826e+04
 1.431e+04 -1.431e+04
 -1.084e+05 1.084e+05
 1.284e+04 -1.284e+04
 9.94e+04 -9.94e+04
 -5.187e+04 5.187e+04
 5.078e+04 -5.078e+04
 -4.388e+04 4.388e+04
 7.927e+04 -7.927e+04
 -3.028e+04 3.028e+04
 -3.403e+04 3.403e+04
 1.539e+04 -1.539e+04
 7953 -7953
 6.031e+04 -6.031e+04
 -6.15e+04 6.15e+04
 1.734e+04 -1.734e+04
 -6.195e+04 6.195e+04
 -5.534e+04 5.534e+04
 3101 -3101
 1.274e+04 -1.274e+04
 -9429 9429
 7.744e+04 -7.744e+04
 -1.616e+04 1.616e+04
 -2.213e+04 2.213e+04
 4.346e+04 -4.346e+04
 5.702e+04 -5.702e+04
 -3511 3511
 5.726e+04 -5.726e+04
 1.291e+04 -1.291e+04
 6852 -6852
 7.561e+04 -7.561e+04
 -2.364e+04 2.364e+04
 4.425e+04 -4.425e+04
 -7.724e+04 7.724e+04
 4.242e+04 -4.242e+04
 1.006e+05 -1.006e+05
 -3.236e+04 3.236e+04
 9.648e+04 -9.648e+04
 1.032e+05 -1.032e+05
 -4.598e+04 4.598e+04
 9.148e+04 -9.148e+04
 1431 -1431
 1.228e+05 -1.228e+05
 4.905e+04 -4.905e+04
 4326 -4326
 -3.771e+04 3.771e+04
 -3.789e+04 3.789e+04
 -1.09e+04 1.09e+04
 -8.284e+04 8.284e+04
 3.639e+04 -3.639e+04
 3.517e+04 -3.517e+04
 2.327e+04 -2.327e+04
 4.805e+04 -4.805e+04
 1.429e+05 -1.429e+05
 -5.694e+04 5.694e+04
 -1.958e+04 1.958e+04
 -1.802e+04 1.802e+04
 -4.072e+04 4.072e+04
 -3637 3637
 -4.096e+04 4.096e+04
 1.471e+04 -1.471e+04
 -9.424e+04 9.424e+04
 6.492e+04 -6.492e+04
 6.971e+04 -6.971e+04
 -4.818e+04 4.818e+04
 1.102e+04 -1.102e+04
 1.197e+04 -1.197e+04
 1.393e+05 -1.393e+05
 -1.188e+04 1.188e+04
 7.395e+04 -7.395e+04
 4.044e+04 -4.044e+04
 -6.542e+04 6.542e+04
 -9220 9220
 7.017e+04 -7.017e+04
 8.536e+04 -8.536e+04
 7.973e+04 -7.973e+04
 -1.45e+05 1.45e+05
 3.655e+04 -3.655e+04
 -3.56e+04 3.56e+04
 4487 -4487
 -4.629e+04 4.629e+04
 -7.582e+04 7.582e+04
 -1.186e+04 1.186e+04
 3.398e+04 -3.398e+04
 2000 -2000
 3030 -3030
 -1.363e+05 1.363e+05
 -1.64e+04 1.64e+04
 2.128e+04 -2.128e+04
 1.677e+04 -1.677e+04
 -1.326e+04 1.326e+04
 3.662e+04 -3.662e+04
 3.523e+04 -3.523e+04
 -4.236e+04 4.236e+04
 8.531e+04 -8.531e+04
 1.36e+04 -1.36e+04
 3.561e+04 -3.561e+04
 4.095e+04 -4.095e+04
 2.024e+04 -2.024e+04
 -8623 8623
 1.137e+04 -1.137e+04
 4.114e+04 -4.114e+04
 -8859 8859
 -3.304e+04 3.304e+04
 -4.01e+04 4.01e+04
 1.863e+04 -1.863e+04
 -2.287e+04 2.287e+04
 1.909e+04 -1.909e+04
 -5.511e+04 5.511e+04
 1.444e+04 -1.444e+04
 -7.739e+04 7.739e+04
 2.828e+04 -2.828e+04
 -8.88e+04 8.88e+04
 -1067 1067
 1027 -1027
 4.736e+04 -4.736e+04
 3.716e+04 -3.716e+04
 -2.208e+04 2.208e+04
 -1.114e+05 1.114e+05
 1.06e+05 -1.06e+05
 6.799e+04 -6.799e+04
 -3.255e+04 3.255e+04
 3.399e+04 -3.399e+04
 -1.314e+05 1.314e+05
 -7.898e+04 7.898e+04
 3.471e+04 -3.471e+04
 -4.125e+04 4.125e+04
 6259 -6259
 1.738e+05 -1.738e+05
 -3.987e+04 3.987e+04
 -796.7 796.7
 3.725e+04 -3.725e+04
 1.363e+04 -1.363e+04
 2.343e+04 -2.343e+04
 4.358e+04 -4.358e+04
 1606 -1606
 -9190 9190
 -6604 6604
 -1.947e+04 1.947e+04
 -7.98e+04 7.98e+04
 -3.062e+04 3.062e+04
 3.301e+04 -3.301e+04
 5.463e+04 -5.463e+04
 -5.395e+04 5.395e+04
 -1.853e+04 1.853e+04
 -1.189e+04 1.189e+04
 -1.502e+04 1.502e+04
 7319 -7319
 6.679e+04 -6.679e+04
 -6.179e+04 6.179e+04
 5.601e+04 -5.601e+04
 -2.157e+04 2.157e+04
 2.65e+04 -2.65e+04
 -1.408e+04 1.408e+04
 -1.744e+05 1.744e+05
 -1.592e+04 1.592e+04
 1.484e+04 -1.484e+04
 -3.8e+04 3.8e+04
 1.368e+04 -1.368e+04
 -1.029e+04 1.029e+04
 -300.7 300.7
 1.485e+05 -1.485e+05
 -6.644e+04 6.644e+04
 1.449e+04 -1.449e+04
 -6.92e+04 6.92e+04
 -5.668e+04 5.668e+04
 -1835 1835
 4.351e+04 -4.351e+04
 1.761e+04 -1.761e+04
 1.217e+04 -1.217e+04
 2.227e+04 -2.227e+04
 3.931e+04 -3.931e+04
 1.496e+04 -1.496e+04
 -4.248e+04 4.248e+04
 4.643e+04 -4.643e+04
 -3.21e+04 3.21e+04
 3.579e+04 -3.579e+04
 6968 -6968
 -1.063e+05 1.063e+05
 1.364e+04 -1.364e+04
 1.566e+04 -1.566e+04
 -8.367e+04 8.367e+04
 -9.215e+04 9.215e+04
 -7.189e+04 7.189e+04
 1.069e+04 -1.069e+04
 7.654e+04 -7.654e+04
 -5.86e+04 5.86e+04
 -4.344e+04 4.344e+04
 5.123e+04 -5.123e+04
 1.273e+04 -1.273e+04
 -3.168e+04 3.168e+04
 1.973e+04 -1.973e+04
 -7.409e+04 7.409e+04
 -5.035e+04 5.035e+04
 1.785e+04 -1.785e+04
 -8.393e+04 8.393e+04
 -2.863e+04 2.863e+04
 4.018e+04 -4.018e+04
 -6.833e+04 6.833e+04
 -2.526e+04 2.526e+04
 -1.23e+04 1.23e+04
 -7.427e+04 7.427e+04
 -2.451e+04 2.451e+04
 -1.596e+04 1.596e+04
 956.2 -956.2
 7.175e+04 -7.175e+04
 8.346e+04 -8.346e+04
 -8.604e+04 8.604e+04
 1.978e+04 -1.978e+04
 6.292e+04 -6.292e+04
 -8.513e+04 8.513e+04
 -6.594e+04 6.594e+04
 -6.42e+04 6.42e+04
 2.615e+04 -2.615e+04
 3.283e+04 -3.283e+04
 -2.897e+04 2.897e+04
 -1.22e+05 1.22e+05
 -4.576e+04 4.576e+04
 7.953e+04 -7.953e+04
 3.839e+04 -3.839e+04
 -1.032e+05 1.032e+05
 3.299e+04 -3.299e+04
 -1.769e+05 1.769e+05
 -1.894e+04 1.894e+04
 1.049e+05 -1.049e+05
 -5.064e+04 5.064e+04
 -1.5e+04 1.5e+04
 4447 -4447
 4.278e+04 -4.278e+04
 2.149e+04 -2.149e+04
 1.883e+05 -1.883e+05
 3.754e+04 -3.754e+04
 9.689e+04 -9.689e+04
 -1.147e+05 1.147e+05
 8.556e+04 -8.556e+04
 4599 -4599
 -2.591e+04 2.591e+04
 8.489e+04 -8.489e+04
 5.305e+04 -5.305e+04
 -4.36e+04 4.36e+04
 -1.117e+05 1.117e+05
 -2.771e+04 2.771e+04
 7.415e+04 -7.415e+04
 3.784e+04 -3.784e+04
 -1.313e+04 1.313e+04
 2.402e+04 -2.402e+04
 -6.783e+04 6.783e+04
 -9203 9203
 -2.391e+04 2.391e+04
 -2327 2327
 8411 -8411
 4.47e+04 -4.47e+04
 1.089e+05 -1.089e+05
 -1.135e+05 1.135e+05
 -4.055e+04 4.055e+04
 -139.5 139.5
 3.532e+04 -3.532e+04
 -1.201e+05 1.201e+05
 6.048e+04 -6.048e+04
 2.944e+04 -2.944e+04
 -4.408e+04 4.408e+04
 -2.679e+04 2.679e+04
 -3.57e+04 3.57e+04
 1.535e+04 -1.535e+04
 -5.646e+04 5.646e+04
 -2.512e+04 2.512e+04
 -9884 9884
 5.438e+04 -5.438e+04
 1.608e+04 -1.608e+04
 1.317e+04 -1.317e+04
 -2.969e+04 2.969e+04
 8.384e+04 -8.384e+04
 -9445 9445
 -7504 7504
 7.873e+04 -7.873e+04
 -1.33e+04 1.33e+04
 -1.626e+04 1.626e+04
 9258 -9258
 -2.481e+04 2.481e+04
 -4321 4321
 -3.309e+04 3.309e+04
 -3.435e+04 3.435e+04
 -1.254e+04 1.254e+04
 -6.094e+04 6.094e+04
 -1.556e+04 1.556e+04
 -2.256e+04 2.256e+04
 -3.208e+04 3.208e+04
 -1.802e+04 1.802e+04
 -2.612e+04 2.612e+04
 2.67e+04 -2.67e+04
 -3.981e+04 3.981e+04
 3.274e+04 -3.274e+04
 -1.505e+05 1.505e+05
 4.993e+04 -4.993e+04
 -7040 7040
 -3.8e+04 3.8e+04
 3.634e+04 -3.634e+04
 -1.396e+04 1.396e+04
 4043 -4043
 1.728e+04 -1.728e+04
 -6.216e+04 6.216e+04
 9.606e+04 -9.606e+04
 1.482e+04 -1.482e+04
 -5.131e+04 5.131e+04
 4.822e+04 -4.822e+04
 -6.64e+04 6.64e+04
 275.5 -275.5
 -1.758e+04 1.758e+04
 1.872e+04 -1.872e+04
 -1.13e+05 1.13e+05
 -4.326e+04 4.326e+04
 9.487e+04 -9.487e+04
 1.041e+04 -1.041e+04
 4.179e+04 -4.179e+04
 5.929e+04 -5.929e+04
 -2645 2645
 -4.745e+04 4.745e+04
 7.268e+04 -7.268e+04
 -1.212e+05 1.212e+05
 1.318e+04 -1.318e+04
 -4326 4326
 2.073e+04 -2.073e+04
 -1243 1243
 -7303 7303
 1.237e+04 -1.237e+04
 -7.486e+04 7.486e+04
 -6.99e+04 6.99e+04
 4.883e+04 -4.883e+04
 -5.617e+04 5.617e+04
 3.654e+04 -3.654e+04
 1029 -1029
 -1.886e+04 1.886e+04
 -1.032e+05 1.032e+05
 1.285e+05 -1.285e+05
 -8.495e+04 8.495e+04
 4.312e+04 -4.312e+04
 -4.346e+04 4.346e+04
 2.372e+04 -2.372e+04
 -2.905e+04 2.905e+04
 896.5 -896.5
 -3.644e+04 3.644e+04
 9.076e+04 -9.076e+04
 1.786e+04 -1.786e+04
 -1.146e+04 1.146e+04
 4.174e+04 -4.174e+04
 1.392e+05 -1.392e+05
 -3.743e+04 3.743e+04
 2229 -2229
 7.068e+04 -7.068e+04
 3797 -3797
 -6.203e+04 6.203e+04
 4.728e+04 -4.728e+04
 3.194e+04 -3.194e+04
 -1.619e+05 1.619e+05
 -4.859e+04 4.859e+04
 4619 -4619
 -1.811e+05 1.811e+05
 -2123 2123
 7444 -7444
 1707 -1707
 5.341e+04 -5.341e+04
 -1.229e+04 1.229e+04
 -2.79e+04 2.79e+04
 -2.416e+04 2.416e+04
 2.143e+04 -2.143e+04
 -1.41e+04 1.41e+04
 -8927 8927
 -4.6e+04 4.6e+04
 -2.312e+04 2.312e+04
 1.155e+05 -1.155e+05
 -1697 1697
 1.409e+05 -1.409e+05
 -1.044e+04 1.044e+04
 -6.773e+04 6.773e+04
 -6434 6434
 -7.387e+04 7.387e+04
 1.048e+05 -1.048e+05
 -7.47e+04 7.47e+04
 -1.573e+04 1.573e+04
 4.834e+04 -4.834e+04
 3.92e+04 -3.92e+04
 -3.319e+04 3.319e+04
 -8.769e+04 8.769e+04
 -6.051e+04 6.051e+04
 -2.193e+04 2.193e+04
 1.774e+04 -1.774e+04
 -4.461e+04 4.461e+04
 -4.891e+04 4.891e+04
 -1.341e+04 1.341e+04
 1160 -1160
 -3159 3159
 -4.907e+04 4.907e+04
 1.033e+05 -1.033e+05
 -1.061e+05 1.061e+05
 9.552e+04 -9.552e+04
 2.33e+04 -2.33e+04
 -1.292e+04 1.292e+04
 -3.83e+04 3.83e+04
 3.915e+04 -3.915e+04
 6287 -6287
 1.119e+04 -1.119e+04
 -8.678e+04 8.678e+04
 -1.04e+05 1.04e+05
 -4.692e+04 4.692e+04
 1.089e+05 -1.089e+05
 -6.599e+04 6.599e+04
 -1.16e+04 1.16e+04
 -3.713e+04 3.713e+04
 1.003e+04 -1.003e+04
 -2.77e+04 2.77e+04
 3.601e+04 -3.601e+04
 -4.822e+04 4.822e+04
 -2.41e+04 2.41e+04
 -3128 3128
 2.677e+04 -2.677e+04
 2.598e+04 -2.598e+04
 4.538e+04 -4.538e+04
 8.483e+04 -8.483e+04
 1.063e+04 -1.063e+04
 4283 -4283
 -9002 9002
 2.883e+04 -2.883e+04
 3.8e+04 -3.8e+04
 7.364e+04 -7.364e+04
 -4.996e+04 4.996e+04
 -2.655e+04 2.655e+04
 -1.478e+04 1.478e+04
 8.338e+04 -8.338e+04
 4145 -4145
 1.889e+04 -1.889e+04
 5.056e+04 -5.056e+04
 -5023 5023
 1.75e+04 -1.75e+04
 -2.201e+04 2.201e+04
 -2.001e+04 2.001e+04
 -1.186e+05 1.186e+05
 1.104e+04 -1.104e+04
 -5.56e+04 5.56e+04
 -5616 5616
 7.773e+04 -7.773e+04
 -5.11e+04 5.11e+04
 4.914e+04 -4.914e+04
 2.316e+04 -2.316e+04
 -6.644e+04 6.644e+04
 -1.066e+05 1.066e+05
 3.811e+04 -3.811e+04
 -7.437e+04 7.437e+04
 2.468e+04 -2.468e+04
 -5.831e+04 5.831e+04
 -2.822e+04 2.822e+04
 8.374e+04 -8.374e+04
 1.381e+05 -1.381e+05
 9.671e+04 -9.671e+04
 -2.964e+04 2.964e+04
 1.776e+05 -1.776e+05
 -3.237e+04 3.237e+04
 3.173e+04 -3.173e+04
 -7.187e+04 7.187e+04
 -1.484e+04 1.484e+04
 1.042e+05 -1.042e+05
 -5.165e+04 5.165e+04
 -2.184e+04 2.184e+04
 2.194e+04 -2.194e+04
 -3.209e+04 3.209e+04
 -6589 6589
 -1.058e+04 1.058e+04
 -3.311e+04 3.311e+04
 2.725e+04 -2.725e+04
 -8.639e+04 8.639e+04
 -4.915e+04 4.915e+04
 -6.305e+04 6.305e+04
 3.943e+04 -3.943e+04
 8.811e+04 -8.811e+04
 1.497e+04 -1.497e+04
 3.04e+04 -3.04e+04
 5.442e+04 -5.442e+04
 6.218e+04 -6.218e+04
 4.731e+04 -4.731e+04
 -9.084e+04 9.084e+04
 1.044e+04 -1.044e+04
 -2.432e+04 2.432e+04
 1.085e+04 -1.085e+04
 -3.284e+04 3.284e+04
 5.684e+04 -5.684e+04
 -1.508e+05 1.508e+05
 2.846e+04 -2.846e+04
 6.56e+04 -6.56e+04
 -7.092e+04 7.092e+04
 4.037e+04 -4.037e+04
 5.846e+04 -5.846e+04
 1.834e+04 -1.834e+04
 -1.768e+04 1.768e+04
 590.3 -590.3
 4.092e+04 -4.092e+04
 -1.297e+05 1.297e+05
 4.959e+04 -4.959e+04
 -2.11e+05 2.11e+05
 1.427e+05 -1.427e+05
 -2.323e+04 2.323e+04
 -1.582e+05 1.582e+05
 3.464e+04 -3.464e+04
 2651 -2651
 -3.138e+04 3.138e+04
 1.52e+04 -1.52e+04
 -3.415e+04 3.415e+04
 -8507 8507
 -8.742e+04 8.742e+04
 1013 -1013
 2703 -2703
 9.858e+04 -9.858e+04
 -2.966e+04 2.966e+04
 9.082e+04 -9.082e+04
 7.189e+04 -7.189e+04
 3.306e+04 -3.306e+04
 6.119e+04 -6.119e+04
 8196 -8196
 -3496 3496
 6.081e+04 -6.081e+04
 -1.192e+04 1.192e+04
 -3.643e+04 3.643e+04
 -7.019e+04 7.019e+04
 -4.704e+04 4.704e+04
 -6.455e+04 6.455e+04
 6.116e+04 -6.116e+04
 6.36e+04 -6.36e+04
 -6689 6689
 -1.67e+04 1.67e+04
 -3348 3348
 -1.073e+05 1.073e+05
 3.122e+04 -3.122e+04
 -4.446e+04 4.446e+04
 -1.986e+04 1.986e+04
 6476 -6476
 2.991e+04 -2.991e+04
 1.061e+04 -1.061e+04
 2.017e+04 -2.017e+04
 -6.346e+04 6.346e+04
 2.308e+05 -2.308e+05
 4.878e+04 -4.878e+04
 1.923e+04 -1.923e+04
 2.011e+04 -2.011e+04
 8.897e+04 -8.897e+04
 -9.751e+04 9.751e+04
 -3.382e+04 3.382e+04
 -3.413e+04 3.413e+04
 1.044e+04 -1.044e+04
 -4.262e+04 4.262e+04
 1.27e+05 -1.27e+05
 1.983e+04 -1.983e+04
 4.851e+04 -4.851e+04
 -8.735e+04 8.735e+04
 -5.531e+04 5.531e+04
 -1561 1561
 -2099 2099
 3.518e+04 -3.518e+04
 -8932 8932
 8.12e+04 -8.12e+04
 -3.515e+04 3.515e+04
 -2.155e+04 2.155e+04
 5627 -5627
 2.472e+04 -2.472e+04
 -7.28e+04 7.28e+04
 6.38e+04 -6.38e+04
 -3.842e+04 3.842e+04
 6.891e+04 -6.891e+04
 1.173e+04 -1.173e+04
 2141 -2141
 -5.521e+04 5.521e+04
 871.6 -871.6
 5.835e+04 -5.835e+04
 -3.507e+04 3.507e+04
 3.82e+04 -3.82e+04
 2.133e+04 -2.133e+04
 1.36e+04 -1.36e+04
 3.648e+04 -3.648e+04
 1341 -1341
 3.386e+04 -3.386e+04
 5958 -5958
 -125.2 125.2
 -1.846e+05 1.846e+05
 1914 -1914
 -5.566e+04 5.566e+04
 -4.928e+04 4.928e+04
 -3.212e+04 3.212e+04
 -2.776e+04 2.776e+04
 -1.727e+04 1.727e+04
 -3489 3489
 1.926e+04 -1.926e+04
 -1.18e+05 1.18e+05
 3.767e+04 -3.767e+04
 -4.994e+04 4.994e+04
 -1.131e+04 1.131e+04
 1.667e+04 -1.667e+04
 1.048e+05 -1.048e+05
 -3.002e+04 3.002e+04
 -1.073e+04 1.073e+04
 -5.318e+04 5.318e+04
 6.929e+04 -6.929e+04
 -3.624e+04 3.624e+04
 7.539e+04 -7.539e+04
 2637 -2637
 1.565e+04 -1.565e+04
 -7.725e+04 7.725e+04
 1.895e+04 -1.895e+04
 6424 -6424
 -3324 3324
 1.8e+05 -1.8e+05
 2.031e+05 -2.031e+05
 -1.1e+05 1.1e+05
 6.057e+04 -6.057e+04
 3.081e+04 -3.081e+04
 7.932e+04 -7.932e+04
 -9320 9320
 3.254e+04 -3.254e+04
 -3.269e+04 3.269e+04
 -4.554e+04 4.554e+04
 -1.121e+05 1.121e+05
 8360 -8360
 -6.318e+04 6.318e+04
 8893 -8893
 4.047e+04 -4.047e+04
 1.787e+04 -1.787e+04
 1.915e+05 -1.915e+05
 1.243e+05 -1.243e+05
 9437 -9437
 -5.449e+04 5.449e+04
 -5.011e+04 5.011e+04
 2.765e+04 -2.765e+04
 4144 -4144
 -6.404e+04 6.404e+04
 6.032e+04 -6.032e+04
 1.318e+04 -1.318e+04
 6.162e+04 -6.162e+04
 -1.082e+05 1.082e+05
 6.856e+04 -6.856e+04
 7.665e+04 -7.665e+04
 -1.302e+05 1.302e+05
 -3.162e+04 3.162e+04
 1.354e+04 -1.354e+04
 -4.846e+04 4.846e+04
 5.649e+04 -5.649e+04
 1.923e+04 -1.923e+04
 -3.385e+04 3.385e+04
 -1.639e+05 1.639e+05
 -3.876e+04 3.876e+04
 4.369e+04 -4.369e+04
 -8.642e+04 8.642e+04
 955.1 -955.1
 1.892e+05 -1.892e+05
 -1.637e+04 1.637e+04
 1.113e+05 -1.113e+05
 4.138e+04 -4.138e+04
 -1.739e+04 1.739e+04
 -4.665e+04 4.665e+04
 5.568e+04 -5.568e+04
 5.211e+04 -5.211e+04
 3.044e+04 -3.044e+04
 -2.983e+04 2.983e+04
 -1.701e+04 1.701e+04
 2.177e+04 -2.177e+04
 -9.988e+04 9.988e+04
 -3.804e+04 3.804e+04
 -6.539e+04 6.539e+04
 1.006e+05 -1.006e+05
 1.3e+04 -1.3e+04
 1.862e+04 -1.862e+04
 -7.079e+04 7.079e+04
 8730 -8730
 -2.146e+04 2.146e+04
 -4881 4881
 1.641e+05 -1.641e+05
 -3.162e+04 3.162e+04
 -1.822e+04 1.822e+04
 -1.038e+04 1.038e+04
 -5.768e+04 5.768e+04
 3.535e+04 -3.535e+04
 1.185e+04 -1.185e+04
 2.379e+04 -2.379e+04
 -1.156e+04 1.156e+04
 -4.087e+04 4.087e+04
 -2.296e+04 2.296e+04
 7019 -7019
 5263 -5263
 -1.118e+05 1.118e+05
 5.277e+04 -5.277e+04
 -4.277e+04 4.277e+04
 -7.015e+04 7.015e+04
 -7.628e+04 7.628e+04
 -3.46e+04 3.46e+04
 9.508e+04 -9.508e+04
 -5.511e+04 5.511e+04
 9850 -9850
 2.651e+04 -2.651e+04
 5.724e+04 -5.724e+04
 1.424e+04 -1.424e+04
 -7.376e+04 7.376e+04
 -1.461e+04 1.461e+04
 -6340 6340
 -2.138e+04 2.138e+04
 -5.041e+04 5.041e+04
 5.128e+04 -5.128e+04
 -2.013e+04 2.013e+04
 1943 -1943
 -4.843e+04 4.843e+04
 -2.924e+04 2.924e+04
 -3.264e+04 3.264e+04
 -1.297e+04 1.297e+04
 5.502e+04 -5.502e+04
 -6.331e+04 6.331e+04
 -2.205e+04 2.205e+04
 3.596e+04 -3.596e+04
 2973 -2973
 -7459 7459
 3639 -3639
 1.383e+05 -1.383e+05
 7661 -7661
 3.137e+04 -3.137e+04
 -4012 4012
 1467 -1467
 -2.48e+04 2.48e+04
 -7.307e+04 7.307e+04
 -8.361e+04 8.361e+04
 -3.035e+04 3.035e+04
 6.566e+04 -6.566e+04
 -1.112e+04 1.112e+04
 -3.166e+04 3.166e+04
 2424 -2424
 7841 -7841
 6.233e+04 -6.233e+04
 1.612e+05 -1.612e+05
 5.758e+04 -5.758e+04
 5.531e+04 -5.531e+04
 712.2 -712.2
 5.328e+04 -5.328e+04
 -4.726e+04 4.726e+04
 1.136e+05 -1.136e+05
 6.266e+04 -6.266e+04
 5.097e+04 -5.097e+04
 5.669e+04 -5.669e+04
 -5.091e+04 5.091e+04
 6.577e+04 -6.577e+04
 5.663e+04 -5.663e+04
 -5.685e+04 5.685e+04
 1.205e+05 -1.205e+05
 -8.797e+04 8.797e+04
 1.637e+05 -1.637e+05
 -1.644e+04 1.644e+04
 3.896e+04 -3.896e+04
 -4.799e+04 4.799e+04
 -5.488e+04 5.488e+04
 5.539e+04 -5.539e+04
 1.311e+05 -1.311e+05
 -8.604e+04 8.604e+04
 8.887e+04 -8.887e+04
 -2.205e+04 2.205e+04
 2751 -2751
 9.771e+04 -9.771e+04
 -1204 1204
 5.694e+04 -5.694e+04
 6.508e+04 -6.508e+04
 9563 -9563
 3.967e+04 -3.967e+04
 6.469e+04 -6.469e+04
 3.048e+04 -3.048e+04
 1.659e+04 -1.659e+04
 6.9e+04 -6.9e+04
 1.318e+04 -1.318e+04
 3.143e+04 -3.143e+04
 2.199e+04 -2.199e+04
 -3.428e+04 3.428e+04
 1.622e+04 -1.622e+04
 4.358e+04 -4.358e+04
 -4379 4379
 -2.687e+04 2.687e+04
 -9.134e+04 9.134e+04
 -2.394e+04 2.394e+04
 1.314e+05 -1.314e+05
 -3.497e+04 3.497e+04
 -6.078e+04 6.078e+04
 1.015e+05 -1.015e+05
 1.942e+04 -1.942e+04
 2.669e+04 -2.669e+04
 -4.123e+04 4.123e+04
 2.16e+04 -2.16e+04
 5.777e+04 -5.777e+04
 -5.584e+04 5.584e+04
 9054 -9054
 -3.286e+04 3.286e+04
 7.119e+04 -7.119e+04
 3.757e+04 -3.757e+04
 6.811e+04 -6.811e+04
 -5.821e+04 5.821e+04
 -1.638e+04 1.638e+04
 -2.677e+04 2.677e+04
 -4.202e+04 4.202e+04
 5.006e+04 -5.006e+04
 -5.494e+04 5.494e+04
 -5.408e+04 5.408e+04
 -1.189e+05 1.189e+05
 8.843e+04 -8.843e+04
 -4.634e+04 4.634e+04
 -2.49e+04 2.49e+04
 -1304 1304
 -7.211e+04 7.211e+04
 7.593e+04 -7.593e+04
 3.539e+04 -3.539e+04
 -7.373e+04 7.373e+04
 1.307e+04 -1.307e+04
 7.074e+04 -7.074e+04
 -2.75e+04 2.75e+04
 1.392e+04 -1.392e+04
 -4.211e+04 4.211e+04
 -3984 3984
 1.386e+04 -1.386e+04
 -8353 8353
 -7.996e+04 7.996e+04
 -9.515e+04 9.515e+04
 -1.149e+05 1.149e+05
 7.196e+04 -7.196e+04
 1.672e+04 -1.672e+04
 7.538e+04 -7.538e+04
 -7.853e+04 7.853e+04
 -2.175e+04 2.175e+04
 4.1e+04 -4.1e+04
 3.39e+04 -3.39e+04
 7055 -7055
 5.626e+04 -5.626e+04
 -1.384e+05 1.384e+05
 -6363 6363
 2.423e+04 -2.423e+04
 -6.787e+04 6.787e+04
 -3.271e+04 3.271e+04
 6.275e+04 -6.275e+04
 1.083e+05 -1.083e+05
 5441 -5441
 -4.019e+04 4.019e+04
 9.971e+04 -9.971e+04
 6.701e+04 -6.701e+04
 4.813e+04 -4.813e+04
 -4.165e+04 4.165e+04
 -5.395e+04 5.395e+04
 -6.463e+04 6.463e+04
 2566 -2566
 2.115e+04 -2.115e+04
 6.86e+04 -6.86e+04
 -6641 6641
 -3.129e+04 3.129e+04
 4.243e+04 -4.243e+04
 3.412e+04 -3.412e+04
 -5.042e+04 5.042e+04
 -1.942e+04 1.942e+04
 2.449e+04 -2.449e+04
 3.249e+04 -3.249e+04
 -2499 2499
 2.838e+04 -2.838e+04
 -6.992e+04 6.992e+04
 9.085e+04 -9.085e+04
 4.795e+04 -4.795e+04
 -1.012e+05 1.012e+05
 -3.441e+04 3.441e+04
 -7.813e+04 7.813e+04
 1.767e+04 -1.767e+04
 2.832e+04 -2.832e+04
 -3.548e+04 3.548e+04
 -7.827e+04 7.827e+04
 -4.12e+04 4.12e+04
 -3.711e+04 3.711e+04
 -1.005e+05 1.005e+05
 4496 -4496
 -7.898e+04 7.898e+04
 3.054e+04 -3.054e+04
 3.942e+04 -3.942e+04
 7539 -7539
 2.88e+04 -2.88e+04
 -4.44e+04 4.44e+04
 9468 -9468
 6.396e+04 -6.396e+04
 1.042e+05 -1.042e+05
 -2.575e+04 2.575e+04
 -1.074e+04 1.074e+04
 6.419e+04 -6.419e+04
 8.077e+04 -8.077e+04
 -7069 7069
 -7.137e+04 7.137e+04
 -5.685e+04 5.685e+04
 5.594e+04 -5.594e+04
 -5.456e+04 5.456e+04
 3.402e+04 -3.402e+04
 -4.415e+04 4.415e+04
 -1.08e+04 1.08e+04
 -1.146e+05 1.146e+05
 -5125 5125
 -8.936e+04 8.936e+04
 -1505 1505
 -1.579e+04 1.579e+04
 -1.792e+05 1.792e+05
 2.165e+04 -2.165e+04
 4.689e+04 -4.689e+04
 5.304e+04 -5.304e+04
 2.425e+04 -2.425e+04
 -5.274e+04 5.274e+04
 -3.248e+04 3.248e+04
 -3.189e+04 3.189e+04
 -5.183e+04 5.183e+04
 -3.567e+04 3.567e+04
 -3.767e+04 3.767e+04
 -4.378e+04 4.378e+04
 -2056 2056
 7.401e+04 -7.401e+04
 5.199e+04 -5.199e+04
 7959 -7959
 -7827 7827
 1.934e+04 -1.934e+04
 4.681e+04 -4.681e+04
 1.969e+04 -1.969e+04
 1.208e+04 -1.208e+04
 -8.789e+04 8.789e+04
 -2.369e+04 2.369e+04
 -3.84e+04 3.84e+04
 -1.248e+04 1.248e+04
 6.107e+04 -6.107e+04
 -9.141e+04 9.141e+04
 -5.639e+04 5.639e+04
 -5.131e+04 5.131e+04
 -6.888e+04 6.888e+04
 -1.122e+05 1.122e+05
 -2.252e+04 2.252e+04
 1.611e+04 -1.611e+04
 -4.536e+04 4.536e+04
 -4.005e+04 4.005e+04
 1.355e+05 -1.355e+05
 -1.004e+05 1.004e+05
 -4.377e+04 4.377e+04
 -4.053e+04 4.053e+04
 4208 -4208
 -7.732e+04 7.732e+04
 5.152e+04 -5.152e+04
 -4.514e+04 4.514e+04
 -6.02e+04 6.02e+04
 7.975e+04 -7.975e+04
 8.635e+04 -8.635e+04
 9.856e+04 -9.856e+04
 -4.11e+04 4.11e+04
 -6.723e+04 6.723e+04
 9.797e+04 -9.797e+04
 1.341e+04 -1.341e+04
 -4.867e+04 4.867e+04
 6.683e+04 -6.683e+04
 -8.975e+04 8.975e+04
 2.282e+04 -2.282e+04
 -4.128e+04 4.128e+04
 3332 -3332
 1.032e+05 -1.032e+05
 -6301 6301
 7.753e+04 -7.753e+04
 -1.594e+04 1.594e+04
 7.652e+04 -7.652e+04
 -1.051e+05 1.051e+05
 -6.81e+04 6.81e+04
 2.613e+04 -2.613e+04
 1.335e+05 -1.335e+05
 -4.238e+04 4.238e+04
 1.026e+04 -1.026e+04
 6.919e+04 -6.919e+04
 -8.614e+04 8.614e+04
 6.87e+04 -6.87e+04
 6.191e+04 -6.191e+04
 -4.358e+04 4.358e+04
 3.569e+04 -3.569e+04
 -4.231e+04 4.231e+04
 -3.861e+04 3.861e+04
 -2066 2066
 1.608e+04 -1.608e+04
 -3.605e+04 3.605e+04
 9657 -9657
 -5.062e+04 5.062e+04
 1.46e+05 -1.46e+05
 -7.694e+04 7.694e+04
 7.649e+04 -7.649e+04
 -4.711e+04 4.711e+04
 -1.174e+04 1.174e+04
 6922 -6922
 6.963e+04 -6.963e+04
 -3.265e+04 3.265e+04
 4.785e+04 -4.785e+04
 1.476e+04 -1.476e+04
 -1.65e+04 1.65e+04
 1.628e+04 -1.628e+04
 2.108e+04 -2.108e+04
 8.255e+04 -8.255e+04
 -2.443e+04 2.443e+04
 2.289e+04 -2.289e+04
 -5.894e+04 5.894e+04
 -6.214e+04 6.214e+04
 1.007e+05 -1.007e+05
 -2.662e+04 2.662e+04
 5.328e+04 -5.328e+04
 -1.716e+04 1.716e+04
 -1.877e+04 1.877e+04
 3.885e+04 -3.885e+04
 5.417e+04 -5.417e+04
 3.458e+04 -3.458e+04
 -1.8e+04 1.8e+04
 -4.654e+04 4.654e+04
 -5.772e+04 5.772e+04
 2.311e+04 -2.311e+04
 2.659e+04 -2.659e+04
 3.15e+04 -3.15e+04
 -8844 8844
 1.194e+05 -1.194e+05
 1.225e+05 -1.225e+05
 -5122 5122
 5376 -5376
 1.057e+05 -1.057e+05
 -2.442e+04 2.442e+04
 8124 -8124
 -5.409e+04 5.409e+04
 -1.448e+05 1.448e+05
 -5277 5277
 3.129e+04 -3.129e+04
 2.412e+04 -2.412e+04
 -5.559e+04 5.559e+04
 7.441e+04 -7.441e+04
 -4.602e+04 4.602e+04
 -3.636e+04 3.636e+04
 3694 -3694
 1.14e+04 -1.14e+04
 2.86e+04 -2.86e+04
 3.824e+04 -3.824e+04
 -9.311e+04 9.311e+04
 -1.012e+04 1.012e+04
 3.255e+04 -3.255e+04
 -9946 9946
 4.868e+04 -4.868e+04
 5.94e+04 -5.94e+04
 -1.531e+04 1.531e+04
 -8775 8775
 1.192e+05 -1.192e+05
 -1.248e+04 1.248e+04
 5.176e+04 -5.176e+04
 7.039e+04 -7.039e+04
 -7.045e+04 7.045e+04
 -6.401e+04 6.401e+04
 7500 -7500
 -2.498e+04 2.498e+04
 6.083e+04 -6.083e+04
 8735 -8735
 1.43e+04 -1.43e+04
 -5.871e+04 5.871e+04
 -1.656e+04 1.656e+04
 -2.326e+04 2.326e+04
 -2.739e+04 2.739e+04
 -2.823e+04 2.823e+04
 -4.111e+04 4.111e+04
 -5.258e+04 5.258e+04
 1.017e+05 -1.017e+05
 1.575e+05 -1.575e+05
 9.456e+04 -9.456e+04
 -6.886e+04 6.886e+04
 2.144e+04 -2.144e+04
 1.546e+04 -1.546e+04
 4.49e+04 -4.49e+04
 3.159e+04 -3.159e+04
 8.519e+04 -8.519e+04
 -2.504e+04 2.504e+04
 3.466e+04 -3.466e+04
 9.635e+04 -9.635e+04
 6911 -6911
 -1.597e+04 1.597e+04
 -1.994e+05 1.994e+05
 -9.349e+04 9.349e+04
 -7.245e+04 7.245e+04
 2.515e+04 -2.515e+04
 -7.226e+04 7.226e+04
 1854 -1854
 -8155 8155
 1.463e+04 -1.463e+04
 -9.818e+04 9.818e+04
 1.456e+04 -1.456e+04
 -5.993e+04 5.993e+04
 -4799 4799
 1.932e+04 -1.932e+04
 -6.107e+04 6.107e+04
 1.483e+05 -1.483e+05
 1.899e+04 -1.899e+04
 2.124e+04 -2.124e+04
 6213 -6213
 -1.529e+04 1.529e+04
 2.211e+04 -2.211e+04
 -8892 8892
 2.504e+04 -2.504e+04
 6.147e+04 -6.147e+04
 1501 -1501
 -2.091e+04 2.091e+04
 1.964e+04 -1.964e+04
 -2.08e+04 2.08e+04
 -1.327e+05 1.327e+05
 -5911 5911
 -3.974e+04 3.974e+04
 3.006e+04 -3.006e+04
 1.891e+04 -1.891e+04
 5.974e+04 -5.974e+04
 4.721e+04 -4.721e+04
 -1.83e+04 1.83e+04
 -4.181e+04 4.181e+04
 -2.057e+04 2.057e+04
 1.812e+04 -1.812e+04
 4605 -4605
 2.585e+04 -2.585e+04
 -1.153e+05 1.153e+05
 -2.292e+04 2.292e+04
 -1.562e+04 1.562e+04
 -5.36e+04 5.36e+04
 -8.754e+04 8.754e+04
 9.958e+04 -9.958e+04
 4.748e+04 -4.748e+04
 -7.48e+04 7.48e+04
 -1.654e+04 1.654e+04
 -5.292e+04 5.292e+04
 5.35e+04 -5.35e+04
 6.695e+04 -6.695e+04
 4.854e+04 -4.854e+04
 -1.032e+04 1.032e+04
 -1.27e+05 1.27e+05
 -5.845e+04 5.845e+04
 -8.234e+04 8.234e+04
 1.171e+05 -1.171e+05
 -1.335e+04 1.335e+04
 -2.949e+04 2.949e+04
 -4.6e+04 4.6e+04
 4.993e+04 -4.993e+04
 1.035e+05 -1.035e+05
 -5.129e+04 5.129e+04
 1.659e+04 -1.659e+04
 -536.2 536.2
 -6.594e+04 6.594e+04
 1.129e+05 -1.129e+05
 1.663e+04 -1.663e+04
 -1.389e+05 1.389e+05
 5.701e+04 -5.701e+04
 -6.367e+04 6.367e+04
 5.024e+04 -5.024e+04
 -3.632e+04 3.632e+04
 -1.966e+04 1.966e+04
 1.268e+04 -1.268e+04
 -3.378e+04 3.378e+04
 8.689e+04 -8.689e+04
 -5.861e+04 5.861e+04
 -3409 3409
 9.19e+04 -9.19e+04
 1.099e+04 -1.099e+04
 -9.387e+04 9.387e+04
 5.128e+04 -5.128e+04
 -9.846e+04 9.846e+04
 -4.874e+04 4.874e+04
 6.871e+04 -6.871e+04
 -6.253e+04 6.253e+04
 1.133e+04 -1.133e+04


