# Created by Octave 5.2.0, Fri Sep 25 00:20:09 2020 CEST <jiwidi@land>
# name: w
# type: matrix
# rows: 2001
# columns: 2
 -3.6e+04 3.6e+04
 292.6 -292.6
 -1196 1196
 -572.6 572.6
 -368.6 368.6
 -468.9 468.9
 929.5 -929.5
 753.8 -753.8
 145.7 -145.7
 -483.4 483.4
 1482 -1482
 -483.8 483.8
 282.6 -282.6
 426.2 -426.2
 -1394 1394
 -2115 2115
 -254.4 254.4
 849.8 -849.8
 -963.3 963.3
 1172 -1172
 -953.4 953.4
 -989.4 989.4
 -1747 1747
 -1541 1541
 1919 -1919
 -559.3 559.3
 -402.4 402.4
 -3942 3942
 -325.9 325.9
 -10.51 10.51
 184 -184
 -393.5 393.5
 1553 -1553
 -747.8 747.8
 1149 -1149
 1672 -1672
 -914.6 914.6
 -131.4 131.4
 -1043 1043
 -23.88 23.88
 -1104 1104
 513.8 -513.8
 -593.6 593.6
 -482.8 482.8
 283.7 -283.7
 1447 -1447
 -960.6 960.6
 1127 -1127
 -2095 2095
 -680.7 680.7
 167.9 -167.9
 390.3 -390.3
 -124.2 124.2
 -497.3 497.3
 5009 -5009
 812.6 -812.6
 281 -281
 533.2 -533.2
 -204.5 204.5
 176.8 -176.8
 282.7 -282.7
 -276.5 276.5
 -328.2 328.2
 139.1 -139.1
 -447.8 447.8
 -497.7 497.7
 568.2 -568.2
 -1999 1999
 334.2 -334.2
 247.8 -247.8
 -1855 1855
 -805.4 805.4
 -454 454
 613 -613
 1411 -1411
 -626.9 626.9
 -39.92 39.92
 -589.2 589.2
 -20.06 20.06
 367 -367
 1074 -1074
 -24.43 24.43
 709 -709
 -667.9 667.9
 811.5 -811.5
 85.87 -85.87
 -557.6 557.6
 -496.1 496.1
 375.2 -375.2
 23.3 -23.3
 52.69 -52.69
 399.1 -399.1
 813.1 -813.1
 -481.2 481.2
 -587.5 587.5
 -1108 1108
 415.2 -415.2
 3394 -3394
 -1501 1501
 59.87 -59.87
 660.7 -660.7
 1019 -1019
 682.4 -682.4
 -2511 2511
 1381 -1381
 -531.6 531.6
 1053 -1053
 135.8 -135.8
 -120.8 120.8
 -871.3 871.3
 579.2 -579.2
 335.8 -335.8
 -426.2 426.2
 -345.9 345.9
 -2272 2272
 -237.3 237.3
 546.4 -546.4
 191.2 -191.2
 -617.5 617.5
 -1014 1014
 609.2 -609.2
 395.3 -395.3
 -340.4 340.4
 -595.4 595.4
 -282.3 282.3
 -1208 1208
 564.2 -564.2
 800.9 -800.9
 -330.9 330.9
 -741.6 741.6
 -849.7 849.7
 -354.7 354.7
 129.1 -129.1
 -552.7 552.7
 650.8 -650.8
 -985.6 985.6
 431.2 -431.2
 47.69 -47.69
 -814.8 814.8
 48.77 -48.77
 -898 898
 -858.1 858.1
 108.6 -108.6
 -163 163
 -233.4 233.4
 -411.9 411.9
 762.2 -762.2
 -3354 3354
 -677.4 677.4
 151.8 -151.8
 -968.3 968.3
 -1600 1600
 156.9 -156.9
 7774 -7774
 266.5 -266.5
 -89.79 89.79
 -4118 4118
 -771.5 771.5
 197.3 -197.3
 -2217 2217
 -627.4 627.4
 492.8 -492.8
 -279.4 279.4
 -1036 1036
 1405 -1405
 5440 -5440
 763.2 -763.2
 1285 -1285
 481.6 -481.6
 -527.1 527.1
 -947.8 947.8
 555.4 -555.4
 549.9 -549.9
 -890.7 890.7
 623.5 -623.5
 350.2 -350.2
 -28.26 28.26
 2573 -2573
 24.92 -24.92
 -309.3 309.3
 -406.2 406.2
 4521 -4521
 -3319 3319
 370.3 -370.3
 -395.8 395.8
 -66.52 66.52
 939.5 -939.5
 8.316 -8.316
 -138 138
 -1474 1474
 1626 -1626
 886.8 -886.8
 280.5 -280.5
 -214.6 214.6
 -652.9 652.9
 -267.2 267.2
 55.36 -55.36
 -256.6 256.6
 1079 -1079
 301.6 -301.6
 1238 -1238
 -1328 1328
 -482.9 482.9
 1952 -1952
 1921 -1921
 87.62 -87.62
 -3120 3120
 -1730 1730
 -112.6 112.6
 295.4 -295.4
 -3904 3904
 1157 -1157
 -1791 1791
 -78.67 78.67
 -584.8 584.8
 -425.2 425.2
 -1617 1617
 -661.3 661.3
 -166.3 166.3
 -1277 1277
 -1010 1010
 467.3 -467.3
 -1833 1833
 356.4 -356.4
 -998.3 998.3
 1092 -1092
 264.9 -264.9
 -1100 1100
 1590 -1590
 -317.1 317.1
 488.4 -488.4
 1024 -1024
 1208 -1208
 -1089 1089
 1042 -1042
 -1288 1288
 -972.8 972.8
 -740.7 740.7
 437.4 -437.4
 1314 -1314
 -824.9 824.9
 -14.45 14.45
 -926.8 926.8
 717.3 -717.3
 -388.6 388.6
 -192.4 192.4
 129.2 -129.2
 -2203 2203
 -2302 2302
 -715.1 715.1
 454 -454
 -905.2 905.2
 -79.76 79.76
 1113 -1113
 -219.5 219.5
 -289.8 289.8
 -92.04 92.04
 2081 -2081
 2282 -2282
 -481.7 481.7
 2041 -2041
 -1915 1915
 -781.1 781.1
 -567.6 567.6
 1085 -1085
 -703.4 703.4
 -1147 1147
 -740.6 740.6
 -675.7 675.7
 355.8 -355.8
 892.4 -892.4
 1227 -1227
 347.6 -347.6
 -226.7 226.7
 194 -194
 -1084 1084
 299.8 -299.8
 242.2 -242.2
 -775.5 775.5
 -1425 1425
 39.96 -39.96
 1699 -1699
 -1602 1602
 2090 -2090
 3377 -3377
 179 -179
 -1215 1215
 -136.3 136.3
 -886.9 886.9
 -1066 1066
 -394.7 394.7
 -2847 2847
 448.4 -448.4
 -49.34 49.34
 -8.886 8.886
 680.7 -680.7
 -2288 2288
 -409.1 409.1
 -810.4 810.4
 464.5 -464.5
 152.9 -152.9
 -315.9 315.9
 -924.1 924.1
 -1191 1191
 2922 -2922
 436.7 -436.7
 -426.9 426.9
 119.1 -119.1
 50.45 -50.45
 2533 -2533
 370.9 -370.9
 2308 -2308
 -1320 1320
 623.1 -623.1
 -1916 1916
 -505.6 505.6
 4674 -4674
 2465 -2465
 -768.9 768.9
 1444 -1444
 534.8 -534.8
 3295 -3295
 1315 -1315
 858 -858
 162.3 -162.3
 80.29 -80.29
 657.9 -657.9
 -99.26 99.26
 508.3 -508.3
 -243.3 243.3
 -878.6 878.6
 978.4 -978.4
 -898 898
 -1427 1427
 1033 -1033
 -1167 1167
 -65.41 65.41
 -307.1 307.1
 -160.3 160.3
 576.5 -576.5
 18.22 -18.22
 -2310 2310
 -831.5 831.5
 611.4 -611.4
 -490.6 490.6
 88.66 -88.66
 -470.7 470.7
 961.1 -961.1
 2342 -2342
 1007 -1007
 -286 286
 -1250 1250
 -506.6 506.6
 -402.4 402.4
 594.3 -594.3
 324.3 -324.3
 -3440 3440
 1786 -1786
 -5.534 5.534
 2412 -2412
 -326 326
 -1299 1299
 -1149 1149
 1017 -1017
 -645.8 645.8
 -216.2 216.2
 2552 -2552
 -1201 1201
 776.6 -776.6
 -1292 1292
 -537.7 537.7
 782.7 -782.7
 1025 -1025
 52.67 -52.67
 -199.6 199.6
 -83.12 83.12
 840.9 -840.9
 1891 -1891
 -909.1 909.1
 -1106 1106
 -160.8 160.8
 -1765 1765
 -680.7 680.7
 -949.6 949.6
 4174 -4174
 1088 -1088
 158.5 -158.5
 547.6 -547.6
 -216.3 216.3
 -430.7 430.7
 -555.5 555.5
 -324.3 324.3
 -973.2 973.2
 -2013 2013
 445.6 -445.6
 -1198 1198
 -51.62 51.62
 -772.7 772.7
 -798.2 798.2
 2932 -2932
 -1562 1562
 -600.3 600.3
 -496.7 496.7
 -873.6 873.6
 873 -873
 -881.3 881.3
 -1012 1012
 1020 -1020
 -1204 1204
 1514 -1514
 -459.4 459.4
 705.6 -705.6
 -440.6 440.6
 -2411 2411
 -1276 1276
 39.91 -39.91
 3531 -3531
 -895.2 895.2
 3085 -3085
 1846 -1846
 675.1 -675.1
 337.6 -337.6
 1357 -1357
 -2703 2703
 -541 541
 -640.7 640.7
 -75.41 75.41
 -457.3 457.3
 -917.3 917.3
 -1468 1468
 1807 -1807
 -713.9 713.9
 2535 -2535
 123.1 -123.1
 43.23 -43.23
 -284.9 284.9
 693.4 -693.4
 495.6 -495.6
 -1230 1230
 -149.7 149.7
 -896.9 896.9
 486.7 -486.7
 -2144 2144
 1639 -1639
 -738.4 738.4
 849.1 -849.1
 -460.1 460.1
 -1931 1931
 2077 -2077
 -125.3 125.3
 -1086 1086
 -496.1 496.1
 1664 -1664
 3833 -3833
 361.9 -361.9
 777.6 -777.6
 -963.4 963.4
 257.2 -257.2
 -1203 1203
 -23.36 23.36
 -1195 1195
 -1308 1308
 3349 -3349
 89.43 -89.43
 931.8 -931.8
 1065 -1065
 933 -933
 487.8 -487.8
 36.59 -36.59
 319.8 -319.8
 -211.2 211.2
 -388 388
 -829.9 829.9
 0.518 -0.518
 -76.53 76.53
 310.9 -310.9
 951.8 -951.8
 420.1 -420.1
 -731.1 731.1
 1184 -1184
 -69.82 69.82
 620.1 -620.1
 -315.9 315.9
 -1.212 1.212
 1820 -1820
 -5.54 5.54
 -909 909
 -1860 1860
 -557.1 557.1
 -685.7 685.7
 675.1 -675.1
 -94.81 94.81
 -89.24 89.24
 -357.5 357.5
 515 -515
 -399.7 399.7
 -999.5 999.5
 -116.5 116.5
 179.6 -179.6
 -2244 2244
 1008 -1008
 -633.6 633.6
 -853.1 853.1
 -426.3 426.3
 -144.7 144.7
 -756.1 756.1
 -296.6 296.6
 -2336 2336
 856.9 -856.9
 -282.6 282.6
 -146.3 146.3
 253.3 -253.3
 -2466 2466
 -171.8 171.8
 769.9 -769.9
 -1960 1960
 -506.2 506.2
 522.7 -522.7
 -471.2 471.2
 -571.5 571.5
 -317.6 317.6
 1216 -1216
 -2150 2150
 317.6 -317.6
 -33.86 33.86
 -83.19 83.19
 -462.9 462.9
 -1349 1349
 4.432 -4.432
 -685.6 685.6
 -835.4 835.4
 -829.8 829.8
 -708.4 708.4
 -738.9 738.9
 -889.7 889.7
 -2468 2468
 946.3 -946.3
 506.6 -506.6
 -197.9 197.9
 -39.34 39.34
 -883.5 883.5
 -983.4 983.4
 -1006 1006
 1430 -1430
 1248 -1248
 -189.6 189.6
 481.7 -481.7
 -2326 2326
 -429.1 429.1
 -20.5 20.5
 765.6 -765.6
 -1744 1744
 2192 -2192
 369.2 -369.2
 26.66 -26.66
 -167.4 167.4
 183.5 -183.5
 -833.7 833.7
 1506 -1506
 -106.5 106.5
 1999 -1999
 81.43 -81.43
 651.8 -651.8
 -52.19 52.19
 -498.3 498.3
 -2816 2816
 -438.5 438.5
 895.1 -895.1
 976.6 -976.6
 -23.32 23.32
 -1604 1604
 -219.6 219.6
 -1219 1219
 1932 -1932
 -424.1 424.1
 -289.9 289.9
 -13.85 13.85
 142 -142
 2694 -2694
 -344.2 344.2
 366.4 -366.4
 -1177 1177
 -1128 1128
 -1029 1029
 783.2 -783.2
 57.64 -57.64
 408.5 -408.5
 107.5 -107.5
 -1593 1593
 -51.56 51.56
 180.6 -180.6
 -220.7 220.7
 -2476 2476
 -5846 5846
 199 -199
 119.7 -119.7
 -547.7 547.7
 983.3 -983.3
 -642.4 642.4
 1686 -1686
 -517.8 517.8
 -89.26 89.26
 -2.216 2.216
 2104 -2104
 1831 -1831
 -480 480
 2414 -2414
 2661 -2661
 -965.6 965.6
 808.1 -808.1
 -876.3 876.3
 -890.3 890.3
 1150 -1150
 -597 597
 -1707 1707
 -771.6 771.6
 -235.7 235.7
 -754.4 754.4
 537.7 -537.7
 -2504 2504
 -134.2 134.2
 3047 -3047
 -1259 1259
 308.1 -308.1
 -445.1 445.1
 315.9 -315.9
 -1032 1032
 -686.8 686.8
 -257.8 257.8
 129.1 -129.1
 -830.9 830.9
 -1356 1356
 -188.5 188.5
 -544.9 544.9
 87.04 -87.04
 -1710 1710
 -1361 1361
 -0.05 0.05
 -693.4 693.4
 1039 -1039
 -593.1 593.1
 -92.56 92.56
 -189.1 189.1
 146.9 -146.9
 -2391 2391
 -268.4 268.4
 -429.6 429.6
 -1181 1181
 -1862 1862
 -543.8 543.8
 2417 -2417
 -633.5 633.5
 1286 -1286
 2772 -2772
 -92.58 92.58
 1757 -1757
 -885.3 885.3
 -144.7 144.7
 1860 -1860
 -1552 1552
 45.48 -45.48
 -3468 3468
 -887.5 887.5
 -803.8 803.8
 296 -296
 675.7 -675.7
 -1777 1777
 -552.1 552.1
 252.1 -252.1
 -2772 2772
 -889.1 889.1
 -475.6 475.6
 645.7 -645.7
 -577 577
 -2371 2371
 -1191 1191
 2075 -2075
 -845.8 845.8
 -1012 1012
 -1124 1124
 277 -277
 -844.8 844.8
 -1276 1276
 -1304 1304
 104.2 -104.2
 1078 -1078
 -1170 1170
 1116 -1116
 151.8 -151.8
 -3028 3028
 -31.65 31.65
 726.8 -726.8
 -385.8 385.8
 -962.2 962.2
 -384.7 384.7
 -1619 1619
 -478.9 478.9
 25.49 -25.49
 -104.3 104.3
 -220.1 220.1
 -422.9 422.9
 -487.8 487.8
 1318 -1318
 -135.2 135.2
 -202.4 202.4
 2007 -2007
 -1414 1414
 -837.5 837.5
 185.1 -185.1
 443.5 -443.5
 -1068 1068
 169.6 -169.6
 190.1 -190.1
 2723 -2723
 1053 -1053
 -1232 1232
 2075 -2075
 -411.8 411.8
 369.7 -369.7
 1032 -1032
 500 -500
 -1372 1372
 -1657 1657
 943.4 -943.4
 -220 220
 -866.9 866.9
 -1346 1346
 411.3 -411.3
 -732.9 732.9
 971.8 -971.8
 171.4 -171.4
 -482.8 482.8
 -561.6 561.6
 -792 792
 -1862 1862
 310.9 -310.9
 -595.9 595.9
 131.4 -131.4
 -1908 1908
 1243 -1243
 -207.8 207.8
 -1384 1384
 -145.8 145.8
 1050 -1050
 261.6 -261.6
 -49.94 49.94
 -195.7 195.7
 -1066 1066
 851.4 -851.4
 -613 613
 1101 -1101
 3093 -3093
 -2328 2328
 29.41 -29.41
 277.7 -277.7
 -824.9 824.9
 -431.3 431.3
 969 -969
 -252.2 252.2
 5605 -5605
 -1477 1477
 -1039 1039
 -864.7 864.7
 -381.9 381.9
 114.6 -114.6
 1938 -1938
 -556 556
 252.7 -252.7
 -1463 1463
 -4594 4594
 9.944 -9.944
 -909.1 909.1
 461.1 -461.1
 389.7 -389.7
 237.3 -237.3
 1378 -1378
 -1063 1063
 -569.3 569.3
 -209.6 209.6
 3222 -3222
 962.3 -962.3
 -238.9 238.9
 776.6 -776.6
 208.4 -208.4
 767.7 -767.7
 -475.6 475.6
 -573.1 573.1
 -30.47 30.47
 -614.7 614.7
 -1457 1457
 3240 -3240
 -888.6 888.6
 591.5 -591.5
 -383 383
 -1685 1685
 -30.51 30.51
 -1706 1706
 -499.4 499.4
 -2.838 2.838
 -781.6 781.6
 1374 -1374
 1315 -1315
 542.1 -542.1
 1945 -1945
 -216.8 216.8
 781.5 -781.5
 309.8 -309.8
 -39.4 39.4
 -1167 1167
 -1027 1027
 -142.4 142.4
 3332 -3332
 218.9 -218.9
 419.5 -419.5
 17.79 -17.79
 -374.7 374.7
 -1397 1397
 2360 -2360
 -1070 1070
 726.7 -726.7
 -233.4 233.4
 -1551 1551
 3218 -3218
 -1038 1038
 2524 -2524
 1327 -1327
 2379 -2379
 493.3 -493.3
 1735 -1735
 -850.9 850.9
 1664 -1664
 -1176 1176
 -971.7 971.7
 -3132 3132
 -387.5 387.5
 -1197 1197
 546.5 -546.5
 809.8 -809.8
 1522 -1522
 662.4 -662.4
 -145.8 145.8
 -629.1 629.1
 -469 469
 1782 -1782
 906.3 -906.3
 -920.2 920.2
 -1698 1698
 -1661 1661
 -1119 1119
 5080 -5080
 -1125 1125
 345.3 -345.3
 -283.2 283.2
 257.2 -257.2
 -983.9 983.9
 2548 -2548
 60.44 -60.44
 -879.2 879.2
 678.5 -678.5
 288.7 -288.7
 -335.9 335.9
 -484.4 484.4
 -91.49 91.49
 -1462 1462
 -1279 1279
 730 -730
 -417.5 417.5
 -607.5 607.5
 -660.2 660.2
 -216.8 216.8
 1790 -1790
 -614.7 614.7
 104.2 -104.2
 897.4 -897.4
 -1147 1147
 -452.4 452.4
 -567.6 567.6
 1253 -1253
 666.8 -666.8
 -1015 1015
 2074 -2074
 1006 -1006
 -414.7 414.7
 1214 -1214
 -117.5 117.5
 585.4 -585.4
 2596 -2596
 451.2 -451.2
 -400.8 400.8
 -527.7 527.7
 140.8 -140.8
 -1968 1968
 -659 659
 887.9 -887.9
 990.5 -990.5
 -765 765
 2062 -2062
 179 -179
 -1682 1682
 614.1 -614.1
 1061 -1061
 417.9 -417.9
 644.5 -644.5
 6226 -6226
 -205.2 205.2
 -655.2 655.2
 -328.7 328.7
 459.4 -459.4
 -633 633
 505.4 -505.4
 2938 -2938
 271.6 -271.6
 1517 -1517
 -547.6 547.6
 -237.3 237.3
 641.3 -641.3
 -1243 1243
 1951 -1951
 221.7 -221.7
 -378.1 378.1
 -5040 5040
 -977.3 977.3
 -1701 1701
 -102.6 102.6
 -1017 1017
 -675.1 675.1
 452.8 -452.8
 -2601 2601
 -542.7 542.7
 -1708 1708
 -79.82 79.82
 -3498 3498
 2105 -2105
 -241.1 241.1
 -1403 1403
 14.97 -14.97
 1327 -1327
 334.8 -334.8
 372.5 -372.5
 -471.1 471.1
 1140 -1140
 -896.2 896.2
 -664.1 664.1
 218.9 -218.9
 -13.32 13.32
 -419.1 419.1
 1432 -1432
 -287.6 287.6
 -414.7 414.7
 -460.6 460.6
 1136 -1136
 -1062 1062
 -716.2 716.2
 -1017 1017
 -505 505
 -1606 1606
 411.3 -411.3
 70.33 -70.33
 -966.7 966.7
 -589.2 589.2
 -757.7 757.7
 100.8 -100.8
 -605.3 605.3
 -238.9 238.9
 384.2 -384.2
 1374 -1374
 -832.6 832.6
 -989.5 989.5
 -1777 1777
 -2140 2140
 1031 -1031
 1721 -1721
 408.5 -408.5
 935.2 -935.2
 457.3 -457.3
 -415.7 415.7
 -124.2 124.2
 659 -659
 -896.8 896.8
 538.8 -538.8
 2022 -2022
 -82.66 82.66
 -770.5 770.5
 -113.6 113.6
 -824.8 824.8
 685.1 -685.1
 1591 -1591
 -147.4 147.4
 286.5 -286.5
 1757 -1757
 -1272 1272
 1410 -1410
 1971 -1971
 -418 418
 -397.4 397.4
 -1011 1011
 -1265 1265
 -1829 1829
 2125 -2125
 -893 893
 566.4 -566.4
 1074 -1074
 -210.7 210.7
 215 -215
 4205 -4205
 212.8 -212.8
 227.2 -227.2
 -319.3 319.3
 -800.5 800.5
 163.5 -163.5
 324.8 -324.8
 406.8 -406.8
 -26.62 26.62
 -280.6 280.6
 -259.4 259.4
 829.3 -829.3
 -572 572
 2559 -2559
 376.9 -376.9
 -124.7 124.7
 3.338e+04 -3.338e+04
 -231.2 231.2
 752.2 -752.2
 -421.3 421.3
 -1561 1561
 932.3 -932.3
 -308.2 308.2
 77.57 -77.57
 1196 -1196
 -779.4 779.4
 -484.5 484.5
 -1018 1018
 -1904 1904
 -118 118
 -563.7 563.7
 -247.9 247.9
 -593.8 593.8
 46.57 -46.57
 -219 219
 1785 -1785
 -204.5 204.5
 -102.6 102.6
 -706.7 706.7
 -71.51 71.51
 -1501 1501
 -561 561
 1942 -1942
 -1451 1451
 282.1 -282.1
 943.9 -943.9
 -2462 2462
 -49.96 49.96
 -1042 1042
 -974.4 974.4
 727.8 -727.8
 -217.9 217.9
 241.1 -241.1
 551 -551
 -730.6 730.6
 -885.9 885.9
 -788.7 788.7
 39.93 -39.93
 686.8 -686.8
 -991.6 991.6
 130.8 -130.8
 -1109 1109
 -362.6 362.6
 -2129 2129
 -1367 1367
 21.62 -21.62
 -440.8 440.8
 385.8 -385.8
 -950.1 950.1
 3026 -3026
 857 -857
 1084 -1084
 -1045 1045
 1415 -1415
 578.2 -578.2
 -1501 1501
 1080 -1080
 1104 -1104
 10.45 -10.45
 -711.2 711.2
 1278 -1278
 444.5 -444.5
 -149.1 149.1
 -357.1 357.1
 -2691 2691
 224.4 -224.4
 -911.9 911.9
 282.7 -282.7
 0 0
 -889.2 889.2
 733.9 -733.9
 -417.9 417.9
 5610 -5610
 -149.1 149.1
 -133.6 133.6
 -1238 1238
 -189 189
 247.8 -247.8
 -42.2 42.2
 -2303 2303
 -2335 2335
 1783 -1783
 924.5 -924.5
 -245.1 245.1
 145.1 -145.1
 224.5 -224.5
 1763 -1763
 1964 -1964
 -1039 1039
 -1438 1438
 1218 -1218
 -1629 1629
 123 -123
 -763.8 763.8
 -42.71 42.71
 1200 -1200
 1225 -1225
 -615.3 615.3
 266.6 -266.6
 -1834 1834
 313.2 -313.2
 -683.4 683.4
 -563.7 563.7
 -1086 1086
 59.3 -59.3
 -31.12 31.12
 -608.7 608.7
 -1054 1054
 -573.7 573.7
 708.4 -708.4
 -1057 1057
 15.52 -15.52
 128 -128
 -581.5 581.5
 -1007 1007
 2844 -2844
 -751.7 751.7
 607.5 -607.5
 -432.3 432.3
 -1236 1236
 -620.3 620.3
 -107.6 107.6
 690.1 -690.1
 -1217 1217
 -254.5 254.5
 -138.1 138.1
 -753.8 753.8
 -33.29 33.29
 -476.2 476.2
 -329.8 329.8
 128 -128
 -52.11 52.11
 -604.2 604.2
 850.8 -850.8
 -2030 2030
 82.15 -82.15
 634.7 -634.7
 1054 -1054
 2068 -2068
 -1074 1074
 -465 465
 -696.8 696.8
 -430.7 430.7
 -821.9 821.9
 -185.1 185.1
 498.2 -498.2
 -317 317
 141.3 -141.3
 -1124 1124
 487.8 -487.8
 -251.7 251.7
 -835.4 835.4
 775 -775
 -378.5 378.5
 -865.3 865.3
 -981.2 981.2
 -187.9 187.9
 -220.1 220.1
 672.4 -672.4
 640.8 -640.8
 -2238 2238
 901.8 -901.8
 -533.8 533.8
 394.6 -394.6
 -155.8 155.8
 -672.4 672.4
 -615.9 615.9
 -543.8 543.8
 -324.8 324.8
 105.9 -105.9
 -1547 1547
 834.8 -834.8
 -2309 2309
 -2491 2491
 1876 -1876
 -1767 1767
 -638 638
 570.9 -570.9
 -526.1 526.1
 -2632 2632
 -196.2 196.2
 -461.1 461.1
 130.2 -130.2
 -46.6 46.6
 -279.4 279.4
 -625.8 625.8
 -645.2 645.2
 -2034 2034
 574.5 -574.5
 14.93 -14.93
 -1397 1397
 -186.3 186.3
 -1971 1971
 1590 -1590
 -383.6 383.6
 2458 -2458
 -3427 3427
 -1341 1341
 1018 -1018
 3909 -3909
 -786.6 786.6
 -199 199
 -1172 1172
 -901.8 901.8
 -1666 1666
 -522.7 522.7
 105.3 -105.3
 -88.2 88.2
 -344.2 344.2
 -409.1 409.1
 -1090 1090
 844.2 -844.2
 -2019 2019
 6516 -6516
 -825.4 825.4
 706.1 -706.1
 -908.5 908.5
 319.8 -319.8
 -271.6 271.6
 -1104 1104
 -1590 1590
 -2835 2835
 -540.5 540.5
 853.1 -853.1
 -1890 1890
 4048 -4048
 703.4 -703.4
 -3.882 3.882
 -49.92 49.92
 227.8 -227.8
 -1239 1239
 150.2 -150.2
 800.4 -800.4
 -93.08 93.08
 819.8 -819.8
 639.1 -639.1
 214.5 -214.5
 615.3 -615.3
 -1776 1776
 -1568 1568
 -585.8 585.8
 1134 -1134
 1126 -1126
 -56.02 56.02
 -207.3 207.3
 -615.9 615.9
 381.5 -381.5
 -1514 1514
 233.9 -233.9
 -1808 1808
 -282.7 282.7
 673 -673
 920.6 -920.6
 194 -194
 -312.1 312.1
 300.3 -300.3
 -1363 1363
 -97.05 97.05
 1766 -1766
 -245.1 245.1
 541 -541
 -343.1 343.1
 -219 219
 -1637 1637
 -215.1 215.1
 -690.7 690.7
 -214.5 214.5
 1425 -1425
 164.6 -164.6
 104.3 -104.3
 5584 -5584
 -704 704
 -383.5 383.5
 -79.23 79.23
 -1545 1545
 -174.6 174.6
 -375.9 375.9
 -424.6 424.6
 1393 -1393
 -1584 1584
 -1603 1603
 -308.8 308.8
 -1671 1671
 -3238 3238
 -752.2 752.2
 1861 -1861
 -246.2 246.2
 247.2 -247.2
 -1361 1361
 -1260 1260
 1011 -1011
 192.4 -192.4
 782.1 -782.1
 233.3 -233.3
 420.7 -420.7
 405.2 -405.2
 -1938 1938
 -562.6 562.6
 -1753 1753
 -414.1 414.1
 -7.202 7.202
 -234 234
 -432.3 432.3
 -2724 2724
 1011 -1011
 540.5 -540.5
 -997.2 997.2
 1763 -1763
 -902.5 902.5
 -2270 2270
 -327.1 327.1
 -462.8 462.8
 747.1 -747.1
 -2726 2726
 419.6 -419.6
 867.5 -867.5
 3943 -3943
 -372.6 372.6
 -1123 1123
 -1133 1133
 919.6 -919.6
 -2732 2732
 860.8 -860.8
 220.6 -220.6
 397.4 -397.4
 -1044 1044
 -1152 1152
 116.9 -116.9
 1049 -1049
 235.5 -235.5
 202.8 -202.8
 146.4 -146.4
 2382 -2382
 -871.9 871.9
 230 -230
 -170.7 170.7
 -831.5 831.5
 -1029 1029
 -783.7 783.7
 -311.6 311.6
 630.7 -630.7
 116.9 -116.9
 388 -388
 -289.3 289.3
 653.6 -653.6
 -923 923
 4355 -4355
 -1674 1674
 2346 -2346
 359.1 -359.1
 -777.1 777.1
 -174.6 174.6
 209.5 -209.5
 -1080 1080
 -735.6 735.6
 162.4 -162.4
 3370 -3370
 3994 -3994
 -761.6 761.6
 336.3 -336.3
 3891 -3891
 -1058 1058
 693.5 -693.5
 -420.8 420.8
 333.7 -333.7
 -444.6 444.6
 -1774 1774
 -68.75 68.75
 -256.7 256.7
 -1220 1220
 -1478 1478
 382.4 -382.4
 -655.7 655.7
 289.3 -289.3
 700.1 -700.1
 3084 -3084
 -838.2 838.2
 -235 235
 -1004 1004
 193.5 -193.5
 398 -398
 91.42 -91.42
 -45.42 45.42
 156.3 -156.3
 -1776 1776
 1542 -1542
 -1364 1364
 -36.6 36.6
 -284.9 284.9
 -199.6 199.6
 497.7 -497.7
 446.2 -446.2
 -438.5 438.5
 -444.6 444.6
 -55.97 55.97
 -266.6 266.6
 -1815 1815
 353.6 -353.6
 -702.9 702.9
 738.9 -738.9
 -189.6 189.6
 -65.98 65.98
 -151.9 151.9
 -1181 1181
 -400.2 400.2
 -435.6 435.6
 -444.5 444.5
 -3292 3292
 -2155 2155
 -786.6 786.6
 -1073 1073
 62.64 -62.64
 290.5 -290.5
 752.7 -752.7
 854.7 -854.7
 -697.8 697.8
 3337 -3337
 619.6 -619.6
 2662 -2662
 1866 -1866
 497.2 -497.2
 622.4 -622.4
 483.9 -483.9
 -1005 1005
 -316.5 316.5
 412.4 -412.4
 6025 -6025
 -997.8 997.8
 1337 -1337
 363.5 -363.5
 5266 -5266
 -1166 1166
 1595 -1595
 -931.3 931.3
 505.6 -505.6
 -2482 2482
 1616 -1616
 -374.8 374.8
 -72.61 72.61
 -1135 1135
 -757.7 757.7
 3916 -3916
 1089 -1089
 -271.6 271.6
 -765 765
 -646.3 646.3
 -837.5 837.5
 60.4 -60.4
 -1783 1783
 -285 285
 176.3 -176.3
 1857 -1857
 -461.8 461.8
 -47.7 47.7
 45.43 -45.43
 -900.1 900.1
 -303.2 303.2
 540.4 -540.4
 -928.4 928.4
 405.2 -405.2
 -622.5 622.5
 -1431 1431
 -543.3 543.3
 2702 -2702
 1612 -1612
 -1359 1359
 -133.1 133.1
 -199 199
 -133.5 133.5
 135.2 -135.2
 78.12 -78.12
 -473.3 473.3
 -698.5 698.5
 2930 -2930
 -158 158
 -459.5 459.5
 404 -404
 -2252 2252
 290.4 -290.4
 -994.5 994.5
 -799.4 799.4
 -655.7 655.7
 160.7 -160.7
 -1024 1024
 169.1 -169.1
 321 -321
 391.8 -391.8
 1066 -1066
 -1793 1793
 -618 618
 -1690 1690
 -12.28 12.28
 -804.3 804.3
 -691.8 691.8
 1309 -1309
 -1132 1132
 -891.9 891.9
 468.3 -468.3
 -2438 2438
 -1097 1097
 152 -152
 -1099 1099
 441.2 -441.2
 1313 -1313
 -423.6 423.6
 -1214 1214
 -650.8 650.8
 -767.1 767.1
 1706 -1706
 -880.8 880.8
 -442.4 442.4
 2370 -2370
 2617 -2617
 815.4 -815.4
 789.9 -789.9
 -1828 1828
 -874.2 874.2
 4736 -4736
 83.68 -83.68
 -1275 1275
 924.6 -924.6
 487.1 -487.1
 196.2 -196.2
 2273 -2273
 -734.6 734.6
 -857.5 857.5
 8.252 -8.252
 -565.9 565.9
 1289 -1289
 -256.6 256.6
 1046 -1046
 -740.6 740.6
 409.1 -409.1
 3949 -3949
 51.46 -51.46
 2189 -2189
 -429.6 429.6
 -3711 3711
 -3341 3341
 -410.7 410.7
 -1045 1045
 -961.8 961.8
 3901 -3901
 524.9 -524.9
 -144.7 144.7
 -762.7 762.7
 903.1 -903.1
 -583.7 583.7
 3525 -3525
 -834.3 834.3
 -609.2 609.2
 -1615 1615
 1523 -1523
 -2532 2532
 73.17 -73.17
 3907 -3907
 -274.4 274.4
 -137.5 137.5
 -777.8 777.8
 457.3 -457.3
 2313 -2313
 -480 480
 66 -66
 -904.1 904.1
 4186 -4186
 -192.9 192.9
 621.4 -621.4
 -1458 1458
 -490 490
 117 -117
 3543 -3543
 2156 -2156
 222.3 -222.3
 1006 -1006
 677.3 -677.3
 1014 -1014
 -93.73 93.73
 3467 -3467
 258.3 -258.3
 414.6 -414.6
 -2013 2013
 -95.34 95.34
 -704.5 704.5
 -1036 1036
 3227 -3227
 -5.53 5.53
 -818.7 818.7
 1166 -1166
 -1100 1100
 2036 -2036
 -349.7 349.7
 267.7 -267.7
 -559.9 559.9
 829.3 -829.3
 619.2 -619.2
 2690 -2690
 -480.6 480.6
 193.4 -193.4
 -684 684
 -1649 1649
 423.4 -423.4
 613 -613
 79.88 -79.88
 2279 -2279
 -431.3 431.3
 -247.7 247.7
 1824 -1824
 618 -618
 5783 -5783
 288.2 -288.2
 -119.7 119.7
 324.9 -324.9
 -613.6 613.6
 -1024 1024
 -1065 1065
 -447.9 447.9
 -2377 2377
 -422.4 422.4
 386.4 -386.4
 -150.3 150.3
 528.7 -528.7
 -443.5 443.5
 513.2 -513.2
 1027 -1027
 -766.1 766.1
 -1295 1295
 -634.1 634.1
 132.5 -132.5
 -326.5 326.5
 746.8 -746.8
 -998.8 998.8
 -546 546
 -134.7 134.7
 -1405 1405
 2004 -2004
 -903.5 903.5
 -4219 4219
 248.4 -248.4
 16.08 -16.08
 7193 -7193
 -1274 1274
 -415.2 415.2
 940.2 -940.2
 795.9 -795.9
 -707.3 707.3
 -1705 1705
 -500.6 500.6
 -2004 2004
 -32.7 32.7
 210.6 -210.6
 -1312 1312
 762.2 -762.2
 -1034 1034
 1185 -1185
 167.3 -167.3
 2824 -2824
 1022 -1022
 1411 -1411
 -337.1 337.1
 551.5 -551.5
 1222 -1222
 -121.4 121.4
 -1541 1541
 988.9 -988.9
 901.8 -901.8
 -1658 1658
 1008 -1008
 -629.2 629.2
 -58.2 58.2
 -687.4 687.4
 586.4 -586.4
 1232 -1232
 250.5 -250.5
 -362.5 362.5
 -366.4 366.4
 413.5 -413.5
 -256.7 256.7
 -482.8 482.8
 -338.2 338.2
 -845.3 845.3
 27.19 -27.19
 -464.5 464.5
 -1249 1249
 -2278 2278
 -342.6 342.6
 -1326 1326
 -190.7 190.7
 -183.5 183.5
 -1017 1017
 139.7 -139.7
 -340.3 340.3
 1531 -1531
 186.7 -186.7
 -773.8 773.8
 -970 970
 370.2 -370.2
 2129 -2129
 -263.3 263.3
 73.66 -73.66
 129.7 -129.7
 815.9 -815.9
 59.33 -59.33
 3035 -3035
 407.3 -407.3
 -387 387
 -633 633
 150.2 -150.2
 -166.3 166.3
 -1205 1205
 -891.3 891.3
 423.1 -423.1
 -564.2 564.2
 121.3 -121.3
 -861.4 861.4
 -1717 1717
 110.2 -110.2
 928.5 -928.5
 -2638 2638
 -1014 1014
 -412.4 412.4
 452.9 -452.9
 -802.6 802.6
 -436.3 436.3
 180 -180
 -1766 1766
 -173.4 173.4
 -388.6 388.6
 4461 -4461
 75.42 -75.42
 -1793 1793
 603.1 -603.1
 -217.8 217.8
 256.1 -256.1
 -451.2 451.2
 965.1 -965.1
 -266.6 266.6
 -2895 2895
 -199.5 199.5
 271 -271
 235.5 -235.5
 -1989 1989
 -832.6 832.6
 -1618 1618
 262.7 -262.7
 -413.6 413.6
 -93.62 93.62
 -813.2 813.2
 -659.1 659.1
 -711.7 711.7
 2235 -2235
 106.4 -106.4
 7.19 -7.19
 -1231 1231
 -184.6 184.6
 -603.7 603.7
 1704 -1704
 -2908 2908
 48.18 -48.18
 1147 -1147
 1039 -1039
 2328 -2328
 -1220 1220
 -2171 2171
 -512.8 512.8
 687.3 -687.3
 913.5 -913.5
 1358 -1358
 -2111 2111
 -1105 1105
 -489 489
 277.1 -277.1
 1408 -1408
 -1889 1889
 368.1 -368.1
 -518.3 518.3
 -62.09 62.09
 -182.9 182.9
 374.7 -374.7
 -684.5 684.5
 2847 -2847
 71.46 -71.46
 -3953 3953
 189.5 -189.5
 55.42 -55.42
 850.9 -850.9
 869.1 -869.1
 1328 -1328
 -608.6 608.6
 -1685 1685
 -781 781
 277.2 -277.2
 114.2 -114.2
 867.5 -867.5
 302.1 -302.1
 72.17 -72.17
 990.5 -990.5
 215 -215
 1743 -1743
 -1305 1305
 -369.7 369.7
 -0.024 0.024
 38.85 -38.85
 109.1 -109.1
 620.3 -620.3
 -1684 1684
 851.4 -851.4
 643.5 -643.5
 -543.8 543.8
 1783 -1783
 87.02 -87.02
 26.02 -26.02
 -1120 1120
 -349.3 349.3
 -130.8 130.8
 -668.5 668.5
 1024 -1024
 -126.4 126.4
 -82.69 82.69
 566 -566
 785.4 -785.4
 -431.2 431.2
 5394 -5394
 584.8 -584.8
 4059 -4059
 -554.9 554.9
 -365.3 365.3
 1950 -1950
 -5.024 5.024
 700.6 -700.6
 896.4 -896.4
 -482.3 482.3
 -396.9 396.9
 3119 -3119
 -866.4 866.4
 -1032 1032
 1096 -1096
 -2701 2701
 4614 -4614
 3172 -3172
 -58.2 58.2
 -246.1 246.1
 -401.9 401.9
 -852 852
 -596.4 596.4
 -298.8 298.8
 -1310 1310
 -762.2 762.2
 1478 -1478
 -254.5 254.5
 6245 -6245
 -951.2 951.2
 302.6 -302.6
 246.7 -246.7
 2289 -2289
 -1070 1070
 -2632 2632
 221.2 -221.2
 -1411 1411
 -72.63 72.63
 41.53 -41.53
 287.6 -287.6
 2468 -2468
 -462.9 462.9
 -689.6 689.6
 -1012 1012
 -377.5 377.5
 -445.1 445.1
 -155.2 155.2
 -372 372
 -212.9 212.9
 -1538 1538
 -12.2 12.2
 614.7 -614.7
 -953.9 953.9
 2495 -2495
 136.4 -136.4
 -981.7 981.7
 533.2 -533.2
 694 -694
 -1934 1934
 724.4 -724.4
 -1004 1004
 783.8 -783.8
 -1115 1115
 -2414 2414
 3177 -3177
 43.77 -43.77
 77.52 -77.52
 -2539 2539
 2613 -2613
 -537.1 537.1
 -6.636 6.636
 -769.4 769.4
 271.6 -271.6
 -543.3 543.3
 -865.8 865.8
 -1812 1812
 114.1 -114.1
 -784.9 784.9
 -445.2 445.2
 200.1 -200.1
 -959.5 959.5
 722.3 -722.3
 69.81 -69.81
 -28.83 28.83
 -187.9 187.9
 -589.8 589.8
 369.2 -369.2
 -79.35 79.35
 -227.3 227.3
 84.24 -84.24
 -485 485
 470.1 -470.1
 -1145 1145
 -823.8 823.8
 796 -796
 -657.9 657.9
 279.9 -279.9
 -158.5 158.5
 -903 903
 1402 -1402
 1992 -1992
 -456.1 456.1
 413 -413
 -374.1 374.1
 -1540 1540
 1203 -1203
 1071 -1071
 -1040 1040
 199.5 -199.5
 -159.7 159.7
 -866.9 866.9
 456.2 -456.2
 3811 -3811
 -918 918
 -1248 1248
 62.64 -62.64
 -524.4 524.4
 -118.1 118.1
 2552 -2552
 456.2 -456.2
 508.8 -508.8
 -1748 1748
 -1014 1014
 -1380 1380
 4263 -4263
 -181.3 181.3
 645.2 -645.2
 -986.1 986.1
 736.1 -736.1
 5430 -5430
 -2013 2013
 -221.2 221.2
 1624 -1624
 -2777 2777
 -889.2 889.2
 -518.3 518.3
 -493.9 493.9
 -815.3 815.3
 189 -189
 -2282 2282
 -95.38 95.38
 -457.9 457.9
 1732 -1732
 612.5 -612.5
 313.3 -313.3
 -269.4 269.4
 -63.26 63.26
 592.6 -592.6
 -234.5 234.5
 -1182 1182
 1060 -1060
 -474.6 474.6
 114.1 -114.1
 355.3 -355.3
 -724 724
 -1043 1043


