# Created by Octave 5.2.0, Fri Sep 25 00:06:10 2020 CEST <jiwidi@land>
# name: w
# type: matrix
# rows: 2001
# columns: 2
 -2 2
 12.88 -12.88
 -20.61 20.61
 3.979 -3.979
 -6.685 6.685
 14.8 -14.8
 32.02 -32.02
 2.842 -2.842
 5.47 -5.47
 -10.44 10.44
 24.22 -24.22
 -8.706 8.706
 1.269 -1.269
 10.95 -10.95
 -5.418 5.418
 -37.9 37.9
 17.29 -17.29
 -12.71 12.71
 -4.332 4.332
 17.7 -17.7
 -21.65 21.65
 -35.94 35.94
 -8.727 8.727
 -27.87 27.87
 17.95 -17.95
 -26.83 26.83
 1.958 -1.958
 40.18 -40.18
 -8.387 8.387
 -1.717 1.717
 -2.12 2.12
 -1.032 1.032
 19.05 -19.05
 -5.222 5.222
 16.6 -16.6
 -27.31 27.31
 -33.21 33.21
 -8.641 8.641
 -19.37 19.37
 -10.02 10.02
 -21.76 21.76
 21.71 -21.71
 -11.57 11.57
 -16.33 16.33
 2.489 -2.489
 33.19 -33.19
 -7.552 7.552
 49.6 -49.6
 -28.04 28.04
 7.556 -7.556
 5.032 -5.032
 10.08 -10.08
 -0.2431 0.2431
 -26.48 26.48
 54.55 -54.55
 26.48 -26.48
 6.047 -6.047
 5.744 -5.744
 1.804 -1.804
 -2.483 2.483
 9.502 -9.502
 -13.69 13.69
 13.59 -13.59
 20 -20
 -13.8 13.8
 -5.551 5.551
 25.03 -25.03
 -13.5 13.5
 14.82 -14.82
 14.72 -14.72
 -38.25 38.25
 -31.52 31.52
 -12.87 12.87
 19.12 -19.12
 51.85 -51.85
 -20.88 20.88
 -72.41 72.41
 -22.61 22.61
 18.34 -18.34
 -5.014 5.014
 19.2 -19.2
 -4.267 4.267
 -10.9 10.9
 -8.126 8.126
 35.34 -35.34
 9.399 -9.399
 -27.95 27.95
 -8.635 8.635
 -0.2158 0.2158
 -10.64 10.64
 6.522 -6.522
 16 -16
 26.08 -26.08
 -13.73 13.73
 8.43 -8.43
 -17.39 17.39
 -3.418 3.418
 45.64 -45.64
 -22.17 22.17
 -5.437 5.437
 18.91 -18.91
 33.6 -33.6
 -13.22 13.22
 -52.94 52.94
 16.31 -16.31
 6.476 -6.476
 7.885 -7.885
 10.11 -10.11
 8.032 -8.032
 -0.7902 0.7902
 44.63 -44.63
 -5.333 5.333
 -18.44 18.44
 -1.243 1.243
 -36.79 36.79
 -14.69 14.69
 5.943 -5.943
 -2.155 2.155
 -20.11 20.11
 -34.67 34.67
 10.39 -10.39
 38.26 -38.26
 -34.49 34.49
 6.42 -6.42
 -4.883 4.883
 -45.69 45.69
 -12.56 12.56
 2.222 -2.222
 -4.73 4.73
 -19.68 19.68
 10.7 -10.7
 5.492 -5.492
 10.45 -10.45
 20.63 -20.63
 12.12 -12.12
 -28.93 28.93
 16.33 -16.33
 -53.32 53.32
 -15.6 15.6
 3.382 -3.382
 -25.25 25.25
 -22.66 22.66
 3.919 -3.919
 -9.525 9.525
 1.62 -1.62
 -15.35 15.35
 19.66 -19.66
 -12.21 12.21
 -19.81 19.81
 11.54 -11.54
 -3.813 3.813
 -45.91 45.91
 24.08 -24.08
 86.71 -86.71
 6.21 -6.21
 -15.4 15.4
 -34.96 34.96
 4.674 -4.674
 -26.12 26.12
 -20.62 20.62
 -6.306 6.306
 31.17 -31.17
 -7.12 7.12
 -56.38 56.38
 38.85 -38.85
 101.3 -101.3
 33.13 -33.13
 8.253 -8.253
 17.27 -17.27
 -5.614 5.614
 5.011 -5.011
 34.64 -34.64
 17.83 -17.83
 -10.46 10.46
 16.16 -16.16
 9.082 -9.082
 -27.87 27.87
 38.66 -38.66
 -13.44 13.44
 -1.744 1.744
 -7.465 7.465
 19.26 -19.26
 -61.25 61.25
 22.62 -22.62
 8.886 -8.886
 -8.368 8.368
 30.17 -30.17
 -7.014 7.014
 -5.761 5.761
 -34.39 34.39
 32.03 -32.03
 20.41 -20.41
 7.675 -7.675
 1.897 -1.897
 -16.32 16.32
 -42.36 42.36
 -6.303 6.303
 -9.338 9.338
 13.28 -13.28
 36.7 -36.7
 14.41 -14.41
 -32.59 32.59
 -10.89 10.89
 30.81 -30.81
 15.01 -15.01
 2.138 -2.138
 -44.52 44.52
 -34.38 34.38
 -8.268 8.268
 39.91 -39.91
 -99.89 99.89
 24.56 -24.56
 -34.41 34.41
 1.677 -1.677
 -26.13 26.13
 40.49 -40.49
 -20.24 20.24
 -31.62 31.62
 14.3 -14.3
 -2.705 2.705
 -27.21 27.21
 10.24 -10.24
 -12.24 12.24
 20.32 -20.32
 -9.078 9.078
 21.81 -21.81
 -7.118 7.118
 -32.59 32.59
 33.59 -33.59
 -21.3 21.3
 28.08 -28.08
 -2.635 2.635
 3.854 -3.854
 -48.69 48.69
 27.02 -27.02
 -23.74 23.74
 -31.59 31.59
 -23.23 23.23
 26.29 -26.29
 26.18 -26.18
 -28.39 28.39
 -6.935 6.935
 -24 24
 10.34 -10.34
 -12.65 12.65
 -5.374 5.374
 12.33 -12.33
 -26.69 26.69
 -24.17 24.17
 -25.61 25.61
 13.78 -13.78
 5.325 -5.325
 7.512 -7.512
 27.93 -27.93
 -5.634 5.634
 12.73 -12.73
 17.05 -17.05
 43.33 -43.33
 22.56 -22.56
 1.542 -1.542
 60.03 -60.03
 -26.74 26.74
 -4.886 4.886
 -17.39 17.39
 24.1 -24.1
 -4.019 4.019
 3.642 -3.642
 -19.91 19.91
 14.05 -14.05
 24.45 -24.45
 4.376 -4.376
 18.76 -18.76
 11.5 -11.5
 11.5 -11.5
 -5.893 5.893
 12.11 -12.11
 11.57 -11.57
 14.07 -14.07
 -19.26 19.26
 -56.39 56.39
 -11.87 11.87
 20.29 -20.29
 -8.636 8.636
 29.74 -29.74
 49.96 -49.96
 4.283 -4.283
 -16.04 16.04
 1.023 -1.023
 -2 2
 -24.77 24.77
 -1.124 1.124
 -57.99 57.99
 43.92 -43.92
 8.309 -8.309
 0.795 -0.795
 24.43 -24.43
 -69.28 69.28
 -7.295 7.295
 -5.154 5.154
 7.697 -7.697
 -15.41 15.41
 -6.386 6.386
 2.752 -2.752
 -35.4 35.4
 32.18 -32.18
 9.479 -9.479
 7.284 -7.284
 2.216 -2.216
 -12.68 12.68
 36.1 -36.1
 25.06 -25.06
 81.39 -81.39
 -31.1 31.1
 4.432 -4.432
 -9.296 9.296
 -24.36 24.36
 37.31 -37.31
 44.01 -44.01
 -23.91 23.91
 16.91 -16.91
 14.92 -14.92
 114.7 -114.7
 34.87 -34.87
 15.76 -15.76
 -0.6497 0.6497
 2.679 -2.679
 33.54 -33.54
 -5.414 5.414
 -25.78 25.78
 4.212 -4.212
 -21.67 21.67
 19.97 -19.97
 -23.03 23.03
 -26.2 26.2
 -10.83 10.83
 -8.807 8.807
 -3.84 3.84
 -4.139 4.139
 -1.947 1.947
 23.9 -23.9
 -6.536 6.536
 -58.97 58.97
 -21.56 21.56
 17.79 -17.79
 -14.97 14.97
 -4.352 4.352
 19.15 -19.15
 25.41 -25.41
 45.15 -45.15
 63.88 -63.88
 -12.81 12.81
 -29.01 29.01
 -35.02 35.02
 -19.82 19.82
 19.1 -19.1
 22.68 -22.68
 -65.05 65.05
 34.57 -34.57
 -0.793 0.793
 59.95 -59.95
 -26.58 26.58
 -26.93 26.93
 -29.86 29.86
 29.84 -29.84
 -10.9 10.9
 -7.469 7.469
 47.46 -47.46
 -23.28 23.28
 22.37 -22.37
 -78.97 78.97
 15.92 -15.92
 19.07 -19.07
 8.209 -8.209
 -42.54 42.54
 -26.03 26.03
 -1.38 1.38
 30.39 -30.39
 35.83 -35.83
 -20.3 20.3
 -28.25 28.25
 -1.374 1.374
 -40.41 40.41
 -5.66 5.66
 -31.91 31.91
 50.64 -50.64
 42.2 -42.2
 -2.381 2.381
 24.43 -24.43
 3.167 -3.167
 -10.19 10.19
 -4.377 4.377
 -11.62 11.62
 5.925 -5.925
 -44.84 44.84
 13.7 -13.7
 -14.74 14.74
 -2.833 2.833
 -12.3 12.3
 -7.757 7.757
 71.09 -71.09
 -20.94 20.94
 -26.02 26.02
 -13.35 13.35
 -7.417 7.417
 -6.183 6.183
 -28.32 28.32
 -14.31 14.31
 20.08 -20.08
 -27.96 27.96
 42.56 -42.56
 -12.48 12.48
 16.99 -16.99
 -8.439 8.439
 -7.131 7.131
 -56.17 56.17
 2.826 -2.826
 74.8 -74.8
 -19.34 19.34
 41.33 -41.33
 17.35 -17.35
 33.66 -33.66
 -26.4 26.4
 92.82 -92.82
 -16.45 16.45
 -23.85 23.85
 -11.28 11.28
 -11.11 11.11
 -9.394 9.394
 -22.9 22.9
 -14.52 14.52
 30.52 -30.52
 -19.04 19.04
 44.82 -44.82
 -9.859 9.859
 -36.04 36.04
 -4.433 4.433
 1.188 -1.188
 23.64 -23.64
 -26.78 26.78
 -7.235 7.235
 2.508 -2.508
 5.758 -5.758
 -41.13 41.13
 37.42 -37.42
 -0.001529 0.001529
 -0.3892 0.3892
 -9.092 9.092
 -23.11 23.11
 19.01 -19.01
 23.85 -23.85
 -24.92 24.92
 2.9 -2.9
 52.53 -52.53
 35.11 -35.11
 18.74 -18.74
 32.3 -32.3
 -19.17 19.17
 25.92 -25.92
 -10.42 10.42
 25.22 -25.22
 -23.29 23.29
 -0.2313 0.2313
 45.03 -45.03
 7.42 -7.42
 37.53 -37.53
 27.35 -27.35
 19.54 -19.54
 -3.757 3.757
 2.477 -2.477
 6.749 -6.749
 -16.11 16.11
 -2.273 2.273
 -7.865 7.865
 -11.29 11.29
 -0.5857 0.5857
 21.94 -21.94
 19.67 -19.67
 7.008 -7.008
 1.603 -1.603
 22.67 -22.67
 -2.925 2.925
 1.666 -1.666
 0.6176 -0.6176
 0.1419 -0.1419
 8.685 -8.685
 -0.3651 0.3651
 -15.72 15.72
 -90.29 90.29
 -12.37 12.37
 7.067 -7.067
 6.67 -6.67
 10.91 -10.91
 -16.28 16.28
 -5.693 5.693
 7.131 -7.131
 -23.33 23.33
 -17.46 17.46
 -21.3 21.3
 21.86 -21.86
 -58.73 58.73
 16.78 -16.78
 11.33 -11.33
 -33.07 33.07
 -9.814 9.814
 -11.92 11.92
 -36.67 36.67
 -13.38 13.38
 26.29 -26.29
 14.87 -14.87
 0.8394 -0.8394
 -2.825 2.825
 -4.243 4.243
 -34.57 34.57
 -18.53 18.53
 27.44 -27.44
 -41.11 41.11
 -19.63 19.63
 6.651 -6.651
 -6.084 6.084
 -26.05 26.05
 -3.626 3.626
 26 -26
 -47.45 47.45
 3.662 -3.662
 -55.98 55.98
 24.03 -24.03
 9.346 -9.346
 -20.11 20.11
 1.023 -1.023
 -9.968 9.968
 26.03 -26.03
 -6.381 6.381
 -31.68 31.68
 14.53 -14.53
 -16.26 16.26
 -61.86 61.86
 55.3 -55.3
 5.398 -5.398
 29.29 -29.29
 -0.3596 0.3596
 -9.342 9.342
 -32.85 32.85
 -6.269 6.269
 12.38 -12.38
 47.03 -47.03
 -29.84 29.84
 21.7 -21.7
 -24.84 24.84
 -23.14 23.14
 2.222 -2.222
 43.67 -43.67
 -20.79 20.79
 72.05 -72.05
 -15.21 15.21
 21.16 -21.16
 20.67 -20.67
 6.794 -6.794
 -27.19 27.19
 14.36 -14.36
 0.1192 -0.1192
 29.32 -29.32
 -20.69 20.69
 2.372 -2.372
 1.515 -1.515
 -35.42 35.42
 -40.26 40.26
 7.035 -7.035
 12.09 -12.09
 15.16 -15.16
 -5.331 5.331
 -17.67 17.67
 -5.399 5.399
 -19.05 19.05
 93.49 -93.49
 -20.97 20.97
 -0.9264 0.9264
 -1.184 1.184
 23.86 -23.86
 34.24 -34.24
 -8.145 8.145
 20.29 -20.29
 -13.07 13.07
 -18.93 18.93
 -5.906 5.906
 28.89 -28.89
 50.11 -50.11
 11.68 -11.68
 1.087 -1.087
 -15.73 15.73
 3.278 -3.278
 -5.118 5.118
 10.87 -10.87
 -54.47 54.47
 55.73 -55.73
 -4.195 4.195
 -4.196 4.196
 -17.38 17.38
 20.76 -20.76
 -10.14 10.14
 20.8 -20.8
 -19.46 19.46
 -8.317 8.317
 5.657 -5.657
 28.38 -28.38
 31.57 -31.57
 4.722 -4.722
 87.46 -87.46
 45.54 -45.54
 -35.53 35.53
 9.36 -9.36
 -15.56 15.56
 -33.6 33.6
 16.93 -16.93
 -10.17 10.17
 -35.65 35.65
 -6.961 6.961
 -17.88 17.88
 -27.29 27.29
 22.1 -22.1
 -15.03 15.03
 -8.19 8.19
 16.38 -16.38
 -9.268 9.268
 4.64 -4.64
 -7.638 7.638
 12.98 -12.98
 -33.37 33.37
 -15.47 15.47
 -6.487 6.487
 13.47 -13.47
 -13.11 13.11
 -34.13 34.13
 -4.307 4.307
 -13.7 13.7
 2.636 -2.636
 -51.76 51.76
 -12.64 12.64
 -7.822 7.822
 0.9046 -0.9046
 -12.07 12.07
 -17.8 17.8
 26.93 -26.93
 -10.22 10.22
 16.97 -16.97
 -45.15 45.15
 -11.46 11.46
 -0.6899 0.6899
 -17.23 17.23
 -19.76 19.76
 -1.135 1.135
 37.66 -37.66
 8.436 -8.436
 28.49 -28.49
 69.73 -69.73
 -4.61 4.61
 25.83 -25.83
 -21.37 21.37
 12.42 -12.42
 -2.826 2.826
 -4.049 4.049
 12.17 -12.17
 -60.36 60.36
 -20.4 20.4
 -40.22 40.22
 -0.411 0.411
 29.25 -29.25
 -53.5 53.5
 1.549 -1.549
 3.33 -3.33
 -54.21 54.21
 -20.51 20.51
 -6.204 6.204
 5.139 -5.139
 1.106 -1.106
 -52.01 52.01
 -30.78 30.78
 34.56 -34.56
 -7.903 7.903
 4.246 -4.246
 -29.24 29.24
 1.007 -1.007
 -15.17 15.17
 -33.19 33.19
 -22.38 22.38
 1.943 -1.943
 -27.19 27.19
 5.918 -5.918
 0.1409 -0.1409
 4.475 -4.475
 -31.66 31.66
 -24.78 24.78
 9.883 -9.883
 -10.33 10.33
 -10.59 10.59
 -2.092 2.092
 -54.98 54.98
 16.91 -16.91
 0.6662 -0.6662
 14.39 -14.39
 5.882 -5.882
 -11.35 11.35
 -5.007 5.007
 69.06 -69.06
 -5.865 5.865
 -5.613 5.613
 36.45 -36.45
 -27.38 27.38
 -4.033 4.033
 -1.689 1.689
 7.199 -7.199
 -26.53 26.53
 55.73 -55.73
 -7.105 7.105
 43.09 -43.09
 37.49 -37.49
 -23.84 23.84
 150.8 -150.8
 -55.54 55.54
 8.917 -8.917
 2.298 -2.298
 6.603 -6.603
 -58.75 58.75
 -22.89 22.89
 -7.392 7.392
 -8.107 8.107
 -24.96 24.96
 -6.081 6.081
 69.83 -69.83
 -34.49 34.49
 55.04 -55.04
 -6.633 6.633
 15.32 -15.32
 -8.889 8.889
 9.8 -9.8
 -39.16 39.16
 -1.701 1.701
 -25.66 25.66
 -13.39 13.39
 -34.68 34.68
 1.672 -1.672
 -5.356 5.356
 -30.62 30.62
 56.16 -56.16
 8.305 -8.305
 6.299 -6.299
 2.117 -2.117
 13.21 -13.21
 -17.6 17.6
 47.74 -47.74
 -14.49 14.49
 8.886 -8.886
 44.51 -44.51
 -41.46 41.46
 -3.707 3.707
 -2.161 2.161
 -29.13 29.13
 -15.9 15.9
 -4.262 4.262
 7.717 -7.717
 76.44 -76.44
 -27.27 27.27
 -32.68 32.68
 -27.33 27.33
 -8.786 8.786
 -6.2 6.2
 39.55 -39.55
 -14.77 14.77
 2.647 -2.647
 2.858 -2.858
 -68.77 68.77
 17.05 -17.05
 -29.7 29.7
 20.31 -20.31
 -23.09 23.09
 21.28 -21.28
 30.48 -30.48
 -27.88 27.88
 -15.33 15.33
 -19.06 19.06
 42.6 -42.6
 -1.903 1.903
 19.1 -19.1
 53.57 -53.57
 -2.113 2.113
 25.88 -25.88
 -11.05 11.05
 20.67 -20.67
 3.2 -3.2
 -3.606 3.606
 -44.15 44.15
 54.86 -54.86
 -13.81 13.81
 28.17 -28.17
 -11.38 11.38
 -21.5 21.5
 8.05 -8.05
 -33.67 33.67
 -14.27 14.27
 0.301 -0.301
 12.51 -12.51
 68.24 -68.24
 5.01 -5.01
 19.77 -19.77
 72.33 -72.33
 1.211 -1.211
 20.07 -20.07
 -10.59 10.59
 -10.7 10.7
 -10.07 10.07
 -4.389 4.389
 1.608 -1.608
 48.44 -48.44
 3.323 -3.323
 6.06 -6.06
 9.694 -9.694
 -12.79 12.79
 -31.09 31.09
 27.73 -27.73
 -21.94 21.94
 25.32 -25.32
 6.821 -6.821
 -27.21 27.21
 47.32 -47.32
 -8.9 8.9
 39.94 -39.94
 12.55 -12.55
 13.35 -13.35
 -1.314 1.314
 27.04 -27.04
 -18.44 18.44
 50.56 -50.56
 0.5801 -0.5801
 3.264 -3.264
 -24.18 24.18
 -5.267 5.267
 -28.55 28.55
 4.76 -4.76
 37.26 -37.26
 14.27 -14.27
 -18.94 18.94
 5.484 -5.484
 -13.19 13.19
 -14.49 14.49
 39.28 -39.28
 20.41 -20.41
 -54.12 54.12
 -27.04 27.04
 -11.22 11.22
 -27.89 27.89
 50.98 -50.98
 -13.86 13.86
 16.81 -16.81
 -33.09 33.09
 -7.127 7.127
 -27.71 27.71
 36.06 -36.06
 16.5 -16.5
 -22.97 22.97
 6.108 -6.108
 -4.409 4.409
 -5.766 5.766
 -9.869 9.869
 -3.533 3.533
 -12.48 12.48
 7.946 -7.946
 2.191 -2.191
 -15.66 15.66
 -2.249 2.249
 -9.555 9.555
 -9.298 9.298
 47.42 -47.42
 -0.459 0.459
 4.825 -4.825
 53.05 -53.05
 -21.62 21.62
 4.374 -4.374
 -18.6 18.6
 18.92 -18.92
 54.79 -54.79
 -6.657 6.657
 43.74 -43.74
 44.81 -44.81
 -13.55 13.55
 46.45 -46.45
 -5.776 5.776
 39.03 -39.03
 31.58 -31.58
 -0.4753 0.4753
 -10.91 10.91
 -9.027 9.027
 -5.865 5.865
 -29.43 29.43
 2.849 -2.849
 14.35 -14.35
 16.01 -16.01
 -22.78 22.78
 63.77 -63.77
 -23.3 23.3
 0.08808 -0.08808
 5.964 -5.964
 -9.851 9.851
 7.946 -7.946
 11.88 -11.88
 47.25 -47.25
 -29.82 29.82
 12.34 -12.34
 11.44 -11.44
 1.5 -1.5
 -14.71 14.71
 15.28 -15.28
 71.96 -71.96
 -1.572 1.572
 36.89 -36.89
 -0.885 0.885
 -16.28 16.28
 -0.1426 0.1426
 4.28 -4.28
 28.22 -28.22
 22.16 -22.16
 -18.46 18.46
 -24.59 24.59
 -6.891 6.891
 -6.236 6.236
 -15.82 15.82
 -45.66 45.66
 -7.791 7.791
 23.66 -23.66
 -3.621 3.621
 -8.216 8.216
 -44.42 44.42
 -2.35 2.35
 -44.43 44.43
 16.76 -16.76
 -3.011 3.011
 -10.21 10.21
 10.82 -10.82
 26.72 -26.72
 38.11 -38.11
 8.873 -8.873
 6.833 -6.833
 18.23 -18.23
 -11.81 11.81
 -14.25 14.25
 1.668 -1.668
 -0.9401 0.9401
 -10.39 10.39
 3.9 -3.9
 -11.63 11.63
 -10.47 10.47
 -14.88 14.88
 47.81 -47.81
 -30.59 30.59
 1.398 -1.398
 -35.23 35.23
 -4.217 4.217
 -42.78 42.78
 7.738 -7.738
 -4.146 4.146
 6.728 -6.728
 -4.142 4.142
 -8.529 8.529
 -34.02 34.02
 19.89 -19.89
 -7.111 7.111
 16.24 -16.24
 13.37 -13.37
 -29.96 29.96
 -48.25 48.25
 -24.28 24.28
 -26.39 26.39
 -0.2499 0.2499
 87.07 -87.07
 -4.924 4.924
 21.34 -21.34
 -4.407 4.407
 5.34 -5.34
 -2.752 2.752
 20.6 -20.6
 -8.341 8.341
 23 -23
 12.92 -12.92
 -0.4786 0.4786
 -28.4 28.4
 -5.665 5.665
 -16.99 16.99
 16.33 -16.33
 23.61 -23.61
 -9.681 9.681
 14.97 -14.97
 29.85 -29.85
 -23.66 23.66
 32.69 -32.69
 -3.03 3.03
 5.96 -5.96
 2.865 -2.865
 -19.07 19.07
 -21.25 21.25
 -39.29 39.29
 36.96 -36.96
 4.509 -4.509
 2.636 -2.636
 11.57 -11.57
 -19.28 19.28
 4.246 -4.246
 55.07 -55.07
 -22.96 22.96
 9.068 -9.068
 -13.13 13.13
 -20.29 20.29
 -3.603 3.603
 2.013 -2.013
 1.343 -1.343
 -0.9477 0.9477
 12.13 -12.13
 7.137 -7.137
 23.32 -23.32
 -16.2 16.2
 44.68 -44.68
 -1.422 1.422
 3.509 -3.509
 2.647 -2.647
 -23.97 23.97
 23.93 -23.93
 -19.58 19.58
 -28.08 28.08
 -16.06 16.06
 -10.89 10.89
 -0.7473 0.7473
 23.42 -23.42
 -25.92 25.92
 -23.18 23.18
 1.289 -1.289
 -10.96 10.96
 -8.646 8.646
 -10.63 10.63
 -10.4 10.4
 -21.16 21.16
 -1.801 1.801
 -13.67 13.67
 1.677 -1.677
 2.264 -2.264
 -16.99 16.99
 -16.73 16.73
 -17.98 17.98
 -9.616 9.616
 -10.28 10.28
 38.11 -38.11
 -11.79 11.79
 11.6 -11.6
 24.92 -24.92
 -86.39 86.39
 -3.579 3.579
 3.677 -3.677
 -28.48 28.48
 -4.476 4.476
 -16.86 16.86
 -3.035 3.035
 6.507 -6.507
 -14.54 14.54
 -34.07 34.07
 -23.36 23.36
 12.5 -12.5
 30.48 -30.48
 -24.15 24.15
 7.208 -7.208
 -47.09 47.09
 -14.47 14.47
 -7.842 7.842
 -26.45 26.45
 7.227 -7.227
 8.381 -8.381
 2.104 -2.104
 -13.25 13.25
 69.41 -69.41
 0.8744 -0.8744
 36.66 -36.66
 -31.85 31.85
 31.32 -31.32
 4.926 -4.926
 -33.84 33.84
 16.14 -16.14
 27.49 -27.49
 1.119 -1.119
 -29.08 29.08
 16.34 -16.34
 21.31 -21.31
 -3.595 3.595
 -8.559 8.559
 -22.06 22.06
 -14.43 14.43
 -2.061 2.061
 -3.843 3.843
 0.07701 -0.07701
 -3.523 3.523
 35.43 -35.43
 20.76 -20.76
 -16.05 16.05
 -13.15 13.15
 -20.2 20.2
 -14.57 14.57
 -17.82 17.82
 18.39 -18.39
 4.959 -4.959
 -37.08 37.08
 -17.85 17.85
 4.233 -4.233
 34.19 -34.19
 -24.53 24.53
 3.373 -3.373
 -28.69 28.69
 32.36 -32.36
 22.92 -22.92
 -11.32 11.32
 -30.19 30.19
 61.23 -61.23
 -14.24 14.24
 -0.1165 0.1165
 17.9 -17.9
 3.219 -3.219
 9.598 -9.598
 21.76 -21.76
 -13.48 13.48
 6.73 -6.73
 -29.79 29.79
 -16.67 16.67
 -5.779 5.779
 -16.29 16.29
 0.6083 -0.6083
 -13.85 13.85
 -8.798 8.798
 -4.032 4.032
 -29.35 29.35
 7.575 -7.575
 -8.989 8.989
 10.93 -10.93
 -33.11 33.11
 3.719 -3.719
 -19.01 19.01
 -31.85 31.85
 37.13 -37.13
 -17.9 17.9
 6.085 -6.085
 -2.202 2.202
 -15.34 15.34
 11.82 -11.82
 4.539 -4.539
 1.819 -1.819
 -6.212 6.212
 -19.8 19.8
 0.7718 -0.7718
 -21.41 21.41
 -3.956 3.956
 -39.36 39.36
 -0.452 0.452
 12.68 -12.68
 -3.625 3.625
 -0.005728 0.005728
 31.6 -31.6
 -20.58 20.58
 -5.557 5.557
 30.3 -30.3
 -1.505 1.505
 40.26 -40.26
 -18.8 18.8
 8.668 -8.668
 -12.09 12.09
 3.866 -3.866
 -10.9 10.9
 -4.767 4.767
 -6.396 6.396
 -0.8801 0.8801
 -20.79 20.79
 -2.034 2.034
 -4.088 4.088
 -10.22 10.22
 -39.76 39.76
 61.47 -61.47
 -12.39 12.39
 -7.57 7.57
 -12.79 12.79
 10.68 -10.68
 -10.7 10.7
 -11.9 11.9
 0.9579 -0.9579
 15.73 -15.73
 5.514 -5.514
 -8.835 8.835
 8.586 -8.586
 42.1 -42.1
 -16.24 16.24
 -2.072 2.072
 15.63 -15.63
 5.46 -5.46
 -8.627 8.627
 -17.32 17.32
 32.91 -32.91
 -70.57 70.57
 -37.35 37.35
 12.75 -12.75
 -92.51 92.51
 1.114 -1.114
 -3.216 3.216
 -12.39 12.39
 -2.046 2.046
 1.545 -1.545
 3.943 -3.943
 -8.438 8.438
 5.751 -5.751
 -6.214 6.214
 -5.583 5.583
 -24.04 24.04
 -33.37 33.37
 27.04 -27.04
 -4.023 4.023
 9.52 -9.52
 -14.14 14.14
 -39.96 39.96
 24.03 -24.03
 -8.388 8.388
 94.42 -94.42
 -69.05 69.05
 -8.404 8.404
 18.73 -18.73
 26.54 -26.54
 -26.25 26.25
 -3.725 3.725
 -28.73 28.73
 -4.904 4.904
 -24.79 24.79
 -23.45 23.45
 -11.23 11.23
 -4.229 4.229
 -4.522 4.522
 -2.973 2.973
 -19.94 19.94
 32.84 -32.84
 -35.69 35.69
 71.01 -71.01
 -24.47 24.47
 -1.741 1.741
 -30.8 30.8
 9.765 -9.765
 9.42 -9.42
 -15.6 15.6
 -20.17 20.17
 -59.44 59.44
 -7.511 7.511
 34.56 -34.56
 -37.21 37.21
 37.63 -37.63
 -3.734 3.734
 0.1318 -0.1318
 3.503 -3.503
 14.62 -14.62
 -20.09 20.09
 2.497 -2.497
 12.11 -12.11
 -3.263 3.263
 43.93 -43.93
 28.89 -28.89
 45.96 -45.96
 -5.612 5.612
 -30.11 30.11
 -18.63 18.63
 5.996 -5.996
 38.48 -38.48
 12.05 -12.05
 -10.14 10.14
 1.85 -1.85
 4.089 -4.089
 34.05 -34.05
 -34.3 34.3
 11.78 -11.78
 -22.99 22.99
 -5.41 5.41
 9.898 -9.898
 12.08 -12.08
 -18.26 18.26
 -20.51 20.51
 6.942 -6.942
 -31.73 31.73
 -6.086 6.086
 36.17 -36.17
 -18.53 18.53
 35.54 -35.54
 6.246 -6.246
 -27.91 27.91
 -40.65 40.65
 7.11 -7.11
 -20.9 20.9
 -18 18
 -13.89 13.89
 -2.42 2.42
 42.7 -42.7
 92.01 -92.01
 6.865 -6.865
 -2.573 2.573
 57.8 -57.8
 -37.07 37.07
 16.53 -16.53
 -13.23 13.23
 -9.025 9.025
 51.77 -51.77
 -13.32 13.32
 -57.7 57.7
 0.8999 -0.8999
 -40.73 40.73
 -16.55 16.55
 -8.34 8.34
 8.504 -8.504
 -5.601 5.601
 -10.01 10.01
 -28.96 28.96
 4.1 -4.1
 31.29 -31.29
 30.32 -30.32
 10.73 -10.73
 20.23 -20.23
 21.11 -21.11
 25.28 -25.28
 -10.48 10.48
 -27.1 27.1
 -23.3 23.3
 -15.07 15.07
 -11.77 11.77
 -9.144 9.144
 5.676 -5.676
 -78.59 78.59
 20.01 -20.01
 30.33 -30.33
 -39.86 39.86
 41.22 -41.22
 -11.45 11.45
 -18.84 18.84
 -8.286 8.286
 0.3869 -0.3869
 11.31 -11.31
 -78.97 78.97
 13.82 -13.82
 -51.39 51.39
 62.31 -62.31
 -7.857 7.857
 -46.11 46.11
 -4.376 4.376
 -4.823 4.823
 -48.96 48.96
 17.05 -17.05
 -10.08 10.08
 9.296 -9.296
 -31.97 31.97
 -14.5 14.5
 -2.805 2.805
 40.43 -40.43
 9.203 -9.203
 45.53 -45.53
 8.434 -8.434
 27.64 -27.64
 20.48 -20.48
 -22.64 22.64
 -2.14 2.14
 -13.29 13.29
 -4.786 4.786
 -3.071 3.071
 -9.303 9.303
 -2.323 2.323
 -10.54 10.54
 5.76 -5.76
 -5.261 5.261
 13.92 -13.92
 -4.742 4.742
 24.56 -24.56
 -60.85 60.85
 8.359 -8.359
 -4.099 4.099
 -38.57 38.57
 3.061 -3.061
 15.98 -15.98
 -4.078 4.078
 5.34 -5.34
 -16.67 16.67
 159.5 -159.5
 50.33 -50.33
 -12.07 12.07
 8.557 -8.557
 67.51 -67.51
 -31.42 31.42
 -13.67 13.67
 -22.3 22.3
 14.04 -14.04
 -2.46 2.46
 23.89 -23.89
 -1.018 1.018
 -3.386 3.386
 -21.82 21.82
 -28.14 28.14
 -4.351 4.351
 -3.137 3.137
 15.08 -15.08
 12.49 -12.49
 61.91 -61.91
 -18.61 18.61
 -5.732 5.732
 -39.93 39.93
 7.328 -7.328
 -6.523 6.523
 29.85 -29.85
 -6.323 6.323
 25.19 -25.19
 2.756 -2.756
 29.33 -29.33
 -31.02 31.02
 -2.161 2.161
 5.919 -5.919
 -20.13 20.13
 12.29 -12.29
 5.78 -5.78
 -18.63 18.63
 3.078 -3.078
 -1.944 1.944
 6.57 -6.57
 -33.59 33.59
 0.5423 -0.5423
 -61.33 61.33
 5.585 -5.585
 -12.97 12.97
 -25.11 25.11
 -7.539 7.539
 -7.488 7.488
 -17.41 17.41
 -3.719 3.719
 -6.098 6.098
 -68.33 68.33
 -12.35 12.35
 -21.95 21.95
 -19.37 19.37
 -1.492 1.492
 5.13 -5.13
 0.9627 -0.9627
 32.61 -32.61
 -19.42 19.42
 35.59 -35.59
 8.158 -8.158
 34.44 -34.44
 23.24 -23.24
 14.37 -14.37
 -22.22 22.22
 7.634 -7.634
 -6.744 6.744
 -2.539 2.539
 45.42 -45.42
 97.32 -97.32
 -38.06 38.06
 19.66 -19.66
 12.96 -12.96
 54.43 -54.43
 -22.51 22.51
 15.23 -15.23
 -3.503 3.503
 13.54 -13.54
 -60.02 60.02
 46.72 -46.72
 -17.6 17.6
 24.12 -24.12
 14.05 -14.05
 -10.9 10.9
 82.65 -82.65
 4.476 -4.476
 -2.956 2.956
 -28.2 28.2
 -12.21 12.21
 -10.06 10.06
 4.755 -4.755
 -18.18 18.18
 -2.05 2.05
 -0.4789 0.4789
 18.33 -18.33
 -31.5 31.5
 26.1 -26.1
 26.28 -26.28
 -45.35 45.35
 -21.4 21.4
 8.264 -8.264
 -14.09 14.09
 69.34 -69.34
 -12.55 12.55
 -18.33 18.33
 -43.82 43.82
 6.322 -6.322
 22.14 -22.14
 -31.68 31.68
 3.019 -3.019
 43.99 -43.99
 -7.46 7.46
 9.638 -9.638
 11.11 -11.11
 -26.77 26.77
 -10.43 10.43
 48.94 -48.94
 -1.74 1.74
 -4.799 4.799
 8.294 -8.294
 -36.23 36.23
 6.401 -6.401
 -16.02 16.02
 -32.52 32.52
 -21.61 21.61
 42.8 -42.8
 -18.65 18.65
 34.16 -34.16
 9.525 -9.525
 10.78 -10.78
 14.53 -14.53
 -9.272 9.272
 40.66 -40.66
 -32.95 32.95
 -16.81 16.81
 -20.32 20.32
 -42.87 42.87
 20.26 -20.26
 -4.525 4.525
 -11.29 11.29
 -9.069 9.069
 7.231 -7.231
 -25.91 25.91
 4.155 -4.155
 -17.53 17.53
 -34 34
 25.32 -25.32
 -11.64 11.64
 -51.01 51.01
 -30.61 30.61
 -16.4 16.4
 26.62 -26.62
 -21.11 21.11
 -6.222 6.222
 26.39 -26.39
 41.4 -41.4
 0.2432 -0.2432
 -22.75 22.75
 -16.27 16.27
 -17.37 17.37
 28.12 -28.12
 -11.6 11.6
 15.84 -15.84
 7.811 -7.811
 7.575 -7.575
 14.14 -14.14
 19.48 -19.48
 -14.68 14.68
 -17.91 17.91
 8.196 -8.196
 -8.035 8.035
 6.661 -6.661
 7.675 -7.675
 16.43 -16.43
 -12.9 12.9
 8.301 -8.301
 66.79 -66.79
 1.356 -1.356
 40.23 -40.23
 -12.44 12.44
 7.74 -7.74
 -57.69 57.69
 1.275 -1.275
 -18.27 18.27
 -28.01 28.01
 66.87 -66.87
 8.634 -8.634
 -7.693 7.693
 4.247 -4.247
 17.53 -17.53
 -0.6665 0.6665
 91.16 -91.16
 -20.24 20.24
 -6.375 6.375
 -3.819 3.819
 39.34 -39.34
 -43.12 43.12
 28.55 -28.55
 48.31 -48.31
 9.018 -9.018
 19.33 -19.33
 -4.899 4.899
 24.12 -24.12
 31.01 -31.01
 -34.48 34.48
 26.45 -26.45
 -23.5 23.5
 50.22 -50.22
 -9.133 9.133
 21.25 -21.25
 -34.34 34.34
 -14.79 14.79
 8.67 -8.67
 65.5 -65.5
 -12.67 12.67
 31.62 -31.62
 -7.44 7.44
 11.41 -11.41
 24.74 -24.74
 -17.78 17.78
 53.38 -53.38
 12.94 -12.94
 14.1 -14.1
 0.6063 -0.6063
 4.049 -4.049
 -1.609 1.609
 -12.09 12.09
 47.42 -47.42
 28.69 -28.69
 -0.4551 0.4551
 39.52 -39.52
 -12.5 12.5
 0.1374 -0.1374
 7.216 -7.216
 7.163 -7.163
 -4.498 4.498
 -18.11 18.11
 23.17 -23.17
 43.94 -43.94
 -12.81 12.81
 -21.9 21.9
 27.77 -27.77
 -2.706 2.706
 5.756 -5.756
 11.81 -11.81
 -4.123 4.123
 23.06 -23.06
 -22.23 22.23
 1.929 -1.929
 -53.38 53.38
 24.1 -24.1
 60.45 -60.45
 12.65 -12.65
 -5.002 5.002
 -24.04 24.04
 -12.75 12.75
 -14.18 14.18
 -16.34 16.34
 -22.28 22.28
 -43.64 43.64
 -21.39 21.39
 20.3 -20.3
 -8.733 8.733
 -6.236 6.236
 -8.707 8.707
 10.79 -10.79
 35.72 -35.72
 -4.123 4.123
 -24.28 24.28
 14.43 -14.43
 14.32 -14.32
 -12.54 12.54
 22.45 -22.45
 -15.5 15.5
 -16.82 16.82
 -3.354 3.354
 -24.85 24.85
 7.748 -7.748
 -34.59 34.59
 -58.42 58.42
 12.97 -12.97
 -3.643 3.643
 60.43 -60.43
 -28.27 28.27
 -14.27 14.27
 20.11 -20.11
 24.79 -24.79
 -4.451 4.451
 -23.39 23.39
 -24.59 24.59
 -33.05 33.05
 10.52 -10.52
 -7.531 7.531
 -17.59 17.59
 15.62 -15.62
 9.592 -9.592
 18.38 -18.38
 -7.011 7.011
 43.76 -43.76
 33.84 -33.84
 17.09 -17.09
 2.493 -2.493
 8.87 -8.87
 8.818 -8.818
 2.237 -2.237
 -13.6 13.6
 31.49 -31.49
 9.828 -9.828
 -35.4 35.4
 24.91 -24.91
 0.1676 -0.1676
 16.4 -16.4
 -9.323 9.323
 4.708 -4.708
 3.44 -3.44
 -0.6543 0.6543
 4.438 -4.438
 -25.53 25.53
 15.37 -15.37
 1.663 -1.663
 -32.02 32.02
 -13.27 13.27
 -19.98 19.98
 -7.787 7.787
 20.1 -20.1
 -16.03 16.03
 -43.01 43.01
 -4.16 4.16
 -25.49 25.49
 -19.66 19.66
 -2.535 2.535
 -41.59 41.59
 18.4 -18.4
 1.085 -1.085
 5.22 -5.22
 5.673 -5.673
 -8.194 8.194
 -7.826 7.826
 10.58 -10.58
 62.79 -62.79
 -5.585 5.585
 -7.768 7.768
 9.799 -9.799
 15.52 -15.52
 7.532 -7.532
 12.64 -12.64
 -9.613 9.613
 26.84 -26.84
 -3.3 3.3
 7.256 -7.256
 -10.07 10.07
 -21.43 21.43
 -35.01 35.01
 22.95 -22.95
 -22.81 22.81
 -20.16 20.16
 -2.844 2.844
 -60.53 60.53
 7.521 -7.521
 19.83 -19.83
 -6.795 6.795
 14.52 -14.52
 -16.21 16.21
 8.324 -8.324
 -16.15 16.15
 -11.68 11.68
 -1.184 1.184
 -27.79 27.79
 -3.363 3.363
 -8.934 8.934
 74.24 -74.24
 20.76 -20.76
 -8.534 8.534
 19.22 -19.22
 -1.87 1.87
 22.13 -22.13
 -0.7681 0.7681
 13.55 -13.55
 -10.25 10.25
 -37.44 37.44
 -9.44 9.44
 12.3 -12.3
 17.01 -17.01
 -53.97 53.97
 -18.41 18.41
 -35.04 35.04
 -8.685 8.685
 -36.13 36.13
 14.8 -14.8
 -10.73 10.73
 -2.3 2.3
 -26.07 26.07
 89.1 -89.1
 -17.72 17.72
 -10.85 10.85
 -29.83 29.83
 -9.06 9.06
 -8.052 8.052
 32.23 -32.23
 -37.94 37.94
 2.14 -2.14
 18.46 -18.46
 51.53 -51.53
 49.12 -49.12
 -10.91 10.91
 -23.82 23.82
 10.12 -10.12
 15.2 -15.2
 -3.216 3.216
 69.16 -69.16
 -44.56 44.56
 6.386 -6.386
 -16.83 16.83
 5.024 -5.024
 35.26 -35.26
 -1.201 1.201
 22.06 -22.06
 -11.7 11.7
 20.38 -20.38
 -37.47 37.47
 -3.402 3.402
 2.814 -2.814
 59.64 -59.64
 -14 14
 -14.11 14.11
 19.49 -19.49
 -32.74 32.74
 80.7 -80.7
 20.66 -20.66
 7.289 -7.289
 5.114 -5.114
 -31.92 31.92
 -21.74 21.74
 16.72 -16.72
 9.81 -9.81
 6.44 -6.44
 9.227 -9.227
 -4.777 4.777
 32.6 -32.6
 3.959 -3.959
 30.13 -30.13
 -24.15 24.15
 -0.0135 0.0135
 8.059 -8.059
 15.01 -15.01
 -7.163 7.163
 20.59 -20.59
 -38.43 38.43
 12.38 -12.38
 11.83 -11.83
 -5.957 5.957
 29.52 -29.52
 -3.207 3.207
 2.356 -2.356
 -20.93 20.93
 -18.27 18.27
 59.03 -59.03
 -15.02 15.02
 19.66 -19.66
 -4.846 4.846
 -0.8029 0.8029
 26.62 -26.62
 16.58 -16.58
 11.54 -11.54
 20.4 -20.4
 -1.878 1.878
 9.507 -9.507
 -22.55 22.55
 3.842 -3.842
 17.47 -17.47
 1.215 -1.215
 45.87 -45.87
 38.9 -38.9
 -19.51 19.51
 -8.512 8.512
 59.6 -59.6
 3.697 -3.697
 -17.39 17.39
 7.843 -7.843
 -78.06 78.06
 42.81 -42.81
 18.78 -18.78
 3.149 -3.149
 -11.73 11.73
 3.209 -3.209
 -27.94 27.94
 -15.21 15.21
 11.9 -11.9
 -19.22 19.22
 -10.09 10.09
 16.42 -16.42
 -26.14 26.14
 33.18 -33.18
 8.304 -8.304
 7.227 -7.227
 16.69 -16.69
 34.76 -34.76
 -1.284 1.284
 -38.72 38.72
 21.18 -21.18
 -21.95 21.95
 22.01 -22.01
 21.08 -21.08
 -6.946 6.946
 60 -60
 -8.625 8.625
 -25.48 25.48
 -11.18 11.18
 -26.42 26.42
 -4.647 4.647
 -9.756 9.756
 -13.65 13.65
 4.653 -4.653
 -33.67 33.67
 -4.32 4.32
 42.97 -42.97
 -22.47 22.47
 60.37 -60.37
 54.62 -54.62
 17.83 -17.83
 -29.14 29.14
 19.82 -19.82
 -34.77 34.77
 44.24 -44.24
 7.91 -7.91
 16.16 -16.16
 -10.96 10.96
 10.67 -10.67
 49.37 -49.37
 1.236 -1.236
 -1.826 1.826
 -71.23 71.23
 -2.132 2.132
 -24.59 24.59
 6.935 -6.935
 -17.42 17.42
 18.69 -18.69
 -4.668 4.668
 -15.49 15.49
 -37.36 37.36
 -1.634 1.634
 -13.17 13.17
 -5.067 5.067
 0.08946 -0.08946
 -35.47 35.47
 37.31 -37.31
 -9.885 9.885
 2.448 -2.448
 -5.794 5.794
 -18.81 18.81
 11.32 -11.32
 -6.476 6.476
 18.89 -18.89
 15.11 -15.11
 -11.15 11.15
 -2.694 2.694
 6.717 -6.717
 -15.09 15.09
 -23.84 23.84
 -20.94 20.94
 -4.447 4.447
 2.537 -2.537
 -11.24 11.24
 34.65 -34.65
 15.36 -15.36
 -6.446 6.446
 3.496 -3.496
 -22.23 22.23
 -19.6 19.6
 6.569 -6.569
 16.22 -16.22
 -26.48 26.48
 1.39 -1.39
 -8.724 8.724
 -24.84 24.84
 -16.9 16.9
 59.3 -59.3
 -7.407 7.407
 -18.89 18.89
 -2.042 2.042
 -13.13 13.13
 14.41 -14.41
 63.35 -63.35
 15.07 -15.07
 9.076 -9.076
 -47.12 47.12
 -24.03 24.03
 -44.21 44.21
 72.14 -72.14
 -6.479 6.479
 11.77 -11.77
 -39.96 39.96
 -0.2691 0.2691
 58.8 -58.8
 -25.54 25.54
 -9.368 9.368
 7.089 -7.089
 -37.78 37.78
 16.31 -16.31
 -11.46 11.46
 -26.51 26.51
 -2.825 2.825
 -17.74 17.74
 -29.13 29.13
 -7.868 7.868
 -11.37 11.37
 37.83 -37.83
 -19.09 19.09
 22.27 -22.27
 -20 20
 -1.873 1.873
 30.73 -30.73
 -5.865 5.865
 -28.27 28.27
 30.13 -30.13
 -23.97 23.97
 -3.947 3.947
 0.9807 -0.9807
 -27.56 27.56
 -2.96 2.96


