# Created by Octave 5.2.0, Fri Sep 25 00:17:25 2020 CEST <jiwidi@land>
# name: w
# type: matrix
# rows: 2001
# columns: 2
 -170 170
 211.8 -211.8
 -879.1 879.1
 -391.8 391.8
 -276.3 276.3
 -359.1 359.1
 836.6 -836.6
 517.1 -517.1
 131.5 -131.5
 -389.3 389.3
 1156 -1156
 -396.1 396.1
 238.2 -238.2
 212.3 -212.3
 -750.1 750.1
 -1405 1405
 -74.72 74.72
 509.9 -509.9
 -754.5 754.5
 415.5 -415.5
 -724.8 724.8
 -899.7 899.7
 -1265 1265
 -1163 1163
 1343 -1343
 -471.4 471.4
 -297.2 297.2
 -840.6 840.6
 -275.3 275.3
 -1.83 1.83
 121 -121
 -402.7 402.7
 1172 -1172
 -566.2 566.2
 856.2 -856.2
 1008 -1008
 -725.3 725.3
 -111.7 111.7
 -817.6 817.6
 -36.78 36.78
 -788.9 788.9
 419.2 -419.2
 -485.5 485.5
 -426.8 426.8
 135.4 -135.4
 1198 -1198
 -468.6 468.6
 1072 -1072
 -1520 1520
 -292.2 292.2
 123.9 -123.9
 254.7 -254.7
 -105.3 105.3
 -471.6 471.6
 3519 -3519
 618.7 -618.7
 185.3 -185.3
 353.4 -353.4
 15.38 -15.38
 240.7 -240.7
 48.08 -48.08
 -89.4 89.4
 -16.34 16.34
 322.6 -322.6
 -368.9 368.9
 -345.8 345.8
 517.8 -517.8
 -1169 1169
 258.7 -258.7
 286.7 -286.7
 -1350 1350
 -702.3 702.3
 -375.8 375.8
 453.4 -453.4
 1134 -1134
 -531.2 531.2
 -217.3 217.3
 -571.5 571.5
 64.15 -64.15
 207.1 -207.1
 783.9 -783.9
 -59.24 59.24
 503.5 -503.5
 -511.1 511.1
 784.6 -784.6
 100.8 -100.8
 -500.9 500.9
 -373.3 373.3
 251.3 -251.3
 -36.44 36.44
 124.4 -124.4
 494.4 -494.4
 705.8 -705.8
 -325.6 325.6
 -450.2 450.2
 -843.2 843.2
 298 -298
 2437 -2437
 -1022 1022
 -7.058 7.058
 668.6 -668.6
 827.8 -827.8
 402 -402
 -1996 1996
 998 -998
 -338.3 338.3
 752.6 -752.6
 151.5 -151.5
 -31.72 31.72
 -608 608
 636.7 -636.7
 279.8 -279.8
 -207.2 207.2
 -266.8 266.8
 -1711 1711
 -232.7 232.7
 401.2 -401.2
 140 -140
 -473.8 473.8
 -805.6 805.6
 365.1 -365.1
 320.3 -320.3
 -392.3 392.3
 -309.5 309.5
 -277 277
 -891.1 891.1
 242.9 -242.9
 515.1 -515.1
 -256.2 256.2
 -606.7 606.7
 -550.7 550.7
 -163.6 163.6
 138.8 -138.8
 311.5 -311.5
 492.7 -492.7
 -820 820
 363.5 -363.5
 -92.84 92.84
 -670.5 670.5
 23.38 -23.38
 -649.9 649.9
 -671.4 671.4
 46.1 -46.1
 -82.64 82.64
 -192.2 192.2
 -380.6 380.6
 682.3 -682.3
 -1238 1238
 -562 562
 198.1 -198.1
 -688.2 688.2
 -1345 1345
 268.8 -268.8
 5365 -5365
 172.7 -172.7
 -181.9 181.9
 -2344 2344
 -433.4 433.4
 90.83 -90.83
 -1508 1508
 -470.1 470.1
 580 -580
 -191.4 191.4
 -947.4 947.4
 1250 -1250
 4123 -4123
 692.2 -692.2
 927.9 -927.9
 407.9 -407.9
 -453.8 453.8
 -485.5 485.5
 496.2 -496.2
 546.3 -546.3
 -648.2 648.2
 489.8 -489.8
 268.5 -268.5
 -152.7 152.7
 1820 -1820
 -34.62 34.62
 -213 213
 -343.5 343.5
 3118 -3118
 -2380 2380
 378 -378
 -114.8 114.8
 -96.54 96.54
 738.9 -738.9
 -21.06 21.06
 -117.6 117.6
 -1155 1155
 1303 -1303
 714 -714
 284.1 -284.1
 -188 188
 -587.5 587.5
 -497.7 497.7
 -38.52 38.52
 -237.8 237.8
 849.6 -849.6
 348.6 -348.6
 905 -905
 -1065 1065
 -397.7 397.7
 1451 -1451
 1352 -1352
 -193.1 193.1
 -2288 2288
 -1200 1200
 -132.5 132.5
 477.8 -477.8
 -2554 2554
 906.4 -906.4
 -1402 1402
 -149.3 149.3
 -537.9 537.9
 45.04 -45.04
 -1112 1112
 -625.1 625.1
 -96.76 96.76
 -803.8 803.8
 -797.6 797.6
 393 -393
 -1409 1409
 266.2 -266.2
 -527.9 527.9
 830.7 -830.7
 158 -158
 -881.9 881.9
 1413 -1413
 -318 318
 466.6 -466.6
 571.6 -571.6
 831.7 -831.7
 -889.8 889.8
 701.2 -701.2
 -938.2 938.2
 -847.2 847.2
 -597 597
 508.6 -508.6
 962.7 -962.7
 -674.4 674.4
 -70.74 70.74
 -739.2 739.2
 589.6 -589.6
 -350.9 350.9
 -167 167
 161.6 -161.6
 -1547 1547
 -1433 1433
 -603.7 603.7
 321.6 -321.6
 -497.9 497.9
 36.11 -36.11
 899.6 -899.6
 -204.4 204.4
 -118.9 118.9
 48.5 -48.5
 1619 -1619
 1653 -1653
 -255.4 255.4
 1699 -1699
 -1391 1391
 -602.8 602.8
 -491 491
 785 -785
 -519.6 519.6
 -713.7 713.7
 -581.9 581.9
 -291.7 291.7
 322.7 -322.7
 631.8 -631.8
 906.1 -906.1
 322.1 -322.1
 -139.2 139.2
 127.9 -127.9
 -640.8 640.8
 252.1 -252.1
 281.1 -281.1
 -637 637
 -1139 1139
 -10.76 10.76
 1260 -1260
 -992.4 992.4
 1612 -1612
 2454 -2454
 120.2 -120.2
 -891.3 891.3
 -104.9 104.9
 -600.8 600.8
 -868.9 868.9
 -193.9 193.9
 -1924 1924
 473.4 -473.4
 -2.461 2.461
 -36.61 36.61
 645.9 -645.9
 -1751 1751
 -333.5 333.5
 -654.8 654.8
 327.6 -327.6
 44.65 -44.65
 -255.3 255.3
 -730.4 730.4
 -961.1 961.1
 2195 -2195
 335.6 -335.6
 -247.7 247.7
 199.3 -199.3
 -20.46 20.46
 2016 -2016
 445.7 -445.7
 2007 -2007
 -1104 1104
 415.7 -415.7
 -1256 1256
 -576.6 576.6
 3368 -3368
 1230 -1230
 -567.6 567.6
 1109 -1109
 391.6 -391.6
 2767 -2767
 953.4 -953.4
 695.6 -695.6
 133.8 -133.8
 72.69 -72.69
 662 -662
 -99.6 99.6
 597.8 -597.8
 -243.6 243.6
 -663.9 663.9
 703.4 -703.4
 -663.4 663.4
 -1073 1073
 644.2 -644.2
 -766.3 766.3
 -59.88 59.88
 -304.9 304.9
 -140.9 140.9
 399.8 -399.8
 -97.15 97.15
 -1768 1768
 -707.7 707.7
 477 -477
 -509.2 509.2
 118.9 -118.9
 -182.9 182.9
 806.5 -806.5
 1743 -1743
 1079 -1079
 -242.6 242.6
 -839.8 839.8
 -439 439
 -358.4 358.4
 373.4 -373.4
 197.9 -197.9
 -2040 2040
 1324 -1324
 -17.42 17.42
 1985 -1985
 -350 350
 -896.5 896.5
 -996.4 996.4
 715.4 -715.4
 -542.5 542.5
 -177.1 177.1
 1853 -1853
 -602.8 602.8
 507.1 -507.1
 -1280 1280
 -227.3 227.3
 670.3 -670.3
 718.6 -718.6
 205.4 -205.4
 -254 254
 -63.83 63.83
 840.6 -840.6
 1444 -1444
 -724.3 724.3
 -990.1 990.1
 -9.417 9.417
 -1282 1282
 -556.8 556.8
 -576 576
 3179 -3179
 1015 -1015
 77.21 -77.21
 499.4 -499.4
 -196.9 196.9
 -406.5 406.5
 -426.5 426.5
 -249.6 249.6
 -393.8 393.8
 -1540 1540
 358.4 -358.4
 -831.6 831.6
 -68.74 68.74
 -693.5 693.5
 -612.9 612.9
 2415 -2415
 -1111 1111
 -582.1 582.1
 -396 396
 -588.8 588.8
 631.6 -631.6
 -739.8 739.8
 -811.2 811.2
 975.9 -975.9
 -1000 1000
 1208 -1208
 -420 420
 612.4 -612.4
 -343.8 343.8
 -1232 1232
 -1208 1208
 -2.79 2.79
 2326 -2326
 -677.9 677.9
 2162 -2162
 1284 -1284
 705.7 -705.7
 42.59 -42.59
 1504 -1504
 -1327 1327
 -532 532
 -472.5 472.5
 -119 119
 -368.6 368.6
 -736 736
 -1091 1091
 1202 -1202
 -558.2 558.2
 1855 -1855
 -6.344 6.344
 -126 126
 -247.7 247.7
 454.6 -454.6
 481.5 -481.5
 -1025 1025
 -129.5 129.5
 -296.3 296.3
 435.4 -435.4
 -1447 1447
 1189 -1189
 -330.4 330.4
 650.5 -650.5
 -446.1 446.1
 -1413 1413
 1427 -1427
 -14.51 14.51
 -862.1 862.1
 -286.5 286.5
 1398 -1398
 2720 -2720
 331.1 -331.1
 667 -667
 -729.3 729.3
 305.9 -305.9
 -949.2 949.2
 170 -170
 -885.3 885.3
 -883.3 883.3
 2438 -2438
 185.5 -185.5
 781.7 -781.7
 838.2 -838.2
 919.8 -919.8
 278.1 -278.1
 23.86 -23.86
 234.8 -234.8
 -244.5 244.5
 -377.2 377.2
 -607.3 607.3
 -78.36 78.36
 -102 102
 252.7 -252.7
 759 -759
 365.4 -365.4
 -346.5 346.5
 879.3 -879.3
 -63.57 63.57
 430.2 -430.2
 -232.5 232.5
 -6.01 6.01
 1201 -1201
 -4.748 4.748
 -724.7 724.7
 -1242 1242
 -455.7 455.7
 -301 301
 574.9 -574.9
 62.47 -62.47
 -170.4 170.4
 -200.2 200.2
 446.2 -446.2
 -397.3 397.3
 -670.4 670.4
 -171.1 171.1
 426.7 -426.7
 -1512 1512
 758.7 -758.7
 -307.1 307.1
 -778.4 778.4
 -367.9 367.9
 -180 180
 -632.8 632.8
 -341.2 341.2
 -903.5 903.5
 652.7 -652.7
 -251.2 251.2
 -102.2 102.2
 203.8 -203.8
 -1751 1751
 -339.7 339.7
 729 -729
 -1483 1483
 -453.1 453.1
 343.3 -343.3
 -413.2 413.2
 -536.6 536.6
 -258.5 258.5
 907.2 -907.2
 -1708 1708
 219.3 -219.3
 -183.2 183.2
 -47.89 47.89
 -234.3 234.3
 -1005 1005
 11.24 -11.24
 -541.2 541.2
 -356.3 356.3
 -577.5 577.5
 -614.4 614.4
 -488.2 488.2
 -709.4 709.4
 -1835 1835
 1039 -1039
 310.1 -310.1
 299.9 -299.9
 -20.78 20.78
 -391.5 391.5
 -825.9 825.9
 -693 693
 1096 -1096
 1103 -1103
 -257.5 257.5
 463.5 -463.5
 -1505 1505
 -437.3 437.3
 316.1 -316.1
 761.7 -761.7
 -863 863
 2024 -2024
 209 -209
 137 -137
 20.49 -20.49
 163.4 -163.4
 -692.8 692.8
 1232 -1232
 -68.44 68.44
 1405 -1405
 -63.73 63.73
 406.2 -406.2
 -38.03 38.03
 -551.6 551.6
 -1388 1388
 -253.2 253.2
 688 -688
 738 -738
 -42.17 42.17
 -1181 1181
 -190.2 190.2
 -986.6 986.6
 2090 -2090
 -427.4 427.4
 -193.4 193.4
 -14.67 14.67
 339 -339
 1853 -1853
 -224.2 224.2
 373.8 -373.8
 -862.7 862.7
 -847.1 847.1
 -617.3 617.3
 660.8 -660.8
 150.2 -150.2
 335.8 -335.8
 46.27 -46.27
 -914.9 914.9
 -45.14 45.14
 63.51 -63.51
 -66.92 66.92
 -1799 1799
 -2098 2098
 137.8 -137.8
 66.35 -66.35
 -400.1 400.1
 762.3 -762.3
 -491.5 491.5
 1297 -1297
 -503.3 503.3
 -166.5 166.5
 13.33 -13.33
 1500 -1500
 1391 -1391
 -239.5 239.5
 2107 -2107
 1936 -1936
 -844.2 844.2
 568 -568
 -684.7 684.7
 -747.5 747.5
 846.7 -846.7
 -438.6 438.6
 -1240 1240
 -574 574
 -236.3 236.3
 -670.7 670.7
 516.9 -516.9
 -1735 1735
 -73.04 73.04
 2281 -2281
 -884.5 884.5
 270 -270
 -399.7 399.7
 282.7 -282.7
 -879.9 879.9
 -551.8 551.8
 -278.4 278.4
 42.55 -42.55
 -641.1 641.1
 -981.7 981.7
 -202 202
 -436.8 436.8
 28.14 -28.14
 -1401 1401
 -967.9 967.9
 -68.5 68.5
 -474 474
 717.1 -717.1
 -478.5 478.5
 53.2 -53.2
 -239.7 239.7
 178.3 -178.3
 -1623 1623
 -216.9 216.9
 -251.5 251.5
 -937.4 937.4
 -1613 1613
 -454.7 454.7
 1804 -1804
 -261.3 261.3
 1014 -1014
 2183 -2183
 -74.39 74.39
 1223 -1223
 -648.1 648.1
 0.804 -0.804
 1376 -1376
 -968.3 968.3
 130.3 -130.3
 -2921 2921
 -744 744
 -688.2 688.2
 240.2 -240.2
 662.6 -662.6
 -1484 1484
 -338.7 338.7
 190.1 -190.1
 -2175 2175
 -733.4 733.4
 -349 349
 444.8 -444.8
 -418.9 418.9
 -1439 1439
 -885.4 885.4
 1527 -1527
 -625.5 625.5
 -698.8 698.8
 -950.6 950.6
 203.4 -203.4
 -622.7 622.7
 -1065 1065
 -995.9 995.9
 102.3 -102.3
 377.4 -377.4
 -585.7 585.7
 743.6 -743.6
 160.1 -160.1
 -2243 2243
 -91.04 91.04
 460.8 -460.8
 -375.5 375.5
 -684.9 684.9
 -406.3 406.3
 -1370 1370
 -53.88 53.88
 85.42 -85.42
 150.5 -150.5
 -136.4 136.4
 -392.5 392.5
 -322.7 322.7
 1387 -1387
 -105.4 105.4
 -163.9 163.9
 1190 -1190
 -919.1 919.1
 -549.8 549.8
 311 -311
 589.1 -589.1
 -882.4 882.4
 436.9 -436.9
 98.6 -98.6
 2079 -2079
 873 -873
 -1006 1006
 2292 -2292
 -691.9 691.9
 345 -345
 687.8 -687.8
 322.4 -322.4
 -986.4 986.4
 -1085 1085
 668.1 -668.1
 -186.4 186.4
 -732.6 732.6
 -877.8 877.8
 938 -938
 -617 617
 909.9 -909.9
 283.3 -283.3
 -280.9 280.9
 -313.1 313.1
 -340.4 340.4
 -1454 1454
 95.11 -95.11
 -514.2 514.2
 -51.08 51.08
 -1303 1303
 858 -858
 -169.9 169.9
 -1049 1049
 143.5 -143.5
 719.4 -719.4
 232 -232
 -31.37 31.37
 -84.04 84.04
 -756.9 756.9
 877 -877
 -496.7 496.7
 801.4 -801.4
 2154 -2154
 -1756 1756
 -20.16 20.16
 192.5 -192.5
 -682 682
 -427.2 427.2
 631.9 -631.9
 0.03493 -0.03493
 4645 -4645
 -1091 1091
 -955.9 955.9
 -727.9 727.9
 -276 276
 60.27 -60.27
 1596 -1596
 -464.8 464.8
 109.6 -109.6
 -1113 1113
 -2570 2570
 41.19 -41.19
 -771.8 771.8
 326.9 -326.9
 144.7 -144.7
 310.2 -310.2
 1287 -1287
 -862 862
 -441.3 441.3
 -212.9 212.9
 2515 -2515
 644.5 -644.5
 -96.04 96.04
 913.8 -913.8
 170.4 -170.4
 696.4 -696.4
 -394.8 394.8
 -194.9 194.9
 -7.459 7.459
 -422.2 422.2
 -1210 1210
 2468 -2468
 -723.1 723.1
 666.4 -666.4
 -329.7 329.7
 -1113 1113
 38 -38
 -1282 1282
 -411 411
 -39.83 39.83
 -451 451
 1365 -1365
 916 -916
 401.7 -401.7
 1769 -1769
 -221.7 221.7
 596.8 -596.8
 195.7 -195.7
 -85.46 85.46
 -794.5 794.5
 -853 853
 -122.2 122.2
 2539 -2539
 221.1 -221.1
 321.8 -321.8
 237.9 -237.9
 -329.1 329.1
 -1145 1145
 1955 -1955
 -872.4 872.4
 620.4 -620.4
 -135.2 135.2
 -1185 1185
 2289 -2289
 -754 754
 1848 -1848
 1006 -1006
 1679 -1679
 298.2 -298.2
 1386 -1386
 -716.4 716.4
 1407 -1407
 -686.9 686.9
 -689.1 689.1
 -2155 2155
 -198.5 198.5
 -976.6 976.6
 411.4 -411.4
 632.6 -632.6
 1217 -1217
 449.3 -449.3
 -13.36 13.36
 -589.7 589.7
 -373.1 373.1
 1447 -1447
 774.9 -774.9
 -902.9 902.9
 -1322 1322
 -1246 1246
 -887 887
 3415 -3415
 -715.5 715.5
 325.8 -325.8
 -225.7 225.7
 182.8 -182.8
 -806.4 806.4
 1952 -1952
 139.3 -139.3
 -676.9 676.9
 413.1 -413.1
 168.6 -168.6
 -259.8 259.8
 -361.8 361.8
 -56.7 56.7
 -854.6 854.6
 -775.4 775.4
 504.1 -504.1
 -357.5 357.5
 -454.3 454.3
 -547.4 547.4
 -168.9 168.9
 1484 -1484
 -480.8 480.8
 58.81 -58.81
 936.3 -936.3
 -865.9 865.9
 -283.9 283.9
 -545.3 545.3
 875.5 -875.5
 779.5 -779.5
 -711.6 711.6
 1526 -1526
 1014 -1014
 -342.3 342.3
 1011 -1011
 -40.22 40.22
 596.6 -596.6
 1848 -1848
 219 -219
 -330.2 330.2
 -456.2 456.2
 40.56 -40.56
 -1240 1240
 -490.4 490.4
 683.4 -683.4
 713.5 -713.5
 -583 583
 1700 -1700
 2.744 -2.744
 -894.2 894.2
 460.6 -460.6
 776.2 -776.2
 246.1 -246.1
 481.3 -481.3
 4198 -4198
 -276.4 276.4
 -454.2 454.2
 59.29 -59.29
 319.6 -319.6
 -509.9 509.9
 398.1 -398.1
 2420 -2420
 105.9 -105.9
 1233 -1233
 -378.8 378.8
 -293.4 293.4
 433.1 -433.1
 -741.4 741.4
 1396 -1396
 254.7 -254.7
 -257 257
 -2347 2347
 -779.9 779.9
 -922.6 922.6
 -101.3 101.3
 -902.5 902.5
 -508.2 508.2
 410 -410
 -1370 1370
 -423.6 423.6
 -1250 1250
 -75.67 75.67
 -2186 2186
 1516 -1516
 -72.17 72.17
 -884.1 884.1
 84.89 -84.89
 786.9 -786.9
 399.4 -399.4
 188.7 -188.7
 -314.1 314.1
 891.3 -891.3
 -570.6 570.6
 -546.3 546.3
 162.7 -162.7
 2.992 -2.992
 -371.7 371.7
 937.2 -937.2
 -280.6 280.6
 -376.8 376.8
 -385.4 385.4
 1987 -1987
 -866.8 866.8
 -354.8 354.8
 -908.1 908.1
 -369.9 369.9
 -1226 1226
 293.4 -293.4
 2.084 -2.084
 -785.3 785.3
 -436.1 436.1
 -598.2 598.2
 -133.8 133.8
 -178.6 178.6
 -237.5 237.5
 311.8 -311.8
 1037 -1037
 -719 719
 -957.2 957.2
 -1321 1321
 -1350 1350
 694.6 -694.6
 1572 -1572
 339 -339
 747.8 -747.8
 377.4 -377.4
 -232.2 232.2
 17.48 -17.48
 540.1 -540.1
 -620.8 620.8
 495.3 -495.3
 1356 -1356
 -64.98 64.98
 -615 615
 -153.4 153.4
 -702.3 702.3
 491.4 -491.4
 958.2 -958.2
 -165.5 165.5
 281.2 -281.2
 1397 -1397
 -951.5 951.5
 1068 -1068
 1315 -1315
 -285.6 285.6
 -287.6 287.6
 -745.1 745.1
 -926 926
 -1294 1294
 1695 -1695
 -661.8 661.8
 413 -413
 842.5 -842.5
 -253 253
 181.7 -181.7
 2955 -2955
 76.32 -76.32
 216.4 -216.4
 -268.4 268.4
 -629.9 629.9
 63.34 -63.34
 175.5 -175.5
 190.1 -190.1
 -35.82 35.82
 -172.7 172.7
 -214.5 214.5
 716.8 -716.8
 -341.4 341.4
 1582 -1582
 398.5 -398.5
 -217.2 217.2
 1713 -1713
 -250 250
 578.4 -578.4
 -498.6 498.6
 -1195 1195
 625.4 -625.4
 -277.6 277.6
 32.12 -32.12
 946.5 -946.5
 -690.2 690.2
 -426.3 426.3
 -475.6 475.6
 -1090 1090
 -136 136
 -426.2 426.2
 -238.3 238.3
 -563.2 563.2
 80.53 -80.53
 -221 221
 1205 -1205
 -206.7 206.7
 -236 236
 -567.7 567.7
 -211.2 211.2
 -802.9 802.9
 -421.9 421.9
 1548 -1548
 -1090 1090
 200.9 -200.9
 784.5 -784.5
 -2228 2228
 -56.72 56.72
 -704.8 704.8
 -802.9 802.9
 559 -559
 -203 203
 151.9 -151.9
 569.3 -569.3
 -582.4 582.4
 -813.6 813.6
 -664.7 664.7
 -227.3 227.3
 652.4 -652.4
 -789.8 789.8
 106.2 -106.2
 -966.2 966.2
 -351.3 351.3
 -1509 1509
 -997.4 997.4
 55.9 -55.9
 -107.1 107.1
 240.8 -240.8
 -706.4 706.4
 2579 -2579
 718.9 -718.9
 886 -886
 -836.7 836.7
 1066 -1066
 391.5 -391.5
 -1269 1269
 762.7 -762.7
 560.9 -560.9
 37.44 -37.44
 -537.3 537.3
 1101 -1101
 430.7 -430.7
 -117.9 117.9
 -312.7 312.7
 -1676 1676
 107.1 -107.1
 -607.4 607.4
 171 -171
 -0.2576 0.2576
 -672.2 672.2
 632.9 -632.9
 -220.5 220.5
 3296 -3296
 -121.5 121.5
 -247.5 247.5
 -936.3 936.3
 -117.6 117.6
 253.2 -253.2
 -32.03 32.03
 -1722 1722
 -1474 1474
 1205 -1205
 880.7 -880.7
 -418.3 418.3
 74.51 -74.51
 -31.92 31.92
 1292 -1292
 1522 -1522
 -643.9 643.9
 -1237 1237
 1172 -1172
 -1261 1261
 64.03 -64.03
 -488.9 488.9
 -21.46 21.46
 807.3 -807.3
 809.9 -809.9
 -486 486
 250 -250
 -1378 1378
 75.94 -75.94
 -501.2 501.2
 -443.4 443.4
 -665.4 665.4
 -74.63 74.63
 -30.52 30.52
 -485.5 485.5
 -909.6 909.6
 -387.9 387.9
 526.9 -526.9
 -486.9 486.9
 -122 122
 85.32 -85.32
 -537.9 537.9
 -893.2 893.2
 2056 -2056
 -677.2 677.2
 436.9 -436.9
 -351.5 351.5
 -831.8 831.8
 -346.9 346.9
 -35.31 35.31
 370.5 -370.5
 -893.7 893.7
 -264.2 264.2
 52.87 -52.87
 -626.3 626.3
 -67.1 67.1
 -653.2 653.2
 -209.4 209.4
 -6.342 6.342
 -41.36 41.36
 -482.9 482.9
 696 -696
 -1353 1353
 -63.36 63.36
 579.6 -579.6
 659.5 -659.5
 1671 -1671
 -787.2 787.2
 -163.5 163.5
 -549 549
 -148.6 148.6
 -642.4 642.4
 -209.7 209.7
 274.2 -274.2
 -236.2 236.2
 110.7 -110.7
 -817.7 817.7
 411.4 -411.4
 -248.5 248.5
 -679.5 679.5
 960.3 -960.3
 -343.8 343.8
 -719.5 719.5
 -723.3 723.3
 17.01 -17.01
 -238.4 238.4
 452.8 -452.8
 362.4 -362.4
 -1427 1427
 644 -644
 -403 403
 313.6 -313.6
 275.9 -275.9
 -495.2 495.2
 -415.6 415.6
 -130.9 130.9
 -174.4 174.4
 37.28 -37.28
 -1147 1147
 725.4 -725.4
 -1764 1764
 -1718 1718
 1262 -1262
 -1570 1570
 -317.7 317.7
 330.7 -330.7
 -491 491
 -1242 1242
 -115.9 115.9
 -320.3 320.3
 92.15 -92.15
 14.43 -14.43
 -108.3 108.3
 -463.7 463.7
 -381.7 381.7
 -1482 1482
 560.6 -560.6
 -72.42 72.42
 -865.1 865.1
 -206.9 206.9
 -1386 1386
 1114 -1114
 -245.9 245.9
 2412 -2412
 -2635 2635
 -821.6 821.6
 711.5 -711.5
 2627 -2627
 -635.7 635.7
 -180.9 180.9
 -990.2 990.2
 -646 646
 -1247 1247
 -425.3 425.3
 7.855 -7.855
 -156.9 156.9
 -241.7 241.7
 -321.1 321.1
 -817.1 817.1
 695.1 -695.1
 -1417 1417
 4562 -4562
 -701.9 701.9
 478.6 -478.6
 -811 811
 336 -336
 -36.36 36.36
 -895.8 895.8
 -954.3 954.3
 -1935 1935
 -433.3 433.3
 939.3 -939.3
 -1435 1435
 2800 -2800
 479.9 -479.9
 61.3 -61.3
 54.35 -54.35
 215 -215
 -946 946
 7.908 -7.908
 669.1 -669.1
 -77.36 77.36
 1135 -1135
 609.2 -609.2
 518.6 -518.6
 344.1 -344.1
 -1435 1435
 -1050 1050
 -371.9 371.9
 1041 -1041
 857.1 -857.1
 -94.26 94.26
 -60.34 60.34
 -301.4 301.4
 412.2 -412.2
 -1225 1225
 234.8 -234.8
 -1236 1236
 -207.3 207.3
 450.5 -450.5
 698.4 -698.4
 3.436 -3.436
 -275.6 275.6
 223.5 -223.5
 -1052 1052
 -77.95 77.95
 1380 -1380
 -272.1 272.1
 662.5 -662.5
 -240.7 240.7
 -267.4 267.4
 -1297 1297
 -124.9 124.9
 -549.2 549.2
 -348.4 348.4
 1117 -1117
 98.18 -98.18
 403.4 -403.4
 4282 -4282
 -521.3 521.3
 -240.2 240.2
 426.1 -426.1
 -1155 1155
 -161.6 161.6
 -351.5 351.5
 -335.4 335.4
 1127 -1127
 -985.3 985.3
 -1316 1316
 -230 230
 -1294 1294
 -1599 1599
 -471.7 471.7
 1268 -1268
 -196.5 196.5
 170.2 -170.2
 -1033 1033
 -273.9 273.9
 875.6 -875.6
 295 -295
 586 -586
 274.5 -274.5
 379 -379
 375.8 -375.8
 -1136 1136
 -514.6 514.6
 -1281 1281
 -349.2 349.2
 -185.8 185.8
 -204 204
 -203.8 203.8
 -2035 2035
 751.8 -751.8
 591.6 -591.6
 -847 847
 1517 -1517
 -744.2 744.2
 -1312 1312
 -287.9 287.9
 -244.5 244.5
 550.6 -550.6
 -2208 2208
 346.4 -346.4
 416.7 -416.7
 2920 -2920
 -296.2 296.2
 -953.4 953.4
 -708.4 708.4
 600 -600
 -2002 2002
 720 -720
 98.09 -98.09
 59.42 -59.42
 -857 857
 -932.8 932.8
 44.33 -44.33
 891.4 -891.4
 225.8 -225.8
 412.4 -412.4
 124.6 -124.6
 1821 -1821
 -381.5 381.5
 275.7 -275.7
 -154.5 154.5
 -1018 1018
 -593.5 593.5
 -565.9 565.9
 -285.4 285.4
 432.7 -432.7
 82.84 -82.84
 258.8 -258.8
 -288.2 288.2
 551 -551
 -799.2 799.2
 3078 -3078
 -1535 1535
 1602 -1602
 167.8 -167.8
 -492.1 492.1
 130.8 -130.8
 80.29 -80.29
 -522.2 522.2
 -449.7 449.7
 50.86 -50.86
 3326 -3326
 2859 -2859
 -597.5 597.5
 267.5 -267.5
 2263 -2263
 -956 956
 630.8 -630.8
 -420.1 420.1
 271.6 -271.6
 -235.6 235.6
 -836.3 836.3
 -85.12 85.12
 -235.2 235.2
 -816.5 816.5
 -1105 1105
 228.8 -228.8
 -413.8 413.8
 263.6 -263.6
 600.5 -600.5
 2321 -2321
 -706.3 706.3
 -250.4 250.4
 -852.9 852.9
 216.7 -216.7
 217.3 -217.3
 205.8 -205.8
 -154.1 154.1
 187 -187
 -940.7 940.7
 1081 -1081
 -1121 1121
 -64.4 64.4
 -209 209
 -212.5 212.5
 417.4 -417.4
 317.1 -317.1
 -384.7 384.7
 -233.8 233.8
 -54.53 54.53
 -184.4 184.4
 -1401 1401
 270.3 -270.3
 -760.6 760.6
 1133 -1133
 -224.3 224.3
 -177.7 177.7
 -119.8 119.8
 -629.6 629.6
 -430.4 430.4
 -223.8 223.8
 -391.5 391.5
 -2567 2567
 -1520 1520
 -610.7 610.7
 -637.1 637.1
 42.18 -42.18
 202.7 -202.7
 517.6 -517.6
 783.5 -783.5
 -549.4 549.4
 2400 -2400
 462.3 -462.3
 2001 -2001
 1314 -1314
 395.7 -395.7
 312.3 -312.3
 334.4 -334.4
 -710.6 710.6
 -247.5 247.5
 466.2 -466.2
 4678 -4678
 -762.6 762.6
 1024 -1024
 277.3 -277.3
 4271 -4271
 -869 869
 1133 -1133
 -585.8 585.8
 450.3 -450.3
 -1917 1917
 1502 -1502
 -312.3 312.3
 503.3 -503.3
 -477 477
 -559.4 559.4
 3033 -3033
 1138 -1138
 -184.8 184.8
 -671 671
 -506.2 506.2
 -677.6 677.6
 56.26 -56.26
 -1138 1138
 -253.3 253.3
 107.9 -107.9
 1325 -1325
 -442.8 442.8
 205.2 -205.2
 168.1 -168.1
 -822.3 822.3
 -290.5 290.5
 446 -446
 -593.1 593.1
 1539 -1539
 -487.3 487.3
 -817.3 817.3
 -478 478
 1989 -1989
 1147 -1147
 -1044 1044
 -101.2 101.2
 -28.58 28.58
 -155.8 155.8
 55.28 -55.28
 37.13 -37.13
 -415.5 415.5
 -557 557
 2369 -2369
 -121.2 121.2
 -376.9 376.9
 258.1 -258.1
 -1588 1588
 204.1 -204.1
 -727.9 727.9
 -672.5 672.5
 -568.1 568.1
 371.7 -371.7
 -756.8 756.8
 349.5 -349.5
 409.6 -409.6
 344.8 -344.8
 825.5 -825.5
 -1121 1121
 -195.5 195.5
 -1301 1301
 -74.99 74.99
 -694.7 694.7
 -649.7 649.7
 974.3 -974.3
 -911 911
 -663.3 663.3
 230.4 -230.4
 -758.9 758.9
 -867.9 867.9
 258.7 -258.7
 -839.8 839.8
 155.3 -155.3
 1014 -1014
 -308.9 308.9
 -1195 1195
 -519.6 519.6
 -600 600
 1347 -1347
 -673.5 673.5
 -210.2 210.2
 1652 -1652
 1280 -1280
 562 -562
 164.3 -164.3
 -1216 1216
 -597.7 597.7
 3170 -3170
 30.97 -30.97
 -747.8 747.8
 710.5 -710.5
 368.2 -368.2
 308 -308
 1635 -1635
 -611.9 611.9
 -673.5 673.5
 -3.643 3.643
 -454.2 454.2
 826.2 -826.2
 -128.3 128.3
 773.9 -773.9
 -621.3 621.3
 282.5 -282.5
 2962 -2962
 53.59 -53.59
 2143 -2143
 -340.5 340.5
 -1361 1361
 -2187 2187
 -285.2 285.2
 -771.7 771.7
 -834.8 834.8
 4033 -4033
 390.5 -390.5
 -146.3 146.3
 -473.9 473.9
 567.4 -567.4
 -424.2 424.2
 2934 -2934
 -744.5 744.5
 -514.9 514.9
 -1064 1064
 1281 -1281
 -1723 1723
 225.8 -225.8
 2833 -2833
 -188.7 188.7
 31.3 -31.3
 -317.3 317.3
 453.9 -453.9
 1807 -1807
 -464.3 464.3
 52 -52
 -676.6 676.6
 3136 -3136
 -105.3 105.3
 427.5 -427.5
 -1114 1114
 -386.7 386.7
 131.5 -131.5
 2767 -2767
 1808 -1808
 247.3 -247.3
 632.1 -632.1
 561.7 -561.7
 821.4 -821.4
 -172.8 172.8
 2665 -2665
 241.8 -241.8
 377.2 -377.2
 -1163 1163
 -228.3 228.3
 -195.8 195.8
 -719 719
 1655 -1655
 118.8 -118.8
 -490.5 490.5
 963.8 -963.8
 -886.8 886.8
 1417 -1417
 -181.5 181.5
 254.9 -254.9
 -450.5 450.5
 541.7 -541.7
 514.9 -514.9
 2039 -2039
 -374.5 374.5
 4.917 -4.917
 -454.6 454.6
 -1108 1108
 297.1 -297.1
 463.5 -463.5
 -111.5 111.5
 1633 -1633
 -466.3 466.3
 -217.3 217.3
 778.6 -778.6
 489.5 -489.5
 3984 -3984
 167.1 -167.1
 -161.8 161.8
 367.6 -367.6
 -495.3 495.3
 -724 724
 -805.5 805.5
 -454.1 454.1
 -1622 1622
 -398.9 398.9
 428.1 -428.1
 -126.2 126.2
 339.7 -339.7
 -415.6 415.6
 398 -398
 804.7 -804.7
 -408.3 408.3
 -981.2 981.2
 -510.8 510.8
 198 -198
 -339.5 339.5
 751.2 -751.2
 -707.7 707.7
 -460.3 460.3
 -63.93 63.93
 -1019 1019
 1315 -1315
 -721.1 721.1
 -2118 2118
 127.3 -127.3
 -6.348 6.348
 4696 -4696
 -901.8 901.8
 -391.8 391.8
 749.3 -749.3
 668.3 -668.3
 -523.8 523.8
 -1131 1131
 -456.4 456.4
 -1414 1414
 52.46 -52.46
 167.1 -167.1
 -970.1 970.1
 578.6 -578.6
 -578.2 578.2
 889.7 -889.7
 62.81 -62.81
 1339 -1339
 802.3 -802.3
 1128 -1128
 -66.77 66.77
 569.7 -569.7
 977 -977
 -72.44 72.44
 -1129 1129
 870 -870
 690.7 -690.7
 -1370 1370
 915.8 -915.8
 -461.9 461.9
 166.6 -166.6
 -534.1 534.1
 387.3 -387.3
 771.8 -771.8
 141.2 -141.2
 -197.5 197.5
 -458 458
 319 -319
 -187.5 187.5
 -505.3 505.3
 -364.6 364.6
 -642.4 642.4
 -90.64 90.64
 -286.6 286.6
 -778.6 778.6
 -1733 1733
 -283.8 283.8
 -1026 1026
 -263.6 263.6
 -109.4 109.4
 -800.6 800.6
 208.5 -208.5
 -210.1 210.1
 1043 -1043
 153.3 -153.3
 -467.4 467.4
 -748.3 748.3
 302.2 -302.2
 1813 -1813
 -199.6 199.6
 9.329 -9.329
 102 -102
 488.6 -488.6
 186.3 -186.3
 2202 -2202
 285.3 -285.3
 -156.9 156.9
 -413.2 413.2
 124 -124
 -205.7 205.7
 -894.8 894.8
 -868.2 868.2
 484.2 -484.2
 -499.1 499.1
 -6.505 6.505
 -423.8 423.8
 -1282 1282
 105.2 -105.2
 702 -702
 -1279 1279
 -388 388
 -337.4 337.4
 373.5 -373.5
 -681.8 681.8
 -364.5 364.5
 67.7 -67.7
 -1026 1026
 34.5 -34.5
 -346 346
 3381 -3381
 89.97 -89.97
 -1105 1105
 632.7 -632.7
 -161.2 161.2
 284.5 -284.5
 -368.2 368.2
 490.3 -490.3
 -169.9 169.9
 -2083 2083
 -189 189
 256.3 -256.3
 224.7 -224.7
 -1547 1547
 -627.4 627.4
 -1277 1277
 -10.92 10.92
 -452.5 452.5
 123.6 -123.6
 -648.1 648.1
 -229.6 229.6
 -632.8 632.8
 1951 -1951
 30.55 -30.55
 -2.5 2.5
 -1092 1092
 -182.4 182.4
 -344.9 344.9
 1286 -1286
 -1673 1673
 54.27 -54.27
 859.8 -859.8
 1024 -1024
 1756 -1756
 -1007 1007
 -1628 1628
 -436.9 436.9
 645.8 -645.8
 619.6 -619.6
 1309 -1309
 -1455 1455
 -366.7 366.7
 -435.2 435.2
 232.7 -232.7
 767.8 -767.8
 -1073 1073
 382.7 -382.7
 -415 415
 -45.3 45.3
 -316.9 316.9
 92.26 -92.26
 -477.6 477.6
 2149 -2149
 28.41 -28.41
 -1737 1737
 72.15 -72.15
 -149.5 149.5
 1452 -1452
 840.5 -840.5
 895.1 -895.1
 -441 441
 -1115 1115
 -694.9 694.9
 287.6 -287.6
 129.6 -129.6
 569 -569
 234.4 -234.4
 193.3 -193.3
 793.3 -793.3
 331.2 -331.2
 1293 -1293
 -1038 1038
 -251.8 251.8
 55.16 -55.16
 35.39 -35.39
 93.83 -93.83
 755.3 -755.3
 -1379 1379
 620.3 -620.3
 533.3 -533.3
 -432.6 432.6
 1391 -1391
 3.168 -3.168
 5.506 -5.506
 -957.5 957.5
 -337.2 337.2
 241.7 -241.7
 -494.9 494.9
 857.5 -857.5
 -155.2 155.2
 -28.52 28.52
 435 -435
 578 -578
 -289.5 289.5
 3608 -3608
 449.9 -449.9
 2766 -2766
 -517.7 517.7
 -224.8 224.8
 1334 -1334
 15.07 -15.07
 699 -699
 853.2 -853.2
 -455.6 455.6
 -288.3 288.3
 2457 -2457
 -409.8 409.8
 -861.5 861.5
 854.9 -854.9
 -2299 2299
 3292 -3292
 2375 -2375
 -61.91 61.91
 -188.3 188.3
 -263.9 263.9
 -662 662
 -498.7 498.7
 -103.9 103.9
 -1067 1067
 -616.9 616.9
 1012 -1012
 -237.3 237.3
 4160 -4160
 -752.6 752.6
 213 -213
 221.2 -221.2
 1698 -1698
 -767.3 767.3
 -1737 1737
 296.5 -296.5
 -1040 1040
 589.9 -589.9
 110 -110
 120.3 -120.3
 2264 -2264
 -339 339
 -669.7 669.7
 -789.5 789.5
 -397.7 397.7
 -297.1 297.1
 -153.5 153.5
 -347.1 347.1
 -73.48 73.48
 -1230 1230
 -33.23 33.23
 701.9 -701.9
 -704.8 704.8
 1950 -1950
 507.8 -507.8
 -467.4 467.4
 222 -222
 551.4 -551.4
 -1507 1507
 756.8 -756.8
 -343.3 343.3
 531 -531
 -796.4 796.4
 -1544 1544
 2286 -2286
 36.07 -36.07
 -14.33 14.33
 -1890 1890
 1729 -1729
 -493.3 493.3
 29 -29
 -647.1 647.1
 305.1 -305.1
 -386.8 386.8
 -724 724
 -1095 1095
 47.01 -47.01
 -507.8 507.8
 -427.8 427.8
 200 -200
 -830.6 830.6
 684.2 -684.2
 -25.46 25.46
 -46.48 46.48
 -157.3 157.3
 -522.7 522.7
 389.6 -389.6
 -119.9 119.9
 -104.4 104.4
 323.3 -323.3
 -377.3 377.3
 327.6 -327.6
 -489.9 489.9
 -577.9 577.9
 411.2 -411.2
 -394.1 394.1
 146.7 -146.7
 -93.32 93.32
 -666.2 666.2
 1085 -1085
 1395 -1395
 -360.5 360.5
 377 -377
 -671.8 671.8
 -1194 1194
 875.3 -875.3
 810.1 -810.1
 -652.2 652.2
 158 -158
 -106.5 106.5
 -698.1 698.1
 296.5 -296.5
 2953 -2953
 -495.6 495.6
 -793.3 793.3
 -18.6 18.6
 -422.3 422.3
 -43.77 43.77
 2237 -2237
 355.8 -355.8
 367.8 -367.8
 -1522 1522
 -791.2 791.2
 -1108 1108
 3174 -3174
 -167.3 167.3
 517.5 -517.5
 -848.4 848.4
 497.1 -497.1
 3870 -3870
 -1373 1373
 -217 217
 1079 -1079
 -1937 1937
 -555.2 555.2
 -424 424
 -466.6 466.6
 -560.8 560.8
 74.51 -74.51
 -1704 1704
 -97.77 97.77
 -322.8 322.8
 1408 -1408
 252.4 -252.4
 352.9 -352.9
 -265.7 265.7
 -69.39 69.39
 690.4 -690.4
 -186.5 186.5
 -930.9 930.9
 759.8 -759.8
 -324.3 324.3
 92.52 -92.52
 253.4 -253.4
 -701 701
 -732.8 732.8


