# Created by Octave 5.2.0, Fri Sep 25 00:30:10 2020 CEST <jiwidi@land>
# name: w
# type: matrix
# rows: 2001
# columns: 2
 0 0
 8124 -8124
 949.1 -949.1
 1.267e+04 -1.267e+04
 421.7 -421.7
 1747 -1747
 8372 -8372
 -1842 1842
 3473 -3473
 -968.7 968.7
 -2953 2953
 1029 -1029
 361.1 -361.1
 1908 -1908
 -2033 2033
 -6756 6756
 3303 -3303
 -6432 6432
 6681 -6681
 -343.2 343.2
 -1484 1484
 -7268 7268
 4993 -4993
 -219.5 219.5
 69.87 -69.87
 -5278 5278
 39.27 -39.27
 -1746 1746
 -2667 2667
 3724 -3724
 -6443 6443
 514.4 -514.4
 2104 -2104
 -593.1 593.1
 4409 -4409
 -1.276e+04 1.276e+04
 -1.202e+04 1.202e+04
 -3896 3896
 -6052 6052
 -2266 2266
 -1.538 1.538
 3732 -3732
 -2561 2561
 -6267 6267
 -3731 3731
 3187 -3187
 -5671 5671
 1.003e+04 -1.003e+04
 -279.3 279.3
 4289 -4289
 2005 -2005
 -2543 2543
 133.3 -133.3
 -8067 8067
 7216 -7216
 7258 -7258
 -1461 1461
 2814 -2814
 -800.2 800.2
 -8956 8956
 648.5 -648.5
 -1891 1891
 -338.9 338.9
 5285 -5285
 -4081 4081
 -1613 1613
 7377 -7377
 482.9 -482.9
 4277 -4277
 379.9 -379.9
 2713 -2713
 -1.095e+04 1.095e+04
 -1251 1251
 2610 -2610
 1.024e+04 -1.024e+04
 -4923 4923
 -2.24e+04 2.24e+04
 -6091 6091
 4835 -4835
 -8344 8344
 1313 -1313
 849.3 -849.3
 -6408 6408
 -2532 2532
 -24.85 24.85
 999.9 -999.9
 -1.037e+04 1.037e+04
 -1449 1449
 -3774 3774
 -4221 4221
 968 -968
 8073 -8073
 -45.03 45.03
 -489.3 489.3
 1.281e+04 -1.281e+04
 -895.9 895.9
 -1471 1471
 4806 -4806
 310.1 -310.1
 -904.4 904.4
 146.5 -146.5
 860.9 -860.9
 -4414 4414
 -2424 2424
 849.1 -849.1
 4728 -4728
 -4079 4079
 1004 -1004
 1209 -1209
 3350 -3350
 4778 -4778
 -886.8 886.8
 -63.77 63.77
 1517 -1517
 2024 -2024
 -3554 3554
 3177 -3177
 -2001 2001
 -5741 5741
 -3402 3402
 1513 -1513
 7602 -7602
 -1.672e+04 1.672e+04
 1084 -1084
 6057 -6057
 -1.32e+04 1.32e+04
 -2776 2776
 -1888 1888
 2566 -2566
 -724.8 724.8
 6540 -6540
 -3933 3933
 -756 756
 -3140 3140
 2511 -2511
 325.6 -325.6
 3902 -3902
 -1.524e+04 1.524e+04
 -1425 1425
 -1343 1343
 -131.6 131.6
 -1106 1106
 3628 -3628
 -992.1 992.1
 4420 -4420
 -1589 1589
 7290 -7290
 -1002 1002
 -5633 5633
 3630 -3630
 1767 -1767
 -7967 7967
 5630 -5630
 1.171e+04 -1.171e+04
 -519.6 519.6
 -2909 2909
 -2369 2369
 2596 -2596
 -6238 6238
 1024 -1024
 615.9 -615.9
 3839 -3839
 -5524 5524
 -7080 7080
 2564 -2564
 9683 -9683
 1689 -1689
 -1476 1476
 892 -892
 -3525 3525
 -1675 1675
 2088 -2088
 -4391 4391
 3807 -3807
 2853 -2853
 -475.2 475.2
 -3850 3850
 7666 -7666
 -706.3 706.3
 600.9 -600.9
 -713.6 713.6
 -6224 6224
 -1.004e+04 1.004e+04
 8529 -8529
 -593 593
 -2765 2765
 6326 -6326
 -3249 3249
 1254 -1254
 -7115 7115
 3279 -3279
 1333 -1333
 -984.1 984.1
 -1662 1662
 -4146 4146
 -4962 4962
 -1890 1890
 -5639 5639
 423.1 -423.1
 1.332e+04 -1.332e+04
 3760 -3760
 -4067 4067
 -8568 8568
 8914 -8914
 -3412 3412
 2632 -2632
 -2941 2941
 -3176 3176
 -1941 1941
 5338 -5338
 -1.912e+04 1.912e+04
 1056 -1056
 -5685 5685
 4424 -4424
 -4346 4346
 9243 -9243
 -1746 1746
 -3650 3650
 -94.46 94.46
 5564 -5564
 -2780 2780
 -1636 1636
 7677 -7677
 4650 -4650
 6412 -6412
 3753 -3753
 3108 -3108
 -388.9 388.9
 3114 -3114
 -7455 7455
 2179 -2179
 1.064e+04 -1.064e+04
 1084 -1084
 -7941 7941
 2772 -2772
 -2247 2247
 -3149 3149
 -6459 6459
 7266 -7266
 3492 -3492
 -8628 8628
 -2736 2736
 -3691 3691
 546.5 -546.5
 -4395 4395
 -5895 5895
 3291 -3291
 3443 -3443
 -1765 1765
 -7204 7204
 8668 -8668
 2274 -2274
 2403 -2403
 2875 -2875
 -1838 1838
 2615 -2615
 1699 -1699
 1.252e+04 -1.252e+04
 8281 -8281
 -825.1 825.1
 1.024e+04 -1.024e+04
 -2011 2011
 -63.52 63.52
 -3559 3559
 2618 -2618
 2279 -2279
 1167 -1167
 517.5 -517.5
 372.5 -372.5
 8077 -8077
 548.8 -548.8
 -5792 5792
 -5589 5589
 109.5 -109.5
 -766.8 766.8
 3287 -3287
 1834 -1834
 23.48 -23.48
 -6005 6005
 -8.022 8.022
 -5599 5599
 1468 -1468
 2452 -2452
 156 -156
 8065 -8065
 2559 -2559
 1938 -1938
 -2438 2438
 2918 -2918
 -9250 9250
 317.4 -317.4
 -1.435e+04 1.435e+04
 9758 -9758
 1485 -1485
 1069 -1069
 815.9 -815.9
 -1.272e+04 1.272e+04
 -1607 1607
 4737 -4737
 1769 -1769
 -4416 4416
 13.5 -13.5
 4895 -4895
 -7708 7708
 4606 -4606
 629.4 -629.4
 5248 -5248
 -885.5 885.5
 448.9 -448.9
 1927 -1927
 224.8 -224.8
 1.265e+04 -1.265e+04
 -7021 7021
 -9190 9190
 4301 -4301
 -5272 5272
 -218 218
 5105 -5105
 -1055 1055
 -1023 1023
 5115 -5115
 2.166e+04 -2.166e+04
 3550 -3550
 -524.8 524.8
 -4061 4061
 3356 -3356
 8071 -8071
 4412 -4412
 2888 -2888
 3200 -3200
 -7449 7449
 1150 -1150
 2124 -2124
 -5737 5737
 -3089 3089
 1138 -1138
 -278.1 278.1
 9815 -9815
 6455 -6455
 9068 -9068
 817 -817
 -3685 3685
 -1349 1349
 5684 -5684
 -2636 2636
 -3130 3130
 8509 -8509
 1721 -1721
 7377 -7377
 2605 -2605
 -2478 2478
 194.6 -194.6
 -1.055e+04 1.055e+04
 -2423 2423
 -3015 3015
 3707 -3707
 -3658 3658
 -2168 2168
 -448.1 448.1
 1.024e+04 -1.024e+04
 -7888 7888
 -3574 3574
 -4784 4784
 4609 -4609
 -1770 1770
 1814 -1814
 3339 -3339
 -9239 9239
 1062 -1062
 -1.126e+04 1.126e+04
 3731 -3731
 3375 -3375
 -2561 2561
 -1.143e+04 1.143e+04
 -1.019e+04 1.019e+04
 887.9 -887.9
 -1121 1121
 9189 -9189
 1552 -1552
 -1.314e+04 1.314e+04
 -4141 4141
 -4190 4190
 -661.9 661.9
 -3545 3545
 471.6 -471.6
 6125 -6125
 2671 -2671
 8822 -8822
 5906 -5906
 -4665 4665
 -357.6 357.6
 -473.9 473.9
 1194 -1194
 -1.116e+04 1.116e+04
 174.1 -174.1
 2110 -2110
 -2402 2402
 1588 -1588
 585.6 -585.6
 8640 -8640
 479.8 -479.8
 -5300 5300
 -3791 3791
 3583 -3583
 -2355 2355
 1008 -1008
 608.2 -608.2
 -222.1 222.1
 -1727 1727
 9500 -9500
 -3859 3859
 260.1 -260.1
 -1796 1796
 4187 -4187
 -7084 7084
 -518.1 518.1
 2986 -2986
 -1429 1429
 6940 -6940
 -22.09 22.09
 7995 -7995
 -5220 5220
 1.352e+04 -1.352e+04
 4036 -4036
 -3903 3903
 -2608 2608
 -4527 4527
 -684.9 684.9
 -533.3 533.3
 -1749 1749
 7569 -7569
 -3061 3061
 3920 -3920
 3287 -3287
 -5620 5620
 -1760 1760
 -2386 2386
 1890 -1890
 -1.254e+04 1.254e+04
 896.4 -896.4
 -7245 7245
 -1143 1143
 -1.475e+04 1.475e+04
 6711 -6711
 2847 -2847
 -6982 6982
 -4365 4365
 2713 -2713
 210.6 -210.6
 8615 -8615
 -2463 2463
 -945.7 945.7
 8862 -8862
 378.8 -378.8
 -1379 1379
 7612 -7612
 3611 -3611
 1.108e+04 -1.108e+04
 341.5 -341.5
 881.3 -881.3
 -1235 1235
 -25.4 25.4
 7417 -7417
 715.2 -715.2
 7226 -7226
 -1719 1719
 5145 -5145
 -3000 3000
 2148 -2148
 4453 -4453
 -5000 5000
 947.9 -947.9
 -1202 1202
 -4954 4954
 -36.19 36.19
 4412 -4412
 -3958 3958
 -650.9 650.9
 -5355 5355
 3591 -3591
 -984.6 984.6
 -5387 5387
 -196.4 196.4
 2678 -2678
 -2949 2949
 -8.033 8.033
 1606 -1606
 -9848 9848
 -185.6 185.6
 -4160 4160
 -5906 5906
 -103.2 103.2
 -1532 1532
 -3350 3350
 -677.5 677.5
 -8343 8343
 -5513 5513
 -1313 1313
 8775 -8775
 -1.472e+04 1.472e+04
 2081 -2081
 2944 -2944
 -8945 8945
 -608.8 608.8
 400.8 -400.8
 -8637 8637
 -6955 6955
 -1698 1698
 -1772 1772
 8586 -8586
 -1057 1057
 -3336 3336
 1374 -1374
 3320 -3320
 -5427 5427
 2392 -2392
 -5132 5132
 -917.6 917.6
 -2927 2927
 -8787 8787
 561.9 -561.9
 3777 -3777
 -7146 7146
 4337 -4337
 -9037 9037
 2414 -2414
 -2968 2968
 5795 -5795
 998.7 -998.7
 154.3 -154.3
 6861 -6861
 -1822 1822
 -5196 5196
 -386.6 386.6
 3857 -3857
 -1.221e+04 1.221e+04
 1.281e+04 -1.281e+04
 900.6 -900.6
 1.053e+04 -1.053e+04
 -510.6 510.6
 -5495 5495
 -4606 4606
 -4344 4344
 -5069 5069
 6563 -6563
 -9609 9609
 3663 -3663
 -4252 4252
 -6126 6126
 2487 -2487
 5465 -5465
 -2331 2331
 6095 -6095
 -4145 4145
 5701 -5701
 385.7 -385.7
 3325 -3325
 -5725 5725
 -241.3 241.3
 -2438 2438
 4176 -4176
 -292.2 292.2
 2301 -2301
 -2131 2131
 -4480 4480
 1428 -1428
 6315 -6315
 2717 -2717
 -3284 3284
 -5056 5056
 -651.9 651.9
 2218 -2218
 4429 -4429
 1.367e+04 -1.367e+04
 -5126 5126
 -1991 1991
 -596.4 596.4
 5291 -5291
 4778 -4778
 -136.8 136.8
 7306 -7306
 3663 -3663
 -273.2 273.2
 -4180 4180
 8071 -8071
 1.841e+04 -1.841e+04
 3241 -3241
 1143 -1143
 63.48 -63.48
 4089 -4089
 -1983 1983
 3118 -3118
 -4330 4330
 5857 -5857
 1720 -1720
 -7632 7632
 -3118 3118
 1248 -1248
 -271.3 271.3
 1771 -1771
 -5307 5307
 -2882 2882
 976.2 -976.2
 6169 -6169
 7076 -7076
 3011 -3011
 2.014e+04 -2.014e+04
 7628 -7628
 -1.3e+04 1.3e+04
 -1263 1263
 -304.6 304.6
 -1.317e+04 1.317e+04
 1717 -1717
 4854 -4854
 -4484 4484
 4.942 -4.942
 -4832 4832
 -2353 2353
 -4575 4575
 342.8 -342.8
 1449 -1449
 -3447 3447
 -528.9 528.9
 -2467 2467
 1194 -1194
 -245.6 245.6
 -5402 5402
 -1312 1312
 -3831 3831
 -1486 1486
 -308.8 308.8
 -9350 9350
 3235 -3235
 -3511 3511
 -2608 2608
 -8156 8156
 1200 -1200
 2375 -2375
 164.4 -164.4
 -4059 4059
 -1531 1531
 6980 -6980
 4757 -4757
 5083 -5083
 -1.048e+04 1.048e+04
 -4617 4617
 -2386 2386
 -2125 2125
 -1488 1488
 4496 -4496
 4306 -4306
 685.9 -685.9
 6615 -6615
 1.19e+04 -1.19e+04
 -3656 3656
 1733 -1733
 -4012 4012
 3606 -3606
 537.9 -537.9
 798.9 -798.9
 2634 -2634
 -1.033e+04 1.033e+04
 2602 -2602
 -1.566e+04 1.566e+04
 -3313 3313
 2058 -2058
 -6105 6105
 3884 -3884
 -459.1 459.1
 -8041 8041
 -2672 2672
 -2061 2061
 2401 -2401
 3878 -3878
 -1.056e+04 1.056e+04
 -9149 9149
 1529 -1529
 -1711 1711
 1747 -1747
 -5782 5782
 -2748 2748
 -3228 3228
 771.9 -771.9
 -2689 2689
 2487 -2487
 -7940 7940
 1132 -1132
 -1402 1402
 2989 -2989
 362.9 -362.9
 -7147 7147
 -4700 4700
 -4786 4786
 1881 -1881
 5033 -5033
 -6340 6340
 2915 -2915
 1974 -1974
 4845 -4845
 604.2 -604.2
 -3021 3021
 667.4 -667.4
 8507 -8507
 86.44 -86.44
 -3491 3491
 4264 -4264
 -4522 4522
 1679 -1679
 -7024 7024
 -323 323
 -3767 3767
 1.028e+04 -1.028e+04
 2540 -2540
 6837 -6837
 1.056e+04 -1.056e+04
 -4308 4308
 2.807e+04 -2.807e+04
 -1356 1356
 -2355 2355
 1841 -1841
 141.1 -141.1
 -6127 6127
 -7559 7559
 -7213 7213
 2887 -2887
 -4980 4980
 -5983 5983
 6203 -6203
 -4645 4645
 9596 -9596
 -1646 1646
 5411 -5411
 518.2 -518.2
 2959 -2959
 -1323 1323
 -1982 1982
 -9532 9532
 -3061 3061
 -6559 6559
 2205 -2205
 1902 -1902
 -7685 7685
 1.019e+04 -1.019e+04
 1199 -1199
 1118 -1118
 323.9 -323.9
 7071 -7071
 -455.8 455.8
 9845 -9845
 2287 -2287
 4400 -4400
 1.219e+04 -1.219e+04
 -5344 5344
 -2079 2079
 -377.2 377.2
 -2267 2267
 -5908 5908
 -2102 2102
 6309 -6309
 8231 -8231
 -3806 3806
 -4894 4894
 -6944 6944
 -2333 2333
 -4564 4564
 1233 -1233
 -2708 2708
 4728 -4728
 5175 -5175
 -1.975e+04 1.975e+04
 7832 -7832
 -4975 4975
 -251.5 251.5
 -7279 7279
 7175 -7175
 -621.7 621.7
 -7487 7487
 -6038 6038
 -1038 1038
 5420 -5420
 -3718 3718
 6057 -6057
 3490 -3490
 -7560 7560
 3947 -3947
 -379.7 379.7
 7035 -7035
 895.9 -895.9
 -3142 3142
 -6672 6672
 1.06e+04 -1.06e+04
 309 -309
 3606 -3606
 -1693 1693
 -1714 1714
 -470 470
 -1682 1682
 -2417 2417
 -365.3 365.3
 6625 -6625
 8603 -8603
 -1415 1415
 3764 -3764
 1.518e+04 -1.518e+04
 4588 -4588
 1637 -1637
 -1208 1208
 -249.2 249.2
 583.1 -583.1
 6676 -6676
 7938 -7938
 1.207e+04 -1.207e+04
 1426 -1426
 1029 -1029
 6568 -6568
 -3318 3318
 -1767 1767
 2200 -2200
 -814.5 814.5
 3563 -3563
 1519 -1519
 4171 -4171
 8812 -8812
 -1003 1003
 2100 -2100
 -3421 3421
 -2183 2183
 -4169 4169
 6011 -6011
 -207.4 207.4
 2175 -2175
 7293 -7293
 543.4 -543.4
 3890 -3890
 -2891 2891
 -4558 4558
 -5325 5325
 3505 -3505
 436.6 -436.6
 -8043 8043
 2849 -2849
 -2377 2377
 -794 794
 6563 -6563
 -297.7 297.7
 -7534 7534
 804.5 -804.5
 7443 -7443
 -4870 4870
 5210 -5210
 -4321 4321
 7487 -7487
 -3721 3721
 -2365 2365
 602.9 -602.9
 384.5 -384.5
 4418 -4418
 -6326 6326
 1415 -1415
 -5495 5495
 -4882 4882
 -317.3 317.3
 473.4 -473.4
 -2741 2741
 6443 -6443
 -1673 1673
 -1829 1829
 3502 -3502
 5893 -5893
 903.6 -903.6
 4034 -4034
 2418 -2418
 998.2 -998.2
 5465 -5465
 -2627 2627
 3283 -3283
 -6070 6070
 3612 -3612
 6380 -6380
 -2867 2867
 8356 -8356
 8488 -8488
 -4185 4185
 7932 -7932
 894.4 -894.4
 1.141e+04 -1.141e+04
 3766 -3766
 -737.1 737.1
 -3867 3867
 -2878 2878
 -2107 2107
 -7761 7761
 2444 -2444
 3937 -3937
 2408 -2408
 2809 -2809
 1.432e+04 -1.432e+04
 -4412 4412
 -2612 2612
 -1565 1565
 -4493 4493
 1493 -1493
 -4844 4844
 1733 -1733
 -8590 8590
 6466 -6466
 8559 -8559
 -4084 4084
 -312.9 312.9
 -359.1 359.1
 1.2e+04 -1.2e+04
 464.6 -464.6
 6444 -6444
 5150 -5150
 -6444 6444
 -2738 2738
 4723 -4723
 7233 -7233
 7397 -7397
 -1.181e+04 1.181e+04
 4509 -4509
 -2544 2544
 3819 -3819
 -4064 4064
 -7310 7310
 254.4 -254.4
 1227 -1227
 1143 -1143
 1121 -1121
 -1.129e+04 1.129e+04
 -1962 1962
 2910 -2910
 516.4 -516.4
 -933.2 933.2
 2853 -2853
 2869 -2869
 -4590 4590
 7811 -7811
 928.7 -928.7
 3475 -3475
 4360 -4360
 2302 -2302
 -1520 1520
 1898 -1898
 3968 -3968
 -641.9 641.9
 -3424 3424
 -5447 5447
 1514 -1514
 -1497 1497
 -87.43 87.43
 -6240 6240
 -594.8 594.8
 -6195 6195
 1705 -1705
 -7086 7086
 -1593 1593
 803.1 -803.1
 4203 -4203
 2945 -2945
 -2892 2892
 -1.157e+04 1.157e+04
 7266 -7266
 7947 -7947
 -3218 3218
 3323 -3323
 -1.056e+04 1.056e+04
 -7348 7348
 3676 -3676
 -3121 3121
 1000 -1000
 1.393e+04 -1.393e+04
 -965.7 965.7
 1550 -1550
 4049 -4049
 2435 -2435
 2395 -2395
 3805 -3805
 -872.8 872.8
 -1810 1810
 413 -413
 -2014 2014
 -7671 7671
 -2272 2272
 2299 -2299
 5145 -5145
 -4210 4210
 -2499 2499
 -5.752 5.752
 -53 53
 574.9 -574.9
 5027 -5027
 -3813 3813
 5155 -5155
 -156.3 156.3
 3011 -3011
 -398.4 398.4
 -1.469e+04 1.469e+04
 -1038 1038
 1213 -1213
 -3832 3832
 1177 -1177
 -1000 1000
 -267.2 267.2
 1.513e+04 -1.513e+04
 -3188 3188
 968.8 -968.8
 -5627 5627
 -5992 5992
 -185.1 185.1
 4585 -4585
 2400 -2400
 1013 -1013
 3763 -3763
 3820 -3820
 2827 -2827
 -3904 3904
 5600 -5600
 -4583 4583
 4644 -4644
 872.6 -872.6
 -1.001e+04 1.001e+04
 1618 -1618
 87.44 -87.44
 -9412 9412
 -7300 7300
 -6489 6489
 893.3 -893.3
 3425 -3425
 -5693 5693
 -2281 2281
 3798 -3798
 950.8 -950.8
 -2397 2397
 1341 -1341
 -1.007e+04 1.007e+04
 -5491 5491
 2578 -2578
 -7503 7503
 -2494 2494
 2938 -2938
 -4759 4759
 -2037 2037
 -1185 1185
 -7773 7773
 -1873 1873
 -2872 2872
 -516.9 516.9
 7257 -7257
 6764 -6764
 -4956 4956
 2620 -2620
 4368 -4368
 -6991 6991
 -4463 4463
 -8059 8059
 2022 -2022
 2507 -2507
 -1426 1426
 -1.068e+04 1.068e+04
 -4827 4827
 6747 -6747
 5333 -5333
 -8809 8809
 2518 -2518
 -1.54e+04 1.54e+04
 -215.1 215.1
 8648 -8648
 -3867 3867
 -1913 1913
 -286.4 286.4
 5659 -5659
 1389 -1389
 1.706e+04 -1.706e+04
 4448 -4448
 9065 -9065
 -1.082e+04 1.082e+04
 6612 -6612
 472.8 -472.8
 514.4 -514.4
 7067 -7067
 5278 -5278
 -4980 4980
 -7880 7880
 -2200 2200
 6468 -6468
 3328 -3328
 143.2 -143.2
 283.2 -283.2
 -6557 6557
 -284.7 284.7
 -1322 1322
 -290.6 290.6
 1679 -1679
 3312 -3312
 1.092e+04 -1.092e+04
 -1.126e+04 1.126e+04
 -2671 2671
 381 -381
 4333 -4333
 -1.134e+04 1.134e+04
 5956 -5956
 1055 -1055
 -3829 3829
 -3805 3805
 -3337 3337
 1409 -1409
 -3121 3121
 -2817 2817
 -747.6 747.6
 4539 -4539
 1497 -1497
 2635 -2635
 -3851 3851
 6539 -6539
 905 -905
 -534.9 534.9
 6698 -6698
 -1609 1609
 -482.9 482.9
 1632 -1632
 -1374 1374
 35.81 -35.81
 -3452 3452
 -2833 2833
 -287.4 287.4
 -3784 3784
 -690.3 690.3
 -2220 2220
 -2960 2960
 -3382 3382
 -2492 2492
 3073 -3073
 -1673 1673
 1644 -1644
 -1.312e+04 1.312e+04
 4000 -4000
 -2406 2406
 -2926 2926
 2983 -2983
 -1479 1479
 -541.8 541.8
 2544 -2544
 -3809 3809
 8211 -8211
 500.5 -500.5
 -4704 4704
 4668 -4668
 -6374 6374
 2351 -2351
 -1993 1993
 1791 -1791
 -1.064e+04 1.064e+04
 -3477 3477
 8295 -8295
 464.7 -464.7
 4585 -4585
 5787 -5787
 -1825 1825
 -3133 3133
 4488 -4488
 -1.155e+04 1.155e+04
 -2354 2354
 1664 -1664
 1723 -1723
 367.8 -367.8
 -684.5 684.5
 937.4 -937.4
 -7469 7469
 -7616 7616
 4084 -4084
 -2444 2444
 2971 -2971
 248.3 -248.3
 -2577 2577
 -8514 8514
 1.23e+04 -1.23e+04
 -7799 7799
 3690 -3690
 -3805 3805
 2947 -2947
 -1745 1745
 203.5 -203.5
 -543 543
 9462 -9462
 770 -770
 -576.7 576.7
 3979 -3979
 1.18e+04 -1.18e+04
 -4015 4015
 -316.5 316.5
 6900 -6900
 631.7 -631.7
 -5568 5568
 1446 -1446
 2559 -2559
 -1.373e+04 1.373e+04
 -3446 3446
 1227 -1227
 -1.61e+04 1.61e+04
 -1919 1919
 2010 -2010
 568.9 -568.9
 4425 -4425
 -1468 1468
 -3205 3205
 -1973 1973
 2149 -2149
 -1098 1098
 693.2 -693.2
 -4037 4037
 -726.5 726.5
 9126 -9126
 -1051 1051
 1.155e+04 -1.155e+04
 -80.16 80.16
 -6261 6261
 576.6 -576.6
 -8020 8020
 7494 -7494
 -5923 5923
 -1096 1096
 5349 -5349
 3281 -3281
 -1792 1792
 -9296 9296
 -7349 7349
 -1855 1855
 2977 -2977
 -5144 5144
 -1884 1884
 -2708 2708
 -766.3 766.3
 1044 -1044
 -4266 4266
 1.07e+04 -1.07e+04
 -8544 8544
 1.14e+04 -1.14e+04
 2373 -2373
 -2154 2154
 -3791 3791
 3024 -3024
 635.6 -635.6
 1913 -1913
 -7294 7294
 -1.065e+04 1.065e+04
 -3897 3897
 8656 -8656
 -5613 5613
 -1401 1401
 -4190 4190
 -245.6 245.6
 -2650 2650
 4174 -4174
 -3791 3791
 -1462 1462
 1457 -1457
 1412 -1412
 -1455 1455
 4671 -4671
 4858 -4858
 1260 -1260
 -1380 1380
 -1462 1462
 2328 -2328
 1327 -1327
 5252 -5252
 -4266 4266
 -1809 1809
 -1388 1388
 7279 -7279
 -470.5 470.5
 1930 -1930
 6219 -6219
 34.01 -34.01
 1711 -1711
 -2978 2978
 -1757 1757
 -9459 9459
 1118 -1118
 -5142 5142
 -1719 1719
 5497 -5497
 -3210 3210
 4363 -4363
 3108 -3108
 -6436 6436
 -9175 9175
 4174 -4174
 -6368 6368
 2912 -2912
 -4129 4129
 -2321 2321
 8196 -8196
 1.406e+04 -1.406e+04
 7698 -7698
 -3141 3141
 1.322e+04 -1.322e+04
 -3735 3735
 3898 -3898
 -6641 6641
 -2431 2431
 8832 -8832
 -4246 4246
 -2978 2978
 1402 -1402
 -1455 1455
 -457.2 457.2
 -1439 1439
 -2023 2023
 2293 -2293
 -8021 8021
 -3331 3331
 -3997 3997
 1783 -1783
 7432 -7432
 729.8 -729.8
 2770 -2770
 4651 -4651
 8193 -8193
 3430 -3430
 -7271 7271
 93.75 -93.75
 -2711 2711
 1754 -1754
 -2495 2495
 5453 -5453
 -1.312e+04 1.312e+04
 3606 -3606
 6627 -6627
 -6025 6025
 3500 -3500
 5734 -5734
 198.9 -198.9
 -1426 1426
 1078 -1078
 4549 -4549
 -1.123e+04 1.123e+04
 5038 -5038
 -1.839e+04 1.839e+04
 1.339e+04 -1.339e+04
 -3372 3372
 -1.467e+04 1.467e+04
 3911 -3911
 1046 -1046
 -3813 3813
 1682 -1682
 -1468 1468
 -1441 1441
 -9569 9569
 1821 -1821
 323.1 -323.1
 8993 -8993
 -1092 1092
 7368 -7368
 7262 -7262
 4017 -4017
 4992 -4992
 1668 -1668
 -297.8 297.8
 3047 -3047
 -210.1 210.1
 -4088 4088
 -5127 5127
 -6059 6059
 -6846 6846
 6201 -6201
 7661 -7661
 285.9 -285.9
 -993 993
 -896.5 896.5
 -1.048e+04 1.048e+04
 2730 -2730
 -4249 4249
 -412.8 412.8
 1157 -1157
 1932 -1932
 1497 -1497
 3038 -3038
 -5325 5325
 2.399e+04 -2.399e+04
 5428 -5428
 819.4 -819.4
 1557 -1557
 9824 -9824
 -9259 9259
 -2989 2989
 -1704 1704
 171 -171
 -2410 2410
 1.146e+04 -1.146e+04
 1688 -1688
 4960 -4960
 -8661 8661
 -4509 4509
 -706 706
 198.6 -198.6
 3813 -3813
 -2130 2130
 6775 -6775
 -4359 4359
 -1990 1990
 374.9 -374.9
 3731 -3731
 -7557 7557
 5797 -5797
 -4711 4711
 4851 -4851
 2646 -2646
 520.8 -520.8
 -3213 3213
 767.3 -767.3
 3486 -3486
 -3912 3912
 4751 -4751
 2710 -2710
 458.8 -458.8
 3917 -3917
 -29.95 29.95
 4100 -4100
 -990.8 990.8
 -1646 1646
 -1.569e+04 1.569e+04
 1140 -1140
 -5002 5002
 -4325 4325
 -2616 2616
 -3116 3116
 -4093 4093
 -1472 1472
 2035 -2035
 -1.148e+04 1.148e+04
 4429 -4429
 -6319 6319
 -2494 2494
 1613 -1613
 7467 -7467
 -2698 2698
 -1776 1776
 -5734 5734
 6165 -6165
 -2811 2811
 5359 -5359
 -301 301
 2155 -2155
 -7025 7025
 2048 -2048
 1673 -1673
 -227.7 227.7
 1.581e+04 -1.581e+04
 1.88e+04 -1.88e+04
 -7156 7156
 5378 -5378
 462.1 -462.1
 8892 -8892
 43.81 -43.81
 4400 -4400
 -3889 3889
 -5962 5962
 -9527 9527
 1157 -1157
 -5120 5120
 2523 -2523
 5248 -5248
 1853 -1853
 1.663e+04 -1.663e+04
 1.065e+04 -1.065e+04
 863.1 -863.1
 -5683 5683
 -4147 4147
 1395 -1395
 -196.9 196.9
 -5127 5127
 5867 -5867
 997.1 -997.1
 7635 -7635
 -1.007e+04 1.007e+04
 3623 -3623
 7197 -7197
 -1.067e+04 1.067e+04
 -2065 2065
 2881 -2881
 -4482 4482
 7234 -7234
 1048 -1048
 -2257 2257
 -1.446e+04 1.446e+04
 -2984 2984
 4716 -4716
 -6701 6701
 173.1 -173.1
 1.513e+04 -1.513e+04
 -2853 2853
 1.139e+04 -1.139e+04
 3757 -3757
 -314.2 314.2
 -3632 3632
 4094 -4094
 5673 -5673
 3558 -3558
 -5096 5096
 -1976 1976
 1689 -1689
 -8479 8479
 -1938 1938
 -5448 5448
 9009 -9009
 2956 -2956
 -1359 1359
 -4347 4347
 -953.3 953.3
 -1864 1864
 -496.2 496.2
 1.39e+04 -1.39e+04
 -1989 1989
 -835.2 835.2
 -169.2 169.2
 -3547 3547
 2210 -2210
 3567 -3567
 1499 -1499
 -1970 1970
 -4862 4862
 -3024 3024
 1095 -1095
 2194 -2194
 -8846 8846
 4422 -4422
 -4121 4121
 -5912 5912
 -5977 5977
 -3044 3044
 7268 -7268
 -3303 3303
 1211 -1211
 3761 -3761
 5229 -5229
 1636 -1636
 -7668 7668
 -2604 2604
 -2791 2791
 -829.3 829.3
 -5440 5440
 4335 -4335
 -2590 2590
 301.6 -301.6
 -4611 4611
 -3722 3722
 -3184 3184
 -1094 1094
 5689 -5689
 -3368 3368
 -1098 1098
 3302 -3302
 292 -292
 -2981 2981
 292.3 -292.3
 1.208e+04 -1.208e+04
 1185 -1185
 1208 -1208
 -1701 1701
 -1128 1128
 -1703 1703
 -5100 5100
 -9195 9195
 -2629 2629
 6183 -6183
 -1397 1397
 -2185 2185
 1129 -1129
 1959 -1959
 5185 -5185
 1.638e+04 -1.638e+04
 4331 -4331
 6930 -6930
 -1846 1846
 6128 -6128
 -5388 5388
 1.132e+04 -1.132e+04
 7324 -7324
 5452 -5452
 3108 -3108
 -5666 5666
 5184 -5184
 4757 -4757
 -4998 4998
 8472 -8472
 -7688 7688
 1.741e+04 -1.741e+04
 127.2 -127.2
 2833 -2833
 -3048 3048
 -4022 4022
 4217 -4217
 1.305e+04 -1.305e+04
 -1.347e+04 1.347e+04
 7038 -7038
 -267.5 267.5
 182 -182
 8770 -8770
 1486 -1486
 5570 -5570
 5998 -5998
 569.3 -569.3
 2627 -2627
 4655 -4655
 2254 -2254
 1983 -1983
 7817 -7817
 217.7 -217.7
 2788 -2788
 2873 -2873
 -1787 1787
 1535 -1535
 3254 -3254
 -244.2 244.2
 -2240 2240
 -8172 8172
 -2899 2899
 1.37e+04 -1.37e+04
 -3095 3095
 -6535 6535
 9066 -9066
 3117 -3117
 2825 -2825
 -4155 4155
 -440.1 440.1
 5709 -5709
 -4567 4567
 -61.98 61.98
 -2254 2254
 7367 -7367
 4564 -4564
 3751 -3751
 -6137 6137
 1023 -1023
 -3322 3322
 -2147 2147
 3310 -3310
 -4548 4548
 -4534 4534
 -1.225e+04 1.225e+04
 8432 -8432
 -5723 5723
 -1882 1882
 -512 512
 -5462 5462
 5175 -5175
 3746 -3746
 -6591 6591
 708.1 -708.1
 6023 -6023
 -2911 2911
 849.7 -849.7
 -4866 4866
 -195.3 195.3
 1647 -1647
 468.5 -468.5
 -7480 7480
 -9026 9026
 -9321 9321
 4680 -4680
 2320 -2320
 7565 -7565
 -5603 5603
 -2326 2326
 4365 -4365
 1726 -1726
 1683 -1683
 5150 -5150
 -1.074e+04 1.074e+04
 478.1 -478.1
 2252 -2252
 -7441 7441
 -1029 1029
 5655 -5655
 1.037e+04 -1.037e+04
 -991.3 991.3
 -3989 3989
 8839 -8839
 5245 -5245
 4392 -4392
 -3046 3046
 -3960 3960
 -5131 5131
 414.6 -414.6
 1582 -1582
 7298 -7298
 -1195 1195
 -4364 4364
 3323 -3323
 2200 -2200
 -5732 5732
 -1895 1895
 3089 -3089
 3533 -3533
 524.3 -524.3
 3087 -3087
 -5299 5299
 8375 -8375
 4296 -4296
 -9429 9429
 -4374 4374
 -7885 7885
 2497 -2497
 1433 -1433
 -3244 3244
 -7727 7727
 -3461 3461
 -3373 3373
 -7214 7214
 -1583 1583
 -7916 7916
 2464 -2464
 5022 -5022
 525.7 -525.7
 3011 -3011
 -4753 4753
 1350 -1350
 4816 -4816
 8129 -8129
 -2779 2779
 -194.8 194.8
 5271 -5271
 8326 -8326
 -2132 2132
 -7790 7790
 -3139 3139
 4095 -4095
 -4871 4871
 3847 -3847
 -3609 3609
 -40.35 40.35
 -1.207e+04 1.207e+04
 355.5 -355.5
 -7332 7332
 -1708 1708
 -309.2 309.2
 -1.59e+04 1.59e+04
 1037 -1037
 4923 -4923
 4221 -4221
 1771 -1771
 -3457 3457
 -3153 3153
 -3825 3825
 -3341 3341
 -4177 4177
 -3885 3885
 -4834 4834
 383.4 -383.4
 7205 -7205
 5708 -5708
 340.8 -340.8
 -1245 1245
 1396 -1396
 3823 -3823
 2512 -2512
 1947 -1947
 -7676 7676
 -1232 1232
 -3462 3462
 -362.4 362.4
 6656 -6656
 -7141 7141
 -3499 3499
 -5084 5084
 -7229 7229
 -1.018e+04 1.018e+04
 -742.2 742.2
 38.17 -38.17
 -4199 4199
 -3710 3710
 1.093e+04 -1.093e+04
 -9778 9778
 -4627 4627
 -2626 2626
 1198 -1198
 -5937 5937
 5102 -5102
 -4580 4580
 -5045 5045
 7196 -7196
 8319 -8319
 8411 -8411
 -3546 3546
 -7600 7600
 9897 -9897
 1737 -1737
 -5878 5878
 3739 -3739
 -7471 7471
 1973 -1973
 -3578 3578
 -577.5 577.5
 1.104e+04 -1.104e+04
 -3107 3107
 6503 -6503
 -2028 2028
 7220 -7220
 -9942 9942
 -6606 6606
 1384 -1384
 1.186e+04 -1.186e+04
 -3690 3690
 1103 -1103
 3416 -3416
 -7332 7332
 5610 -5610
 3795 -3795
 -4432 4432
 2917 -2917
 -4398 4398
 -1018 1018
 -487.4 487.4
 -371.6 371.6
 -2829 2829
 1144 -1144
 -4415 4415
 1.248e+04 -1.248e+04
 -5562 5562
 5252 -5252
 -1986 1986
 -2031 2031
 175.9 -175.9
 6057 -6057
 -3505 3505
 5328 -5328
 662.2 -662.2
 -746.6 746.6
 -796.2 796.2
 1485 -1485
 8196 -8196
 -1439 1439
 2271 -2271
 -4801 4801
 -5374 5374
 1.032e+04 -1.032e+04
 -2402 2402
 5773 -5773
 -813.7 813.7
 -2416 2416
 872.2 -872.2
 5649 -5649
 4398 -4398
 -789.7 789.7
 -4313 4313
 -6302 6302
 1205 -1205
 2526 -2526
 2514 -2514
 -937.5 937.5
 8778 -8778
 1.014e+04 -1.014e+04
 -1100 1100
 376.6 -376.6
 9733 -9733
 -1492 1492
 225.4 -225.4
 -5811 5811
 -1.209e+04 1.209e+04
 432.1 -432.1
 2775 -2775
 1650 -1650
 -4222 4222
 7733 -7733
 -4777 4777
 -2872 2872
 -152.7 152.7
 372.7 -372.7
 2717 -2717
 2923 -2923
 -9595 9595
 -331.8 331.8
 3674 -3674
 -1179 1179
 3354 -3354
 3369 -3369
 -1188 1188
 -260.5 260.5
 1.133e+04 -1.133e+04
 -1347 1347
 4689 -4689
 7918 -7918
 -6639 6639
 -4013 4013
 1229 -1229
 -4208 4208
 2452 -2452
 2199 -2199
 879.8 -879.8
 -5571 5571
 -2097 2097
 -2515 2515
 -1705 1705
 -2075 2075
 -4689 4689
 -7489 7489
 9350 -9350
 1.324e+04 -1.324e+04
 9085 -9085
 -5640 5640
 2301 -2301
 -392.7 392.7
 3445 -3445
 3102 -3102
 8407 -8407
 -1590 1590
 1889 -1889
 7453 -7453
 734.3 -734.3
 -2918 2918
 -1.783e+04 1.783e+04
 -6960 6960
 -6756 6756
 1766 -1766
 -7004 7004
 151.4 -151.4
 -1065 1065
 1187 -1187
 -6814 6814
 947.4 -947.4
 -4304 4304
 -857.4 857.4
 1648 -1648
 -4796 4796
 1.277e+04 -1.277e+04
 1717 -1717
 2401 -2401
 -660.8 660.8
 431.7 -431.7
 299.3 -299.3
 506.4 -506.4
 1545 -1545
 5627 -5627
 112.2 -112.2
 -1851 1851
 742.2 -742.2
 -2004 2004
 -1.063e+04 1.063e+04
 -271.2 271.2
 -4015 4015
 3029 -3029
 3207 -3207
 4512 -4512
 3598 -3598
 -736.9 736.9
 -3898 3898
 -1105 1105
 2620 -2620
 521.5 -521.5
 575.6 -575.6
 -1.063e+04 1.063e+04
 -2139 2139
 149.3 -149.3
 -5144 5144
 -7071 7071
 9861 -9861
 3859 -3859
 -7121 7121
 -2052 2052
 -3797 3797
 5045 -5045
 4231 -4231
 6405 -6405
 -1016 1016
 -9654 9654
 -5463 5463
 -7846 7846
 1.261e+04 -1.261e+04
 -1839 1839
 -1716 1716
 -5193 5193
 4097 -4097
 7968 -7968
 -2932 2932
 2316 -2316
 146.5 -146.5
 -5728 5728
 8517 -8517
 1286 -1286
 -1.158e+04 1.158e+04
 8021 -8021
 -5512 5512
 4635 -4635
 -1476 1476
 -1188 1188
 434.9 -434.9
 -2476 2476
 8999 -8999
 -5375 5375
 -191.7 191.7
 8507 -8507
 1420 -1420
 -7459 7459
 2314 -2314
 -7431 7431
 -5299 5299
 4863 -4863
 -6619 6619
 700.5 -700.5


