# Created by Octave 5.2.0, Fri Sep 25 00:32:12 2020 CEST <jiwidi@land>
# name: w
# type: matrix
# rows: 2001
# columns: 2
 0 0
 8468 -8468
 -522.2 522.2
 1.559e+04 -1.559e+04
 484.6 -484.6
 2488 -2488
 9871 -9871
 -1545 1545
 4175 -4175
 -1922 1922
 -1147 1147
 527 -527
 956.7 -956.7
 1966 -1966
 -3058 3058
 -7608 7608
 4198 -4198
 -6051 6051
 9021 -9021
 -1103 1103
 -560.5 560.5
 -6743 6743
 3543 -3543
 97.86 -97.86
 658.1 -658.1
 -7723 7723
 -1977 1977
 -613.5 613.5
 -2952 2952
 3589 -3589
 -4832 4832
 -54.91 54.91
 3088 -3088
 -351.7 351.7
 4531 -4531
 -1.5e+04 1.5e+04
 -1.454e+04 1.454e+04
 -3400 3400
 -6831 6831
 -2116 2116
 -548.4 548.4
 2630 -2630
 -2774 2774
 -7425 7425
 -4115 4115
 2382 -2382
 -5823 5823
 1.356e+04 -1.356e+04
 -56.7 56.7
 6238 -6238
 2513 -2513
 -2983 2983
 600.4 -600.4
 -6267 6267
 8541 -8541
 8009 -8009
 -1323 1323
 1629 -1629
 -944.8 944.8
 -9837 9837
 2083 -2083
 -2559 2559
 751.8 -751.8
 5995 -5995
 -4389 4389
 -1792 1792
 7575 -7575
 -1690 1690
 5683 -5683
 1633 -1633
 1179 -1179
 -1.219e+04 1.219e+04
 -1183 1183
 4425 -4425
 1.12e+04 -1.12e+04
 -6112 6112
 -2.141e+04 2.141e+04
 -6236 6236
 5915 -5915
 -9728 9728
 2681 -2681
 851.6 -851.6
 -7839 7839
 -1445 1445
 70.71 -70.71
 1679 -1679
 -1.063e+04 1.063e+04
 -2304 2304
 -4730 4730
 -911.3 911.3
 2118 -2118
 8001 -8001
 356.1 -356.1
 -746.7 746.7
 1.305e+04 -1.305e+04
 -815.5 815.5
 -2891 2891
 6161 -6161
 340 -340
 -765.3 765.3
 720.6 -720.6
 2274 -2274
 -4810 4810
 -6124 6124
 1427 -1427
 5659 -5659
 -1169 1169
 2156 -2156
 2037 -2037
 3048 -3048
 5647 -5647
 -1483 1483
 1290 -1290
 679.7 -679.7
 3957 -3957
 -3018 3018
 4026 -4026
 -2852 2852
 -6799 6799
 -4093 4093
 -203.2 203.2
 8202 -8202
 -1.862e+04 1.862e+04
 2122 -2122
 5749 -5749
 -1.606e+04 1.606e+04
 -3406 3406
 -2853 2853
 4023 -4023
 -76.42 76.42
 8996 -8996
 -3648 3648
 473.6 -473.6
 -2961 2961
 5411 -5411
 -382.4 382.4
 3831 -3831
 -1.736e+04 1.736e+04
 -1991 1991
 -2009 2009
 -997.2 997.2
 -1838 1838
 3871 -3871
 -3005 3005
 5177 -5177
 -3131 3131
 9374 -9374
 -833.1 833.1
 -4744 4744
 3159 -3159
 877.1 -877.1
 -9783 9783
 4475 -4475
 1.223e+04 -1.223e+04
 -1070 1070
 -3332 3332
 -1799 1799
 2697 -2697
 -7251 7251
 509 -509
 -132 132
 5119 -5119
 -5846 5846
 -9364 9364
 3394 -3394
 1.337e+04 -1.337e+04
 5471 -5471
 -442.9 442.9
 796.9 -796.9
 -4166 4166
 -1964 1964
 3440 -3440
 -4257 4257
 3898 -3898
 3156 -3156
 -504.7 504.7
 -5016 5016
 8376 -8376
 -3293 3293
 602 -602
 -407.9 407.9
 -6171 6171
 -1.139e+04 1.139e+04
 8403 -8403
 -1011 1011
 -3168 3168
 8807 -8807
 -5165 5165
 2147 -2147
 -8785 8785
 4009 -4009
 889.1 -889.1
 -2232 2232
 -682.3 682.3
 -4312 4312
 -4977 4977
 -1355 1355
 -5649 5649
 -103.4 103.4
 1.522e+04 -1.522e+04
 2951 -2951
 -3643 3643
 -8441 8441
 1.006e+04 -1.006e+04
 -2845 2845
 3579 -3579
 -902.5 902.5
 -3617 3617
 -2051 2051
 7812 -7812
 -1.966e+04 1.966e+04
 1777 -1777
 -4891 4891
 6007 -6007
 -4249 4249
 1.26e+04 -1.26e+04
 -1834 1834
 -5024 5024
 1045 -1045
 4951 -4951
 -3744 3744
 -206.7 206.7
 5890 -5890
 5967 -5967
 6419 -6419
 5843 -5843
 1471 -1471
 -1177 1177
 2448 -2448
 -7489 7489
 3034 -3034
 1.001e+04 -1.001e+04
 2242 -2242
 -7144 7144
 2750 -2750
 -1814 1814
 -2187 2187
 -6774 6774
 8318 -8318
 3877 -3877
 -7520 7520
 -1939 1939
 -3476 3476
 -376.3 376.3
 -4974 4974
 -6405 6405
 4500 -4500
 1821 -1821
 -2455 2455
 -7219 7219
 7578 -7578
 3156 -3156
 3267 -3267
 1772 -1772
 -2915 2915
 4227 -4227
 1876 -1876
 1.103e+04 -1.103e+04
 7407 -7407
 -592.7 592.7
 1.417e+04 -1.417e+04
 -3017 3017
 1183 -1183
 -4869 4869
 2904 -2904
 2594 -2594
 609.6 -609.6
 627.9 -627.9
 138 -138
 1.017e+04 -1.017e+04
 717.9 -717.9
 -5214 5214
 -3496 3496
 -765.7 765.7
 -571.8 571.8
 3357 -3357
 3161 -3161
 -826.2 826.2
 -7152 7152
 -2544 2544
 -5870 5870
 2561 -2561
 3318 -3318
 479.8 -479.8
 1.029e+04 -1.029e+04
 2196 -2196
 2894 -2894
 -2158 2158
 5026 -5026
 -9448 9448
 -617.2 617.2
 -1.544e+04 1.544e+04
 1.098e+04 -1.098e+04
 1985 -1985
 16.89 -16.89
 1671 -1671
 -1.345e+04 1.345e+04
 -1696 1696
 6081 -6081
 416.4 -416.4
 -5784 5784
 -132.8 132.8
 4713 -4713
 -1.003e+04 1.003e+04
 4036 -4036
 795.5 -795.5
 5081 -5081
 -1803 1803
 1100 -1100
 1683 -1683
 -149 149
 1.066e+04 -1.066e+04
 -7419 7419
 -1.011e+04 1.011e+04
 6179 -6179
 -6914 6914
 282.4 -282.4
 3947 -3947
 -1818 1818
 -2623 2623
 5306 -5306
 2.351e+04 -2.351e+04
 4047 -4047
 -412.6 412.6
 -5067 5067
 2568 -2568
 9044 -9044
 3576 -3576
 159 -159
 1644 -1644
 -6306 6306
 1693 -1693
 2097 -2097
 -6128 6128
 -4691 4691
 1142 -1142
 -667.2 667.2
 1.224e+04 -1.224e+04
 6734 -6734
 1.01e+04 -1.01e+04
 -413.8 413.8
 -5616 5616
 -4044 4044
 5057 -5057
 344.5 -344.5
 -3053 3053
 8997 -8997
 2455 -2455
 8306 -8306
 6707 -6707
 -2691 2691
 -1170 1170
 -1.176e+04 1.176e+04
 -3405 3405
 -2843 2843
 5106 -5106
 -4695 4695
 -2762 2762
 -669 669
 1.067e+04 -1.067e+04
 -8437 8437
 -5952 5952
 -6229 6229
 5363 -5363
 -1880 1880
 2297 -2297
 4367 -4367
 -9649 9649
 2975 -2975
 -1.351e+04 1.351e+04
 4490 -4490
 3431 -3431
 -3671 3671
 -1.279e+04 1.279e+04
 -1.279e+04 1.279e+04
 1083 -1083
 -930 930
 9721 -9721
 -489.8 489.8
 -1.539e+04 1.539e+04
 -3355 3355
 -5054 5054
 -407.3 407.3
 -3877 3877
 293.9 -293.9
 4962 -4962
 1959 -1959
 9252 -9252
 6599 -6599
 -3205 3205
 -2034 2034
 -908.7 908.7
 483.2 -483.2
 -9974 9974
 -574.5 574.5
 2139 -2139
 -2606 2606
 3272 -3272
 -867.7 867.7
 8877 -8877
 -1038 1038
 -6444 6444
 -4011 4011
 3560 -3560
 -3208 3208
 -958.2 958.2
 1229 -1229
 -688.4 688.4
 -2949 2949
 1.182e+04 -1.182e+04
 -4521 4521
 1044 -1044
 -1561 1561
 3757 -3757
 -9996 9996
 -4.369 4.369
 3747 -3747
 -2570 2570
 8075 -8075
 1400 -1400
 7836 -7836
 -6426 6426
 1.673e+04 -1.673e+04
 3693 -3693
 -5119 5119
 -2712 2712
 -6654 6654
 -1417 1417
 -637.3 637.3
 -2429 2429
 8854 -8854
 -5620 5620
 6049 -6049
 1860 -1860
 -4965 4965
 -1334 1334
 -3953 3953
 1953 -1953
 -1.34e+04 1.34e+04
 468.5 -468.5
 -4808 4808
 -1486 1486
 -1.478e+04 1.478e+04
 9019 -9019
 3075 -3075
 -6747 6747
 -3351 3351
 2318 -2318
 334.1 -334.1
 1.051e+04 -1.051e+04
 -302.2 302.2
 154.9 -154.9
 1.146e+04 -1.146e+04
 1375 -1375
 -605.9 605.9
 9243 -9243
 1780 -1780
 1.264e+04 -1.264e+04
 -1298 1298
 -89.23 89.23
 -778.7 778.7
 1242 -1242
 5571 -5571
 1167 -1167
 7978 -7978
 -2202 2202
 4498 -4498
 -2392 2392
 2487 -2487
 3487 -3487
 -4716 4716
 205.1 -205.1
 882 -882
 -6368 6368
 -397.5 397.5
 6308 -6308
 -4659 4659
 -987.6 987.6
 -4463 4463
 4180 -4180
 -1019 1019
 -4471 4471
 1851 -1851
 2943 -2943
 -766.7 766.7
 -47.37 47.37
 1471 -1471
 -1.192e+04 1.192e+04
 -286.5 286.5
 -2929 2929
 -7313 7313
 524.4 -524.4
 -1212 1212
 -4199 4199
 -1661 1661
 -8633 8633
 -7645 7645
 -1038 1038
 8140 -8140
 -1.567e+04 1.567e+04
 4240 -4240
 4335 -4335
 -8796 8796
 -619.1 619.1
 -1229 1229
 -1.093e+04 1.093e+04
 -8032 8032
 -684.7 684.7
 -1852 1852
 8366 -8366
 -690.1 690.1
 -2238 2238
 -2186 2186
 2950 -2950
 -3180 3180
 2432 -2432
 -4554 4554
 1124 -1124
 -1362 1362
 -8840 8840
 1121 -1121
 6104 -6104
 -7571 7571
 5062 -5062
 -1.229e+04 1.229e+04
 3598 -3598
 -4322 4322
 5069 -5069
 1056 -1056
 -1015 1015
 8243 -8243
 -1321 1321
 -5433 5433
 430.8 -430.8
 2908 -2908
 -1.403e+04 1.403e+04
 1.435e+04 -1.435e+04
 952.3 -952.3
 1.032e+04 -1.032e+04
 -531.4 531.4
 -7500 7500
 -5058 5058
 -5525 5525
 -2830 2830
 6197 -6197
 -1.216e+04 1.216e+04
 4284 -4284
 -4952 4952
 -7646 7646
 1717 -1717
 8093 -8093
 -3144 3144
 7653 -7653
 -5365 5365
 6409 -6409
 -937.8 937.8
 3395 -3395
 -7503 7503
 415.4 -415.4
 -781.9 781.9
 4510 -4510
 -743.2 743.2
 1867 -1867
 -2178 2178
 -5165 5165
 440.9 -440.9
 8938 -8938
 1952 -1952
 -4334 4334
 -3615 3615
 -1578 1578
 2027 -2027
 4906 -4906
 1.446e+04 -1.446e+04
 -6131 6131
 -880.4 880.4
 -877 877
 6533 -6533
 4072 -4072
 -1379 1379
 7139 -7139
 3818 -3818
 -1840 1840
 -4934 4934
 9927 -9927
 2.041e+04 -2.041e+04
 2122 -2122
 2882 -2882
 727.3 -727.3
 5353 -5353
 -2452 2452
 4363 -4363
 -5062 5062
 6022 -6022
 606.4 -606.4
 -7645 7645
 -4244 4244
 2336 -2336
 -892.5 892.5
 1113 -1113
 -5636 5636
 -1964 1964
 57.93 -57.93
 7111 -7111
 7484 -7484
 4431 -4431
 2.077e+04 -2.077e+04
 8352 -8352
 -1.386e+04 1.386e+04
 -1854 1854
 -1149 1149
 -1.109e+04 1.109e+04
 4660 -4660
 3032 -3032
 -6772 6772
 576.8 -576.8
 -5594 5594
 -2992 2992
 -3164 3164
 3882 -3882
 -10.63 10.63
 -2290 2290
 2052 -2052
 -2273 2273
 2399 -2399
 -1813 1813
 -6572 6572
 -2624 2624
 -2501 2501
 -1139 1139
 -1024 1024
 -9800 9800
 3684 -3684
 -3943 3943
 -440.5 440.5
 -1.044e+04 1.044e+04
 2261 -2261
 4137 -4137
 1663 -1663
 -5646 5646
 -2045 2045
 9678 -9678
 4382 -4382
 6036 -6036
 -1.02e+04 1.02e+04
 -4795 4795
 -2093 2093
 -3877 3877
 -2359 2359
 7121 -7121
 5141 -5141
 772.6 -772.6
 7526 -7526
 1.326e+04 -1.326e+04
 -2625 2625
 3293 -3293
 -4739 4739
 5446 -5446
 -1405 1405
 939.3 -939.3
 3051 -3051
 -1.128e+04 1.128e+04
 1366 -1366
 -1.82e+04 1.82e+04
 -4988 4988
 995.9 -995.9
 -5872 5872
 4780 -4780
 66.19 -66.19
 -1.056e+04 1.056e+04
 -3568 3568
 -1581 1581
 2664 -2664
 4342 -4342
 -1.272e+04 1.272e+04
 -9927 9927
 1859 -1859
 -1623 1623
 3444 -3444
 -7707 7707
 -3701 3701
 -2624 2624
 -2276 2276
 -3462 3462
 2976 -2976
 -7655 7655
 1396 -1396
 -2440 2440
 3067 -3067
 -1717 1717
 -7151 7151
 -4210 4210
 -3830 3830
 2290 -2290
 5614 -5614
 -8795 8795
 5335 -5335
 1460 -1460
 4593 -4593
 -624.4 624.4
 -3535 3535
 940.7 -940.7
 9366 -9366
 -165 165
 -3234 3234
 3568 -3568
 -5296 5296
 772.3 -772.3
 -7426 7426
 -609.4 609.4
 -4615 4615
 1.335e+04 -1.335e+04
 2895 -2895
 6404 -6404
 1.064e+04 -1.064e+04
 -3327 3327
 3.055e+04 -3.055e+04
 -1729 1729
 -1101 1101
 631.5 -631.5
 -821.9 821.9
 -7179 7179
 -7409 7409
 -9042 9042
 1538 -1538
 -4793 4793
 -4995 4995
 5374 -5374
 -6970 6970
 1.196e+04 -1.196e+04
 -1589 1589
 6967 -6967
 2145 -2145
 4302 -4302
 -3900 3900
 -2027 2027
 -9678 9678
 -4445 4445
 -7648 7648
 3572 -3572
 3208 -3208
 -7422 7422
 1.114e+04 -1.114e+04
 1378 -1378
 1342 -1342
 892.2 -892.2
 8121 -8121
 -655.1 655.1
 1.101e+04 -1.101e+04
 1724 -1724
 2900 -2900
 1.32e+04 -1.32e+04
 -6263 6263
 -2089 2089
 706.7 -706.7
 -4345 4345
 -5179 5179
 -2015 2015
 6689 -6689
 1.074e+04 -1.074e+04
 -4766 4766
 -6451 6451
 -8397 8397
 -3744 3744
 -4383 4383
 1954 -1954
 -3014 3014
 5798 -5798
 7089 -7089
 -2.077e+04 2.077e+04
 9022 -9022
 -7116 7116
 1789 -1789
 -8214 8214
 7086 -7086
 221.1 -221.1
 -6527 6527
 -6975 6975
 -323.5 323.5
 6271 -6271
 -5065 5065
 7508 -7508
 947 -947
 -8471 8471
 6378 -6378
 -1089 1089
 8000 -8000
 975.7 -975.7
 -4547 4547
 -1.112e+04 1.112e+04
 1.154e+04 -1.154e+04
 1861 -1861
 3985 -3985
 -1568 1568
 -2475 2475
 -1547 1547
 -2168 2168
 -3910 3910
 -439.9 439.9
 6849 -6849
 1.146e+04 -1.146e+04
 -1535 1535
 4773 -4773
 1.598e+04 -1.598e+04
 4438 -4438
 3015 -3015
 -1239 1239
 -517.2 517.2
 355.3 -355.3
 7881 -7881
 8344 -8344
 1.604e+04 -1.604e+04
 855.1 -855.1
 -745.3 745.3
 4320 -4320
 -3998 3998
 -1598 1598
 1431 -1431
 -1094 1094
 4672 -4672
 1696 -1696
 4356 -4356
 9846 -9846
 -225.7 225.7
 3675 -3675
 -3408 3408
 -3436 3436
 -3973 3973
 5045 -5045
 -733.1 733.1
 3639 -3639
 7907 -7907
 1783 -1783
 2792 -2792
 -1800 1800
 -4614 4614
 -6170 6170
 6559 -6559
 321.5 -321.5
 -9343 9343
 3038 -3038
 -2142 2142
 -2608 2608
 5826 -5826
 1431 -1431
 -1.084e+04 1.084e+04
 1284 -1284
 9940 -9940
 -5187 5187
 5078 -5078
 -4388 4388
 7927 -7927
 -3028 3028
 -3403 3403
 1539 -1539
 795.3 -795.3
 6031 -6031
 -6150 6150
 1734 -1734
 -6195 6195
 -5534 5534
 310.1 -310.1
 1274 -1274
 -942.9 942.9
 7744 -7744
 -1616 1616
 -2213 2213
 4346 -4346
 5702 -5702
 -351.1 351.1
 5726 -5726
 1291 -1291
 685.2 -685.2
 7561 -7561
 -2364 2364
 4425 -4425
 -7724 7724
 4242 -4242
 1.006e+04 -1.006e+04
 -3236 3236
 9648 -9648
 1.032e+04 -1.032e+04
 -4598 4598
 9148 -9148
 143.1 -143.1
 1.228e+04 -1.228e+04
 4905 -4905
 432.6 -432.6
 -3771 3771
 -3789 3789
 -1090 1090
 -8284 8284
 3639 -3639
 3517 -3517
 2327 -2327
 4805 -4805
 1.429e+04 -1.429e+04
 -5694 5694
 -1958 1958
 -1802 1802
 -4072 4072
 -363.7 363.7
 -4096 4096
 1471 -1471
 -9424 9424
 6492 -6492
 6971 -6971
 -4818 4818
 1102 -1102
 1197 -1197
 1.393e+04 -1.393e+04
 -1188 1188
 7395 -7395
 4044 -4044
 -6542 6542
 -922 922
 7017 -7017
 8536 -8536
 7973 -7973
 -1.45e+04 1.45e+04
 3655 -3655
 -3560 3560
 448.7 -448.7
 -4629 4629
 -7582 7582
 -1186 1186
 3398 -3398
 200 -200
 303 -303
 -1.363e+04 1.363e+04
 -1640 1640
 2128 -2128
 1677 -1677
 -1326 1326
 3662 -3662
 3523 -3523
 -4236 4236
 8531 -8531
 1360 -1360
 3561 -3561
 4095 -4095
 2024 -2024
 -862.3 862.3
 1137 -1137
 4114 -4114
 -885.9 885.9
 -3304 3304
 -4010 4010
 1863 -1863
 -2287 2287
 1909 -1909
 -5511 5511
 1444 -1444
 -7739 7739
 2828 -2828
 -8880 8880
 -106.7 106.7
 102.7 -102.7
 4736 -4736
 3716 -3716
 -2208 2208
 -1.114e+04 1.114e+04
 1.06e+04 -1.06e+04
 6799 -6799
 -3255 3255
 3399 -3399
 -1.314e+04 1.314e+04
 -7898 7898
 3471 -3471
 -4125 4125
 625.9 -625.9
 1.738e+04 -1.738e+04
 -3987 3987
 -79.67 79.67
 3725 -3725
 1363 -1363
 2343 -2343
 4358 -4358
 160.6 -160.6
 -919 919
 -660.4 660.4
 -1947 1947
 -7980 7980
 -3062 3062
 3301 -3301
 5463 -5463
 -5395 5395
 -1853 1853
 -1189 1189
 -1502 1502
 731.9 -731.9
 6679 -6679
 -6179 6179
 5601 -5601
 -2157 2157
 2650 -2650
 -1408 1408
 -1.744e+04 1.744e+04
 -1592 1592
 1484 -1484
 -3800 3800
 1368 -1368
 -1029 1029
 -30.07 30.07
 1.485e+04 -1.485e+04
 -6644 6644
 1449 -1449
 -6920 6920
 -5668 5668
 -183.5 183.5
 4351 -4351
 1761 -1761
 1217 -1217
 2227 -2227
 3931 -3931
 1496 -1496
 -4248 4248
 4643 -4643
 -3210 3210
 3579 -3579
 696.8 -696.8
 -1.063e+04 1.063e+04
 1364 -1364
 1566 -1566
 -8367 8367
 -9215 9215
 -7189 7189
 1069 -1069
 7654 -7654
 -5860 5860
 -4344 4344
 5123 -5123
 1273 -1273
 -3168 3168
 1973 -1973
 -7409 7409
 -5035 5035
 1785 -1785
 -8393 8393
 -2863 2863
 4018 -4018
 -6833 6833
 -2526 2526
 -1230 1230
 -7427 7427
 -2451 2451
 -1596 1596
 95.62 -95.62
 7175 -7175
 8346 -8346
 -8604 8604
 1978 -1978
 6292 -6292
 -8513 8513
 -6594 6594
 -6420 6420
 2615 -2615
 3283 -3283
 -2897 2897
 -1.22e+04 1.22e+04
 -4576 4576
 7953 -7953
 3839 -3839
 -1.032e+04 1.032e+04
 3299 -3299
 -1.769e+04 1.769e+04
 -1894 1894
 1.049e+04 -1.049e+04
 -5064 5064
 -1500 1500
 444.7 -444.7
 4278 -4278
 2149 -2149
 1.883e+04 -1.883e+04
 3754 -3754
 9689 -9689
 -1.147e+04 1.147e+04
 8556 -8556
 459.9 -459.9
 -2591 2591
 8489 -8489
 5305 -5305
 -4360 4360
 -1.117e+04 1.117e+04
 -2771 2771
 7415 -7415
 3784 -3784
 -1313 1313
 2402 -2402
 -6783 6783
 -920.3 920.3
 -2391 2391
 -232.7 232.7
 841.1 -841.1
 4470 -4470
 1.089e+04 -1.089e+04
 -1.135e+04 1.135e+04
 -4055 4055
 -13.95 13.95
 3532 -3532
 -1.201e+04 1.201e+04
 6048 -6048
 2944 -2944
 -4408 4408
 -2679 2679
 -3570 3570
 1535 -1535
 -5646 5646
 -2512 2512
 -988.4 988.4
 5438 -5438
 1608 -1608
 1317 -1317
 -2969 2969
 8384 -8384
 -944.5 944.5
 -750.4 750.4
 7873 -7873
 -1330 1330
 -1626 1626
 925.8 -925.8
 -2481 2481
 -432.1 432.1
 -3309 3309
 -3435 3435
 -1254 1254
 -6094 6094
 -1556 1556
 -2256 2256
 -3208 3208
 -1802 1802
 -2612 2612
 2670 -2670
 -3981 3981
 3274 -3274
 -1.505e+04 1.505e+04
 4993 -4993
 -704 704
 -3800 3800
 3634 -3634
 -1396 1396
 404.3 -404.3
 1728 -1728
 -6216 6216
 9606 -9606
 1482 -1482
 -5131 5131
 4822 -4822
 -6640 6640
 27.55 -27.55
 -1758 1758
 1872 -1872
 -1.13e+04 1.13e+04
 -4326 4326
 9487 -9487
 1041 -1041
 4179 -4179
 5929 -5929
 -264.5 264.5
 -4745 4745
 7268 -7268
 -1.212e+04 1.212e+04
 1318 -1318
 -432.6 432.6
 2073 -2073
 -124.3 124.3
 -730.3 730.3
 1237 -1237
 -7486 7486
 -6990 6990
 4883 -4883
 -5617 5617
 3654 -3654
 102.9 -102.9
 -1886 1886
 -1.032e+04 1.032e+04
 1.285e+04 -1.285e+04
 -8495 8495
 4312 -4312
 -4346 4346
 2372 -2372
 -2905 2905
 89.65 -89.65
 -3644 3644
 9076 -9076
 1786 -1786
 -1146 1146
 4174 -4174
 1.392e+04 -1.392e+04
 -3743 3743
 222.9 -222.9
 7068 -7068
 379.7 -379.7
 -6203 6203
 4728 -4728
 3194 -3194
 -1.619e+04 1.619e+04
 -4859 4859
 461.9 -461.9
 -1.811e+04 1.811e+04
 -212.3 212.3
 744.4 -744.4
 170.7 -170.7
 5341 -5341
 -1229 1229
 -2790 2790
 -2416 2416
 2143 -2143
 -1410 1410
 -892.7 892.7
 -4600 4600
 -2312 2312
 1.155e+04 -1.155e+04
 -169.7 169.7
 1.409e+04 -1.409e+04
 -1044 1044
 -6773 6773
 -643.4 643.4
 -7387 7387
 1.048e+04 -1.048e+04
 -7470 7470
 -1573 1573
 4834 -4834
 3920 -3920
 -3319 3319
 -8769 8769
 -6051 6051
 -2193 2193
 1774 -1774
 -4461 4461
 -4891 4891
 -1341 1341
 116 -116
 -315.9 315.9
 -4907 4907
 1.033e+04 -1.033e+04
 -1.061e+04 1.061e+04
 9552 -9552
 2330 -2330
 -1292 1292
 -3830 3830
 3915 -3915
 628.7 -628.7
 1119 -1119
 -8678 8678
 -1.04e+04 1.04e+04
 -4692 4692
 1.089e+04 -1.089e+04
 -6599 6599
 -1160 1160
 -3713 3713
 1003 -1003
 -2770 2770
 3601 -3601
 -4822 4822
 -2410 2410
 -312.8 312.8
 2677 -2677
 2598 -2598
 4538 -4538
 8483 -8483
 1063 -1063
 428.3 -428.3
 -900.2 900.2
 2883 -2883
 3800 -3800
 7364 -7364
 -4996 4996
 -2655 2655
 -1478 1478
 8338 -8338
 414.5 -414.5
 1889 -1889
 5056 -5056
 -502.3 502.3
 1750 -1750
 -2201 2201
 -2001 2001
 -1.186e+04 1.186e+04
 1104 -1104
 -5560 5560
 -561.6 561.6
 7773 -7773
 -5110 5110
 4914 -4914
 2316 -2316
 -6644 6644
 -1.066e+04 1.066e+04
 3811 -3811
 -7437 7437
 2468 -2468
 -5831 5831
 -2822 2822
 8374 -8374
 1.381e+04 -1.381e+04
 9671 -9671
 -2964 2964
 1.776e+04 -1.776e+04
 -3237 3237
 3173 -3173
 -7187 7187
 -1484 1484
 1.042e+04 -1.042e+04
 -5165 5165
 -2184 2184
 2194 -2194
 -3209 3209
 -658.9 658.9
 -1058 1058
 -3311 3311
 2725 -2725
 -8639 8639
 -4915 4915
 -6305 6305
 3943 -3943
 8811 -8811
 1497 -1497
 3040 -3040
 5442 -5442
 6218 -6218
 4731 -4731
 -9084 9084
 1044 -1044
 -2432 2432
 1085 -1085
 -3284 3284
 5684 -5684
 -1.508e+04 1.508e+04
 2846 -2846
 6560 -6560
 -7092 7092
 4037 -4037
 5846 -5846
 1834 -1834
 -1768 1768
 59.03 -59.03
 4092 -4092
 -1.297e+04 1.297e+04
 4959 -4959
 -2.11e+04 2.11e+04
 1.427e+04 -1.427e+04
 -2323 2323
 -1.582e+04 1.582e+04
 3464 -3464
 265.1 -265.1
 -3138 3138
 1520 -1520
 -3415 3415
 -850.7 850.7
 -8742 8742
 101.3 -101.3
 270.3 -270.3
 9858 -9858
 -2966 2966
 9082 -9082
 7189 -7189
 3306 -3306
 6119 -6119
 819.6 -819.6
 -349.6 349.6
 6081 -6081
 -1192 1192
 -3643 3643
 -7019 7019
 -4704 4704
 -6455 6455
 6116 -6116
 6360 -6360
 -668.9 668.9
 -1670 1670
 -334.8 334.8
 -1.073e+04 1.073e+04
 3122 -3122
 -4446 4446
 -1986 1986
 647.6 -647.6
 2991 -2991
 1061 -1061
 2017 -2017
 -6346 6346
 2.308e+04 -2.308e+04
 4878 -4878
 1923 -1923
 2011 -2011
 8897 -8897
 -9751 9751
 -3382 3382
 -3413 3413
 1044 -1044
 -4262 4262
 1.27e+04 -1.27e+04
 1983 -1983
 4851 -4851
 -8735 8735
 -5531 5531
 -156.1 156.1
 -209.9 209.9
 3518 -3518
 -893.2 893.2
 8120 -8120
 -3515 3515
 -2155 2155
 562.7 -562.7
 2472 -2472
 -7280 7280
 6380 -6380
 -3842 3842
 6891 -6891
 1173 -1173
 214.1 -214.1
 -5521 5521
 87.16 -87.16
 5835 -5835
 -3507 3507
 3820 -3820
 2133 -2133
 1360 -1360
 3648 -3648
 134.1 -134.1
 3386 -3386
 595.8 -595.8
 -12.52 12.52
 -1.846e+04 1.846e+04
 191.4 -191.4
 -5566 5566
 -4928 4928
 -3212 3212
 -2776 2776
 -1727 1727
 -348.9 348.9
 1926 -1926
 -1.18e+04 1.18e+04
 3767 -3767
 -4994 4994
 -1131 1131
 1667 -1667
 1.048e+04 -1.048e+04
 -3002 3002
 -1073 1073
 -5318 5318
 6929 -6929
 -3624 3624
 7539 -7539
 263.7 -263.7
 1565 -1565
 -7725 7725
 1895 -1895
 642.4 -642.4
 -332.4 332.4
 1.8e+04 -1.8e+04
 2.031e+04 -2.031e+04
 -1.1e+04 1.1e+04
 6057 -6057
 3081 -3081
 7932 -7932
 -932 932
 3254 -3254
 -3269 3269
 -4554 4554
 -1.121e+04 1.121e+04
 836 -836
 -6318 6318
 889.3 -889.3
 4047 -4047
 1787 -1787
 1.915e+04 -1.915e+04
 1.243e+04 -1.243e+04
 943.7 -943.7
 -5449 5449
 -5011 5011
 2765 -2765
 414.4 -414.4
 -6404 6404
 6032 -6032
 1318 -1318
 6162 -6162
 -1.082e+04 1.082e+04
 6856 -6856
 7665 -7665
 -1.302e+04 1.302e+04
 -3162 3162
 1354 -1354
 -4846 4846
 5649 -5649
 1923 -1923
 -3385 3385
 -1.639e+04 1.639e+04
 -3876 3876
 4369 -4369
 -8642 8642
 95.51 -95.51
 1.892e+04 -1.892e+04
 -1637 1637
 1.113e+04 -1.113e+04
 4138 -4138
 -1739 1739
 -4665 4665
 5568 -5568
 5210 -5210
 3044 -3044
 -2983 2983
 -1701 1701
 2177 -2177
 -9988 9988
 -3804 3804
 -6539 6539
 1.006e+04 -1.006e+04
 1300 -1300
 1862 -1862
 -7079 7079
 873 -873
 -2146 2146
 -488.1 488.1
 1.641e+04 -1.641e+04
 -3162 3162
 -1822 1822
 -1038 1038
 -5768 5768
 3535 -3535
 1185 -1185
 2379 -2379
 -1156 1156
 -4087 4087
 -2296 2296
 701.9 -701.9
 526.3 -526.3
 -1.118e+04 1.118e+04
 5277 -5277
 -4277 4277
 -7015 7015
 -7628 7628
 -3460 3460
 9508 -9508
 -5511 5511
 985 -985
 2651 -2651
 5724 -5724
 1424 -1424
 -7376 7376
 -1461 1461
 -634 634
 -2138 2138
 -5041 5041
 5128 -5128
 -2013 2013
 194.3 -194.3
 -4843 4843
 -2924 2924
 -3264 3264
 -1297 1297
 5501 -5501
 -6331 6331
 -2205 2205
 3596 -3596
 297.3 -297.3
 -745.9 745.9
 363.9 -363.9
 1.383e+04 -1.383e+04
 766.1 -766.1
 3137 -3137
 -401.2 401.2
 146.7 -146.7
 -2480 2480
 -7307 7307
 -8361 8361
 -3035 3035
 6566 -6566
 -1112 1112
 -3166 3166
 242.4 -242.4
 784.1 -784.1
 6233 -6233
 1.612e+04 -1.612e+04
 5758 -5758
 5531 -5531
 71.22 -71.22
 5328 -5328
 -4726 4726
 1.136e+04 -1.136e+04
 6266 -6266
 5097 -5097
 5669 -5669
 -5091 5091
 6577 -6577
 5663 -5663
 -5685 5685
 1.205e+04 -1.205e+04
 -8797 8797
 1.637e+04 -1.637e+04
 -1644 1644
 3896 -3896
 -4799 4799
 -5488 5488
 5539 -5539
 1.311e+04 -1.311e+04
 -8604 8604
 8887 -8887
 -2205 2205
 275.1 -275.1
 9771 -9771
 -120.4 120.4
 5694 -5694
 6508 -6508
 956.3 -956.3
 3967 -3967
 6469 -6469
 3048 -3048
 1659 -1659
 6900 -6900
 1318 -1318
 3143 -3143
 2199 -2199
 -3428 3428
 1622 -1622
 4358 -4358
 -437.9 437.9
 -2687 2687
 -9134 9134
 -2394 2394
 1.314e+04 -1.314e+04
 -3497 3497
 -6078 6078
 1.015e+04 -1.015e+04
 1942 -1942
 2669 -2669
 -4123 4123
 2160 -2160
 5777 -5777
 -5584 5584
 905.4 -905.4
 -3286 3286
 7119 -7119
 3757 -3757
 6811 -6811
 -5821 5821
 -1638 1638
 -2677 2677
 -4202 4202
 5006 -5006
 -5494 5494
 -5408 5408
 -1.189e+04 1.189e+04
 8843 -8843
 -4634 4634
 -2490 2490
 -130.4 130.4
 -7211 7211
 7593 -7593
 3539 -3539
 -7373 7373
 1307 -1307
 7074 -7074
 -2750 2750
 1392 -1392
 -4211 4211
 -398.4 398.4
 1386 -1386
 -835.3 835.3
 -7996 7996
 -9515 9515
 -1.149e+04 1.149e+04
 7196 -7196
 1672 -1672
 7538 -7538
 -7853 7853
 -2175 2175
 4100 -4100
 3390 -3390
 705.5 -705.5
 5626 -5626
 -1.384e+04 1.384e+04
 -636.3 636.3
 2423 -2423
 -6787 6787
 -3271 3271
 6275 -6275
 1.083e+04 -1.083e+04
 544.1 -544.1
 -4019 4019
 9971 -9971
 6701 -6701
 4813 -4813
 -4165 4165
 -5395 5395
 -6463 6463
 256.6 -256.6
 2115 -2115
 6860 -6860
 -664.1 664.1
 -3129 3129
 4243 -4243
 3412 -3412
 -5042 5042
 -1942 1942
 2449 -2449
 3249 -3249
 -249.9 249.9
 2838 -2838
 -6992 6992
 9085 -9085
 4794 -4794
 -1.012e+04 1.012e+04
 -3441 3441
 -7813 7813
 1767 -1767
 2832 -2832
 -3548 3548
 -7827 7827
 -4120 4120
 -3711 3711
 -1.005e+04 1.005e+04
 449.6 -449.6
 -7898 7898
 3054 -3054
 3942 -3942
 753.9 -753.9
 2880 -2880
 -4440 4440
 946.8 -946.8
 6396 -6396
 1.042e+04 -1.042e+04
 -2575 2575
 -1074 1074
 6419 -6419
 8077 -8077
 -706.9 706.9
 -7137 7137
 -5685 5685
 5594 -5594
 -5456 5456
 3402 -3402
 -4415 4415
 -1080 1080
 -1.146e+04 1.146e+04
 -512.5 512.5
 -8936 8936
 -150.5 150.5
 -1579 1579
 -1.792e+04 1.792e+04
 2165 -2165
 4689 -4689
 5304 -5304
 2425 -2425
 -5274 5274
 -3248 3248
 -3189 3189
 -5183 5183
 -3567 3567
 -3767 3767
 -4378 4378
 -205.6 205.6
 7401 -7401
 5199 -5199
 795.9 -795.9
 -782.7 782.7
 1934 -1934
 4681 -4681
 1969 -1969
 1208 -1208
 -8789 8789
 -2369 2369
 -3840 3840
 -1248 1248
 6107 -6107
 -9141 9141
 -5639 5639
 -5131 5131
 -6888 6888
 -1.122e+04 1.122e+04
 -2252 2252
 1611 -1611
 -4536 4536
 -4005 4005
 1.355e+04 -1.355e+04
 -1.004e+04 1.004e+04
 -4377 4377
 -4053 4053
 420.8 -420.8
 -7732 7732
 5152 -5152
 -4514 4514
 -6020 6020
 7975 -7975
 8635 -8635
 9856 -9856
 -4110 4110
 -6723 6723
 9797 -9797
 1341 -1341
 -4867 4867
 6683 -6683
 -8975 8975
 2282 -2282
 -4128 4128
 333.2 -333.2
 1.032e+04 -1.032e+04
 -630.1 630.1
 7753 -7753
 -1594 1594
 7652 -7652
 -1.051e+04 1.051e+04
 -6810 6810
 2613 -2613
 1.335e+04 -1.335e+04
 -4238 4238
 1026 -1026
 6919 -6919
 -8614 8614
 6870 -6870
 6191 -6191
 -4358 4358
 3569 -3569
 -4231 4231
 -3861 3861
 -206.6 206.6
 1608 -1608
 -3605 3605
 965.7 -965.7
 -5062 5062
 1.46e+04 -1.46e+04
 -7694 7694
 7649 -7649
 -4711 4711
 -1174 1174
 692.2 -692.2
 6963 -6963
 -3265 3265
 4785 -4785
 1476 -1476
 -1650 1650
 1628 -1628
 2108 -2108
 8255 -8255
 -2443 2443
 2289 -2289
 -5894 5894
 -6214 6214
 1.007e+04 -1.007e+04
 -2662 2662
 5328 -5328
 -1716 1716
 -1877 1877
 3885 -3885
 5417 -5417
 3458 -3458
 -1800 1800
 -4654 4654
 -5772 5772
 2311 -2311
 2659 -2659
 3150 -3150
 -884.4 884.4
 1.194e+04 -1.194e+04
 1.225e+04 -1.225e+04
 -512.2 512.2
 537.6 -537.6
 1.057e+04 -1.057e+04
 -2442 2442
 812.4 -812.4
 -5409 5409
 -1.448e+04 1.448e+04
 -527.7 527.7
 3129 -3129
 2412 -2412
 -5559 5559
 7441 -7441
 -4602 4602
 -3636 3636
 369.4 -369.4
 1140 -1140
 2860 -2860
 3824 -3824
 -9311 9311
 -1012 1012
 3255 -3255
 -994.6 994.6
 4868 -4868
 5940 -5940
 -1531 1531
 -877.5 877.5
 1.192e+04 -1.192e+04
 -1248 1248
 5176 -5176
 7039 -7039
 -7045 7045
 -6401 6401
 750 -750
 -2498 2498
 6083 -6083
 873.5 -873.5
 1430 -1430
 -5871 5871
 -1656 1656
 -2326 2326
 -2739 2739
 -2823 2823
 -4111 4111
 -5258 5258
 1.017e+04 -1.017e+04
 1.575e+04 -1.575e+04
 9456 -9456
 -6886 6886
 2144 -2144
 1546 -1546
 4490 -4490
 3159 -3159
 8519 -8519
 -2504 2504
 3466 -3466
 9635 -9635
 691.1 -691.1
 -1597 1597
 -1.994e+04 1.994e+04
 -9349 9349
 -7245 7245
 2515 -2515
 -7226 7226
 185.4 -185.4
 -815.5 815.5
 1463 -1463
 -9818 9818
 1456 -1456
 -5993 5993
 -479.9 479.9
 1932 -1932
 -6107 6107
 1.483e+04 -1.483e+04
 1899 -1899
 2124 -2124
 621.3 -621.3
 -1529 1529
 2211 -2211
 -889.2 889.2
 2504 -2504
 6147 -6147
 150.1 -150.1
 -2091 2091
 1964 -1964
 -2080 2080
 -1.327e+04 1.327e+04
 -591.1 591.1
 -3974 3974
 3006 -3006
 1891 -1891
 5974 -5974
 4721 -4721
 -1830 1830
 -4181 4181
 -2057 2057
 1812 -1812
 460.5 -460.5
 2585 -2585
 -1.153e+04 1.153e+04
 -2292 2292
 -1562 1562
 -5360 5360
 -8754 8754
 9958 -9958
 4748 -4748
 -7480 7480
 -1654 1654
 -5292 5292
 5350 -5350
 6695 -6695
 4854 -4854
 -1032 1032
 -1.27e+04 1.27e+04
 -5845 5845
 -8234 8234
 1.171e+04 -1.171e+04
 -1335 1335
 -2949 2949
 -4600 4600
 4993 -4993
 1.035e+04 -1.035e+04
 -5129 5129
 1659 -1659
 -53.62 53.62
 -6594 6594
 1.129e+04 -1.129e+04
 1663 -1663
 -1.389e+04 1.389e+04
 5701 -5701
 -6367 6367
 5024 -5024
 -3632 3632
 -1966 1966
 1268 -1268
 -3378 3378
 8689 -8689
 -5861 5861
 -340.9 340.9
 9190 -9190
 1099 -1099
 -9387 9387
 5128 -5128
 -9846 9846
 -4874 4874
 6871 -6871
 -6253 6253
 1133 -1133


