# Created by Octave 5.2.0, Fri Sep 25 00:37:44 2020 CEST <jiwidi@land>
# name: w
# type: matrix
# rows: 2001
# columns: 2
 0 0
 8.101e+04 -8.101e+04
 9009 -9009
 1.252e+05 -1.252e+05
 3249 -3249
 1.662e+04 -1.662e+04
 8.326e+04 -8.326e+04
 -1.888e+04 1.888e+04
 3.417e+04 -3.417e+04
 -9826 9826
 -3.032e+04 3.032e+04
 1.125e+04 -1.125e+04
 3223 -3223
 1.818e+04 -1.818e+04
 -2.189e+04 2.189e+04
 -6.775e+04 6.775e+04
 3.246e+04 -3.246e+04
 -6.328e+04 6.328e+04
 6.64e+04 -6.64e+04
 -4275 4275
 -1.513e+04 1.513e+04
 -7.307e+04 7.307e+04
 4.99e+04 -4.99e+04
 -2619 2619
 770.9 -770.9
 -5.228e+04 5.228e+04
 298.4 -298.4
 -1.699e+04 1.699e+04
 -2.624e+04 2.624e+04
 3.654e+04 -3.654e+04
 -6.338e+04 6.338e+04
 4673 -4673
 2.21e+04 -2.21e+04
 -5538 5538
 4.399e+04 -4.399e+04
 -1.279e+05 1.279e+05
 -1.201e+05 1.201e+05
 -3.934e+04 3.934e+04
 -6.075e+04 6.075e+04
 -2.306e+04 2.306e+04
 -708.2 708.2
 3.777e+04 -3.777e+04
 -2.516e+04 2.516e+04
 -6.2e+04 6.2e+04
 -3.807e+04 3.807e+04
 3.223e+04 -3.223e+04
 -5.587e+04 5.587e+04
 9.999e+04 -9.999e+04
 -2449 2449
 4.257e+04 -4.257e+04
 1.914e+04 -1.914e+04
 -2.553e+04 2.553e+04
 1561 -1561
 -8.13e+04 8.13e+04
 7.137e+04 -7.137e+04
 7.122e+04 -7.122e+04
 -1.417e+04 1.417e+04
 2.851e+04 -2.851e+04
 -8409 8409
 -8.908e+04 8.908e+04
 6388 -6388
 -1.926e+04 1.926e+04
 -2211 2211
 5.153e+04 -5.153e+04
 -4.001e+04 4.001e+04
 -1.605e+04 1.605e+04
 7.385e+04 -7.385e+04
 4992 -4992
 4.31e+04 -4.31e+04
 4348 -4348
 2.934e+04 -2.934e+04
 -1.087e+05 1.087e+05
 -1.226e+04 1.226e+04
 2.618e+04 -2.618e+04
 1.001e+05 -1.001e+05
 -4.933e+04 4.933e+04
 -2.244e+05 2.244e+05
 -6e+04 6e+04
 4.724e+04 -4.724e+04
 -8.381e+04 8.381e+04
 1.356e+04 -1.356e+04
 8122 -8122
 -6.406e+04 6.406e+04
 -2.562e+04 2.562e+04
 -345.5 345.5
 1.016e+04 -1.016e+04
 -1.045e+05 1.045e+05
 -1.414e+04 1.414e+04
 -3.696e+04 3.696e+04
 -4.354e+04 4.354e+04
 9597 -9597
 8.035e+04 -8.035e+04
 -694.2 694.2
 -5475 5475
 1.285e+05 -1.285e+05
 -8383 8383
 -1.471e+04 1.471e+04
 4.81e+04 -4.81e+04
 3098 -3098
 -9216 9216
 852.4 -852.4
 7758 -7758
 -4.362e+04 4.362e+04
 -2.304e+04 2.304e+04
 8998 -8998
 4.706e+04 -4.706e+04
 -3.984e+04 3.984e+04
 9583 -9583
 1.154e+04 -1.154e+04
 3.318e+04 -3.318e+04
 4.664e+04 -4.664e+04
 -8946 8946
 -679.4 679.4
 1.55e+04 -1.55e+04
 1.932e+04 -1.932e+04
 -3.645e+04 3.645e+04
 3.164e+04 -3.164e+04
 -1.971e+04 1.971e+04
 -5.775e+04 5.775e+04
 -3.534e+04 3.534e+04
 1.529e+04 -1.529e+04
 7.562e+04 -7.562e+04
 -1.674e+05 1.674e+05
 1.055e+04 -1.055e+04
 6.014e+04 -6.014e+04
 -1.302e+05 1.302e+05
 -2.674e+04 2.674e+04
 -1.908e+04 1.908e+04
 2.615e+04 -2.615e+04
 -7700 7700
 6.395e+04 -6.395e+04
 -3.982e+04 3.982e+04
 -7607 7607
 -3.152e+04 3.152e+04
 2.541e+04 -2.541e+04
 2901 -2901
 3.951e+04 -3.951e+04
 -1.524e+05 1.524e+05
 -1.427e+04 1.427e+04
 -1.341e+04 1.341e+04
 -420.5 420.5
 -1.057e+04 1.057e+04
 3.698e+04 -3.698e+04
 -1.026e+04 1.026e+04
 4.309e+04 -4.309e+04
 -1.549e+04 1.549e+04
 7.359e+04 -7.359e+04
 -1.01e+04 1.01e+04
 -5.561e+04 5.561e+04
 3.577e+04 -3.577e+04
 1.685e+04 -1.685e+04
 -7.981e+04 7.981e+04
 5.638e+04 -5.638e+04
 1.172e+05 -1.172e+05
 -5509 5509
 -2.956e+04 2.956e+04
 -2.255e+04 2.255e+04
 2.564e+04 -2.564e+04
 -6.027e+04 6.027e+04
 1.101e+04 -1.101e+04
 5635 -5635
 3.889e+04 -3.889e+04
 -5.459e+04 5.459e+04
 -7.054e+04 7.054e+04
 2.519e+04 -2.519e+04
 9.708e+04 -9.708e+04
 1.722e+04 -1.722e+04
 -1.428e+04 1.428e+04
 8696 -8696
 -3.541e+04 3.541e+04
 -1.677e+04 1.677e+04
 2.048e+04 -2.048e+04
 -4.441e+04 4.441e+04
 3.895e+04 -3.895e+04
 2.853e+04 -2.853e+04
 -5132 5132
 -3.86e+04 3.86e+04
 7.678e+04 -7.678e+04
 -5971 5971
 5308 -5308
 -7000 7000
 -6.345e+04 6.345e+04
 -9.928e+04 9.928e+04
 8.514e+04 -8.514e+04
 -6402 6402
 -2.706e+04 2.706e+04
 6.335e+04 -6.335e+04
 -3.244e+04 3.244e+04
 1.418e+04 -1.418e+04
 -7.249e+04 7.249e+04
 3.178e+04 -3.178e+04
 1.424e+04 -1.424e+04
 -8804 8804
 -1.678e+04 1.678e+04
 -4.123e+04 4.123e+04
 -5.045e+04 5.045e+04
 -1.817e+04 1.817e+04
 -5.662e+04 5.662e+04
 3480 -3480
 1.328e+05 -1.328e+05
 3.705e+04 -3.705e+04
 -4.131e+04 4.131e+04
 -8.505e+04 8.505e+04
 9.016e+04 -9.016e+04
 -3.327e+04 3.327e+04
 2.625e+04 -2.625e+04
 -2.969e+04 2.969e+04
 -3.182e+04 3.182e+04
 -1.908e+04 1.908e+04
 5.314e+04 -5.314e+04
 -1.91e+05 1.91e+05
 1.042e+04 -1.042e+04
 -5.74e+04 5.74e+04
 4.46e+04 -4.46e+04
 -4.381e+04 4.381e+04
 9.289e+04 -9.289e+04
 -1.758e+04 1.758e+04
 -3.574e+04 3.574e+04
 693.5 -693.5
 5.586e+04 -5.586e+04
 -2.735e+04 2.735e+04
 -1.649e+04 1.649e+04
 7.573e+04 -7.573e+04
 4.576e+04 -4.576e+04
 6.446e+04 -6.446e+04
 3.68e+04 -3.68e+04
 3.114e+04 -3.114e+04
 -4508 4508
 3.043e+04 -3.043e+04
 -7.535e+04 7.535e+04
 2.252e+04 -2.252e+04
 1.073e+05 -1.073e+05
 9888 -9888
 -7.916e+04 7.916e+04
 2.793e+04 -2.793e+04
 -2.246e+04 2.246e+04
 -3.205e+04 3.205e+04
 -6.408e+04 6.408e+04
 7.32e+04 -7.32e+04
 3.544e+04 -3.544e+04
 -8.663e+04 8.663e+04
 -2.704e+04 2.704e+04
 -3.704e+04 3.704e+04
 6366 -6366
 -4.317e+04 4.317e+04
 -5.855e+04 5.855e+04
 3.231e+04 -3.231e+04
 3.315e+04 -3.315e+04
 -1.705e+04 1.705e+04
 -7.318e+04 7.318e+04
 8.58e+04 -8.58e+04
 2.294e+04 -2.294e+04
 2.464e+04 -2.464e+04
 2.842e+04 -2.842e+04
 -1.841e+04 1.841e+04
 2.668e+04 -2.668e+04
 1.738e+04 -1.738e+04
 1.248e+05 -1.248e+05
 8.223e+04 -8.223e+04
 -8797 8797
 1.025e+05 -1.025e+05
 -2.044e+04 2.044e+04
 -1370 1370
 -3.55e+04 3.55e+04
 2.55e+04 -2.55e+04
 2.296e+04 -2.296e+04
 1.174e+04 -1.174e+04
 5056 -5056
 4288 -4288
 7.965e+04 -7.965e+04
 6284 -6284
 -5.846e+04 5.846e+04
 -5.702e+04 5.702e+04
 258.3 -258.3
 -6862 6862
 3.315e+04 -3.315e+04
 1.826e+04 -1.826e+04
 -785.2 785.2
 -6.011e+04 6.011e+04
 410.3 -410.3
 -5.582e+04 5.582e+04
 1.384e+04 -1.384e+04
 2.365e+04 -2.365e+04
 1956 -1956
 8.104e+04 -8.104e+04
 2.554e+04 -2.554e+04
 1.926e+04 -1.926e+04
 -2.434e+04 2.434e+04
 2.814e+04 -2.814e+04
 -9.281e+04 9.281e+04
 3349 -3349
 -1.411e+05 1.411e+05
 9.731e+04 -9.731e+04
 1.43e+04 -1.43e+04
 1.003e+04 -1.003e+04
 8060 -8060
 -1.258e+05 1.258e+05
 -1.561e+04 1.561e+04
 4.879e+04 -4.879e+04
 1.684e+04 -1.684e+04
 -4.396e+04 4.396e+04
 625.6 -625.6
 4.959e+04 -4.959e+04
 -7.738e+04 7.738e+04
 4.714e+04 -4.714e+04
 6413 -6413
 5.261e+04 -5.261e+04
 -8997 8997
 5107 -5107
 1.904e+04 -1.904e+04
 1173 -1173
 1.266e+05 -1.266e+05
 -6.965e+04 6.965e+04
 -9.231e+04 9.231e+04
 4.46e+04 -4.46e+04
 -5.249e+04 5.249e+04
 -2272 2272
 5.083e+04 -5.083e+04
 -1.048e+04 1.048e+04
 -1.008e+04 1.008e+04
 5.122e+04 -5.122e+04
 2.168e+05 -2.168e+05
 3.492e+04 -3.492e+04
 -5810 5810
 -4.061e+04 4.061e+04
 3.308e+04 -3.308e+04
 8.12e+04 -8.12e+04
 4.336e+04 -4.336e+04
 3.033e+04 -3.033e+04
 3.261e+04 -3.261e+04
 -7.442e+04 7.442e+04
 1.108e+04 -1.108e+04
 2.063e+04 -2.063e+04
 -5.597e+04 5.597e+04
 -3.148e+04 3.148e+04
 1.066e+04 -1.066e+04
 -2593 2593
 9.719e+04 -9.719e+04
 6.437e+04 -6.437e+04
 9.045e+04 -9.045e+04
 7768 -7768
 -3.705e+04 3.705e+04
 -1.263e+04 1.263e+04
 5.747e+04 -5.747e+04
 -2.765e+04 2.765e+04
 -3.143e+04 3.143e+04
 8.5e+04 -8.5e+04
 1.71e+04 -1.71e+04
 7.363e+04 -7.363e+04
 2.601e+04 -2.601e+04
 -2.464e+04 2.464e+04
 1475 -1475
 -1.069e+05 1.069e+05
 -2.474e+04 2.474e+04
 -3.119e+04 3.119e+04
 3.582e+04 -3.582e+04
 -3.59e+04 3.59e+04
 -2.237e+04 2.237e+04
 -4423 4423
 1.006e+05 -1.006e+05
 -7.984e+04 7.984e+04
 -3.484e+04 3.484e+04
 -4.699e+04 4.699e+04
 4.57e+04 -4.57e+04
 -1.652e+04 1.652e+04
 1.857e+04 -1.857e+04
 3.346e+04 -3.346e+04
 -9.229e+04 9.229e+04
 1.058e+04 -1.058e+04
 -1.135e+05 1.135e+05
 3.652e+04 -3.652e+04
 3.382e+04 -3.382e+04
 -2.452e+04 2.452e+04
 -1.137e+05 1.137e+05
 -1.011e+05 1.011e+05
 9006 -9006
 -9770 9770
 9.176e+04 -9.176e+04
 1.581e+04 -1.581e+04
 -1.31e+05 1.31e+05
 -4.231e+04 4.231e+04
 -4.095e+04 4.095e+04
 -6469 6469
 -3.506e+04 3.506e+04
 4676 -4676
 6.146e+04 -6.146e+04
 2.728e+04 -2.728e+04
 9.016e+04 -9.016e+04
 5.968e+04 -5.968e+04
 -4.687e+04 4.687e+04
 -3343 3343
 -4346 4346
 1.23e+04 -1.23e+04
 -1.114e+05 1.114e+05
 979.4 -979.4
 2.028e+04 -2.028e+04
 -2.427e+04 2.427e+04
 1.712e+04 -1.712e+04
 6117 -6117
 8.704e+04 -8.704e+04
 5278 -5278
 -5.215e+04 5.215e+04
 -3.78e+04 3.78e+04
 3.443e+04 -3.443e+04
 -2.342e+04 2.342e+04
 1.007e+04 -1.007e+04
 4918 -4918
 -2806 2806
 -1.694e+04 1.694e+04
 9.437e+04 -9.437e+04
 -3.82e+04 3.82e+04
 2393 -2393
 -1.832e+04 1.832e+04
 4.241e+04 -4.241e+04
 -6.987e+04 6.987e+04
 -3723 3723
 2.804e+04 -2.804e+04
 -1.4e+04 1.4e+04
 6.859e+04 -6.859e+04
 -445.6 445.6
 7.924e+04 -7.924e+04
 -5.326e+04 5.326e+04
 1.346e+05 -1.346e+05
 3.932e+04 -3.932e+04
 -3.959e+04 3.959e+04
 -2.748e+04 2.748e+04
 -4.455e+04 4.455e+04
 -6711 6711
 -5051 5051
 -1.935e+04 1.935e+04
 7.582e+04 -7.582e+04
 -3.044e+04 3.044e+04
 3.862e+04 -3.862e+04
 3.282e+04 -3.282e+04
 -5.578e+04 5.578e+04
 -1.748e+04 1.748e+04
 -2.373e+04 2.373e+04
 1.91e+04 -1.91e+04
 -1.239e+05 1.239e+05
 8382 -8382
 -7.308e+04 7.308e+04
 -1.228e+04 1.228e+04
 -1.457e+05 1.457e+05
 6.755e+04 -6.755e+04
 2.802e+04 -2.802e+04
 -6.984e+04 6.984e+04
 -4.327e+04 4.327e+04
 2.634e+04 -2.634e+04
 1649 -1649
 8.643e+04 -8.643e+04
 -2.257e+04 2.257e+04
 -1.021e+04 1.021e+04
 8.737e+04 -8.737e+04
 4345 -4345
 -1.364e+04 1.364e+04
 7.689e+04 -7.689e+04
 3.551e+04 -3.551e+04
 1.106e+05 -1.106e+05
 4105 -4105
 9947 -9947
 -1.319e+04 1.319e+04
 59.47 -59.47
 7.52e+04 -7.52e+04
 6698 -6698
 7.234e+04 -7.234e+04
 -1.704e+04 1.704e+04
 5.115e+04 -5.115e+04
 -3.068e+04 3.068e+04
 2.042e+04 -2.042e+04
 4.586e+04 -4.586e+04
 -5.013e+04 5.013e+04
 8764 -8764
 -1.183e+04 1.183e+04
 -4.951e+04 4.951e+04
 -608.7 608.7
 4.414e+04 -4.414e+04
 -3.958e+04 3.958e+04
 -6429 6429
 -5.395e+04 5.395e+04
 3.575e+04 -3.575e+04
 -9777 9777
 -5.4e+04 5.4e+04
 -2278 2278
 2.707e+04 -2.707e+04
 -2.918e+04 2.918e+04
 -88.64 88.64
 1.663e+04 -1.663e+04
 -9.821e+04 9.821e+04
 -2426 2426
 -4.032e+04 4.032e+04
 -5.972e+04 5.972e+04
 -679.7 679.7
 -1.495e+04 1.495e+04
 -3.326e+04 3.326e+04
 -6902 6902
 -8.394e+04 8.394e+04
 -5.413e+04 5.413e+04
 -1.283e+04 1.283e+04
 8.947e+04 -8.947e+04
 -1.458e+05 1.458e+05
 2.108e+04 -2.108e+04
 2.999e+04 -2.999e+04
 -8.972e+04 8.972e+04
 -6592 6592
 5289 -5289
 -8.668e+04 8.668e+04
 -6.97e+04 6.97e+04
 -1.708e+04 1.708e+04
 -1.788e+04 1.788e+04
 8.649e+04 -8.649e+04
 -1.102e+04 1.102e+04
 -3.389e+04 3.389e+04
 1.405e+04 -1.405e+04
 3.265e+04 -3.265e+04
 -5.514e+04 5.514e+04
 2.449e+04 -2.449e+04
 -5.107e+04 5.107e+04
 -1.017e+04 1.017e+04
 -2.929e+04 2.929e+04
 -8.783e+04 8.783e+04
 5369 -5369
 3.667e+04 -3.667e+04
 -7.089e+04 7.089e+04
 4.327e+04 -4.327e+04
 -8.887e+04 8.887e+04
 2.34e+04 -2.34e+04
 -2.953e+04 2.953e+04
 5.808e+04 -5.808e+04
 9938 -9938
 2316 -2316
 6.887e+04 -6.887e+04
 -1.846e+04 1.846e+04
 -5.149e+04 5.149e+04
 -3539 3539
 3.867e+04 -3.867e+04
 -1.224e+05 1.224e+05
 1.291e+05 -1.291e+05
 9402 -9402
 1.057e+05 -1.057e+05
 -5131 5131
 -5.482e+04 5.482e+04
 -4.627e+04 4.627e+04
 -4.291e+04 4.291e+04
 -5.059e+04 5.059e+04
 6.55e+04 -6.55e+04
 -9.693e+04 9.693e+04
 3.631e+04 -3.631e+04
 -4.27e+04 4.27e+04
 -6.089e+04 6.089e+04
 2.574e+04 -2.574e+04
 5.437e+04 -5.437e+04
 -2.352e+04 2.352e+04
 6.094e+04 -6.094e+04
 -4.187e+04 4.187e+04
 5.672e+04 -5.672e+04
 3755 -3755
 3.319e+04 -3.319e+04
 -5.762e+04 5.762e+04
 -2534 2534
 -2.389e+04 2.389e+04
 4.189e+04 -4.189e+04
 -4200 4200
 2.288e+04 -2.288e+04
 -2.256e+04 2.256e+04
 -4.298e+04 4.298e+04
 1.521e+04 -1.521e+04
 6.382e+04 -6.382e+04
 2.743e+04 -2.743e+04
 -3.346e+04 3.346e+04
 -5.129e+04 5.129e+04
 -7982 7982
 2.283e+04 -2.283e+04
 4.446e+04 -4.446e+04
 1.359e+05 -1.359e+05
 -5.107e+04 5.107e+04
 -1.999e+04 1.999e+04
 -5928 5928
 5.26e+04 -5.26e+04
 4.757e+04 -4.757e+04
 -1238 1238
 7.254e+04 -7.254e+04
 3.491e+04 -3.491e+04
 -3710 3710
 -4.156e+04 4.156e+04
 7.991e+04 -7.991e+04
 1.841e+05 -1.841e+05
 3.226e+04 -3.226e+04
 1.176e+04 -1.176e+04
 740.3 -740.3
 4.108e+04 -4.108e+04
 -2.017e+04 2.017e+04
 3.041e+04 -3.041e+04
 -4.214e+04 4.214e+04
 5.775e+04 -5.775e+04
 1.713e+04 -1.713e+04
 -7.611e+04 7.611e+04
 -3.171e+04 3.171e+04
 1.222e+04 -1.222e+04
 -2544 2544
 1.776e+04 -1.776e+04
 -5.232e+04 5.232e+04
 -2.848e+04 2.848e+04
 9615 -9615
 6.115e+04 -6.115e+04
 7.11e+04 -7.11e+04
 3.024e+04 -3.024e+04
 2.026e+05 -2.026e+05
 7.672e+04 -7.672e+04
 -1.306e+05 1.306e+05
 -1.305e+04 1.305e+04
 -2659 2659
 -1.297e+05 1.297e+05
 1.8e+04 -1.8e+04
 4.986e+04 -4.986e+04
 -4.459e+04 4.459e+04
 717.3 -717.3
 -4.838e+04 4.838e+04
 -2.385e+04 2.385e+04
 -4.591e+04 4.591e+04
 4287 -4287
 1.52e+04 -1.52e+04
 -3.333e+04 3.333e+04
 -6583 6583
 -2.394e+04 2.394e+04
 1.166e+04 -1.166e+04
 -2685 2685
 -5.396e+04 5.396e+04
 -1.299e+04 1.299e+04
 -3.85e+04 3.85e+04
 -1.582e+04 1.582e+04
 -2911 2911
 -9.328e+04 9.328e+04
 3.1e+04 -3.1e+04
 -3.487e+04 3.487e+04
 -2.568e+04 2.568e+04
 -8.215e+04 8.215e+04
 1.145e+04 -1.145e+04
 2.34e+04 -2.34e+04
 1609 -1609
 -3.973e+04 3.973e+04
 -1.405e+04 1.405e+04
 6.873e+04 -6.873e+04
 4.651e+04 -4.651e+04
 5.044e+04 -5.044e+04
 -1.04e+05 1.04e+05
 -4.757e+04 4.757e+04
 -2.303e+04 2.303e+04
 -2.111e+04 2.111e+04
 -1.489e+04 1.489e+04
 4.487e+04 -4.487e+04
 4.297e+04 -4.297e+04
 7799 -7799
 6.483e+04 -6.483e+04
 1.183e+05 -1.183e+05
 -3.677e+04 3.677e+04
 1.634e+04 -1.634e+04
 -3.976e+04 3.976e+04
 3.669e+04 -3.669e+04
 5479 -5479
 7409 -7409
 2.679e+04 -2.679e+04
 -1.04e+05 1.04e+05
 2.626e+04 -2.626e+04
 -1.57e+05 1.57e+05
 -3.325e+04 3.325e+04
 2.064e+04 -2.064e+04
 -6.124e+04 6.124e+04
 3.85e+04 -3.85e+04
 -4275 4275
 -8.198e+04 8.198e+04
 -2.731e+04 2.731e+04
 -2.06e+04 2.06e+04
 2.402e+04 -2.402e+04
 3.98e+04 -3.98e+04
 -1.055e+05 1.055e+05
 -9.15e+04 9.15e+04
 1.592e+04 -1.592e+04
 -1.706e+04 1.706e+04
 1.687e+04 -1.687e+04
 -5.773e+04 5.773e+04
 -2.636e+04 2.636e+04
 -3.135e+04 3.135e+04
 7968 -7968
 -2.524e+04 2.524e+04
 2.443e+04 -2.443e+04
 -7.945e+04 7.945e+04
 1.125e+04 -1.125e+04
 -1.447e+04 1.447e+04
 2.94e+04 -2.94e+04
 2606 -2606
 -7.066e+04 7.066e+04
 -4.626e+04 4.626e+04
 -4.789e+04 4.789e+04
 1.74e+04 -1.74e+04
 5.006e+04 -5.006e+04
 -6.342e+04 6.342e+04
 2.975e+04 -2.975e+04
 1.962e+04 -1.962e+04
 4.795e+04 -4.795e+04
 6649 -6649
 -3.006e+04 3.006e+04
 5053 -5053
 8.563e+04 -8.563e+04
 759.1 -759.1
 -3.536e+04 3.536e+04
 4.197e+04 -4.197e+04
 -4.625e+04 4.625e+04
 1.665e+04 -1.665e+04
 -7.031e+04 7.031e+04
 -3806 3806
 -3.761e+04 3.761e+04
 1.022e+05 -1.022e+05
 2.456e+04 -2.456e+04
 6.79e+04 -6.79e+04
 1.055e+05 -1.055e+05
 -4.343e+04 4.343e+04
 2.804e+05 -2.804e+05
 -1.288e+04 1.288e+04
 -2.391e+04 2.391e+04
 1.911e+04 -1.911e+04
 338.1 -338.1
 -5.909e+04 5.909e+04
 -7.544e+04 7.544e+04
 -7.226e+04 7.226e+04
 2.825e+04 -2.825e+04
 -4.931e+04 4.931e+04
 -5.817e+04 5.817e+04
 6.163e+04 -6.163e+04
 -4.7e+04 4.7e+04
 9.561e+04 -9.561e+04
 -1.61e+04 1.61e+04
 5.418e+04 -5.418e+04
 3869 -3869
 2.924e+04 -2.924e+04
 -1.247e+04 1.247e+04
 -1.974e+04 1.974e+04
 -9.531e+04 9.531e+04
 -3.029e+04 3.029e+04
 -6.354e+04 6.354e+04
 2.173e+04 -2.173e+04
 1.811e+04 -1.811e+04
 -7.573e+04 7.573e+04
 1.009e+05 -1.009e+05
 1.249e+04 -1.249e+04
 1.069e+04 -1.069e+04
 3392 -3392
 7.116e+04 -7.116e+04
 -4140 4140
 9.694e+04 -9.694e+04
 2.258e+04 -2.258e+04
 4.286e+04 -4.286e+04
 1.217e+05 -1.217e+05
 -5.453e+04 5.453e+04
 -1.9e+04 1.9e+04
 -3268 3268
 -2.177e+04 2.177e+04
 -5.912e+04 5.912e+04
 -2.144e+04 2.144e+04
 6.397e+04 -6.397e+04
 8.405e+04 -8.405e+04
 -3.809e+04 3.809e+04
 -4.769e+04 4.769e+04
 -6.873e+04 6.873e+04
 -2.295e+04 2.295e+04
 -4.621e+04 4.621e+04
 1.157e+04 -1.157e+04
 -2.838e+04 2.838e+04
 4.626e+04 -4.626e+04
 5.232e+04 -5.232e+04
 -1.966e+05 1.966e+05
 7.819e+04 -7.819e+04
 -4.942e+04 4.942e+04
 -1445 1445
 -7.239e+04 7.239e+04
 7.05e+04 -7.05e+04
 -4423 4423
 -7.48e+04 7.48e+04
 -6.093e+04 6.093e+04
 -1.059e+04 1.059e+04
 5.464e+04 -5.464e+04
 -3.604e+04 3.604e+04
 5.983e+04 -5.983e+04
 3.385e+04 -3.385e+04
 -7.491e+04 7.491e+04
 3.853e+04 -3.853e+04
 -4099 4099
 7.135e+04 -7.135e+04
 9025 -9025
 -3.067e+04 3.067e+04
 -6.492e+04 6.492e+04
 1.055e+05 -1.055e+05
 3126 -3126
 3.552e+04 -3.552e+04
 -1.657e+04 1.657e+04
 -1.797e+04 1.797e+04
 -3197 3197
 -1.62e+04 1.62e+04
 -2.43e+04 2.43e+04
 -3363 3363
 6.529e+04 -6.529e+04
 8.55e+04 -8.55e+04
 -1.498e+04 1.498e+04
 3.774e+04 -3.774e+04
 1.517e+05 -1.517e+05
 4.62e+04 -4.62e+04
 1.667e+04 -1.667e+04
 -1.213e+04 1.213e+04
 -2021 2021
 5609 -5609
 6.741e+04 -6.741e+04
 7.89e+04 -7.89e+04
 1.218e+05 -1.218e+05
 1.405e+04 -1.405e+04
 9886 -9886
 6.68e+04 -6.68e+04
 -3.333e+04 3.333e+04
 -1.806e+04 1.806e+04
 2.284e+04 -2.284e+04
 -7899 7899
 3.527e+04 -3.527e+04
 1.563e+04 -1.563e+04
 4.098e+04 -4.098e+04
 8.781e+04 -8.781e+04
 -9910 9910
 2.09e+04 -2.09e+04
 -3.379e+04 3.379e+04
 -2.292e+04 2.292e+04
 -4.21e+04 4.21e+04
 6.133e+04 -6.133e+04
 -1896 1896
 2.22e+04 -2.22e+04
 7.195e+04 -7.195e+04
 5528 -5528
 3.861e+04 -3.861e+04
 -2.866e+04 2.866e+04
 -4.549e+04 4.549e+04
 -5.297e+04 5.297e+04
 3.505e+04 -3.505e+04
 4576 -4576
 -8.043e+04 8.043e+04
 2.922e+04 -2.922e+04
 -2.283e+04 2.283e+04
 -8201 8201
 6.663e+04 -6.663e+04
 -2710 2710
 -7.492e+04 7.492e+04
 8112 -8112
 7.523e+04 -7.523e+04
 -4.859e+04 4.859e+04
 5.212e+04 -5.212e+04
 -4.283e+04 4.283e+04
 7.481e+04 -7.481e+04
 -3.729e+04 3.729e+04
 -2.413e+04 2.413e+04
 6143 -6143
 3025 -3025
 4.406e+04 -4.406e+04
 -6.362e+04 6.362e+04
 1.417e+04 -1.417e+04
 -5.5e+04 5.5e+04
 -4.946e+04 4.946e+04
 -3093 3093
 4318 -4318
 -2.768e+04 2.768e+04
 6.404e+04 -6.404e+04
 -1.676e+04 1.676e+04
 -1.866e+04 1.866e+04
 3.457e+04 -3.457e+04
 5.985e+04 -5.985e+04
 9729 -9729
 3.962e+04 -3.962e+04
 2.334e+04 -2.334e+04
 1.037e+04 -1.037e+04
 5.442e+04 -5.442e+04
 -2.628e+04 2.628e+04
 3.316e+04 -3.316e+04
 -6.068e+04 6.068e+04
 3.549e+04 -3.549e+04
 6.393e+04 -6.393e+04
 -2.863e+04 2.863e+04
 8.322e+04 -8.322e+04
 8.357e+04 -8.357e+04
 -4.115e+04 4.115e+04
 7.92e+04 -7.92e+04
 8598 -8598
 1.145e+05 -1.145e+05
 3.743e+04 -3.743e+04
 -8316 8316
 -3.877e+04 3.877e+04
 -2.776e+04 2.776e+04
 -2.104e+04 2.104e+04
 -7.729e+04 7.729e+04
 2.351e+04 -2.351e+04
 3.992e+04 -3.992e+04
 2.31e+04 -2.31e+04
 2.85e+04 -2.85e+04
 1.415e+05 -1.415e+05
 -4.349e+04 4.349e+04
 -2.595e+04 2.595e+04
 -1.452e+04 1.452e+04
 -4.41e+04 4.41e+04
 1.518e+04 -1.518e+04
 -4.786e+04 4.786e+04
 1.766e+04 -1.766e+04
 -8.564e+04 8.564e+04
 6.438e+04 -6.438e+04
 8.701e+04 -8.701e+04
 -4.099e+04 4.099e+04
 -2935 2935
 -3408 3408
 1.196e+05 -1.196e+05
 4638 -4638
 6.406e+04 -6.406e+04
 5.077e+04 -5.077e+04
 -6.474e+04 6.474e+04
 -2.763e+04 2.763e+04
 4.687e+04 -4.687e+04
 7.225e+04 -7.225e+04
 7.275e+04 -7.275e+04
 -1.176e+05 1.176e+05
 4.531e+04 -4.531e+04
 -2.531e+04 2.531e+04
 3.857e+04 -3.857e+04
 -3.976e+04 3.976e+04
 -7.219e+04 7.219e+04
 2117 -2117
 1.229e+04 -1.229e+04
 1.058e+04 -1.058e+04
 1.06e+04 -1.06e+04
 -1.125e+05 1.125e+05
 -1.992e+04 1.992e+04
 2.974e+04 -2.974e+04
 5014 -5014
 -9088 9088
 2.761e+04 -2.761e+04
 2.905e+04 -2.905e+04
 -4.545e+04 4.545e+04
 7.747e+04 -7.747e+04
 1.079e+04 -1.079e+04
 3.378e+04 -3.378e+04
 4.29e+04 -4.29e+04
 2.238e+04 -2.238e+04
 -1.505e+04 1.505e+04
 1.888e+04 -1.888e+04
 3.92e+04 -3.92e+04
 -6133 6133
 -3.426e+04 3.426e+04
 -5.445e+04 5.445e+04
 1.653e+04 -1.653e+04
 -1.448e+04 1.448e+04
 -1717 1717
 -6.31e+04 6.31e+04
 -5402 5402
 -6.254e+04 6.254e+04
 1.77e+04 -1.77e+04
 -7.13e+04 7.13e+04
 -1.559e+04 1.559e+04
 8036 -8036
 4.266e+04 -4.266e+04
 2.958e+04 -2.958e+04
 -2.852e+04 2.852e+04
 -1.158e+05 1.158e+05
 7.37e+04 -7.37e+04
 7.808e+04 -7.808e+04
 -3.287e+04 3.287e+04
 3.286e+04 -3.286e+04
 -1.06e+05 1.06e+05
 -7.356e+04 7.356e+04
 3.655e+04 -3.655e+04
 -3.122e+04 3.122e+04
 1.08e+04 -1.08e+04
 1.393e+05 -1.393e+05
 -1.04e+04 1.04e+04
 1.543e+04 -1.543e+04
 4.109e+04 -4.109e+04
 2.468e+04 -2.468e+04
 2.355e+04 -2.355e+04
 3.679e+04 -3.679e+04
 -8152 8152
 -1.847e+04 1.847e+04
 2902 -2902
 -1.998e+04 1.998e+04
 -7.692e+04 7.692e+04
 -2.259e+04 2.259e+04
 2.291e+04 -2.291e+04
 5.237e+04 -5.237e+04
 -4.117e+04 4.117e+04
 -2.473e+04 2.473e+04
 -66.03 66.03
 -1001 1001
 5818 -5818
 4.97e+04 -4.97e+04
 -3.761e+04 3.761e+04
 5.198e+04 -5.198e+04
 -2115 2115
 3.039e+04 -3.039e+04
 -2723 2723
 -1.459e+05 1.459e+05
 -8923 8923
 1.223e+04 -1.223e+04
 -3.811e+04 3.811e+04
 1.239e+04 -1.239e+04
 -9397 9397
 -2232 2232
 1.504e+05 -1.504e+05
 -3.095e+04 3.095e+04
 9909 -9909
 -5.533e+04 5.533e+04
 -6.018e+04 6.018e+04
 -1871 1871
 4.615e+04 -4.615e+04
 2.396e+04 -2.396e+04
 1.018e+04 -1.018e+04
 3.773e+04 -3.773e+04
 3.757e+04 -3.757e+04
 2.837e+04 -2.837e+04
 -3.901e+04 3.901e+04
 5.632e+04 -5.632e+04
 -4.647e+04 4.647e+04
 4.59e+04 -4.59e+04
 7904 -7904
 -9.957e+04 9.957e+04
 1.559e+04 -1.559e+04
 979.7 -979.7
 -9.484e+04 9.484e+04
 -7.202e+04 7.202e+04
 -6.436e+04 6.436e+04
 8639 -8639
 3.501e+04 -3.501e+04
 -5.7e+04 5.7e+04
 -2.274e+04 2.274e+04
 3.667e+04 -3.667e+04
 8194 -8194
 -2.324e+04 2.324e+04
 1.316e+04 -1.316e+04
 -1.006e+05 1.006e+05
 -5.502e+04 5.502e+04
 2.591e+04 -2.591e+04
 -7.529e+04 7.529e+04
 -2.459e+04 2.459e+04
 2.927e+04 -2.927e+04
 -4.788e+04 4.788e+04
 -2.029e+04 2.029e+04
 -1.122e+04 1.122e+04
 -7.793e+04 7.793e+04
 -1.84e+04 1.84e+04
 -2.876e+04 2.876e+04
 -4565 4565
 7.199e+04 -7.199e+04
 6.796e+04 -6.796e+04
 -5.045e+04 5.045e+04
 2.642e+04 -2.642e+04
 4.37e+04 -4.37e+04
 -6.917e+04 6.917e+04
 -4.45e+04 4.45e+04
 -8.096e+04 8.096e+04
 1.983e+04 -1.983e+04
 2.485e+04 -2.485e+04
 -1.428e+04 1.428e+04
 -1.066e+05 1.066e+05
 -4.87e+04 4.87e+04
 6.59e+04 -6.59e+04
 5.506e+04 -5.506e+04
 -8.766e+04 8.766e+04
 2.518e+04 -2.518e+04
 -1.535e+05 1.535e+05
 -2271 2271
 8.533e+04 -8.533e+04
 -3.827e+04 3.827e+04
 -1.999e+04 1.999e+04
 -2706 2706
 5.639e+04 -5.639e+04
 1.432e+04 -1.432e+04
 1.69e+05 -1.69e+05
 4.465e+04 -4.465e+04
 9.002e+04 -9.002e+04
 -1.077e+05 1.077e+05
 6.624e+04 -6.624e+04
 5174 -5174
 4914 -4914
 7.001e+04 -7.001e+04
 5.163e+04 -5.163e+04
 -4.905e+04 4.905e+04
 -7.867e+04 7.867e+04
 -2.369e+04 2.369e+04
 6.53e+04 -6.53e+04
 3.31e+04 -3.31e+04
 1657 -1657
 2719 -2719
 -6.629e+04 6.629e+04
 -3104 3104
 -1.218e+04 1.218e+04
 -2911 2911
 1.664e+04 -1.664e+04
 3.232e+04 -3.232e+04
 1.08e+05 -1.08e+05
 -1.142e+05 1.142e+05
 -2.81e+04 2.81e+04
 3242 -3242
 4.219e+04 -4.219e+04
 -1.139e+05 1.139e+05
 5.942e+04 -5.942e+04
 1.092e+04 -1.092e+04
 -3.794e+04 3.794e+04
 -3.888e+04 3.888e+04
 -3.342e+04 3.342e+04
 1.421e+04 -1.421e+04
 -3.11e+04 3.11e+04
 -2.761e+04 2.761e+04
 -7310 7310
 4.473e+04 -4.473e+04
 1.444e+04 -1.444e+04
 2.642e+04 -2.642e+04
 -3.789e+04 3.789e+04
 6.503e+04 -6.503e+04
 8842 -8842
 -4657 4657
 6.731e+04 -6.731e+04
 -1.65e+04 1.65e+04
 -4050 4050
 1.605e+04 -1.605e+04
 -1.315e+04 1.315e+04
 369.3 -369.3
 -3.462e+04 3.462e+04
 -2.842e+04 2.842e+04
 -3240 3240
 -3.708e+04 3.708e+04
 -6795 6795
 -2.22e+04 2.22e+04
 -2.949e+04 2.949e+04
 -3.325e+04 3.325e+04
 -2.539e+04 2.539e+04
 3.059e+04 -3.059e+04
 -1.546e+04 1.546e+04
 1.604e+04 -1.604e+04
 -1.319e+05 1.319e+05
 3.979e+04 -3.979e+04
 -2.514e+04 2.514e+04
 -2.909e+04 2.909e+04
 3.009e+04 -3.009e+04
 -1.476e+04 1.476e+04
 -4318 4318
 2.451e+04 -2.451e+04
 -3.709e+04 3.709e+04
 8.303e+04 -8.303e+04
 4897 -4897
 -4.762e+04 4.762e+04
 4.653e+04 -4.653e+04
 -6.323e+04 6.323e+04
 2.288e+04 -2.288e+04
 -2.043e+04 2.043e+04
 1.834e+04 -1.834e+04
 -1.049e+05 1.049e+05
 -3.522e+04 3.522e+04
 8.351e+04 -8.351e+04
 5714 -5714
 4.606e+04 -4.606e+04
 5.805e+04 -5.805e+04
 -1.714e+04 1.714e+04
 -3.086e+04 3.086e+04
 4.562e+04 -4.562e+04
 -1.161e+05 1.161e+05
 -2.388e+04 2.388e+04
 1.686e+04 -1.686e+04
 1.715e+04 -1.715e+04
 1056 -1056
 -6815 6815
 9423 -9423
 -7.365e+04 7.365e+04
 -7.583e+04 7.583e+04
 4.04e+04 -4.04e+04
 -2.322e+04 2.322e+04
 2.951e+04 -2.951e+04
 2680 -2680
 -2.645e+04 2.645e+04
 -8.527e+04 8.527e+04
 1.233e+05 -1.233e+05
 -7.8e+04 7.8e+04
 3.72e+04 -3.72e+04
 -3.747e+04 3.747e+04
 2.909e+04 -2.909e+04
 -1.761e+04 1.761e+04
 1705 -1705
 -5813 5813
 9.413e+04 -9.413e+04
 7403 -7403
 -4794 4794
 3.885e+04 -3.885e+04
 1.18e+05 -1.18e+05
 -4.026e+04 4.026e+04
 -4640 4640
 6.953e+04 -6.953e+04
 5281 -5281
 -5.585e+04 5.585e+04
 1.32e+04 -1.32e+04
 2.552e+04 -2.552e+04
 -1.381e+05 1.381e+05
 -3.405e+04 3.405e+04
 1.259e+04 -1.259e+04
 -1.608e+05 1.608e+05
 -1.899e+04 1.899e+04
 1.94e+04 -1.94e+04
 6279 -6279
 4.392e+04 -4.392e+04
 -1.49e+04 1.49e+04
 -3.194e+04 3.194e+04
 -1.969e+04 1.969e+04
 2.162e+04 -2.162e+04
 -1.074e+04 1.074e+04
 6783 -6783
 -4.01e+04 4.01e+04
 -6780 6780
 9.114e+04 -9.114e+04
 -9116 9116
 1.158e+05 -1.158e+05
 -779.4 779.4
 -6.27e+04 6.27e+04
 6395 -6395
 -7.893e+04 7.893e+04
 7.547e+04 -7.547e+04
 -5.834e+04 5.834e+04
 -9017 9017
 5.289e+04 -5.289e+04
 3.281e+04 -3.281e+04
 -1.723e+04 1.723e+04
 -9.231e+04 9.231e+04
 -7.326e+04 7.326e+04
 -1.857e+04 1.857e+04
 3.039e+04 -3.039e+04
 -5.167e+04 5.167e+04
 -1.851e+04 1.851e+04
 -2.66e+04 2.66e+04
 -8308 8308
 1.068e+04 -1.068e+04
 -4.255e+04 4.255e+04
 1.068e+05 -1.068e+05
 -8.538e+04 8.538e+04
 1.135e+05 -1.135e+05
 2.38e+04 -2.38e+04
 -2.151e+04 2.151e+04
 -3.796e+04 3.796e+04
 3.056e+04 -3.056e+04
 6575 -6575
 1.928e+04 -1.928e+04
 -7.322e+04 7.322e+04
 -1.052e+05 1.052e+05
 -3.994e+04 3.994e+04
 8.74e+04 -8.74e+04
 -5.52e+04 5.52e+04
 -1.4e+04 1.4e+04
 -4.086e+04 4.086e+04
 -1031 1031
 -2.704e+04 2.704e+04
 4.247e+04 -4.247e+04
 -3.675e+04 3.675e+04
 -1.447e+04 1.447e+04
 1.336e+04 -1.336e+04
 1.425e+04 -1.425e+04
 -1.452e+04 1.452e+04
 4.682e+04 -4.682e+04
 4.832e+04 -4.832e+04
 1.37e+04 -1.37e+04
 -1.453e+04 1.453e+04
 -1.299e+04 1.299e+04
 2.315e+04 -2.315e+04
 1.319e+04 -1.319e+04
 5.25e+04 -5.25e+04
 -4.253e+04 4.253e+04
 -1.88e+04 1.88e+04
 -1.329e+04 1.329e+04
 7.347e+04 -7.347e+04
 -5138 5138
 1.868e+04 -1.868e+04
 6.244e+04 -6.244e+04
 176.7 -176.7
 1.56e+04 -1.56e+04
 -3.072e+04 3.072e+04
 -1.773e+04 1.773e+04
 -9.438e+04 9.438e+04
 1.128e+04 -1.128e+04
 -5.035e+04 5.035e+04
 -1.737e+04 1.737e+04
 5.488e+04 -5.488e+04
 -3.194e+04 3.194e+04
 4.381e+04 -4.381e+04
 3.06e+04 -3.06e+04
 -6.397e+04 6.397e+04
 -9.136e+04 9.136e+04
 4.239e+04 -4.239e+04
 -6.355e+04 6.355e+04
 3.025e+04 -3.025e+04
 -4.13e+04 4.13e+04
 -2.386e+04 2.386e+04
 8.053e+04 -8.053e+04
 1.412e+05 -1.412e+05
 7.766e+04 -7.766e+04
 -3.125e+04 3.125e+04
 1.32e+05 -1.32e+05
 -3.674e+04 3.674e+04
 3.855e+04 -3.855e+04
 -6.58e+04 6.58e+04
 -2.394e+04 2.394e+04
 8.781e+04 -8.781e+04
 -4.205e+04 4.205e+04
 -3.003e+04 3.003e+04
 1.474e+04 -1.474e+04
 -1.389e+04 1.389e+04
 -4270 4270
 -1.383e+04 1.383e+04
 -2.043e+04 2.043e+04
 2.289e+04 -2.289e+04
 -8.07e+04 8.07e+04
 -3.26e+04 3.26e+04
 -3.78e+04 3.78e+04
 1.954e+04 -1.954e+04
 7.403e+04 -7.403e+04
 7015 -7015
 2.803e+04 -2.803e+04
 4.611e+04 -4.611e+04
 8.098e+04 -8.098e+04
 3.396e+04 -3.396e+04
 -7.256e+04 7.256e+04
 322.1 -322.1
 -2.809e+04 2.809e+04
 1.697e+04 -1.697e+04
 -2.401e+04 2.401e+04
 5.339e+04 -5.339e+04
 -1.312e+05 1.312e+05
 3.605e+04 -3.605e+04
 6.626e+04 -6.626e+04
 -6e+04 6e+04
 3.511e+04 -3.511e+04
 5.708e+04 -5.708e+04
 2281 -2281
 -1.401e+04 1.401e+04
 1.084e+04 -1.084e+04
 4.505e+04 -4.505e+04
 -1.111e+05 1.111e+05
 4.994e+04 -4.994e+04
 -1.851e+05 1.851e+05
 1.337e+05 -1.337e+05
 -3.43e+04 3.43e+04
 -1.456e+05 1.456e+05
 4.034e+04 -4.034e+04
 1.07e+04 -1.07e+04
 -3.789e+04 3.789e+04
 1.711e+04 -1.711e+04
 -1.354e+04 1.354e+04
 -1.441e+04 1.441e+04
 -9.481e+04 9.481e+04
 1.733e+04 -1.733e+04
 3857 -3857
 9.013e+04 -9.013e+04
 -1.078e+04 1.078e+04
 7.325e+04 -7.325e+04
 7.308e+04 -7.308e+04
 3.992e+04 -3.992e+04
 4.926e+04 -4.926e+04
 1.776e+04 -1.776e+04
 -2945 2945
 3.154e+04 -3.154e+04
 -950.7 950.7
 -4.044e+04 4.044e+04
 -5.155e+04 5.155e+04
 -6.134e+04 6.134e+04
 -6.878e+04 6.878e+04
 6.159e+04 -6.159e+04
 7.534e+04 -7.534e+04
 3100 -3100
 -9661 9661
 -1.03e+04 1.03e+04
 -1.044e+05 1.044e+05
 2.85e+04 -2.85e+04
 -4.351e+04 4.351e+04
 -5186 5186
 1.148e+04 -1.148e+04
 1.827e+04 -1.827e+04
 1.472e+04 -1.472e+04
 3.023e+04 -3.023e+04
 -5.339e+04 5.339e+04
 2.39e+05 -2.39e+05
 5.458e+04 -5.458e+04
 8144 -8144
 1.6e+04 -1.6e+04
 9.723e+04 -9.723e+04
 -9.219e+04 9.219e+04
 -2.695e+04 2.695e+04
 -1.739e+04 1.739e+04
 2780 -2780
 -2.321e+04 2.321e+04
 1.141e+05 -1.141e+05
 1.665e+04 -1.665e+04
 4.99e+04 -4.99e+04
 -8.511e+04 8.511e+04
 -4.473e+04 4.473e+04
 -8529 8529
 1415 -1415
 3.833e+04 -3.833e+04
 -2.068e+04 2.068e+04
 6.754e+04 -6.754e+04
 -4.262e+04 4.262e+04
 -1.94e+04 1.94e+04
 4284 -4284
 3.739e+04 -3.739e+04
 -7.473e+04 7.473e+04
 5.791e+04 -5.791e+04
 -4.701e+04 4.701e+04
 4.824e+04 -4.824e+04
 2.69e+04 -2.69e+04
 3999 -3999
 -3.076e+04 3.076e+04
 8005 -8005
 3.419e+04 -3.419e+04
 -4.003e+04 4.003e+04
 4.748e+04 -4.748e+04
 2.67e+04 -2.67e+04
 4755 -4755
 3.892e+04 -3.892e+04
 127.3 -127.3
 4.005e+04 -4.005e+04
 -9703 9703
 -1.479e+04 1.479e+04
 -1.558e+05 1.558e+05
 1.27e+04 -1.27e+04
 -4.97e+04 4.97e+04
 -4.149e+04 4.149e+04
 -2.605e+04 2.605e+04
 -3.104e+04 3.104e+04
 -3.989e+04 3.989e+04
 -1.473e+04 1.473e+04
 2.084e+04 -2.084e+04
 -1.137e+05 1.137e+05
 4.354e+04 -4.354e+04
 -6.217e+04 6.217e+04
 -2.438e+04 2.438e+04
 1.533e+04 -1.533e+04
 7.481e+04 -7.481e+04
 -2.704e+04 2.704e+04
 -1.846e+04 1.846e+04
 -5.655e+04 5.655e+04
 6.107e+04 -6.107e+04
 -2.872e+04 2.872e+04
 5.239e+04 -5.239e+04
 -3980 3980
 2.152e+04 -2.152e+04
 -7.014e+04 7.014e+04
 2e+04 -2e+04
 1.649e+04 -1.649e+04
 -1628 1628
 1.574e+05 -1.574e+05
 1.874e+05 -1.874e+05
 -7.153e+04 7.153e+04
 5.241e+04 -5.241e+04
 4607 -4607
 8.746e+04 -8.746e+04
 759.8 -759.8
 4.466e+04 -4.466e+04
 -3.863e+04 3.863e+04
 -5.903e+04 5.903e+04
 -9.544e+04 9.544e+04
 1.206e+04 -1.206e+04
 -5.141e+04 5.141e+04
 2.717e+04 -2.717e+04
 5.293e+04 -5.293e+04
 1.881e+04 -1.881e+04
 1.657e+05 -1.657e+05
 1.068e+05 -1.068e+05
 8920 -8920
 -5.672e+04 5.672e+04
 -4.17e+04 4.17e+04
 1.383e+04 -1.383e+04
 -2191 2191
 -4.935e+04 4.935e+04
 5.948e+04 -5.948e+04
 9456 -9456
 7.558e+04 -7.558e+04
 -9.971e+04 9.971e+04
 3.477e+04 -3.477e+04
 7.157e+04 -7.157e+04
 -1.062e+05 1.062e+05
 -1.976e+04 1.976e+04
 2.818e+04 -2.818e+04
 -4.424e+04 4.424e+04
 7.076e+04 -7.076e+04
 1.123e+04 -1.123e+04
 -2.315e+04 2.315e+04
 -1.45e+05 1.45e+05
 -3.099e+04 3.099e+04
 4.736e+04 -4.736e+04
 -6.706e+04 6.706e+04
 1615 -1615
 1.504e+05 -1.504e+05
 -2.843e+04 2.843e+04
 1.134e+05 -1.134e+05
 3.819e+04 -3.819e+04
 -3322 3322
 -3.652e+04 3.652e+04
 3.985e+04 -3.985e+04
 5.555e+04 -5.555e+04
 3.665e+04 -3.665e+04
 -5.133e+04 5.133e+04
 -2.101e+04 2.101e+04
 1.692e+04 -1.692e+04
 -8.5e+04 8.5e+04
 -1.886e+04 1.886e+04
 -5.447e+04 5.447e+04
 8.997e+04 -8.997e+04
 3.035e+04 -3.035e+04
 -1.407e+04 1.407e+04
 -4.395e+04 4.395e+04
 -9998 9998
 -1.884e+04 1.884e+04
 -4369 4369
 1.371e+05 -1.371e+05
 -1.99e+04 1.99e+04
 -9092 9092
 -1080 1080
 -3.551e+04 3.551e+04
 2.162e+04 -2.162e+04
 3.558e+04 -3.558e+04
 1.514e+04 -1.514e+04
 -2.062e+04 2.062e+04
 -4.976e+04 4.976e+04
 -3.011e+04 3.011e+04
 9807 -9807
 2.21e+04 -2.21e+04
 -8.749e+04 8.749e+04
 4.363e+04 -4.363e+04
 -4.049e+04 4.049e+04
 -5.84e+04 5.84e+04
 -5.945e+04 5.945e+04
 -3.008e+04 3.008e+04
 7.296e+04 -7.296e+04
 -3.36e+04 3.36e+04
 1.059e+04 -1.059e+04
 3.711e+04 -3.711e+04
 5.258e+04 -5.258e+04
 1.522e+04 -1.522e+04
 -7.767e+04 7.767e+04
 -2.508e+04 2.508e+04
 -2.74e+04 2.74e+04
 -7566 7566
 -5.41e+04 5.41e+04
 4.471e+04 -4.471e+04
 -2.563e+04 2.563e+04
 2911 -2911
 -4.645e+04 4.645e+04
 -3.693e+04 3.693e+04
 -3.166e+04 3.166e+04
 -1.177e+04 1.177e+04
 5.649e+04 -5.649e+04
 -3.423e+04 3.423e+04
 -1.063e+04 1.063e+04
 3.321e+04 -3.321e+04
 2737 -2737
 -3.001e+04 3.001e+04
 1751 -1751
 1.195e+05 -1.195e+05
 1.189e+04 -1.189e+04
 1.236e+04 -1.236e+04
 -1.73e+04 1.73e+04
 -1.097e+04 1.097e+04
 -1.674e+04 1.674e+04
 -5.08e+04 5.08e+04
 -9.126e+04 9.126e+04
 -2.689e+04 2.689e+04
 6.222e+04 -6.222e+04
 -1.322e+04 1.322e+04
 -2.197e+04 2.197e+04
 1.18e+04 -1.18e+04
 1.956e+04 -1.956e+04
 5.068e+04 -5.068e+04
 1.618e+05 -1.618e+05
 4.345e+04 -4.345e+04
 6.958e+04 -6.958e+04
 -1.974e+04 1.974e+04
 6.157e+04 -6.157e+04
 -5.362e+04 5.362e+04
 1.146e+05 -1.146e+05
 7.268e+04 -7.268e+04
 5.41e+04 -5.41e+04
 3.148e+04 -3.148e+04
 -5.622e+04 5.622e+04
 5.352e+04 -5.352e+04
 4.794e+04 -4.794e+04
 -4.877e+04 4.877e+04
 8.456e+04 -8.456e+04
 -7.626e+04 7.626e+04
 1.747e+05 -1.747e+05
 1630 -1630
 2.79e+04 -2.79e+04
 -3.049e+04 3.049e+04
 -4.006e+04 4.006e+04
 4.202e+04 -4.202e+04
 1.31e+05 -1.31e+05
 -1.333e+05 1.333e+05
 7.016e+04 -7.016e+04
 -2712 2712
 2102 -2102
 8.698e+04 -8.698e+04
 1.585e+04 -1.585e+04
 5.494e+04 -5.494e+04
 6.044e+04 -6.044e+04
 5644 -5644
 2.579e+04 -2.579e+04
 4.607e+04 -4.607e+04
 2.273e+04 -2.273e+04
 1.926e+04 -1.926e+04
 7.729e+04 -7.729e+04
 971.9 -971.9
 2.82e+04 -2.82e+04
 2.891e+04 -2.891e+04
 -1.818e+04 1.818e+04
 1.484e+04 -1.484e+04
 3.125e+04 -3.125e+04
 -1929 1929
 -2.204e+04 2.204e+04
 -8.122e+04 8.122e+04
 -2.898e+04 2.898e+04
 1.374e+05 -1.374e+05
 -3.088e+04 3.088e+04
 -6.57e+04 6.57e+04
 9.016e+04 -9.016e+04
 3.033e+04 -3.033e+04
 2.937e+04 -2.937e+04
 -4.175e+04 4.175e+04
 -3065 3065
 5.728e+04 -5.728e+04
 -4.535e+04 4.535e+04
 -700.1 700.1
 -2.379e+04 2.379e+04
 7.345e+04 -7.345e+04
 4.67e+04 -4.67e+04
 3.705e+04 -3.705e+04
 -6.163e+04 6.163e+04
 9717 -9717
 -3.295e+04 3.295e+04
 -2.08e+04 2.08e+04
 3.32e+04 -3.32e+04
 -4.591e+04 4.591e+04
 -4.6e+04 4.6e+04
 -1.224e+05 1.224e+05
 8.442e+04 -8.442e+04
 -5.832e+04 5.832e+04
 -1.867e+04 1.867e+04
 -4898 4898
 -5.497e+04 5.497e+04
 5.15e+04 -5.15e+04
 3.597e+04 -3.597e+04
 -6.723e+04 6.723e+04
 8505 -8505
 5.962e+04 -5.962e+04
 -2.894e+04 2.894e+04
 8295 -8295
 -4.868e+04 4.868e+04
 -2527 2527
 1.627e+04 -1.627e+04
 4912 -4912
 -7.49e+04 7.49e+04
 -8.961e+04 8.961e+04
 -9.391e+04 9.391e+04
 4.646e+04 -4.646e+04
 2.259e+04 -2.259e+04
 7.564e+04 -7.564e+04
 -5.593e+04 5.593e+04
 -2.328e+04 2.328e+04
 4.296e+04 -4.296e+04
 1.761e+04 -1.761e+04
 1.749e+04 -1.749e+04
 5.232e+04 -5.232e+04
 -1.071e+05 1.071e+05
 5859 -5859
 2.322e+04 -2.322e+04
 -7.513e+04 7.513e+04
 -9675 9675
 5.545e+04 -5.545e+04
 1.029e+05 -1.029e+05
 -1.13e+04 1.13e+04
 -4.106e+04 4.106e+04
 8.803e+04 -8.803e+04
 5.262e+04 -5.262e+04
 4.477e+04 -4.477e+04
 -2.879e+04 2.879e+04
 -3.914e+04 3.914e+04
 -5.129e+04 5.129e+04
 3647 -3647
 1.556e+04 -1.556e+04
 7.295e+04 -7.295e+04
 -1.33e+04 1.33e+04
 -4.472e+04 4.472e+04
 3.37e+04 -3.37e+04
 2.224e+04 -2.224e+04
 -5.793e+04 5.793e+04
 -1.871e+04 1.871e+04
 3.089e+04 -3.089e+04
 3.477e+04 -3.477e+04
 4475 -4475
 3.131e+04 -3.131e+04
 -5.339e+04 5.339e+04
 8.484e+04 -8.484e+04
 4.214e+04 -4.214e+04
 -9.424e+04 9.424e+04
 -4.319e+04 4.319e+04
 -7.839e+04 7.839e+04
 2.359e+04 -2.359e+04
 1.353e+04 -1.353e+04
 -3.261e+04 3.261e+04
 -7.697e+04 7.697e+04
 -3.325e+04 3.325e+04
 -3.269e+04 3.269e+04
 -7.225e+04 7.225e+04
 -1.637e+04 1.637e+04
 -7.693e+04 7.693e+04
 2.396e+04 -2.396e+04
 5.176e+04 -5.176e+04
 5069 -5069
 3.048e+04 -3.048e+04
 -4.732e+04 4.732e+04
 1.478e+04 -1.478e+04
 4.872e+04 -4.872e+04
 8.052e+04 -8.052e+04
 -2.852e+04 2.852e+04
 -1038 1038
 5.276e+04 -5.276e+04
 8.326e+04 -8.326e+04
 -2.119e+04 2.119e+04
 -7.816e+04 7.816e+04
 -3.142e+04 3.142e+04
 3.93e+04 -3.93e+04
 -4.78e+04 4.78e+04
 3.826e+04 -3.826e+04
 -3.613e+04 3.613e+04
 380.8 -380.8
 -1.211e+05 1.211e+05
 2929 -2929
 -7.306e+04 7.306e+04
 -1.714e+04 1.714e+04
 -2629 2629
 -1.585e+05 1.585e+05
 9883 -9883
 4.979e+04 -4.979e+04
 4.176e+04 -4.176e+04
 1.903e+04 -1.903e+04
 -3.49e+04 3.49e+04
 -3.068e+04 3.068e+04
 -3.745e+04 3.745e+04
 -3.366e+04 3.366e+04
 -4.132e+04 4.132e+04
 -3.804e+04 3.804e+04
 -4.882e+04 4.882e+04
 3861 -3861
 7.181e+04 -7.181e+04
 5.702e+04 -5.702e+04
 3061 -3061
 -1.29e+04 1.29e+04
 1.39e+04 -1.39e+04
 3.807e+04 -3.807e+04
 2.491e+04 -2.491e+04
 2.04e+04 -2.04e+04
 -7.786e+04 7.786e+04
 -1.246e+04 1.246e+04
 -3.467e+04 3.467e+04
 -3590 3590
 6.668e+04 -6.668e+04
 -7.071e+04 7.071e+04
 -3.503e+04 3.503e+04
 -4.977e+04 4.977e+04
 -7.14e+04 7.14e+04
 -1.021e+05 1.021e+05
 -8533 8533
 -968.1 968.1
 -4.237e+04 4.237e+04
 -3.807e+04 3.807e+04
 1.107e+05 -1.107e+05
 -9.747e+04 9.747e+04
 -4.647e+04 4.647e+04
 -2.64e+04 2.64e+04
 1.228e+04 -1.228e+04
 -5.849e+04 5.849e+04
 5.078e+04 -5.078e+04
 -4.498e+04 4.498e+04
 -5.046e+04 5.046e+04
 7.268e+04 -7.268e+04
 8.377e+04 -8.377e+04
 8.314e+04 -8.314e+04
 -3.593e+04 3.593e+04
 -7.545e+04 7.545e+04
 9.935e+04 -9.935e+04
 1.757e+04 -1.757e+04
 -5.882e+04 5.882e+04
 3.73e+04 -3.73e+04
 -7.536e+04 7.536e+04
 2.058e+04 -2.058e+04
 -3.561e+04 3.561e+04
 -5603 5603
 1.095e+05 -1.095e+05
 -3.086e+04 3.086e+04
 6.481e+04 -6.481e+04
 -2.06e+04 2.06e+04
 7.191e+04 -7.191e+04
 -9.887e+04 9.887e+04
 -6.542e+04 6.542e+04
 1.366e+04 -1.366e+04
 1.188e+05 -1.188e+05
 -3.664e+04 3.664e+04
 1.206e+04 -1.206e+04
 3.39e+04 -3.39e+04
 -7.289e+04 7.289e+04
 5.585e+04 -5.585e+04
 3.759e+04 -3.759e+04
 -4.439e+04 4.439e+04
 2.855e+04 -2.855e+04
 -4.588e+04 4.588e+04
 -9744 9744
 -4846 4846
 -4564 4564
 -2.774e+04 2.774e+04
 1.033e+04 -1.033e+04
 -4.465e+04 4.465e+04
 1.247e+05 -1.247e+05
 -5.495e+04 5.495e+04
 5.312e+04 -5.312e+04
 -1.954e+04 1.954e+04
 -2.114e+04 2.114e+04
 963.7 -963.7
 5.793e+04 -5.793e+04
 -3.52e+04 3.52e+04
 5.301e+04 -5.301e+04
 6319 -6319
 -7693 7693
 -6612 6612
 1.404e+04 -1.404e+04
 8.274e+04 -8.274e+04
 -1.325e+04 1.325e+04
 2.295e+04 -2.295e+04
 -4.699e+04 4.699e+04
 -5.378e+04 5.378e+04
 1.025e+05 -1.025e+05
 -2.402e+04 2.402e+04
 5.685e+04 -5.685e+04
 -8207 8207
 -2.4e+04 2.4e+04
 8184 -8184
 5.606e+04 -5.606e+04
 4.396e+04 -4.396e+04
 -7944 7944
 -4.364e+04 4.364e+04
 -6.33e+04 6.33e+04
 1.22e+04 -1.22e+04
 2.554e+04 -2.554e+04
 2.494e+04 -2.494e+04
 -8843 8843
 8.77e+04 -8.77e+04
 1.01e+05 -1.01e+05
 -1.1e+04 1.1e+04
 3671 -3671
 9.611e+04 -9.611e+04
 -1.461e+04 1.461e+04
 1550 -1550
 -5.775e+04 5.775e+04
 -1.228e+05 1.228e+05
 5657 -5657
 2.732e+04 -2.732e+04
 1.537e+04 -1.537e+04
 -4.198e+04 4.198e+04
 7.566e+04 -7.566e+04
 -4.746e+04 4.746e+04
 -2.837e+04 2.837e+04
 -839.5 839.5
 3281 -3281
 2.748e+04 -2.748e+04
 3.028e+04 -3.028e+04
 -9.575e+04 9.575e+04
 -2633 2633
 3.761e+04 -3.761e+04
 -1.035e+04 1.035e+04
 3.339e+04 -3.339e+04
 3.36e+04 -3.36e+04
 -1.151e+04 1.151e+04
 -3307 3307
 1.121e+05 -1.121e+05
 -1.356e+04 1.356e+04
 4.691e+04 -4.691e+04
 7.906e+04 -7.906e+04
 -6.653e+04 6.653e+04
 -4.069e+04 4.069e+04
 1.252e+04 -1.252e+04
 -4.233e+04 4.233e+04
 2.454e+04 -2.454e+04
 2.14e+04 -2.14e+04
 8136 -8136
 -5.594e+04 5.594e+04
 -2.154e+04 2.154e+04
 -2.543e+04 2.543e+04
 -1.697e+04 1.697e+04
 -2.038e+04 2.038e+04
 -4.628e+04 4.628e+04
 -7.516e+04 7.516e+04
 9.328e+04 -9.328e+04
 1.326e+05 -1.326e+05
 9.101e+04 -9.101e+04
 -5.707e+04 5.707e+04
 2.35e+04 -2.35e+04
 -2923 2923
 3.387e+04 -3.387e+04
 3.113e+04 -3.113e+04
 8.385e+04 -8.385e+04
 -1.626e+04 1.626e+04
 1.958e+04 -1.958e+04
 7.222e+04 -7.222e+04
 7335 -7335
 -2.954e+04 2.954e+04
 -1.772e+05 1.772e+05
 -7.053e+04 7.053e+04
 -6.792e+04 6.792e+04
 1.75e+04 -1.75e+04
 -6.9e+04 6.9e+04
 1658 -1658
 -1.144e+04 1.144e+04
 1.203e+04 -1.203e+04
 -6.822e+04 6.822e+04
 9232 -9232
 -4.278e+04 4.278e+04
 -8147 8147
 1.65e+04 -1.65e+04
 -4.797e+04 4.797e+04
 1.277e+05 -1.277e+05
 1.703e+04 -1.703e+04
 2.443e+04 -2.443e+04
 -5688 5688
 5354 -5354
 3370 -3370
 6424 -6424
 1.528e+04 -1.528e+04
 5.552e+04 -5.552e+04
 639.6 -639.6
 -1.917e+04 1.917e+04
 7042 -7042
 -2.155e+04 2.155e+04
 -1.06e+05 1.06e+05
 -2219 2219
 -3.935e+04 3.935e+04
 3.013e+04 -3.013e+04
 3.35e+04 -3.35e+04
 4.424e+04 -4.424e+04
 3.583e+04 -3.583e+04
 -7508 7508
 -3.95e+04 3.95e+04
 -1.171e+04 1.171e+04
 2.667e+04 -2.667e+04
 4838 -4838
 5661 -5661
 -1.045e+05 1.045e+05
 -2.153e+04 2.153e+04
 1690 -1690
 -5.122e+04 5.122e+04
 -7.142e+04 7.142e+04
 9.774e+04 -9.774e+04
 3.732e+04 -3.732e+04
 -7.168e+04 7.168e+04
 -2.139e+04 2.139e+04
 -3.667e+04 3.667e+04
 5.057e+04 -5.057e+04
 4.172e+04 -4.172e+04
 6.37e+04 -6.37e+04
 -1.084e+04 1.084e+04
 -9.561e+04 9.561e+04
 -5.48e+04 5.48e+04
 -7.868e+04 7.868e+04
 1.263e+05 -1.263e+05
 -1.879e+04 1.879e+04
 -1.725e+04 1.725e+04
 -5.348e+04 5.348e+04
 4.021e+04 -4.021e+04
 8.012e+04 -8.012e+04
 -2.912e+04 2.912e+04
 2.283e+04 -2.283e+04
 1429 -1429
 -5.692e+04 5.692e+04
 8.733e+04 -8.733e+04
 1.226e+04 -1.226e+04
 -1.151e+05 1.151e+05
 8.027e+04 -8.027e+04
 -5.536e+04 5.536e+04
 4.57e+04 -4.57e+04
 -1.435e+04 1.435e+04
 -1.191e+04 1.191e+04
 3590 -3590
 -2.453e+04 2.453e+04
 9.019e+04 -9.019e+04
 -5.297e+04 5.297e+04
 -2726 2726
 8.567e+04 -8.567e+04
 1.344e+04 -1.344e+04
 -7.472e+04 7.472e+04
 2.354e+04 -2.354e+04
 -7.377e+04 7.377e+04
 -5.275e+04 5.275e+04
 4.865e+04 -4.865e+04
 -6.669e+04 6.669e+04
 7635 -7635


