# Created by Octave 5.2.0, Fri Sep 25 00:38:44 2020 CEST <jiwidi@land>
# name: w
# type: matrix
# rows: 2001
# columns: 2
 0 0
 8.124e+04 -8.124e+04
 9491 -9491
 1.267e+05 -1.267e+05
 4217 -4217
 1.747e+04 -1.747e+04
 8.372e+04 -8.372e+04
 -1.842e+04 1.842e+04
 3.473e+04 -3.473e+04
 -9687 9687
 -2.953e+04 2.953e+04
 1.029e+04 -1.029e+04
 3611 -3611
 1.908e+04 -1.908e+04
 -2.033e+04 2.033e+04
 -6.756e+04 6.756e+04
 3.303e+04 -3.303e+04
 -6.432e+04 6.432e+04
 6.681e+04 -6.681e+04
 -3432 3432
 -1.484e+04 1.484e+04
 -7.268e+04 7.268e+04
 4.993e+04 -4.993e+04
 -2195 2195
 698.7 -698.7
 -5.278e+04 5.278e+04
 392.7 -392.7
 -1.746e+04 1.746e+04
 -2.667e+04 2.667e+04
 3.724e+04 -3.724e+04
 -6.443e+04 6.443e+04
 5144 -5144
 2.104e+04 -2.104e+04
 -5931 5931
 4.409e+04 -4.409e+04
 -1.276e+05 1.276e+05
 -1.202e+05 1.202e+05
 -3.896e+04 3.896e+04
 -6.052e+04 6.052e+04
 -2.266e+04 2.266e+04
 -15.38 15.38
 3.732e+04 -3.732e+04
 -2.561e+04 2.561e+04
 -6.267e+04 6.267e+04
 -3.731e+04 3.731e+04
 3.187e+04 -3.187e+04
 -5.671e+04 5.671e+04
 1.003e+05 -1.003e+05
 -2793 2793
 4.289e+04 -4.289e+04
 2.005e+04 -2.005e+04
 -2.543e+04 2.543e+04
 1333 -1333
 -8.067e+04 8.067e+04
 7.216e+04 -7.216e+04
 7.258e+04 -7.258e+04
 -1.461e+04 1.461e+04
 2.814e+04 -2.814e+04
 -8002 8002
 -8.956e+04 8.956e+04
 6485 -6485
 -1.891e+04 1.891e+04
 -3389 3389
 5.285e+04 -5.285e+04
 -4.081e+04 4.081e+04
 -1.613e+04 1.613e+04
 7.377e+04 -7.377e+04
 4829 -4829
 4.277e+04 -4.277e+04
 3799 -3799
 2.713e+04 -2.713e+04
 -1.095e+05 1.095e+05
 -1.251e+04 1.251e+04
 2.61e+04 -2.61e+04
 1.024e+05 -1.024e+05
 -4.923e+04 4.923e+04
 -2.24e+05 2.24e+05
 -6.091e+04 6.091e+04
 4.835e+04 -4.835e+04
 -8.344e+04 8.344e+04
 1.313e+04 -1.313e+04
 8493 -8493
 -6.408e+04 6.408e+04
 -2.532e+04 2.532e+04
 -248.6 248.6
 9999 -9999
 -1.037e+05 1.037e+05
 -1.449e+04 1.449e+04
 -3.774e+04 3.774e+04
 -4.221e+04 4.221e+04
 9680 -9680
 8.073e+04 -8.073e+04
 -450.3 450.3
 -4893 4893
 1.281e+05 -1.281e+05
 -8959 8959
 -1.471e+04 1.471e+04
 4.806e+04 -4.806e+04
 3101 -3101
 -9044 9044
 1465 -1465
 8609 -8609
 -4.414e+04 4.414e+04
 -2.424e+04 2.424e+04
 8491 -8491
 4.728e+04 -4.728e+04
 -4.079e+04 4.079e+04
 1.004e+04 -1.004e+04
 1.209e+04 -1.209e+04
 3.35e+04 -3.35e+04
 4.778e+04 -4.778e+04
 -8868 8868
 -637.6 637.6
 1.517e+04 -1.517e+04
 2.024e+04 -2.024e+04
 -3.554e+04 3.554e+04
 3.177e+04 -3.177e+04
 -2.001e+04 2.001e+04
 -5.741e+04 5.741e+04
 -3.402e+04 3.402e+04
 1.513e+04 -1.513e+04
 7.602e+04 -7.602e+04
 -1.672e+05 1.672e+05
 1.084e+04 -1.084e+04
 6.057e+04 -6.057e+04
 -1.32e+05 1.32e+05
 -2.776e+04 2.776e+04
 -1.888e+04 1.888e+04
 2.566e+04 -2.566e+04
 -7248 7248
 6.54e+04 -6.54e+04
 -3.933e+04 3.933e+04
 -7560 7560
 -3.14e+04 3.14e+04
 2.511e+04 -2.511e+04
 3256 -3256
 3.902e+04 -3.902e+04
 -1.524e+05 1.524e+05
 -1.425e+04 1.425e+04
 -1.343e+04 1.343e+04
 -1316 1316
 -1.106e+04 1.106e+04
 3.628e+04 -3.628e+04
 -9921 9921
 4.42e+04 -4.42e+04
 -1.589e+04 1.589e+04
 7.29e+04 -7.29e+04
 -1.002e+04 1.002e+04
 -5.633e+04 5.633e+04
 3.63e+04 -3.63e+04
 1.767e+04 -1.767e+04
 -7.967e+04 7.967e+04
 5.63e+04 -5.63e+04
 1.171e+05 -1.171e+05
 -5196 5196
 -2.909e+04 2.909e+04
 -2.369e+04 2.369e+04
 2.596e+04 -2.596e+04
 -6.238e+04 6.238e+04
 1.024e+04 -1.024e+04
 6159 -6159
 3.839e+04 -3.839e+04
 -5.524e+04 5.524e+04
 -7.08e+04 7.08e+04
 2.564e+04 -2.564e+04
 9.683e+04 -9.683e+04
 1.689e+04 -1.689e+04
 -1.476e+04 1.476e+04
 8920 -8920
 -3.525e+04 3.525e+04
 -1.675e+04 1.675e+04
 2.088e+04 -2.088e+04
 -4.391e+04 4.391e+04
 3.807e+04 -3.807e+04
 2.853e+04 -2.853e+04
 -4752 4752
 -3.85e+04 3.85e+04
 7.666e+04 -7.666e+04
 -7063 7063
 6009 -6009
 -7136 7136
 -6.224e+04 6.224e+04
 -1.004e+05 1.004e+05
 8.529e+04 -8.529e+04
 -5930 5930
 -2.765e+04 2.765e+04
 6.326e+04 -6.326e+04
 -3.249e+04 3.249e+04
 1.254e+04 -1.254e+04
 -7.115e+04 7.115e+04
 3.279e+04 -3.279e+04
 1.333e+04 -1.333e+04
 -9841 9841
 -1.662e+04 1.662e+04
 -4.146e+04 4.146e+04
 -4.962e+04 4.962e+04
 -1.89e+04 1.89e+04
 -5.639e+04 5.639e+04
 4231 -4231
 1.332e+05 -1.332e+05
 3.76e+04 -3.76e+04
 -4.067e+04 4.067e+04
 -8.568e+04 8.568e+04
 8.914e+04 -8.914e+04
 -3.412e+04 3.412e+04
 2.632e+04 -2.632e+04
 -2.941e+04 2.941e+04
 -3.176e+04 3.176e+04
 -1.941e+04 1.941e+04
 5.338e+04 -5.338e+04
 -1.912e+05 1.912e+05
 1.056e+04 -1.056e+04
 -5.685e+04 5.685e+04
 4.424e+04 -4.424e+04
 -4.346e+04 4.346e+04
 9.243e+04 -9.243e+04
 -1.746e+04 1.746e+04
 -3.65e+04 3.65e+04
 -944.6 944.6
 5.564e+04 -5.564e+04
 -2.78e+04 2.78e+04
 -1.636e+04 1.636e+04
 7.677e+04 -7.677e+04
 4.65e+04 -4.65e+04
 6.412e+04 -6.412e+04
 3.753e+04 -3.753e+04
 3.108e+04 -3.108e+04
 -3889 3889
 3.114e+04 -3.114e+04
 -7.455e+04 7.455e+04
 2.179e+04 -2.179e+04
 1.064e+05 -1.064e+05
 1.084e+04 -1.084e+04
 -7.941e+04 7.941e+04
 2.772e+04 -2.772e+04
 -2.247e+04 2.247e+04
 -3.149e+04 3.149e+04
 -6.459e+04 6.459e+04
 7.266e+04 -7.266e+04
 3.492e+04 -3.492e+04
 -8.628e+04 8.628e+04
 -2.736e+04 2.736e+04
 -3.691e+04 3.691e+04
 5465 -5465
 -4.395e+04 4.395e+04
 -5.895e+04 5.895e+04
 3.291e+04 -3.291e+04
 3.443e+04 -3.443e+04
 -1.765e+04 1.765e+04
 -7.204e+04 7.204e+04
 8.668e+04 -8.668e+04
 2.274e+04 -2.274e+04
 2.403e+04 -2.403e+04
 2.875e+04 -2.875e+04
 -1.838e+04 1.838e+04
 2.615e+04 -2.615e+04
 1.699e+04 -1.699e+04
 1.252e+05 -1.252e+05
 8.281e+04 -8.281e+04
 -8251 8251
 1.024e+05 -1.024e+05
 -2.011e+04 2.011e+04
 -635.1 635.1
 -3.559e+04 3.559e+04
 2.618e+04 -2.618e+04
 2.279e+04 -2.279e+04
 1.167e+04 -1.167e+04
 5175 -5175
 3725 -3725
 8.077e+04 -8.077e+04
 5488 -5488
 -5.792e+04 5.792e+04
 -5.589e+04 5.589e+04
 1095 -1095
 -7668 7668
 3.287e+04 -3.287e+04
 1.834e+04 -1.834e+04
 234.8 -234.8
 -6.005e+04 6.005e+04
 -80.22 80.22
 -5.599e+04 5.599e+04
 1.468e+04 -1.468e+04
 2.452e+04 -2.452e+04
 1560 -1560
 8.065e+04 -8.065e+04
 2.559e+04 -2.559e+04
 1.938e+04 -1.938e+04
 -2.438e+04 2.438e+04
 2.918e+04 -2.918e+04
 -9.25e+04 9.25e+04
 3174 -3174
 -1.435e+05 1.435e+05
 9.758e+04 -9.758e+04
 1.485e+04 -1.485e+04
 1.069e+04 -1.069e+04
 8159 -8159
 -1.272e+05 1.272e+05
 -1.607e+04 1.607e+04
 4.737e+04 -4.737e+04
 1.769e+04 -1.769e+04
 -4.416e+04 4.416e+04
 135 -135
 4.895e+04 -4.895e+04
 -7.708e+04 7.708e+04
 4.606e+04 -4.606e+04
 6294 -6294
 5.248e+04 -5.248e+04
 -8855 8855
 4489 -4489
 1.927e+04 -1.927e+04
 2248 -2248
 1.265e+05 -1.265e+05
 -7.021e+04 7.021e+04
 -9.19e+04 9.19e+04
 4.301e+04 -4.301e+04
 -5.272e+04 5.272e+04
 -2180 2180
 5.105e+04 -5.105e+04
 -1.055e+04 1.055e+04
 -1.023e+04 1.023e+04
 5.115e+04 -5.115e+04
 2.166e+05 -2.166e+05
 3.55e+04 -3.55e+04
 -5248 5248
 -4.061e+04 4.061e+04
 3.356e+04 -3.356e+04
 8.071e+04 -8.071e+04
 4.412e+04 -4.412e+04
 2.888e+04 -2.888e+04
 3.2e+04 -3.2e+04
 -7.449e+04 7.449e+04
 1.15e+04 -1.15e+04
 2.124e+04 -2.124e+04
 -5.737e+04 5.737e+04
 -3.089e+04 3.089e+04
 1.138e+04 -1.138e+04
 -2781 2781
 9.815e+04 -9.815e+04
 6.455e+04 -6.455e+04
 9.068e+04 -9.068e+04
 8170 -8170
 -3.685e+04 3.685e+04
 -1.349e+04 1.349e+04
 5.684e+04 -5.684e+04
 -2.636e+04 2.636e+04
 -3.13e+04 3.13e+04
 8.509e+04 -8.509e+04
 1.721e+04 -1.721e+04
 7.377e+04 -7.377e+04
 2.605e+04 -2.605e+04
 -2.478e+04 2.478e+04
 1946 -1946
 -1.055e+05 1.055e+05
 -2.423e+04 2.423e+04
 -3.015e+04 3.015e+04
 3.707e+04 -3.707e+04
 -3.658e+04 3.658e+04
 -2.168e+04 2.168e+04
 -4481 4481
 1.024e+05 -1.024e+05
 -7.888e+04 7.888e+04
 -3.574e+04 3.574e+04
 -4.784e+04 4.784e+04
 4.609e+04 -4.609e+04
 -1.77e+04 1.77e+04
 1.814e+04 -1.814e+04
 3.339e+04 -3.339e+04
 -9.239e+04 9.239e+04
 1.062e+04 -1.062e+04
 -1.126e+05 1.126e+05
 3.731e+04 -3.731e+04
 3.375e+04 -3.375e+04
 -2.561e+04 2.561e+04
 -1.143e+05 1.143e+05
 -1.019e+05 1.019e+05
 8879 -8879
 -1.121e+04 1.121e+04
 9.189e+04 -9.189e+04
 1.552e+04 -1.552e+04
 -1.314e+05 1.314e+05
 -4.141e+04 4.141e+04
 -4.19e+04 4.19e+04
 -6619 6619
 -3.545e+04 3.545e+04
 4716 -4716
 6.125e+04 -6.125e+04
 2.671e+04 -2.671e+04
 8.822e+04 -8.822e+04
 5.906e+04 -5.906e+04
 -4.665e+04 4.665e+04
 -3576 3576
 -4739 4739
 1.194e+04 -1.194e+04
 -1.116e+05 1.116e+05
 1741 -1741
 2.11e+04 -2.11e+04
 -2.402e+04 2.402e+04
 1.588e+04 -1.588e+04
 5856 -5856
 8.64e+04 -8.64e+04
 4798 -4798
 -5.3e+04 5.3e+04
 -3.791e+04 3.791e+04
 3.583e+04 -3.583e+04
 -2.355e+04 2.355e+04
 1.008e+04 -1.008e+04
 6082 -6082
 -2221 2221
 -1.727e+04 1.727e+04
 9.5e+04 -9.5e+04
 -3.859e+04 3.859e+04
 2601 -2601
 -1.796e+04 1.796e+04
 4.187e+04 -4.187e+04
 -7.084e+04 7.084e+04
 -5181 5181
 2.986e+04 -2.986e+04
 -1.429e+04 1.429e+04
 6.94e+04 -6.94e+04
 -220.9 220.9
 7.995e+04 -7.995e+04
 -5.22e+04 5.22e+04
 1.352e+05 -1.352e+05
 4.036e+04 -4.036e+04
 -3.903e+04 3.903e+04
 -2.608e+04 2.608e+04
 -4.527e+04 4.527e+04
 -6849 6849
 -5333 5333
 -1.749e+04 1.749e+04
 7.569e+04 -7.569e+04
 -3.061e+04 3.061e+04
 3.92e+04 -3.92e+04
 3.287e+04 -3.287e+04
 -5.62e+04 5.62e+04
 -1.76e+04 1.76e+04
 -2.386e+04 2.386e+04
 1.89e+04 -1.89e+04
 -1.254e+05 1.254e+05
 8964 -8964
 -7.245e+04 7.245e+04
 -1.143e+04 1.143e+04
 -1.475e+05 1.475e+05
 6.711e+04 -6.711e+04
 2.847e+04 -2.847e+04
 -6.982e+04 6.982e+04
 -4.365e+04 4.365e+04
 2.713e+04 -2.713e+04
 2106 -2106
 8.615e+04 -8.615e+04
 -2.463e+04 2.463e+04
 -9457 9457
 8.862e+04 -8.862e+04
 3788 -3788
 -1.379e+04 1.379e+04
 7.612e+04 -7.612e+04
 3.611e+04 -3.611e+04
 1.108e+05 -1.108e+05
 3415 -3415
 8813 -8813
 -1.235e+04 1.235e+04
 -254 254
 7.417e+04 -7.417e+04
 7152 -7152
 7.226e+04 -7.226e+04
 -1.719e+04 1.719e+04
 5.145e+04 -5.145e+04
 -3e+04 3e+04
 2.148e+04 -2.148e+04
 4.453e+04 -4.453e+04
 -5e+04 5e+04
 9479 -9479
 -1.202e+04 1.202e+04
 -4.954e+04 4.954e+04
 -361.9 361.9
 4.412e+04 -4.412e+04
 -3.958e+04 3.958e+04
 -6509 6509
 -5.355e+04 5.355e+04
 3.591e+04 -3.591e+04
 -9846 9846
 -5.387e+04 5.387e+04
 -1964 1964
 2.678e+04 -2.678e+04
 -2.949e+04 2.949e+04
 -80.33 80.33
 1.606e+04 -1.606e+04
 -9.848e+04 9.848e+04
 -1856 1856
 -4.16e+04 4.16e+04
 -5.906e+04 5.906e+04
 -1032 1032
 -1.532e+04 1.532e+04
 -3.35e+04 3.35e+04
 -6775 6775
 -8.343e+04 8.343e+04
 -5.513e+04 5.513e+04
 -1.313e+04 1.313e+04
 8.775e+04 -8.775e+04
 -1.472e+05 1.472e+05
 2.081e+04 -2.081e+04
 2.944e+04 -2.944e+04
 -8.945e+04 8.945e+04
 -6088 6088
 4008 -4008
 -8.637e+04 8.637e+04
 -6.955e+04 6.955e+04
 -1.698e+04 1.698e+04
 -1.772e+04 1.772e+04
 8.586e+04 -8.586e+04
 -1.057e+04 1.057e+04
 -3.336e+04 3.336e+04
 1.374e+04 -1.374e+04
 3.32e+04 -3.32e+04
 -5.427e+04 5.427e+04
 2.392e+04 -2.392e+04
 -5.132e+04 5.132e+04
 -9176 9176
 -2.927e+04 2.927e+04
 -8.787e+04 8.787e+04
 5619 -5619
 3.777e+04 -3.777e+04
 -7.146e+04 7.146e+04
 4.337e+04 -4.337e+04
 -9.037e+04 9.037e+04
 2.414e+04 -2.414e+04
 -2.968e+04 2.968e+04
 5.795e+04 -5.795e+04
 9987 -9987
 1543 -1543
 6.861e+04 -6.861e+04
 -1.822e+04 1.822e+04
 -5.196e+04 5.196e+04
 -3866 3866
 3.857e+04 -3.857e+04
 -1.221e+05 1.221e+05
 1.281e+05 -1.281e+05
 9006 -9006
 1.053e+05 -1.053e+05
 -5106 5106
 -5.495e+04 5.495e+04
 -4.606e+04 4.606e+04
 -4.344e+04 4.344e+04
 -5.069e+04 5.069e+04
 6.563e+04 -6.563e+04
 -9.609e+04 9.609e+04
 3.663e+04 -3.663e+04
 -4.252e+04 4.252e+04
 -6.126e+04 6.126e+04
 2.487e+04 -2.487e+04
 5.465e+04 -5.465e+04
 -2.331e+04 2.331e+04
 6.095e+04 -6.095e+04
 -4.145e+04 4.145e+04
 5.701e+04 -5.701e+04
 3857 -3857
 3.325e+04 -3.325e+04
 -5.725e+04 5.725e+04
 -2413 2413
 -2.438e+04 2.438e+04
 4.176e+04 -4.176e+04
 -2922 2922
 2.301e+04 -2.301e+04
 -2.131e+04 2.131e+04
 -4.48e+04 4.48e+04
 1.428e+04 -1.428e+04
 6.315e+04 -6.315e+04
 2.717e+04 -2.717e+04
 -3.284e+04 3.284e+04
 -5.056e+04 5.056e+04
 -6519 6519
 2.218e+04 -2.218e+04
 4.429e+04 -4.429e+04
 1.367e+05 -1.367e+05
 -5.126e+04 5.126e+04
 -1.991e+04 1.991e+04
 -5964 5964
 5.291e+04 -5.291e+04
 4.778e+04 -4.778e+04
 -1368 1368
 7.306e+04 -7.306e+04
 3.663e+04 -3.663e+04
 -2732 2732
 -4.18e+04 4.18e+04
 8.071e+04 -8.071e+04
 1.841e+05 -1.841e+05
 3.241e+04 -3.241e+04
 1.143e+04 -1.143e+04
 634.8 -634.8
 4.089e+04 -4.089e+04
 -1.983e+04 1.983e+04
 3.118e+04 -3.118e+04
 -4.33e+04 4.33e+04
 5.857e+04 -5.857e+04
 1.72e+04 -1.72e+04
 -7.632e+04 7.632e+04
 -3.118e+04 3.118e+04
 1.248e+04 -1.248e+04
 -2713 2713
 1.771e+04 -1.771e+04
 -5.307e+04 5.307e+04
 -2.882e+04 2.882e+04
 9762 -9762
 6.169e+04 -6.169e+04
 7.076e+04 -7.076e+04
 3.011e+04 -3.011e+04
 2.014e+05 -2.014e+05
 7.628e+04 -7.628e+04
 -1.3e+05 1.3e+05
 -1.263e+04 1.263e+04
 -3046 3046
 -1.317e+05 1.317e+05
 1.717e+04 -1.717e+04
 4.854e+04 -4.854e+04
 -4.484e+04 4.484e+04
 49.42 -49.42
 -4.832e+04 4.832e+04
 -2.353e+04 2.353e+04
 -4.575e+04 4.575e+04
 3428 -3428
 1.449e+04 -1.449e+04
 -3.447e+04 3.447e+04
 -5289 5289
 -2.467e+04 2.467e+04
 1.194e+04 -1.194e+04
 -2456 2456
 -5.402e+04 5.402e+04
 -1.312e+04 1.312e+04
 -3.831e+04 3.831e+04
 -1.486e+04 1.486e+04
 -3088 3088
 -9.35e+04 9.35e+04
 3.235e+04 -3.235e+04
 -3.511e+04 3.511e+04
 -2.608e+04 2.608e+04
 -8.156e+04 8.156e+04
 1.2e+04 -1.2e+04
 2.375e+04 -2.375e+04
 1644 -1644
 -4.059e+04 4.059e+04
 -1.531e+04 1.531e+04
 6.98e+04 -6.98e+04
 4.757e+04 -4.757e+04
 5.083e+04 -5.083e+04
 -1.048e+05 1.048e+05
 -4.617e+04 4.617e+04
 -2.386e+04 2.386e+04
 -2.125e+04 2.125e+04
 -1.488e+04 1.488e+04
 4.496e+04 -4.496e+04
 4.306e+04 -4.306e+04
 6859 -6859
 6.615e+04 -6.615e+04
 1.19e+05 -1.19e+05
 -3.656e+04 3.656e+04
 1.733e+04 -1.733e+04
 -4.012e+04 4.012e+04
 3.606e+04 -3.606e+04
 5379 -5379
 7989 -7989
 2.634e+04 -2.634e+04
 -1.033e+05 1.033e+05
 2.602e+04 -2.602e+04
 -1.566e+05 1.566e+05
 -3.313e+04 3.313e+04
 2.058e+04 -2.058e+04
 -6.105e+04 6.105e+04
 3.884e+04 -3.884e+04
 -4591 4591
 -8.041e+04 8.041e+04
 -2.672e+04 2.672e+04
 -2.061e+04 2.061e+04
 2.401e+04 -2.401e+04
 3.878e+04 -3.878e+04
 -1.056e+05 1.056e+05
 -9.149e+04 9.149e+04
 1.529e+04 -1.529e+04
 -1.711e+04 1.711e+04
 1.747e+04 -1.747e+04
 -5.782e+04 5.782e+04
 -2.748e+04 2.748e+04
 -3.228e+04 3.228e+04
 7719 -7719
 -2.689e+04 2.689e+04
 2.487e+04 -2.487e+04
 -7.94e+04 7.94e+04
 1.132e+04 -1.132e+04
 -1.402e+04 1.402e+04
 2.989e+04 -2.989e+04
 3629 -3629
 -7.147e+04 7.147e+04
 -4.7e+04 4.7e+04
 -4.786e+04 4.786e+04
 1.881e+04 -1.881e+04
 5.033e+04 -5.033e+04
 -6.34e+04 6.34e+04
 2.915e+04 -2.915e+04
 1.974e+04 -1.974e+04
 4.845e+04 -4.845e+04
 6042 -6042
 -3.021e+04 3.021e+04
 6674 -6674
 8.507e+04 -8.507e+04
 864.4 -864.4
 -3.491e+04 3.491e+04
 4.264e+04 -4.264e+04
 -4.522e+04 4.522e+04
 1.679e+04 -1.679e+04
 -7.024e+04 7.024e+04
 -3230 3230
 -3.767e+04 3.767e+04
 1.028e+05 -1.028e+05
 2.54e+04 -2.54e+04
 6.837e+04 -6.837e+04
 1.056e+05 -1.056e+05
 -4.308e+04 4.308e+04
 2.807e+05 -2.807e+05
 -1.356e+04 1.356e+04
 -2.355e+04 2.355e+04
 1.841e+04 -1.841e+04
 1411 -1411
 -6.127e+04 6.127e+04
 -7.559e+04 7.559e+04
 -7.213e+04 7.213e+04
 2.887e+04 -2.887e+04
 -4.98e+04 4.98e+04
 -5.983e+04 5.983e+04
 6.203e+04 -6.203e+04
 -4.645e+04 4.645e+04
 9.596e+04 -9.596e+04
 -1.646e+04 1.646e+04
 5.411e+04 -5.411e+04
 5182 -5182
 2.959e+04 -2.959e+04
 -1.323e+04 1.323e+04
 -1.982e+04 1.982e+04
 -9.532e+04 9.532e+04
 -3.061e+04 3.061e+04
 -6.559e+04 6.559e+04
 2.205e+04 -2.205e+04
 1.902e+04 -1.902e+04
 -7.685e+04 7.685e+04
 1.019e+05 -1.019e+05
 1.199e+04 -1.199e+04
 1.118e+04 -1.118e+04
 3239 -3239
 7.071e+04 -7.071e+04
 -4558 4558
 9.845e+04 -9.845e+04
 2.287e+04 -2.287e+04
 4.4e+04 -4.4e+04
 1.219e+05 -1.219e+05
 -5.344e+04 5.344e+04
 -2.079e+04 2.079e+04
 -3772 3772
 -2.267e+04 2.267e+04
 -5.908e+04 5.908e+04
 -2.102e+04 2.102e+04
 6.309e+04 -6.309e+04
 8.231e+04 -8.231e+04
 -3.806e+04 3.806e+04
 -4.894e+04 4.894e+04
 -6.944e+04 6.944e+04
 -2.333e+04 2.333e+04
 -4.564e+04 4.564e+04
 1.233e+04 -1.233e+04
 -2.708e+04 2.708e+04
 4.728e+04 -4.728e+04
 5.175e+04 -5.175e+04
 -1.975e+05 1.975e+05
 7.832e+04 -7.832e+04
 -4.975e+04 4.975e+04
 -2515 2515
 -7.279e+04 7.279e+04
 7.175e+04 -7.175e+04
 -6217 6217
 -7.487e+04 7.487e+04
 -6.038e+04 6.038e+04
 -1.038e+04 1.038e+04
 5.42e+04 -5.42e+04
 -3.718e+04 3.718e+04
 6.057e+04 -6.057e+04
 3.49e+04 -3.49e+04
 -7.56e+04 7.56e+04
 3.947e+04 -3.947e+04
 -3797 3797
 7.035e+04 -7.035e+04
 8959 -8959
 -3.142e+04 3.142e+04
 -6.672e+04 6.672e+04
 1.06e+05 -1.06e+05
 3090 -3090
 3.606e+04 -3.606e+04
 -1.693e+04 1.693e+04
 -1.714e+04 1.714e+04
 -4700 4700
 -1.682e+04 1.682e+04
 -2.417e+04 2.417e+04
 -3653 3653
 6.625e+04 -6.625e+04
 8.603e+04 -8.603e+04
 -1.415e+04 1.415e+04
 3.764e+04 -3.764e+04
 1.518e+05 -1.518e+05
 4.588e+04 -4.588e+04
 1.637e+04 -1.637e+04
 -1.208e+04 1.208e+04
 -2492 2492
 5831 -5831
 6.676e+04 -6.676e+04
 7.938e+04 -7.938e+04
 1.207e+05 -1.207e+05
 1.426e+04 -1.426e+04
 1.029e+04 -1.029e+04
 6.568e+04 -6.568e+04
 -3.318e+04 3.318e+04
 -1.767e+04 1.767e+04
 2.2e+04 -2.2e+04
 -8145 8145
 3.563e+04 -3.563e+04
 1.519e+04 -1.519e+04
 4.171e+04 -4.171e+04
 8.812e+04 -8.812e+04
 -1.003e+04 1.003e+04
 2.1e+04 -2.1e+04
 -3.421e+04 3.421e+04
 -2.183e+04 2.183e+04
 -4.169e+04 4.169e+04
 6.011e+04 -6.011e+04
 -2074 2074
 2.175e+04 -2.175e+04
 7.293e+04 -7.293e+04
 5434 -5434
 3.89e+04 -3.89e+04
 -2.891e+04 2.891e+04
 -4.558e+04 4.558e+04
 -5.325e+04 5.325e+04
 3.505e+04 -3.505e+04
 4366 -4366
 -8.043e+04 8.043e+04
 2.849e+04 -2.849e+04
 -2.377e+04 2.377e+04
 -7940 7940
 6.563e+04 -6.563e+04
 -2977 2977
 -7.534e+04 7.534e+04
 8045 -8045
 7.443e+04 -7.443e+04
 -4.87e+04 4.87e+04
 5.21e+04 -5.21e+04
 -4.321e+04 4.321e+04
 7.487e+04 -7.487e+04
 -3.721e+04 3.721e+04
 -2.365e+04 2.365e+04
 6029 -6029
 3845 -3845
 4.418e+04 -4.418e+04
 -6.326e+04 6.326e+04
 1.415e+04 -1.415e+04
 -5.495e+04 5.495e+04
 -4.882e+04 4.882e+04
 -3173 3173
 4734 -4734
 -2.741e+04 2.741e+04
 6.443e+04 -6.443e+04
 -1.673e+04 1.673e+04
 -1.829e+04 1.829e+04
 3.502e+04 -3.502e+04
 5.893e+04 -5.893e+04
 9036 -9036
 4.034e+04 -4.034e+04
 2.418e+04 -2.418e+04
 9982 -9982
 5.465e+04 -5.465e+04
 -2.627e+04 2.627e+04
 3.283e+04 -3.283e+04
 -6.07e+04 6.07e+04
 3.612e+04 -3.612e+04
 6.38e+04 -6.38e+04
 -2.867e+04 2.867e+04
 8.356e+04 -8.356e+04
 8.488e+04 -8.488e+04
 -4.185e+04 4.185e+04
 7.932e+04 -7.932e+04
 8944 -8944
 1.141e+05 -1.141e+05
 3.766e+04 -3.766e+04
 -7371 7371
 -3.867e+04 3.867e+04
 -2.878e+04 2.878e+04
 -2.107e+04 2.107e+04
 -7.761e+04 7.761e+04
 2.444e+04 -2.444e+04
 3.937e+04 -3.937e+04
 2.408e+04 -2.408e+04
 2.809e+04 -2.809e+04
 1.432e+05 -1.432e+05
 -4.412e+04 4.412e+04
 -2.612e+04 2.612e+04
 -1.565e+04 1.565e+04
 -4.493e+04 4.493e+04
 1.493e+04 -1.493e+04
 -4.844e+04 4.844e+04
 1.733e+04 -1.733e+04
 -8.59e+04 8.59e+04
 6.466e+04 -6.466e+04
 8.559e+04 -8.559e+04
 -4.084e+04 4.084e+04
 -3129 3129
 -3591 3591
 1.2e+05 -1.2e+05
 4646 -4646
 6.444e+04 -6.444e+04
 5.15e+04 -5.15e+04
 -6.444e+04 6.444e+04
 -2.738e+04 2.738e+04
 4.723e+04 -4.723e+04
 7.233e+04 -7.233e+04
 7.397e+04 -7.397e+04
 -1.181e+05 1.181e+05
 4.509e+04 -4.509e+04
 -2.544e+04 2.544e+04
 3.819e+04 -3.819e+04
 -4.064e+04 4.064e+04
 -7.31e+04 7.31e+04
 2544 -2544
 1.227e+04 -1.227e+04
 1.143e+04 -1.143e+04
 1.121e+04 -1.121e+04
 -1.129e+05 1.129e+05
 -1.962e+04 1.962e+04
 2.91e+04 -2.91e+04
 5164 -5164
 -9332 9332
 2.853e+04 -2.853e+04
 2.869e+04 -2.869e+04
 -4.59e+04 4.59e+04
 7.811e+04 -7.811e+04
 9287 -9287
 3.475e+04 -3.475e+04
 4.36e+04 -4.36e+04
 2.302e+04 -2.302e+04
 -1.52e+04 1.52e+04
 1.898e+04 -1.898e+04
 3.968e+04 -3.968e+04
 -6419 6419
 -3.424e+04 3.424e+04
 -5.447e+04 5.447e+04
 1.514e+04 -1.514e+04
 -1.497e+04 1.497e+04
 -874.4 874.4
 -6.24e+04 6.24e+04
 -5948 5948
 -6.195e+04 6.195e+04
 1.705e+04 -1.705e+04
 -7.086e+04 7.086e+04
 -1.593e+04 1.593e+04
 8031 -8031
 4.203e+04 -4.203e+04
 2.945e+04 -2.945e+04
 -2.892e+04 2.892e+04
 -1.157e+05 1.157e+05
 7.266e+04 -7.266e+04
 7.947e+04 -7.947e+04
 -3.218e+04 3.218e+04
 3.323e+04 -3.323e+04
 -1.056e+05 1.056e+05
 -7.348e+04 7.348e+04
 3.676e+04 -3.676e+04
 -3.121e+04 3.121e+04
 1e+04 -1e+04
 1.393e+05 -1.393e+05
 -9657 9657
 1.55e+04 -1.55e+04
 4.049e+04 -4.049e+04
 2.435e+04 -2.435e+04
 2.395e+04 -2.395e+04
 3.805e+04 -3.805e+04
 -8728 8728
 -1.81e+04 1.81e+04
 4130 -4130
 -2.014e+04 2.014e+04
 -7.671e+04 7.671e+04
 -2.272e+04 2.272e+04
 2.299e+04 -2.299e+04
 5.145e+04 -5.145e+04
 -4.21e+04 4.21e+04
 -2.499e+04 2.499e+04
 -57.52 57.52
 -530 530
 5749 -5749
 5.027e+04 -5.027e+04
 -3.813e+04 3.813e+04
 5.155e+04 -5.155e+04
 -1563 1563
 3.011e+04 -3.011e+04
 -3984 3984
 -1.469e+05 1.469e+05
 -1.038e+04 1.038e+04
 1.213e+04 -1.213e+04
 -3.832e+04 3.832e+04
 1.177e+04 -1.177e+04
 -1e+04 1e+04
 -2672 2672
 1.513e+05 -1.513e+05
 -3.188e+04 3.188e+04
 9688 -9688
 -5.627e+04 5.627e+04
 -5.992e+04 5.992e+04
 -1851 1851
 4.585e+04 -4.585e+04
 2.4e+04 -2.4e+04
 1.013e+04 -1.013e+04
 3.763e+04 -3.763e+04
 3.82e+04 -3.82e+04
 2.827e+04 -2.827e+04
 -3.904e+04 3.904e+04
 5.6e+04 -5.6e+04
 -4.583e+04 4.583e+04
 4.644e+04 -4.644e+04
 8726 -8726
 -1.001e+05 1.001e+05
 1.618e+04 -1.618e+04
 874.4 -874.4
 -9.412e+04 9.412e+04
 -7.3e+04 7.3e+04
 -6.489e+04 6.489e+04
 8933 -8933
 3.425e+04 -3.425e+04
 -5.693e+04 5.693e+04
 -2.281e+04 2.281e+04
 3.798e+04 -3.798e+04
 9508 -9508
 -2.397e+04 2.397e+04
 1.341e+04 -1.341e+04
 -1.007e+05 1.007e+05
 -5.491e+04 5.491e+04
 2.578e+04 -2.578e+04
 -7.503e+04 7.503e+04
 -2.494e+04 2.494e+04
 2.938e+04 -2.938e+04
 -4.759e+04 4.759e+04
 -2.037e+04 2.037e+04
 -1.185e+04 1.185e+04
 -7.773e+04 7.773e+04
 -1.873e+04 1.873e+04
 -2.872e+04 2.872e+04
 -5169 5169
 7.257e+04 -7.257e+04
 6.764e+04 -6.764e+04
 -4.956e+04 4.956e+04
 2.62e+04 -2.62e+04
 4.368e+04 -4.368e+04
 -6.991e+04 6.991e+04
 -4.463e+04 4.463e+04
 -8.059e+04 8.059e+04
 2.022e+04 -2.022e+04
 2.507e+04 -2.507e+04
 -1.426e+04 1.426e+04
 -1.068e+05 1.068e+05
 -4.827e+04 4.827e+04
 6.747e+04 -6.747e+04
 5.333e+04 -5.333e+04
 -8.809e+04 8.809e+04
 2.518e+04 -2.518e+04
 -1.54e+05 1.54e+05
 -2151 2151
 8.648e+04 -8.648e+04
 -3.867e+04 3.867e+04
 -1.913e+04 1.913e+04
 -2864 2864
 5.659e+04 -5.659e+04
 1.389e+04 -1.389e+04
 1.706e+05 -1.706e+05
 4.448e+04 -4.448e+04
 9.065e+04 -9.065e+04
 -1.082e+05 1.082e+05
 6.612e+04 -6.612e+04
 4728 -4728
 5144 -5144
 7.067e+04 -7.067e+04
 5.278e+04 -5.278e+04
 -4.98e+04 4.98e+04
 -7.88e+04 7.88e+04
 -2.2e+04 2.2e+04
 6.468e+04 -6.468e+04
 3.328e+04 -3.328e+04
 1432 -1432
 2832 -2832
 -6.557e+04 6.557e+04
 -2847 2847
 -1.322e+04 1.322e+04
 -2906 2906
 1.679e+04 -1.679e+04
 3.312e+04 -3.312e+04
 1.092e+05 -1.092e+05
 -1.126e+05 1.126e+05
 -2.671e+04 2.671e+04
 3810 -3810
 4.333e+04 -4.333e+04
 -1.134e+05 1.134e+05
 5.956e+04 -5.956e+04
 1.055e+04 -1.055e+04
 -3.829e+04 3.829e+04
 -3.805e+04 3.805e+04
 -3.337e+04 3.337e+04
 1.409e+04 -1.409e+04
 -3.121e+04 3.121e+04
 -2.817e+04 2.817e+04
 -7476 7476
 4.539e+04 -4.539e+04
 1.497e+04 -1.497e+04
 2.635e+04 -2.635e+04
 -3.851e+04 3.851e+04
 6.539e+04 -6.539e+04
 9050 -9050
 -5349 5349
 6.698e+04 -6.698e+04
 -1.609e+04 1.609e+04
 -4829 4829
 1.632e+04 -1.632e+04
 -1.374e+04 1.374e+04
 358.1 -358.1
 -3.452e+04 3.452e+04
 -2.833e+04 2.833e+04
 -2874 2874
 -3.784e+04 3.784e+04
 -6903 6903
 -2.22e+04 2.22e+04
 -2.96e+04 2.96e+04
 -3.382e+04 3.382e+04
 -2.492e+04 2.492e+04
 3.073e+04 -3.073e+04
 -1.673e+04 1.673e+04
 1.644e+04 -1.644e+04
 -1.312e+05 1.312e+05
 4e+04 -4e+04
 -2.406e+04 2.406e+04
 -2.926e+04 2.926e+04
 2.983e+04 -2.983e+04
 -1.479e+04 1.479e+04
 -5418 5418
 2.544e+04 -2.544e+04
 -3.809e+04 3.809e+04
 8.211e+04 -8.211e+04
 5005 -5005
 -4.704e+04 4.704e+04
 4.668e+04 -4.668e+04
 -6.374e+04 6.374e+04
 2.351e+04 -2.351e+04
 -1.993e+04 1.993e+04
 1.791e+04 -1.791e+04
 -1.064e+05 1.064e+05
 -3.477e+04 3.477e+04
 8.295e+04 -8.295e+04
 4647 -4647
 4.585e+04 -4.585e+04
 5.787e+04 -5.787e+04
 -1.825e+04 1.825e+04
 -3.133e+04 3.133e+04
 4.488e+04 -4.488e+04
 -1.155e+05 1.155e+05
 -2.354e+04 2.354e+04
 1.664e+04 -1.664e+04
 1.723e+04 -1.723e+04
 3678 -3678
 -6845 6845
 9374 -9374
 -7.469e+04 7.469e+04
 -7.616e+04 7.616e+04
 4.084e+04 -4.084e+04
 -2.444e+04 2.444e+04
 2.971e+04 -2.971e+04
 2483 -2483
 -2.577e+04 2.577e+04
 -8.514e+04 8.514e+04
 1.23e+05 -1.23e+05
 -7.799e+04 7.799e+04
 3.69e+04 -3.69e+04
 -3.805e+04 3.805e+04
 2.947e+04 -2.947e+04
 -1.745e+04 1.745e+04
 2035 -2035
 -5430 5430
 9.462e+04 -9.462e+04
 7700 -7700
 -5767 5767
 3.979e+04 -3.979e+04
 1.18e+05 -1.18e+05
 -4.015e+04 4.015e+04
 -3165 3165
 6.9e+04 -6.9e+04
 6317 -6317
 -5.568e+04 5.568e+04
 1.446e+04 -1.446e+04
 2.559e+04 -2.559e+04
 -1.373e+05 1.373e+05
 -3.446e+04 3.446e+04
 1.227e+04 -1.227e+04
 -1.61e+05 1.61e+05
 -1.919e+04 1.919e+04
 2.01e+04 -2.01e+04
 5689 -5689
 4.425e+04 -4.425e+04
 -1.468e+04 1.468e+04
 -3.205e+04 3.205e+04
 -1.973e+04 1.973e+04
 2.149e+04 -2.149e+04
 -1.098e+04 1.098e+04
 6932 -6932
 -4.037e+04 4.037e+04
 -7265 7265
 9.126e+04 -9.126e+04
 -1.051e+04 1.051e+04
 1.155e+05 -1.155e+05
 -801.6 801.6
 -6.261e+04 6.261e+04
 5766 -5766
 -8.02e+04 8.02e+04
 7.494e+04 -7.494e+04
 -5.923e+04 5.923e+04
 -1.096e+04 1.096e+04
 5.349e+04 -5.349e+04
 3.281e+04 -3.281e+04
 -1.792e+04 1.792e+04
 -9.296e+04 9.296e+04
 -7.349e+04 7.349e+04
 -1.855e+04 1.855e+04
 2.977e+04 -2.977e+04
 -5.144e+04 5.144e+04
 -1.884e+04 1.884e+04
 -2.708e+04 2.708e+04
 -7663 7663
 1.044e+04 -1.044e+04
 -4.266e+04 4.266e+04
 1.07e+05 -1.07e+05
 -8.544e+04 8.544e+04
 1.14e+05 -1.14e+05
 2.373e+04 -2.373e+04
 -2.154e+04 2.154e+04
 -3.791e+04 3.791e+04
 3.024e+04 -3.024e+04
 6356 -6356
 1.913e+04 -1.913e+04
 -7.294e+04 7.294e+04
 -1.065e+05 1.065e+05
 -3.897e+04 3.897e+04
 8.656e+04 -8.656e+04
 -5.613e+04 5.613e+04
 -1.401e+04 1.401e+04
 -4.19e+04 4.19e+04
 -2456 2456
 -2.65e+04 2.65e+04
 4.174e+04 -4.174e+04
 -3.791e+04 3.791e+04
 -1.462e+04 1.462e+04
 1.457e+04 -1.457e+04
 1.412e+04 -1.412e+04
 -1.455e+04 1.455e+04
 4.671e+04 -4.671e+04
 4.858e+04 -4.858e+04
 1.26e+04 -1.26e+04
 -1.38e+04 1.38e+04
 -1.462e+04 1.462e+04
 2.328e+04 -2.328e+04
 1.327e+04 -1.327e+04
 5.252e+04 -5.252e+04
 -4.266e+04 4.266e+04
 -1.809e+04 1.809e+04
 -1.388e+04 1.388e+04
 7.279e+04 -7.279e+04
 -4705 4705
 1.93e+04 -1.93e+04
 6.219e+04 -6.219e+04
 340.1 -340.1
 1.711e+04 -1.711e+04
 -2.978e+04 2.978e+04
 -1.757e+04 1.757e+04
 -9.459e+04 9.459e+04
 1.118e+04 -1.118e+04
 -5.142e+04 5.142e+04
 -1.719e+04 1.719e+04
 5.497e+04 -5.497e+04
 -3.21e+04 3.21e+04
 4.363e+04 -4.363e+04
 3.108e+04 -3.108e+04
 -6.436e+04 6.436e+04
 -9.175e+04 9.175e+04
 4.174e+04 -4.174e+04
 -6.368e+04 6.368e+04
 2.912e+04 -2.912e+04
 -4.129e+04 4.129e+04
 -2.321e+04 2.321e+04
 8.196e+04 -8.196e+04
 1.406e+05 -1.406e+05
 7.698e+04 -7.698e+04
 -3.141e+04 3.141e+04
 1.322e+05 -1.322e+05
 -3.735e+04 3.735e+04
 3.898e+04 -3.898e+04
 -6.641e+04 6.641e+04
 -2.431e+04 2.431e+04
 8.832e+04 -8.832e+04
 -4.246e+04 4.246e+04
 -2.978e+04 2.978e+04
 1.402e+04 -1.402e+04
 -1.455e+04 1.455e+04
 -4572 4572
 -1.439e+04 1.439e+04
 -2.023e+04 2.023e+04
 2.293e+04 -2.293e+04
 -8.021e+04 8.021e+04
 -3.331e+04 3.331e+04
 -3.997e+04 3.997e+04
 1.783e+04 -1.783e+04
 7.432e+04 -7.432e+04
 7298 -7298
 2.77e+04 -2.77e+04
 4.651e+04 -4.651e+04
 8.193e+04 -8.193e+04
 3.43e+04 -3.43e+04
 -7.271e+04 7.271e+04
 937.5 -937.5
 -2.711e+04 2.711e+04
 1.754e+04 -1.754e+04
 -2.495e+04 2.495e+04
 5.453e+04 -5.453e+04
 -1.312e+05 1.312e+05
 3.606e+04 -3.606e+04
 6.627e+04 -6.627e+04
 -6.025e+04 6.025e+04
 3.5e+04 -3.5e+04
 5.734e+04 -5.734e+04
 1989 -1989
 -1.426e+04 1.426e+04
 1.078e+04 -1.078e+04
 4.549e+04 -4.549e+04
 -1.123e+05 1.123e+05
 5.038e+04 -5.038e+04
 -1.839e+05 1.839e+05
 1.339e+05 -1.339e+05
 -3.372e+04 3.372e+04
 -1.467e+05 1.467e+05
 3.911e+04 -3.911e+04
 1.046e+04 -1.046e+04
 -3.813e+04 3.813e+04
 1.682e+04 -1.682e+04
 -1.468e+04 1.468e+04
 -1.441e+04 1.441e+04
 -9.569e+04 9.569e+04
 1.821e+04 -1.821e+04
 3231 -3231
 8.993e+04 -8.993e+04
 -1.092e+04 1.092e+04
 7.368e+04 -7.368e+04
 7.262e+04 -7.262e+04
 4.017e+04 -4.017e+04
 4.992e+04 -4.992e+04
 1.668e+04 -1.668e+04
 -2978 2978
 3.047e+04 -3.047e+04
 -2101 2101
 -4.088e+04 4.088e+04
 -5.127e+04 5.127e+04
 -6.059e+04 6.059e+04
 -6.846e+04 6.846e+04
 6.201e+04 -6.201e+04
 7.661e+04 -7.661e+04
 2859 -2859
 -9930 9930
 -8965 8965
 -1.048e+05 1.048e+05
 2.73e+04 -2.73e+04
 -4.249e+04 4.249e+04
 -4128 4128
 1.157e+04 -1.157e+04
 1.932e+04 -1.932e+04
 1.497e+04 -1.497e+04
 3.038e+04 -3.038e+04
 -5.325e+04 5.325e+04
 2.399e+05 -2.399e+05
 5.428e+04 -5.428e+04
 8194 -8194
 1.557e+04 -1.557e+04
 9.824e+04 -9.824e+04
 -9.259e+04 9.259e+04
 -2.989e+04 2.989e+04
 -1.704e+04 1.704e+04
 1710 -1710
 -2.41e+04 2.41e+04
 1.146e+05 -1.146e+05
 1.688e+04 -1.688e+04
 4.96e+04 -4.96e+04
 -8.661e+04 8.661e+04
 -4.509e+04 4.509e+04
 -7060 7060
 1986 -1986
 3.813e+04 -3.813e+04
 -2.13e+04 2.13e+04
 6.775e+04 -6.775e+04
 -4.359e+04 4.359e+04
 -1.99e+04 1.99e+04
 3749 -3749
 3.731e+04 -3.731e+04
 -7.557e+04 7.557e+04
 5.797e+04 -5.797e+04
 -4.711e+04 4.711e+04
 4.851e+04 -4.851e+04
 2.646e+04 -2.646e+04
 5208 -5208
 -3.213e+04 3.213e+04
 7673 -7673
 3.486e+04 -3.486e+04
 -3.912e+04 3.912e+04
 4.751e+04 -4.751e+04
 2.71e+04 -2.71e+04
 4588 -4588
 3.917e+04 -3.917e+04
 -299.5 299.5
 4.1e+04 -4.1e+04
 -9908 9908
 -1.646e+04 1.646e+04
 -1.569e+05 1.569e+05
 1.14e+04 -1.14e+04
 -5.002e+04 5.002e+04
 -4.325e+04 4.325e+04
 -2.616e+04 2.616e+04
 -3.116e+04 3.116e+04
 -4.093e+04 4.093e+04
 -1.472e+04 1.472e+04
 2.035e+04 -2.035e+04
 -1.148e+05 1.148e+05
 4.429e+04 -4.429e+04
 -6.319e+04 6.319e+04
 -2.494e+04 2.494e+04
 1.613e+04 -1.613e+04
 7.467e+04 -7.467e+04
 -2.698e+04 2.698e+04
 -1.776e+04 1.776e+04
 -5.734e+04 5.734e+04
 6.165e+04 -6.165e+04
 -2.811e+04 2.811e+04
 5.359e+04 -5.359e+04
 -3010 3010
 2.155e+04 -2.155e+04
 -7.025e+04 7.025e+04
 2.048e+04 -2.048e+04
 1.673e+04 -1.673e+04
 -2277 2277
 1.581e+05 -1.581e+05
 1.88e+05 -1.88e+05
 -7.156e+04 7.156e+04
 5.378e+04 -5.378e+04
 4621 -4621
 8.892e+04 -8.892e+04
 438.1 -438.1
 4.4e+04 -4.4e+04
 -3.889e+04 3.889e+04
 -5.962e+04 5.962e+04
 -9.527e+04 9.527e+04
 1.157e+04 -1.157e+04
 -5.12e+04 5.12e+04
 2.523e+04 -2.523e+04
 5.248e+04 -5.248e+04
 1.853e+04 -1.853e+04
 1.663e+05 -1.663e+05
 1.065e+05 -1.065e+05
 8631 -8631
 -5.683e+04 5.683e+04
 -4.147e+04 4.147e+04
 1.395e+04 -1.395e+04
 -1969 1969
 -5.127e+04 5.127e+04
 5.867e+04 -5.867e+04
 9971 -9971
 7.635e+04 -7.635e+04
 -1.007e+05 1.007e+05
 3.623e+04 -3.623e+04
 7.197e+04 -7.197e+04
 -1.067e+05 1.067e+05
 -2.065e+04 2.065e+04
 2.881e+04 -2.881e+04
 -4.482e+04 4.482e+04
 7.234e+04 -7.234e+04
 1.048e+04 -1.048e+04
 -2.257e+04 2.257e+04
 -1.446e+05 1.446e+05
 -2.984e+04 2.984e+04
 4.716e+04 -4.716e+04
 -6.701e+04 6.701e+04
 1731 -1731
 1.513e+05 -1.513e+05
 -2.853e+04 2.853e+04
 1.139e+05 -1.139e+05
 3.757e+04 -3.757e+04
 -3142 3142
 -3.632e+04 3.632e+04
 4.094e+04 -4.094e+04
 5.673e+04 -5.673e+04
 3.558e+04 -3.558e+04
 -5.096e+04 5.096e+04
 -1.976e+04 1.976e+04
 1.689e+04 -1.689e+04
 -8.479e+04 8.479e+04
 -1.938e+04 1.938e+04
 -5.448e+04 5.448e+04
 9.009e+04 -9.009e+04
 2.956e+04 -2.956e+04
 -1.359e+04 1.359e+04
 -4.347e+04 4.347e+04
 -9533 9533
 -1.864e+04 1.864e+04
 -4962 4962
 1.39e+05 -1.39e+05
 -1.989e+04 1.989e+04
 -8352 8352
 -1692 1692
 -3.547e+04 3.547e+04
 2.21e+04 -2.21e+04
 3.567e+04 -3.567e+04
 1.499e+04 -1.499e+04
 -1.97e+04 1.97e+04
 -4.862e+04 4.862e+04
 -3.024e+04 3.024e+04
 1.095e+04 -1.095e+04
 2.194e+04 -2.194e+04
 -8.846e+04 8.846e+04
 4.422e+04 -4.422e+04
 -4.121e+04 4.121e+04
 -5.912e+04 5.912e+04
 -5.977e+04 5.977e+04
 -3.044e+04 3.044e+04
 7.268e+04 -7.268e+04
 -3.303e+04 3.303e+04
 1.211e+04 -1.211e+04
 3.761e+04 -3.761e+04
 5.229e+04 -5.229e+04
 1.636e+04 -1.636e+04
 -7.668e+04 7.668e+04
 -2.604e+04 2.604e+04
 -2.791e+04 2.791e+04
 -8293 8293
 -5.44e+04 5.44e+04
 4.335e+04 -4.335e+04
 -2.59e+04 2.59e+04
 3016 -3016
 -4.611e+04 4.611e+04
 -3.722e+04 3.722e+04
 -3.184e+04 3.184e+04
 -1.094e+04 1.094e+04
 5.689e+04 -5.689e+04
 -3.368e+04 3.368e+04
 -1.098e+04 1.098e+04
 3.302e+04 -3.302e+04
 2920 -2920
 -2.981e+04 2.981e+04
 2923 -2923
 1.208e+05 -1.208e+05
 1.185e+04 -1.185e+04
 1.208e+04 -1.208e+04
 -1.701e+04 1.701e+04
 -1.128e+04 1.128e+04
 -1.703e+04 1.703e+04
 -5.1e+04 5.1e+04
 -9.195e+04 9.195e+04
 -2.629e+04 2.629e+04
 6.183e+04 -6.183e+04
 -1.397e+04 1.397e+04
 -2.185e+04 2.185e+04
 1.129e+04 -1.129e+04
 1.959e+04 -1.959e+04
 5.185e+04 -5.185e+04
 1.638e+05 -1.638e+05
 4.331e+04 -4.331e+04
 6.93e+04 -6.93e+04
 -1.846e+04 1.846e+04
 6.128e+04 -6.128e+04
 -5.388e+04 5.388e+04
 1.132e+05 -1.132e+05
 7.324e+04 -7.324e+04
 5.452e+04 -5.452e+04
 3.108e+04 -3.108e+04
 -5.666e+04 5.666e+04
 5.184e+04 -5.184e+04
 4.757e+04 -4.757e+04
 -4.998e+04 4.998e+04
 8.472e+04 -8.472e+04
 -7.688e+04 7.688e+04
 1.741e+05 -1.741e+05
 1272 -1272
 2.833e+04 -2.833e+04
 -3.048e+04 3.048e+04
 -4.022e+04 4.022e+04
 4.217e+04 -4.217e+04
 1.305e+05 -1.305e+05
 -1.347e+05 1.347e+05
 7.038e+04 -7.038e+04
 -2675 2675
 1820 -1820
 8.77e+04 -8.77e+04
 1.486e+04 -1.486e+04
 5.57e+04 -5.57e+04
 5.998e+04 -5.998e+04
 5693 -5693
 2.627e+04 -2.627e+04
 4.655e+04 -4.655e+04
 2.254e+04 -2.254e+04
 1.983e+04 -1.983e+04
 7.817e+04 -7.817e+04
 2177 -2177
 2.788e+04 -2.788e+04
 2.873e+04 -2.873e+04
 -1.787e+04 1.787e+04
 1.535e+04 -1.535e+04
 3.254e+04 -3.254e+04
 -2442 2442
 -2.24e+04 2.24e+04
 -8.172e+04 8.172e+04
 -2.899e+04 2.899e+04
 1.37e+05 -1.37e+05
 -3.095e+04 3.095e+04
 -6.535e+04 6.535e+04
 9.066e+04 -9.066e+04
 3.117e+04 -3.117e+04
 2.825e+04 -2.825e+04
 -4.155e+04 4.155e+04
 -4401 4401
 5.709e+04 -5.709e+04
 -4.567e+04 4.567e+04
 -619.8 619.8
 -2.254e+04 2.254e+04
 7.367e+04 -7.367e+04
 4.564e+04 -4.564e+04
 3.751e+04 -3.751e+04
 -6.137e+04 6.137e+04
 1.023e+04 -1.023e+04
 -3.322e+04 3.322e+04
 -2.147e+04 2.147e+04
 3.31e+04 -3.31e+04
 -4.548e+04 4.548e+04
 -4.534e+04 4.534e+04
 -1.225e+05 1.225e+05
 8.432e+04 -8.432e+04
 -5.723e+04 5.723e+04
 -1.882e+04 1.882e+04
 -5120 5120
 -5.462e+04 5.462e+04
 5.175e+04 -5.175e+04
 3.746e+04 -3.746e+04
 -6.591e+04 6.591e+04
 7081 -7081
 6.023e+04 -6.023e+04
 -2.911e+04 2.911e+04
 8497 -8497
 -4.866e+04 4.866e+04
 -1953 1953
 1.647e+04 -1.647e+04
 4685 -4685
 -7.48e+04 7.48e+04
 -9.026e+04 9.026e+04
 -9.321e+04 9.321e+04
 4.68e+04 -4.68e+04
 2.32e+04 -2.32e+04
 7.565e+04 -7.565e+04
 -5.603e+04 5.603e+04
 -2.326e+04 2.326e+04
 4.365e+04 -4.365e+04
 1.726e+04 -1.726e+04
 1.683e+04 -1.683e+04
 5.15e+04 -5.15e+04
 -1.074e+05 1.074e+05
 4781 -4781
 2.252e+04 -2.252e+04
 -7.441e+04 7.441e+04
 -1.029e+04 1.029e+04
 5.655e+04 -5.655e+04
 1.037e+05 -1.037e+05
 -9913 9913
 -3.989e+04 3.989e+04
 8.839e+04 -8.839e+04
 5.245e+04 -5.245e+04
 4.392e+04 -4.392e+04
 -3.046e+04 3.046e+04
 -3.96e+04 3.96e+04
 -5.131e+04 5.131e+04
 4146 -4146
 1.582e+04 -1.582e+04
 7.298e+04 -7.298e+04
 -1.195e+04 1.195e+04
 -4.364e+04 4.364e+04
 3.323e+04 -3.323e+04
 2.2e+04 -2.2e+04
 -5.732e+04 5.732e+04
 -1.895e+04 1.895e+04
 3.089e+04 -3.089e+04
 3.533e+04 -3.533e+04
 5243 -5243
 3.087e+04 -3.087e+04
 -5.299e+04 5.299e+04
 8.375e+04 -8.375e+04
 4.296e+04 -4.296e+04
 -9.429e+04 9.429e+04
 -4.374e+04 4.374e+04
 -7.885e+04 7.885e+04
 2.497e+04 -2.497e+04
 1.433e+04 -1.433e+04
 -3.244e+04 3.244e+04
 -7.727e+04 7.727e+04
 -3.461e+04 3.461e+04
 -3.373e+04 3.373e+04
 -7.214e+04 7.214e+04
 -1.583e+04 1.583e+04
 -7.916e+04 7.916e+04
 2.464e+04 -2.464e+04
 5.022e+04 -5.022e+04
 5257 -5257
 3.011e+04 -3.011e+04
 -4.753e+04 4.753e+04
 1.35e+04 -1.35e+04
 4.816e+04 -4.816e+04
 8.129e+04 -8.129e+04
 -2.779e+04 2.779e+04
 -1948 1948
 5.271e+04 -5.271e+04
 8.326e+04 -8.326e+04
 -2.132e+04 2.132e+04
 -7.79e+04 7.79e+04
 -3.139e+04 3.139e+04
 4.095e+04 -4.095e+04
 -4.871e+04 4.871e+04
 3.847e+04 -3.847e+04
 -3.609e+04 3.609e+04
 -403.5 403.5
 -1.207e+05 1.207e+05
 3555 -3555
 -7.332e+04 7.332e+04
 -1.708e+04 1.708e+04
 -3092 3092
 -1.59e+05 1.59e+05
 1.037e+04 -1.037e+04
 4.923e+04 -4.923e+04
 4.221e+04 -4.221e+04
 1.771e+04 -1.771e+04
 -3.457e+04 3.457e+04
 -3.153e+04 3.153e+04
 -3.825e+04 3.825e+04
 -3.341e+04 3.341e+04
 -4.177e+04 4.177e+04
 -3.885e+04 3.885e+04
 -4.834e+04 4.834e+04
 3834 -3834
 7.205e+04 -7.205e+04
 5.708e+04 -5.708e+04
 3408 -3408
 -1.245e+04 1.245e+04
 1.396e+04 -1.396e+04
 3.823e+04 -3.823e+04
 2.512e+04 -2.512e+04
 1.947e+04 -1.947e+04
 -7.676e+04 7.676e+04
 -1.232e+04 1.232e+04
 -3.462e+04 3.462e+04
 -3624 3624
 6.656e+04 -6.656e+04
 -7.141e+04 7.141e+04
 -3.499e+04 3.499e+04
 -5.084e+04 5.084e+04
 -7.229e+04 7.229e+04
 -1.018e+05 1.018e+05
 -7422 7422
 381.8 -381.8
 -4.199e+04 4.199e+04
 -3.71e+04 3.71e+04
 1.093e+05 -1.093e+05
 -9.778e+04 9.778e+04
 -4.627e+04 4.627e+04
 -2.626e+04 2.626e+04
 1.198e+04 -1.198e+04
 -5.937e+04 5.937e+04
 5.102e+04 -5.102e+04
 -4.58e+04 4.58e+04
 -5.045e+04 5.045e+04
 7.196e+04 -7.196e+04
 8.319e+04 -8.319e+04
 8.411e+04 -8.411e+04
 -3.546e+04 3.546e+04
 -7.6e+04 7.6e+04
 9.897e+04 -9.897e+04
 1.737e+04 -1.737e+04
 -5.878e+04 5.878e+04
 3.739e+04 -3.739e+04
 -7.471e+04 7.471e+04
 1.973e+04 -1.973e+04
 -3.578e+04 3.578e+04
 -5775 5775
 1.104e+05 -1.104e+05
 -3.107e+04 3.107e+04
 6.503e+04 -6.503e+04
 -2.028e+04 2.028e+04
 7.22e+04 -7.22e+04
 -9.942e+04 9.942e+04
 -6.606e+04 6.606e+04
 1.384e+04 -1.384e+04
 1.186e+05 -1.186e+05
 -3.69e+04 3.69e+04
 1.103e+04 -1.103e+04
 3.416e+04 -3.416e+04
 -7.332e+04 7.332e+04
 5.61e+04 -5.61e+04
 3.795e+04 -3.795e+04
 -4.432e+04 4.432e+04
 2.917e+04 -2.917e+04
 -4.398e+04 4.398e+04
 -1.018e+04 1.018e+04
 -4874 4874
 -3716 3716
 -2.829e+04 2.829e+04
 1.144e+04 -1.144e+04
 -4.415e+04 4.415e+04
 1.248e+05 -1.248e+05
 -5.562e+04 5.562e+04
 5.252e+04 -5.252e+04
 -1.986e+04 1.986e+04
 -2.031e+04 2.031e+04
 1759 -1759
 6.057e+04 -6.057e+04
 -3.505e+04 3.505e+04
 5.328e+04 -5.328e+04
 6622 -6622
 -7466 7466
 -7962 7962
 1.485e+04 -1.485e+04
 8.196e+04 -8.196e+04
 -1.439e+04 1.439e+04
 2.271e+04 -2.271e+04
 -4.801e+04 4.801e+04
 -5.374e+04 5.374e+04
 1.032e+05 -1.032e+05
 -2.402e+04 2.402e+04
 5.773e+04 -5.773e+04
 -8137 8137
 -2.416e+04 2.416e+04
 8722 -8722
 5.649e+04 -5.649e+04
 4.398e+04 -4.398e+04
 -7897 7897
 -4.313e+04 4.313e+04
 -6.302e+04 6.302e+04
 1.205e+04 -1.205e+04
 2.526e+04 -2.526e+04
 2.514e+04 -2.514e+04
 -9375 9375
 8.778e+04 -8.778e+04
 1.014e+05 -1.014e+05
 -1.1e+04 1.1e+04
 3766 -3766
 9.733e+04 -9.733e+04
 -1.492e+04 1.492e+04
 2254 -2254
 -5.811e+04 5.811e+04
 -1.209e+05 1.209e+05
 4321 -4321
 2.775e+04 -2.775e+04
 1.65e+04 -1.65e+04
 -4.222e+04 4.222e+04
 7.733e+04 -7.733e+04
 -4.777e+04 4.777e+04
 -2.872e+04 2.872e+04
 -1527 1527
 3727 -3727
 2.717e+04 -2.717e+04
 2.923e+04 -2.923e+04
 -9.595e+04 9.595e+04
 -3318 3318
 3.674e+04 -3.674e+04
 -1.179e+04 1.179e+04
 3.354e+04 -3.354e+04
 3.369e+04 -3.369e+04
 -1.188e+04 1.188e+04
 -2605 2605
 1.133e+05 -1.133e+05
 -1.347e+04 1.347e+04
 4.689e+04 -4.689e+04
 7.918e+04 -7.918e+04
 -6.639e+04 6.639e+04
 -4.013e+04 4.013e+04
 1.229e+04 -1.229e+04
 -4.208e+04 4.208e+04
 2.452e+04 -2.452e+04
 2.199e+04 -2.199e+04
 8798 -8798
 -5.571e+04 5.571e+04
 -2.097e+04 2.097e+04
 -2.515e+04 2.515e+04
 -1.705e+04 1.705e+04
 -2.075e+04 2.075e+04
 -4.689e+04 4.689e+04
 -7.489e+04 7.489e+04
 9.35e+04 -9.35e+04
 1.324e+05 -1.324e+05
 9.085e+04 -9.085e+04
 -5.64e+04 5.64e+04
 2.301e+04 -2.301e+04
 -3927 3927
 3.445e+04 -3.445e+04
 3.102e+04 -3.102e+04
 8.407e+04 -8.407e+04
 -1.59e+04 1.59e+04
 1.889e+04 -1.889e+04
 7.453e+04 -7.453e+04
 7343 -7343
 -2.918e+04 2.918e+04
 -1.783e+05 1.783e+05
 -6.96e+04 6.96e+04
 -6.756e+04 6.756e+04
 1.766e+04 -1.766e+04
 -7.004e+04 7.004e+04
 1514 -1514
 -1.065e+04 1.065e+04
 1.187e+04 -1.187e+04
 -6.814e+04 6.814e+04
 9474 -9474
 -4.304e+04 4.304e+04
 -8574 8574
 1.648e+04 -1.648e+04
 -4.796e+04 4.796e+04
 1.277e+05 -1.277e+05
 1.717e+04 -1.717e+04
 2.401e+04 -2.401e+04
 -6608 6608
 4317 -4317
 2993 -2993
 5064 -5064
 1.545e+04 -1.545e+04
 5.627e+04 -5.627e+04
 1122 -1122
 -1.851e+04 1.851e+04
 7422 -7422
 -2.004e+04 2.004e+04
 -1.063e+05 1.063e+05
 -2712 2712
 -4.015e+04 4.015e+04
 3.029e+04 -3.029e+04
 3.207e+04 -3.207e+04
 4.512e+04 -4.512e+04
 3.598e+04 -3.598e+04
 -7369 7369
 -3.898e+04 3.898e+04
 -1.105e+04 1.105e+04
 2.62e+04 -2.62e+04
 5215 -5215
 5756 -5756
 -1.063e+05 1.063e+05
 -2.139e+04 2.139e+04
 1493 -1493
 -5.144e+04 5.144e+04
 -7.071e+04 7.071e+04
 9.861e+04 -9.861e+04
 3.859e+04 -3.859e+04
 -7.121e+04 7.121e+04
 -2.052e+04 2.052e+04
 -3.797e+04 3.797e+04
 5.045e+04 -5.045e+04
 4.231e+04 -4.231e+04
 6.405e+04 -6.405e+04
 -1.016e+04 1.016e+04
 -9.654e+04 9.654e+04
 -5.463e+04 5.463e+04
 -7.846e+04 7.846e+04
 1.261e+05 -1.261e+05
 -1.839e+04 1.839e+04
 -1.716e+04 1.716e+04
 -5.193e+04 5.193e+04
 4.097e+04 -4.097e+04
 7.968e+04 -7.968e+04
 -2.932e+04 2.932e+04
 2.316e+04 -2.316e+04
 1465 -1465
 -5.728e+04 5.728e+04
 8.517e+04 -8.517e+04
 1.286e+04 -1.286e+04
 -1.158e+05 1.158e+05
 8.021e+04 -8.021e+04
 -5.512e+04 5.512e+04
 4.635e+04 -4.635e+04
 -1.476e+04 1.476e+04
 -1.188e+04 1.188e+04
 4349 -4349
 -2.476e+04 2.476e+04
 8.999e+04 -8.999e+04
 -5.375e+04 5.375e+04
 -1917 1917
 8.507e+04 -8.507e+04
 1.42e+04 -1.42e+04
 -7.459e+04 7.459e+04
 2.314e+04 -2.314e+04
 -7.431e+04 7.431e+04
 -5.299e+04 5.299e+04
 4.863e+04 -4.863e+04
 -6.619e+04 6.619e+04
 7005 -7005


