# Created by Octave 5.2.0, Fri Sep 25 00:18:48 2020 CEST <jiwidi@land>
# name: w
# type: matrix
# rows: 2001
# columns: 2
 -3550 3550
 300.1 -300.1
 -1166 1166
 -571.9 571.9
 -366.4 366.4
 -466.8 466.8
 935.1 -935.1
 756.4 -756.4
 152 -152
 -475.8 475.8
 1483 -1483
 -480.6 480.6
 294.9 -294.9
 428.8 -428.8
 -1280 1280
 -2029 2029
 -228.1 228.1
 855.8 -855.8
 -951.4 951.4
 1084 -1084
 -931 931
 -979.5 979.5
 -1745 1745
 -1505 1505
 1925 -1925
 -546.5 546.5
 -387.5 387.5
 -3585 3585
 -321.6 321.6
 -3.398 3.398
 190 -190
 -391.6 391.6
 1561 -1561
 -730 730
 1153 -1153
 1677 -1677
 -909.3 909.3
 -127.2 127.2
 -1025 1025
 -6.042 6.042
 -1086 1086
 515.8 -515.8
 -582.5 582.5
 -473.1 473.1
 279.3 -279.3
 1454 -1454
 -892.4 892.4
 1163 -1163
 -2011 2011
 -645 645
 176.1 -176.1
 357.2 -357.2
 -120.1 120.1
 -490.4 490.4
 5012 -5012
 827.5 -827.5
 284.5 -284.5
 536.1 -536.1
 -151.7 151.7
 192.3 -192.3
 198.5 -198.5
 -225 225
 -296.9 296.9
 153.7 -153.7
 -434.8 434.8
 -477.3 477.3
 578.1 -578.1
 -1880 1880
 337.1 -337.1
 255.9 -255.9
 -1850 1850
 -799.9 799.9
 -448.1 448.1
 614.2 -614.2
 1435 -1435
 -613.7 613.7
 -16.67 16.67
 -581.4 581.4
 -8.761 8.761
 374.6 -374.6
 1077 -1077
 -19.89 19.89
 720.9 -720.9
 -656.6 656.6
 830.9 -830.9
 94.81 -94.81
 -551.8 551.8
 -493.2 493.2
 377.8 -377.8
 7.068 -7.068
 66.84 -66.84
 423.7 -423.7
 818.1 -818.1
 -460.2 460.2
 -576.8 576.8
 -1084 1084
 419.1 -419.1
 3404 -3404
 -1431 1431
 55.68 -55.68
 673.1 -673.1
 1032 -1032
 692.8 -692.8
 -2485 2485
 1398 -1398
 -508.9 508.9
 1053 -1053
 140.5 -140.5
 -116.5 116.5
 -846.8 846.8
 596.7 -596.7
 344.6 -344.6
 -342.7 342.7
 -340.8 340.8
 -2166 2166
 -227.6 227.6
 559.8 -559.8
 192.1 -192.1
 -606.6 606.6
 -1004 1004
 590.5 -590.5
 396.8 -396.8
 -341.7 341.7
 -550.1 550.1
 -279.1 279.1
 -1156 1156
 567.2 -567.2
 805.3 -805.3
 -312.5 312.5
 -733.3 733.3
 -809.9 809.9
 -319.5 319.5
 111 -111
 -391.5 391.5
 647 -647
 -976.1 976.1
 436.7 -436.7
 76 -76
 -809.2 809.2
 53.98 -53.98
 -863.8 863.8
 -839.2 839.2
 112.3 -112.3
 -149.5 149.5
 -230 230
 -407.6 407.6
 782.8 -782.8
 -3137 3137
 -667.3 667.3
 166.4 -166.4
 -947.1 947.1
 -1583 1583
 213.3 -213.3
 7777 -7777
 270.2 -270.2
 -89.25 89.25
 -3912 3912
 -741.8 741.8
 223.3 -223.3
 -2164 2164
 -614 614
 508.4 -508.4
 -272.9 272.9
 -1026 1026
 1413 -1413
 5438 -5438
 771.5 -771.5
 1308 -1308
 504.7 -504.7
 -520.8 520.8
 -891.8 891.8
 562.9 -562.9
 562.6 -562.6
 -868.1 868.1
 623.8 -623.8
 349.8 -349.8
 -20.91 20.91
 2576 -2576
 23.37 -23.37
 -303.2 303.2
 -397.7 397.7
 4525 -4525
 -3200 3200
 373.5 -373.5
 -353.7 353.7
 -58.86 58.86
 944.2 -944.2
 27.23 -27.23
 -132.4 132.4
 -1456 1456
 1629 -1629
 891.9 -891.9
 308.5 -308.5
 -205.7 205.7
 -644.8 644.8
 -256.6 256.6
 63.42 -63.42
 -258.8 258.8
 1086 -1086
 306.7 -306.7
 1241 -1241
 -1292 1292
 -479.8 479.8
 1951 -1951
 1923 -1923
 27.1 -27.1
 -3072 3072
 -1643 1643
 -107.9 107.9
 328.4 -328.4
 -3765 3765
 1161 -1161
 -1776 1776
 -126.2 126.2
 -567.6 567.6
 -311.8 311.8
 -1582 1582
 -655.7 655.7
 -156.9 156.9
 -1253 1253
 -985.4 985.4
 469.7 -469.7
 -1816 1816
 362 -362
 -937.2 937.2
 1095 -1095
 275.4 -275.4
 -1078 1078
 1604 -1604
 -309.7 309.7
 503.2 -503.2
 1030 -1030
 1216 -1216
 -1057 1057
 1034 -1034
 -1250 1250
 -961 961
 -727.9 727.9
 452.5 -452.5
 1315 -1315
 -777.7 777.7
 -11.77 11.77
 -916.3 916.3
 720.8 -720.8
 -380.1 380.1
 -189.6 189.6
 154.2 -154.2
 -2101 2101
 -2233 2233
 -706.5 706.5
 449.1 -449.1
 -851.3 851.3
 -66.9 66.9
 1147 -1147
 -217.9 217.9
 -258.7 258.7
 -77.55 77.55
 2081 -2081
 2285 -2285
 -449.3 449.3
 2043 -2043
 -1850 1850
 -772.6 772.6
 -563 563
 1087 -1087
 -691.7 691.7
 -1100 1100
 -699.6 699.6
 -630.4 630.4
 363.4 -363.4
 897.2 -897.2
 1235 -1235
 349.4 -349.4
 -212.9 212.9
 198.4 -198.4
 -1034 1034
 305.3 -305.3
 256.6 -256.6
 -766.5 766.5
 -1419 1419
 47 -47
 1701 -1701
 -1547 1547
 2091 -2091
 3378 -3378
 179.8 -179.8
 -1191 1191
 -135.6 135.6
 -871.5 871.5
 -1058 1058
 -355.4 355.4
 -2717 2717
 455.1 -455.1
 -45.79 45.79
 -8.91 8.91
 682.8 -682.8
 -2228 2228
 -393.5 393.5
 -802.2 802.2
 471.7 -471.7
 159.1 -159.1
 -310.3 310.3
 -918.1 918.1
 -1182 1182
 2923 -2923
 437 -437
 -426 426
 145.4 -145.4
 61.92 -61.92
 2534 -2534
 393 -393
 2311 -2311
 -1311 1311
 635.5 -635.5
 -1843 1843
 -499.4 499.4
 4678 -4678
 2411 -2411
 -753.1 753.1
 1459 -1459
 536.7 -536.7
 3299 -3299
 1295 -1295
 860.1 -860.1
 166.7 -166.7
 93.77 -93.77
 664.7 -664.7
 -95.21 95.21
 518.4 -518.4
 -268.3 268.3
 -852.1 852.1
 988.2 -988.2
 -891 891
 -1394 1394
 1036 -1036
 -1103 1103
 -64.44 64.44
 -283.6 283.6
 -142.3 142.3
 580.1 -580.1
 22.67 -22.67
 -2248 2248
 -811.4 811.4
 616.9 -616.9
 -505.2 505.2
 97.74 -97.74
 -441.5 441.5
 963.1 -963.1
 2343 -2343
 1021 -1021
 -281.1 281.1
 -1211 1211
 -488.7 488.7
 -401.8 401.8
 563.4 -563.4
 281.4 -281.4
 -3264 3264
 1743 -1743
 -5.196 5.196
 2413 -2413
 -317 317
 -1275 1275
 -1142 1142
 1002 -1002
 -639 639
 -211.3 211.3
 2565 -2565
 -1099 1099
 727.2 -727.2
 -1289 1289
 -487.8 487.8
 791.5 -791.5
 1025 -1025
 111.4 -111.4
 -177.9 177.9
 -81.84 81.84
 853.4 -853.4
 1909 -1909
 -899.8 899.8
 -1104 1104
 -134.5 134.5
 -1744 1744
 -676.8 676.8
 -884.2 884.2
 4177 -4177
 1108 -1108
 161.6 -161.6
 551.2 -551.2
 -211.7 211.7
 -424.7 424.7
 -541.4 541.4
 -321.3 321.3
 -893.8 893.8
 -2001 2001
 442.6 -442.6
 -1164 1164
 -42.09 42.09
 -763.2 763.2
 -767.8 767.8
 2933 -2933
 -1502 1502
 -595.4 595.4
 -490.3 490.3
 -851.1 851.1
 877.3 -877.3
 -875.5 875.5
 -1001 1001
 1049 -1049
 -1195 1195
 1517 -1517
 -479.3 479.3
 712.1 -712.1
 -432.7 432.7
 -2197 2197
 -1268 1268
 45.71 -45.71
 3490 -3490
 -873.7 873.7
 3086 -3086
 1851 -1851
 693.4 -693.4
 348.8 -348.8
 1378 -1378
 -2298 2298
 -532.4 532.4
 -628.5 628.5
 -71.85 71.85
 -445.6 445.6
 -900.2 900.2
 -1435 1435
 1825 -1825
 -691.7 691.7
 2539 -2539
 126.8 -126.8
 47.44 -47.44
 -282.4 282.4
 699.6 -699.6
 518.7 -518.7
 -1226 1226
 -134.2 134.2
 -784.3 784.3
 503.5 -503.5
 -1962 1962
 1643 -1643
 -676.5 676.5
 860.1 -860.1
 -444.1 444.1
 -1890 1890
 2084 -2084
 -110.8 110.8
 -1068 1068
 -475.1 475.1
 1673 -1673
 3836 -3836
 377.9 -377.9
 778.6 -778.6
 -945.3 945.3
 259.7 -259.7
 -1195 1195
 50.35 -50.35
 -1172 1172
 -1279 1279
 3353 -3353
 106.3 -106.3
 945.6 -945.6
 1068 -1068
 961.5 -961.5
 494.8 -494.8
 36.91 -36.91
 338.3 -338.3
 -203.5 203.5
 -377.1 377.1
 -805.8 805.8
 4.354 -4.354
 -65.02 65.02
 312.2 -312.2
 949.8 -949.8
 425.6 -425.6
 -676.2 676.2
 1184 -1184
 -69.41 69.41
 621.3 -621.3
 -309.8 309.8
 1.629 -1.629
 1823 -1823
 -5.54 5.54
 -893.1 893.1
 -1737 1737
 -549.8 549.8
 -587 587
 685.6 -685.6
 -80.11 80.11
 -67.23 67.23
 -329.4 329.4
 538 -538
 -391.8 391.8
 -959 959
 -109.2 109.2
 271.4 -271.4
 -2158 2158
 1009 -1009
 -601.9 601.9
 -849.7 849.7
 -419.5 419.5
 -145.9 145.9
 -733.4 733.4
 -334.5 334.5
 -2180 2180
 859.1 -859.1
 -275.3 275.3
 -134.6 134.6
 266.8 -266.8
 -2441 2441
 -169.8 169.8
 792.2 -792.2
 -1906 1906
 -490.9 490.9
 537.5 -537.5
 -484.3 484.3
 -566.4 566.4
 -312.6 312.6
 1220 -1220
 -2139 2139
 318.3 -318.3
 -23.41 23.41
 -80.56 80.56
 -419 419
 -1331 1331
 6.88 -6.88
 -674.5 674.5
 -785.3 785.3
 -799.4 799.4
 -679.2 679.2
 -727 727
 -879.4 879.4
 -2431 2431
 978.8 -978.8
 509.3 -509.3
 -143.8 143.8
 -36.46 36.46
 -860.8 860.8
 -977.6 977.6
 -999.8 999.8
 1433 -1433
 1260 -1260
 -184.2 184.2
 503.6 -503.6
 -2263 2263
 -422.7 422.7
 25.12 -25.12
 795.6 -795.6
 -1643 1643
 2193 -2193
 373.1 -373.1
 29.21 -29.21
 -147.1 147.1
 188 -188
 -823.8 823.8
 1545 -1545
 -104 104
 2002 -2002
 106.8 -106.8
 658.6 -658.6
 -49.77 49.77
 -490.4 490.4
 -2680 2680
 -408.5 408.5
 899.6 -899.6
 981.6 -981.6
 -18.73 18.73
 -1598 1598
 -201.3 201.3
 -1203 1203
 1968 -1968
 -423.1 423.1
 -280.1 280.1
 -13.85 13.85
 196.2 -196.2
 2699 -2699
 -331.6 331.6
 372 -372
 -1157 1157
 -1095 1095
 -992.7 992.7
 785 -785
 62.67 -62.67
 413.4 -413.4
 117.5 -117.5
 -1487 1487
 -47.53 47.53
 182.9 -182.9
 -184.6 184.6
 -2388 2388
 -5381 5381
 204.8 -204.8
 117.3 -117.3
 -533.2 533.2
 988.9 -988.9
 -626 626
 1688 -1688
 -509.8 509.8
 -76.37 76.37
 5.297 -5.297
 2108 -2108
 1832 -1832
 -446.2 446.2
 2424 -2424
 2667 -2667
 -955.4 955.4
 808.3 -808.3
 -864.7 864.7
 -883.2 883.2
 1158 -1158
 -572.2 572.2
 -1684 1684
 -756.3 756.3
 -223.6 223.6
 -751.2 751.2
 538.9 -538.9
 -2445 2445
 -117.9 117.9
 3048 -3048
 -1231 1231
 312.7 -312.7
 -437.6 437.6
 323.1 -323.1
 -1026 1026
 -679.7 679.7
 -254.3 254.3
 115.6 -115.6
 -818.6 818.6
 -1335 1335
 -162.8 162.8
 -537.1 537.1
 94.29 -94.29
 -1670 1670
 -1314 1314
 10.47 -10.47
 -644.9 644.9
 1047 -1047
 -582.2 582.2
 -88.33 88.33
 -186.8 186.8
 153 -153
 -2308 2308
 -248.4 248.4
 -415.1 415.1
 -1163 1163
 -1895 1895
 -536 536
 2418 -2418
 -582.5 582.5
 1290 -1290
 2775 -2775
 -88.75 88.75
 1759 -1759
 -873.7 873.7
 -126.4 126.4
 1889 -1889
 -1498 1498
 55.64 -55.64
 -3408 3408
 -880.8 880.8
 -797.5 797.5
 300.6 -300.6
 693.4 -693.4
 -1757 1757
 -537.6 537.6
 251.5 -251.5
 -2767 2767
 -866.5 866.5
 -464.6 464.6
 647.9 -647.9
 -571 571
 -2276 2276
 -1151 1151
 2086 -2086
 -836 836
 -992.8 992.8
 -1117 1117
 277.6 -277.6
 -819.6 819.6
 -1261 1261
 -1256 1256
 119.1 -119.1
 1084 -1084
 -1103 1103
 1117 -1117
 166.3 -166.3
 -2969 2969
 -26.24 26.24
 676.2 -676.2
 -383.4 383.4
 -942.6 942.6
 -379.4 379.4
 -1608 1608
 -392 392
 35.31 -35.31
 -86.34 86.34
 -210.1 210.1
 -415.5 415.5
 -474.4 474.4
 1344 -1344
 -129.1 129.1
 -197.8 197.8
 1933 -1933
 -1327 1327
 -806.8 806.8
 244.4 -244.4
 520.6 -520.6
 -1065 1065
 208.4 -208.4
 193.8 -193.8
 2728 -2728
 1068 -1068
 -1217 1217
 2104 -2104
 -405.9 405.9
 377.1 -377.1
 1034 -1034
 488 -488
 -1333 1333
 -1576 1576
 947.7 -947.7
 -213.6 213.6
 -858 858
 -1285 1285
 478.4 -478.4
 -721.4 721.4
 989.1 -989.1
 223.2 -223.2
 -476.8 476.8
 -464.4 464.4
 -708.1 708.1
 -1826 1826
 305.6 -305.6
 -587.2 587.2
 135.3 -135.3
 -1863 1863
 1244 -1244
 -201.1 201.1
 -1357 1357
 -117 117
 1051 -1051
 268.4 -268.4
 -46.96 46.96
 -181.4 181.4
 -1044 1044
 875.6 -875.6
 -604.4 604.4
 1105 -1105
 3096 -3096
 -2275 2275
 35.48 -35.48
 281.9 -281.9
 -813.5 813.5
 -438.7 438.7
 972.3 -972.3
 -225.1 225.1
 5637 -5637
 -1422 1422
 -1028 1028
 -860 860
 -372.5 372.5
 108.7 -108.7
 1953 -1953
 -546 546
 258 -258
 -1444 1444
 -4348 4348
 14.46 -14.46
 -901 901
 464.9 -464.9
 404.3 -404.3
 250.8 -250.8
 1387 -1387
 -1045 1045
 -550.5 550.5
 -200.3 200.3
 3235 -3235
 971.6 -971.6
 -221.9 221.9
 823.2 -823.2
 200.8 -200.8
 785.3 -785.3
 -461.9 461.9
 -520 520
 -28.22 28.22
 -602 602
 -1436 1436
 3240 -3240
 -880.6 880.6
 606.3 -606.3
 -382.4 382.4
 -1629 1629
 -12.24 12.24
 -1628 1628
 -499.1 499.1
 2.644 -2.644
 -742.9 742.9
 1396 -1396
 1317 -1317
 547.2 -547.2
 1946 -1946
 -206.5 206.5
 784.7 -784.7
 313.4 -313.4
 -29.15 29.15
 -1139 1139
 -1024 1024
 -140.2 140.2
 3336 -3336
 224.1 -224.1
 419.3 -419.3
 63.23 -63.23
 -370.5 370.5
 -1388 1388
 2366 -2366
 -1052 1052
 732.9 -732.9
 -216.2 216.2
 -1479 1479
 3224 -3224
 -996 996
 2525 -2525
 1327 -1327
 2382 -2382
 492.6 -492.6
 1737 -1737
 -844.8 844.8
 1670 -1670
 -1095 1095
 -956.9 956.9
 -3007 3007
 -368.2 368.2
 -1189 1189
 545 -545
 786.3 -786.3
 1524 -1524
 673.5 -673.5
 -82.15 82.15
 -627.7 627.7
 -464.9 464.9
 1786 -1786
 1074 -1074
 -914.2 914.2
 -1657 1657
 -1645 1645
 -1097 1097
 5083 -5083
 -1080 1080
 354.7 -354.7
 -262.6 262.6
 262.8 -262.8
 -954.8 954.8
 2558 -2558
 70.08 -70.08
 -833.7 833.7
 671.1 -671.1
 305.7 -305.7
 -327.1 327.1
 -479.9 479.9
 -81.02 81.02
 -1379 1379
 -1245 1245
 736.8 -736.8
 -412.6 412.6
 -594.6 594.6
 -638.7 638.7
 -206 206
 1797 -1797
 -606.3 606.3
 105.8 -105.8
 917.7 -917.7
 -1122 1122
 -437.1 437.1
 -563.8 563.8
 1256 -1256
 682 -682
 -978.2 978.2
 2071 -2071
 1017 -1017
 -407.3 407.3
 1218 -1218
 -97.06 97.06
 610.1 -610.1
 2598 -2598
 456.3 -456.3
 -388.7 388.7
 -523.3 523.3
 140.4 -140.4
 -1862 1862
 -645.4 645.4
 891.9 -891.9
 993.5 -993.5
 -731.3 731.3
 2066 -2066
 179.7 -179.7
 -1614 1614
 616.6 -616.6
 1067 -1067
 414.5 -414.5
 645.4 -645.4
 6228 -6228
 -202 202
 -641.9 641.9
 -287.3 287.3
 460.7 -460.7
 -627.1 627.1
 508.6 -508.6
 2941 -2941
 275.4 -275.4
 1532 -1532
 -536.1 536.1
 -232.5 232.5
 648.7 -648.7
 -1182 1182
 1958 -1958
 227.9 -227.9
 -363.8 363.8
 -4408 4408
 -967.8 967.8
 -1606 1606
 -86.71 86.71
 -1006 1006
 -661.1 661.1
 454.2 -454.2
 -2414 2414
 -536.1 536.1
 -1652 1652
 -82.83 82.83
 -3366 3366
 2109 -2109
 -226.3 226.3
 -1341 1341
 32.92 -32.92
 1252 -1252
 350.6 -350.6
 313.3 -313.3
 -457.6 457.6
 1143 -1143
 -848 848
 -657 657
 223.7 -223.7
 -7.483 7.483
 -408.6 408.6
 1434 -1434
 -266.9 266.9
 -407.1 407.1
 -454.7 454.7
 1240 -1240
 -1053 1053
 -668.3 668.3
 -1013 1013
 -468.9 468.9
 -1568 1568
 412.8 -412.8
 76.84 -76.84
 -889.8 889.8
 -559.4 559.4
 -746.8 746.8
 107 -107
 -578.8 578.8
 -229.5 229.5
 392.4 -392.4
 1383 -1383
 -831.8 831.8
 -972.6 972.6
 -1717 1717
 -1870 1870
 1034 -1034
 1736 -1736
 416.4 -416.4
 942.2 -942.2
 478.4 -478.4
 -395.9 395.9
 -94.42 94.42
 661.3 -661.3
 -876.3 876.3
 547 -547
 2025 -2025
 -77.31 77.31
 -754.1 754.1
 -110.2 110.2
 -815 815
 688.8 -688.8
 1544 -1544
 -140.9 140.9
 302.6 -302.6
 1768 -1768
 -1231 1231
 1416 -1416
 1972 -1972
 -402.5 402.5
 -389.6 389.6
 -999 999
 -1247 1247
 -1808 1808
 2132 -2132
 -871.4 871.4
 566.4 -566.4
 1085 -1085
 -178.2 178.2
 217.3 -217.3
 4205 -4205
 217.7 -217.7
 238.6 -238.6
 -316.5 316.5
 -793.1 793.1
 167.6 -167.6
 330.7 -330.7
 401.9 -401.9
 -20.89 20.89
 -263.9 263.9
 -262.6 262.6
 831.7 -831.7
 -528 528
 2511 -2511
 399.2 -399.2
 -175.3 175.3
 2.586e+04 -2.586e+04
 -223.7 223.7
 757.4 -757.4
 -416.1 416.1
 -1525 1525
 932.9 -932.9
 -302.6 302.6
 79.74 -79.74
 1204 -1204
 -776.8 776.8
 -463.8 463.8
 -921.4 921.4
 -1776 1776
 -111.9 111.9
 -558.2 558.2
 -247 247
 -583.5 583.5
 64.11 -64.11
 -211.7 211.7
 1788 -1788
 -229.8 229.8
 -98.59 98.59
 -696.7 696.7
 -66.11 66.11
 -1410 1410
 -553 553
 1955 -1955
 -1447 1447
 282.1 -282.1
 954.9 -954.9
 -2461 2461
 -41.26 41.26
 -995.2 995.2
 -960.5 960.5
 742.2 -742.2
 -209.1 209.1
 247.1 -247.1
 586.9 -586.9
 -719.9 719.9
 -875.1 875.1
 -770.6 770.6
 31.53 -31.53
 684.8 -684.8
 -980.7 980.7
 131.9 -131.9
 -1087 1087
 -356.8 356.8
 -2100 2100
 -1335 1335
 34.83 -34.83
 -409.4 409.4
 390.8 -390.8
 -913.4 913.4
 3052 -3052
 871.1 -871.1
 1086 -1086
 -1014 1014
 1416 -1416
 589.3 -589.3
 -1497 1497
 1086 -1086
 1054 -1054
 26.03 -26.03
 -679.3 679.3
 1288 -1288
 464.7 -464.7
 -145.9 145.9
 -346.2 346.2
 -2529 2529
 226.2 -226.2
 -875.3 875.3
 286.1 -286.1
 0 0
 -880.1 880.1
 748.2 -748.2
 -411.9 411.9
 5618 -5618
 -143.6 143.6
 -118.8 118.8
 -1232 1232
 -177.9 177.9
 249.5 -249.5
 -31.07 31.07
 -2251 2251
 -2242 2242
 1785 -1785
 938.3 -938.3
 -243.2 243.2
 157.8 -157.8
 241.2 -241.2
 1766 -1766
 1968 -1968
 -959.8 959.8
 -1436 1436
 1228 -1228
 -1615 1615
 139.9 -139.9
 -754.2 754.2
 -25.27 25.27
 1211 -1211
 1208 -1208
 -606.4 606.4
 268.1 -268.1
 -1832 1832
 316.1 -316.1
 -664.7 664.7
 -545.5 545.5
 -1035 1035
 79.83 -79.83
 -24.16 24.16
 -601.6 601.6
 -1034 1034
 -561.4 561.4
 723 -723
 -970.3 970.3
 35.01 -35.01
 133.8 -133.8
 -562.3 562.3
 -995.2 995.2
 2848 -2848
 -764.3 764.3
 633.9 -633.9
 -428.9 428.9
 -1224 1224
 -584.8 584.8
 -101.7 101.7
 724.1 -724.1
 -1196 1196
 -253.2 253.2
 -77.02 77.02
 -731.3 731.3
 -54.04 54.04
 -477.9 477.9
 -311.1 311.1
 136.2 -136.2
 -35.93 35.93
 -582.6 582.6
 854.1 -854.1
 -1896 1896
 83.32 -83.32
 646.8 -646.8
 1056 -1056
 2064 -2064
 -1056 1056
 -428.9 428.9
 -660.6 660.6
 -391.4 391.4
 -794.4 794.4
 -198.3 198.3
 495 -495
 -315.2 315.2
 161.1 -161.1
 -1110 1110
 535.8 -535.8
 -239.4 239.4
 -808.2 808.2
 843.4 -843.4
 -373.3 373.3
 -853.9 853.9
 -961.5 961.5
 -166.6 166.6
 -215.2 215.2
 679.4 -679.4
 636.1 -636.1
 -2173 2173
 905.9 -905.9
 -524.8 524.8
 398.2 -398.2
 -100.5 100.5
 -647.5 647.5
 -600.2 600.2
 -498.3 498.3
 -300.6 300.6
 111.1 -111.1
 -1526 1526
 843.1 -843.1
 -2269 2269
 -2421 2421
 1886 -1886
 -1760 1760
 -599.1 599.1
 575.4 -575.4
 -517.8 517.8
 -2232 2232
 -186.9 186.9
 -437.7 437.7
 150.7 -150.7
 -35.89 35.89
 -242.7 242.7
 -603.2 603.2
 -613.1 613.1
 -1974 1974
 599.7 -599.7
 -10.22 10.22
 -1340 1340
 -178.5 178.5
 -1844 1844
 1604 -1604
 -379.9 379.9
 2472 -2472
 -3357 3357
 -1294 1294
 1022 -1022
 3914 -3914
 -773.1 773.1
 -197 197
 -1155 1155
 -879.9 879.9
 -1634 1634
 -500.9 500.9
 108.7 -108.7
 -81.44 81.44
 -335.5 335.5
 -395.9 395.9
 -1052 1052
 843.5 -843.5
 -1937 1937
 6517 -6517
 -805.8 805.8
 706.9 -706.9
 -902.2 902.2
 322.6 -322.6
 -232.5 232.5
 -1095 1095
 -1491 1491
 -2729 2729
 -517.9 517.9
 867 -867
 -1863 1863
 4049 -4049
 713.9 -713.9
 18.47 -18.47
 -36.64 36.64
 243.8 -243.8
 -1218 1218
 94.14 -94.14
 811.2 -811.2
 -83.51 83.51
 876.9 -876.9
 656.3 -656.3
 244.7 -244.7
 621.2 -621.2
 -1762 1762
 -1518 1518
 -576.2 576.2
 1141 -1141
 1132 -1132
 -54.3 54.3
 -206.2 206.2
 -563.4 563.4
 397.1 -397.1
 -1491 1491
 236.6 -236.6
 -1764 1764
 -272.5 272.5
 677.1 -677.1
 925.6 -925.6
 224.1 -224.1
 -310.8 310.8
 302.3 -302.3
 -1308 1308
 -89.28 89.28
 1771 -1771
 -242.1 242.1
 574 -574
 -334.5 334.5
 -208.1 208.1
 -1614 1614
 -205.2 205.2
 -671.5 671.5
 -214.9 214.9
 1452 -1452
 167.9 -167.9
 162.4 -162.4
 5584 -5584
 -687.9 687.9
 -373 373
 -12.02 12.02
 -1463 1463
 -172.8 172.8
 -371.8 371.8
 -408.6 408.6
 1399 -1399
 -1525 1525
 -1590 1590
 -307.5 307.5
 -1652 1652
 -2876 2876
 -722.9 722.9
 1863 -1863
 -233.1 233.1
 271.4 -271.4
 -1307 1307
 -1135 1135
 1017 -1017
 198.7 -198.7
 785.1 -785.1
 239.5 -239.5
 426.7 -426.7
 417.6 -417.6
 -1824 1824
 -558.6 558.6
 -1727 1727
 -398.2 398.2
 -87.08 87.08
 -227 227
 -404.4 404.4
 -2625 2625
 1017 -1017
 546.8 -546.8
 -990.4 990.4
 1775 -1775
 -893.9 893.9
 -2170 2170
 -320.9 320.9
 -435 435
 747.9 -747.9
 -2647 2647
 427.5 -427.5
 880.3 -880.3
 3946 -3946
 -369.6 369.6
 -1108 1108
 -1124 1124
 924.7 -924.7
 -2678 2678
 866.4 -866.4
 223.5 -223.5
 255.9 -255.9
 -1032 1032
 -1149 1149
 117.5 -117.5
 1053 -1053
 241 -241
 228.6 -228.6
 168.3 -168.3
 2445 -2445
 -799.3 799.3
 251.3 -251.3
 -164.1 164.1
 -861.5 861.5
 -969.4 969.4
 -773.2 773.2
 -303.7 303.7
 633.1 -633.1
 137.9 -137.9
 400.9 -400.9
 -264.3 264.3
 661 -661
 -918.4 918.4
 4362 -4362
 -1673 1673
 2352 -2352
 361.3 -361.3
 -726.9 726.9
 -115.2 115.2
 203.2 -203.2
 -1011 1011
 -714.9 714.9
 169 -169
 3373 -3373
 3998 -3998
 -754.3 754.3
 346.7 -346.7
 3821 -3821
 -1047 1047
 726.5 -726.5
 -403.2 403.2
 336.5 -336.5
 -429.7 429.7
 -1702 1702
 -57.98 57.98
 -253.4 253.4
 -1172 1172
 -1412 1412
 384.5 -384.5
 -628.2 628.2
 296.9 -296.9
 708.6 -708.6
 3085 -3085
 -830.6 830.6
 -234.8 234.8
 -979.7 979.7
 198.9 -198.9
 350.9 -350.9
 105.3 -105.3
 -95.3 95.3
 160.8 -160.8
 -1659 1659
 1518 -1518
 -1355 1355
 -33.25 33.25
 -275.7 275.7
 -186.2 186.2
 498.7 -498.7
 448.4 -448.4
 -432.9 432.9
 -418.5 418.5
 -54.25 54.25
 -261.4 261.4
 -1767 1767
 361.5 -361.5
 -693.4 693.4
 836.7 -836.7
 -173.9 173.9
 -58.2 58.2
 -157.1 157.1
 -1122 1122
 -413.1 413.1
 -401.8 401.8
 -443.3 443.3
 -3270 3270
 -2106 2106
 -775 775
 -996.2 996.2
 81.04 -81.04
 299.6 -299.6
 754.3 -754.3
 857.2 -857.2
 -689.1 689.1
 3338 -3338
 624.3 -624.3
 2662 -2662
 1862 -1862
 498 -498
 626.9 -626.9
 487.2 -487.2
 -973.9 973.9
 -313.6 313.6
 419.7 -419.7
 6027 -6027
 -974.7 974.7
 1338 -1338
 373.8 -373.8
 5274 -5274
 -1134 1134
 1605 -1605
 -876.9 876.9
 510 -510
 -2419 2419
 1634 -1634
 -355 355
 44.83 -44.83
 -1026 1026
 -744.3 744.3
 3920 -3920
 1119 -1119
 -253.9 253.9
 -750.5 750.5
 -624.3 624.3
 -832.7 832.7
 60.97 -60.97
 -1707 1707
 -278.7 278.7
 182.7 -182.7
 1887 -1887
 -447.9 447.9
 -8.537 8.537
 62.06 -62.06
 -894.7 894.7
 -284.8 284.8
 547.1 -547.1
 -891 891
 565.2 -565.2
 -613.4 613.4
 -1425 1425
 -536.4 536.4
 2710 -2710
 1615 -1615
 -1328 1328
 -128.8 128.8
 -189.3 189.3
 -132.1 132.1
 142.7 -142.7
 80.27 -80.27
 -426.8 426.8
 -684 684
 2931 -2931
 -146 146
 -450.6 450.6
 389.2 -389.2
 -2190 2190
 293.7 -293.7
 -978.9 978.9
 -777.5 777.5
 -649.4 649.4
 181 -181
 -998.2 998.2
 184.4 -184.4
 365.8 -365.8
 410 -410
 1070 -1070
 -1745 1745
 -563.5 563.5
 -1661 1661
 -6.013 6.013
 -792.5 792.5
 -668.8 668.8
 1312 -1312
 -1117 1117
 -877.7 877.7
 471.1 -471.1
 -2266 2266
 -1048 1048
 189.2 -189.2
 -1077 1077
 448.4 -448.4
 1321 -1321
 -400.6 400.6
 -1213 1213
 -627.5 627.5
 -753.6 753.6
 1707 -1707
 -860 860
 -422.1 422.1
 2376 -2376
 2537 -2537
 816.8 -816.8
 787.2 -787.2
 -1780 1780
 -853.6 853.6
 4740 -4740
 98.25 -98.25
 -1235 1235
 940.5 -940.5
 487.2 -487.2
 271.4 -271.4
 2281 -2281
 -729.2 729.2
 -847.3 847.3
 11.9 -11.9
 -561.8 561.8
 1293 -1293
 -241.2 241.2
 1044 -1044
 -729.1 729.1
 415.8 -415.8
 3956 -3956
 58.63 -58.63
 2248 -2248
 -425.1 425.1
 -3407 3407
 -3209 3209
 -397.5 397.5
 -1034 1034
 -953 953
 4021 -4021
 534.1 -534.1
 -139.2 139.2
 -742.4 742.4
 888 -888
 -564 564
 3547 -3547
 -827.7 827.7
 -602.5 602.5
 -1526 1526
 1530 -1530
 -2420 2420
 98.86 -98.86
 3910 -3910
 -268.2 268.2
 -109.5 109.5
 -711.9 711.9
 481.7 -481.7
 2329 -2329
 -474.1 474.1
 22.27 -22.27
 -892.3 892.3
 4195 -4195
 -170.1 170.1
 619.2 -619.2
 -1429 1429
 -481.9 481.9
 118 -118
 3544 -3544
 2156 -2156
 230.2 -230.2
 1011 -1011
 700.3 -700.3
 1023 -1023
 -84.43 84.43
 3467 -3467
 258.5 -258.5
 416 -416
 -1924 1924
 -96.75 96.75
 -640.9 640.9
 -999.4 999.4
 3116 -3116
 6.261 -6.261
 -773.1 773.1
 1174 -1174
 -1081 1081
 2037 -2037
 -337.6 337.6
 273.8 -273.8
 -545.9 545.9
 837.2 -837.2
 620.4 -620.4
 2696 -2696
 -451.9 451.9
 202.8 -202.8
 -679.7 679.7
 -1587 1587
 432.2 -432.2
 607.1 -607.1
 25.68 -25.68
 2281 -2281
 -429 429
 -252 252
 1839 -1839
 618.9 -618.9
 5784 -5784
 297.6 -297.6
 -142.5 142.5
 370.5 -370.5
 -602.8 602.8
 -1007 1007
 -1008 1008
 -427.5 427.5
 -2293 2293
 -401.6 401.6
 401.4 -401.4
 -143.4 143.4
 531.4 -531.4
 -430.3 430.3
 507.4 -507.4
 985.5 -985.5
 -721.9 721.9
 -1252 1252
 -632.7 632.7
 145.6 -145.6
 -330.5 330.5
 771.3 -771.3
 -968.3 968.3
 -538.9 538.9
 -120.4 120.4
 -1373 1373
 2007 -2007
 -886.5 886.5
 -3595 3595
 202.8 -202.8
 24.99 -24.99
 7196 -7196
 -1237 1237
 -408.8 408.8
 947.4 -947.4
 808.4 -808.4
 -683.8 683.8
 -1577 1577
 -491.8 491.8
 -1963 1963
 -29.42 29.42
 210.1 -210.1
 -1296 1296
 764.4 -764.4
 -954.7 954.7
 1195 -1195
 169.8 -169.8
 2743 -2743
 1025 -1025
 1426 -1426
 -280.3 280.3
 565 -565
 1222 -1222
 -105.3 105.3
 -1509 1509
 1001 -1001
 908.5 -908.5
 -1645 1645
 1012 -1012
 -610.3 610.3
 -24.55 24.55
 -674.6 674.6
 592.2 -592.2
 1246 -1246
 257.7 -257.7
 -333 333
 -365.5 365.5
 415.9 -415.9
 -242.4 242.4
 -475 475
 -325.9 325.9
 -825.7 825.7
 -25.66 25.66
 -451.2 451.2
 -1213 1213
 -2261 2261
 -338 338
 -1303 1303
 -189.3 189.3
 -175.9 175.9
 -993 993
 153.3 -153.3
 -317.7 317.7
 1535 -1535
 191.6 -191.6
 -736.6 736.6
 -948.3 948.3
 376.9 -376.9
 2136 -2136
 -260.6 260.6
 81.21 -81.21
 133.1 -133.1
 815.9 -815.9
 87.07 -87.07
 3041 -3041
 413.2 -413.2
 -359.2 359.2
 -622 622
 155.8 -155.8
 -172.4 172.4
 -1194 1194
 -893.4 893.4
 433.8 -433.8
 -553.2 553.2
 128.9 -128.9
 -806.9 806.9
 -1659 1659
 111.4 -111.4
 937.2 -937.2
 -2460 2460
 -923.5 923.5
 -395.5 395.5
 456.2 -456.2
 -799.7 799.7
 -431.1 431.1
 160.8 -160.8
 -1669 1669
 -108.2 108.2
 -379.4 379.4
 4461 -4461
 82.05 -82.05
 -1688 1688
 622.1 -622.1
 -213.5 213.5
 265.6 -265.6
 -448.3 448.3
 964.6 -964.6
 -261.9 261.9
 -2816 2816
 -191.5 191.5
 286.3 -286.3
 238.7 -238.7
 -1956 1956
 -810.5 810.5
 -1601 1601
 162.4 -162.4
 -379 379
 -52.75 52.75
 -802.4 802.4
 -620.3 620.3
 -698.6 698.6
 2245 -2245
 110.8 -110.8
 10.12 -10.12
 -1223 1223
 -181.5 181.5
 -576.9 576.9
 1704 -1704
 -2706 2706
 56.26 -56.26
 1157 -1157
 1050 -1050
 2328 -2328
 -1210 1210
 -2149 2149
 -502.9 502.9
 695.7 -695.7
 920.3 -920.3
 1366 -1366
 -2017 2017
 -1016 1016
 -474.6 474.6
 277.5 -277.5
 1380 -1380
 -1799 1799
 375.6 -375.6
 -517.9 517.9
 -60.25 60.25
 -175.4 175.4
 290.8 -290.8
 -658.6 658.6
 2847 -2847
 86.95 -86.95
 -2996 2996
 184.4 -184.4
 67.08 -67.08
 958.6 -958.6
 882.7 -882.7
 1330 -1330
 -599.1 599.1
 -1664 1664
 -777.4 777.4
 283.7 -283.7
 125.7 -125.7
 868.6 -868.6
 303.3 -303.3
 118.5 -118.5
 1008 -1008
 248.4 -248.4
 1748 -1748
 -1280 1280
 -351.8 351.8
 15.65 -15.65
 45.31 -45.31
 119.5 -119.5
 695 -695
 -1625 1625
 860.2 -860.2
 645.6 -645.6
 -536.6 536.6
 1786 -1786
 92.5 -92.5
 26.24 -26.24
 -1116 1116
 -345.2 345.2
 -78.86 78.86
 -641.2 641.2
 1030 -1030
 -124.7 124.7
 -66.18 66.18
 554.7 -554.7
 788.3 -788.3
 -417.7 417.7
 5396 -5396
 591.8 -591.8
 4068 -4068
 -543 543
 -345.3 345.3
 1954 -1954
 7.217 -7.217
 717.7 -717.7
 929 -929
 -481 481
 -377.3 377.3
 3127 -3127
 -816 816
 -1018 1018
 1106 -1106
 -2649 2649
 4618 -4618
 3242 -3242
 -56.7 56.7
 -238.2 238.2
 -394.3 394.3
 -834.9 834.9
 -582.4 582.4
 -277.2 277.2
 -1294 1294
 -743.1 743.1
 1492 -1492
 -243 243
 6246 -6246
 -942.4 942.4
 300.7 -300.7
 259.5 -259.5
 2293 -2293
 -1055 1055
 -2550 2550
 231.2 -231.2
 -1368 1368
 32.97 -32.97
 50.59 -50.59
 295.9 -295.9
 2473 -2473
 -455.1 455.1
 -664.1 664.1
 -1003 1003
 -357.9 357.9
 -422.8 422.8
 -146.6 146.6
 -364.5 364.5
 -196.5 196.5
 -1473 1473
 -7.32 7.32
 620 -620
 -933.3 933.3
 2496 -2496
 187.4 -187.4
 -939.7 939.7
 536.2 -536.2
 701.2 -701.2
 -1918 1918
 740.7 -740.7
 -915.7 915.7
 786.4 -786.4
 -1080 1080
 -2412 2412
 3183 -3183
 43.77 -43.77
 91.33 -91.33
 -2394 2394
 2615 -2615
 -507.7 507.7
 -4.046 4.046
 -754 754
 282.2 -282.2
 -530 530
 -856.5 856.5
 -1697 1697
 121.3 -121.3
 -745.8 745.8
 -444.2 444.2
 208.4 -208.4
 -949 949
 740.8 -740.8
 79.14 -79.14
 -27.7 27.7
 -184.7 184.7
 -577 577
 385.8 -385.8
 -71.2 71.2
 -213.2 213.2
 125.5 -125.5
 -472.2 472.2
 487.8 -487.8
 -1063 1063
 -807.6 807.6
 799.1 -799.1
 -604.4 604.4
 282.6 -282.6
 -154 154
 -890.7 890.7
 1405 -1405
 2002 -2002
 -451.5 451.5
 432.7 -432.7
 -381 381
 -1525 1525
 1204 -1204
 1086 -1086
 -979.2 979.2
 201.2 -201.2
 -157.5 157.5
 -853.3 853.3
 463.3 -463.3
 3812 -3812
 -880.6 880.6
 -1195 1195
 40.6 -40.6
 -507.3 507.3
 -109.3 109.3
 2590 -2590
 468.9 -468.9
 513.2 -513.2
 -1737 1737
 -993.4 993.4
 -1370 1370
 4265 -4265
 -179.4 179.4
 649.7 -649.7
 -968.4 968.4
 745.6 -745.6
 5432 -5432
 -1972 1972
 -216.9 216.9
 1627 -1627
 -2669 2669
 -853.4 853.4
 -514.9 514.9
 -477.5 477.5
 -796.8 796.8
 195.4 -195.4
 -2273 2273
 -93.27 93.27
 -434.4 434.4
 1732 -1732
 612.1 -612.1
 340 -340
 -253 253
 -60.12 60.12
 603.4 -603.4
 -224.3 224.3
 -1146 1146
 1058 -1058
 -463 463
 125.3 -125.3
 363.3 -363.3
 -725.5 725.5
 -1026 1026


