# Created by Octave 5.2.0, Fri Sep 25 00:24:18 2020 CEST <jiwidi@land>
# name: w
# type: matrix
# rows: 2001
# columns: 2
 0 0
 1177 -1177
 -780 780
 1495 -1495
 -129.5 129.5
 447 -447
 1463 -1463
 -417.8 417.8
 361.8 -361.8
 -517.5 517.5
 380.8 -380.8
 130.4 -130.4
 70.89 -70.89
 391.6 -391.6
 -382.9 382.9
 -1241 1241
 780.1 -780.1
 -703.2 703.2
 1304 -1304
 5.724 -5.724
 -240.4 240.4
 -910.8 910.8
 240.2 -240.2
 -239.9 239.9
 451.1 -451.1
 -1412 1412
 33.84 -33.84
 413.5 -413.5
 -383.9 383.9
 41.02 -41.02
 -355.4 355.4
 583.8 -583.8
 276.8 -276.8
 189.1 -189.1
 571.4 -571.4
 -2494 2494
 -1683 1683
 -293.4 293.4
 -804.4 804.4
 -366.5 366.5
 -696.9 696.9
 1144 -1144
 -166.1 166.1
 -886.6 886.6
 221.3 -221.3
 712.2 -712.2
 -480.2 480.2
 1964 -1964
 -275.4 275.4
 843.3 -843.3
 677.7 -677.7
 143.3 -143.3
 154.1 -154.1
 -929.9 929.9
 2261 -2261
 1537 -1537
 170.4 -170.4
 226.3 -226.3
 -18.34 18.34
 -1359 1359
 486.7 -486.7
 -711.9 711.9
 -41.13 41.13
 597.5 -597.5
 -738.3 738.3
 90.73 -90.73
 1157 -1157
 71.15 -71.15
 1009 -1009
 535.7 -535.7
 -1175 1175
 -1272 1272
 -224 224
 1271 -1271
 1857 -1857
 -703.5 703.5
 -3618 3618
 -838.4 838.4
 753.3 -753.3
 -459 459
 184.2 -184.2
 284.6 -284.6
 -718.5 718.5
 320.2 -320.2
 784 -784
 159 -159
 -925.4 925.4
 -526.9 526.9
 -324 324
 -859.4 859.4
 198.8 -198.8
 925.6 -925.6
 449 -449
 -93.28 93.28
 1031 -1031
 -117.7 117.7
 -239 239
 125.9 -125.9
 -461.2 461.2
 -129.2 129.2
 603.2 -603.2
 991.5 -991.5
 -521.3 521.3
 -1420 1420
 696.3 -696.3
 518.9 -518.9
 96.81 -96.81
 304.3 -304.3
 717.5 -717.5
 287.7 -287.7
 1813 -1813
 -885.1 885.1
 327.8 -327.8
 38.58 -38.58
 -355.6 355.6
 -571.5 571.5
 166.6 -166.6
 -275.8 275.8
 -1182 1182
 -481.6 481.6
 309 -309
 1971 -1971
 -1724 1724
 311.7 -311.7
 656.9 -656.9
 -2529 2529
 -541.7 541.7
 35.74 -35.74
 259.5 -259.5
 -532 532
 2150 -2150
 117.3 -117.3
 473.9 -473.9
 -541.9 541.9
 967.2 -967.2
 -631.4 631.4
 308 -308
 -2432 2432
 -459.6 459.6
 -91.9 91.9
 -698 698
 -585.5 585.5
 270.5 -270.5
 280.7 -280.7
 576 -576
 -355.5 355.5
 1224 -1224
 -150.7 150.7
 -1103 1103
 189.3 -189.3
 398.5 -398.5
 -1508 1508
 1048 -1048
 1596 -1596
 115.9 -115.9
 -221.8 221.8
 -707.6 707.6
 450.6 -450.6
 -1507 1507
 117.4 -117.4
 76.92 -76.92
 1170 -1170
 -909.9 909.9
 -1959 1959
 1153 -1153
 2316 -2316
 1289 -1289
 107.3 -107.3
 124.3 -124.3
 -798.7 798.7
 56.06 -56.06
 1148 -1148
 -218.3 218.3
 326.5 -326.5
 852.4 -852.4
 134.9 -134.9
 -1274 1274
 1289 -1289
 -892.4 892.4
 -118.8 118.8
 205.3 -205.3
 -727.9 727.9
 -1496 1496
 922.4 -922.4
 307 -307
 -508.5 508.5
 1520 -1520
 -685.7 685.7
 -10.82 10.82
 -1821 1821
 538.9 -538.9
 271.1 -271.1
 -93 93
 114.1 -114.1
 -582.3 582.3
 -977.4 977.4
 332.5 -332.5
 -586.1 586.1
 -233.4 233.4
 2277 -2277
 376 -376
 -898.2 898.2
 -854 854
 694.4 -694.4
 -431.5 431.5
 -139.3 139.3
 -868 868
 -1378 1378
 -503.1 503.1
 1756 -1756
 -2541 2541
 357.9 -357.9
 -599.3 599.3
 322.3 -322.3
 -822.8 822.8
 1727 -1727
 -245.4 245.4
 -1220 1220
 982.5 -982.5
 253.4 -253.4
 -651.5 651.5
 25.69 -25.69
 990.2 -990.2
 926.6 -926.6
 483.5 -483.5
 953.8 -953.8
 -64.78 64.78
 -996.1 996.1
 161.9 -161.9
 -1104 1104
 1001 -1001
 974 -974
 148.2 -148.2
 -1205 1205
 290.9 -290.9
 -488.8 488.8
 -273.4 273.4
 -682 682
 1178 -1178
 735.8 -735.8
 -724.1 724.1
 105.5 -105.5
 -563.4 563.4
 38.44 -38.44
 -792.2 792.2
 -345.5 345.5
 627.4 -627.4
 67.15 -67.15
 -444.9 444.9
 -959.3 959.3
 932.5 -932.5
 452.5 -452.5
 538 -538
 670.5 -670.5
 -228.2 228.2
 832.3 -832.3
 486 -486
 1619 -1619
 928 -928
 -32.19 32.19
 2044 -2044
 -513.5 513.5
 210.2 -210.2
 -1100 1100
 577.4 -577.4
 343.1 -343.1
 462.6 -462.6
 -331.2 331.2
 441.1 -441.1
 1402 -1402
 -391 391
 220.8 -220.8
 -223.3 223.3
 180.5 -180.5
 198.2 -198.2
 491.4 -491.4
 582.8 -582.8
 527.2 -527.2
 -1027 1027
 -1027 1027
 -633.5 633.5
 534.5 -534.5
 404 -404
 94.55 -94.55
 1338 -1338
 153.4 -153.4
 -196 196
 9.775 -9.775
 361.6 -361.6
 -1105 1105
 -408.1 408.1
 -2095 2095
 2097 -2097
 392.4 -392.4
 -236.4 236.4
 583 -583
 -2917 2917
 -225.9 225.9
 1017 -1017
 144.8 -144.8
 -1139 1139
 -118.6 118.6
 159.5 -159.5
 -1454 1454
 313.3 -313.3
 340 -340
 637.2 -637.2
 -464.5 464.5
 -936.5 936.5
 239.1 -239.1
 373.2 -373.2
 1772 -1772
 -1140 1140
 -618.4 618.4
 1167 -1167
 -1317 1317
 103 -103
 1338 -1338
 -468.5 468.5
 -107.9 107.9
 591.5 -591.5
 3629 -3629
 639.3 -639.3
 261.9 -261.9
 -162.7 162.7
 251.3 -251.3
 1514 -1514
 -72.8 72.8
 49.26 -49.26
 371.7 -371.7
 -453 453
 245.2 -245.2
 -675.3 675.3
 -687.3 687.3
 -530.5 530.5
 699.3 -699.3
 -179.5 179.5
 1055 -1055
 351.5 -351.5
 1810 -1810
 59.66 -59.66
 -744.8 744.8
 -897.2 897.2
 746.9 -746.9
 -87.43 87.43
 -231.6 231.6
 1210 -1210
 789.6 -789.6
 1565 -1565
 1328 -1328
 -381.7 381.7
 -351.2 351.2
 -2109 2109
 -681.3 681.3
 216.2 -216.2
 796.3 -796.3
 -1364 1364
 93.12 -93.12
 -34.52 34.52
 1653 -1653
 -1530 1530
 -1237 1237
 -697.4 697.4
 1015 -1015
 317.7 -317.7
 145.8 -145.8
 1092 -1092
 -2049 2049
 594.4 -594.4
 -3122 3122
 783.4 -783.4
 733.4 -733.4
 -468.2 468.2
 -1256 1256
 -1690 1690
 64.91 -64.91
 527.4 -527.4
 1663 -1663
 -229.1 229.1
 -2070 2070
 -159.6 159.6
 -1410 1410
 -80.42 80.42
 -1066 1066
 569.6 -569.6
 1383 -1383
 -36.11 36.11
 1246 -1246
 488.9 -488.9
 -299.1 299.1
 -283.5 283.5
 -825 825
 349.4 -349.4
 -1232 1232
 264.7 -264.7
 -593.8 593.8
 -17.17 17.17
 375.4 -375.4
 -182.1 182.1
 1943 -1943
 -66.14 66.14
 -1235 1235
 -692.6 692.6
 -170.6 170.6
 -895.5 895.5
 -937.9 937.9
 152 -152
 139.9 -139.9
 -680.9 680.9
 1841 -1841
 -614.5 614.5
 80.62 -80.62
 -370.7 370.7
 154.9 -154.9
 -2332 2332
 178.7 -178.7
 1245 -1245
 -913.7 913.7
 1110 -1110
 421.5 -421.5
 1798 -1798
 -653.2 653.2
 2670 -2670
 469.9 -469.9
 -981.8 981.8
 -694.2 694.2
 -628.1 628.1
 -331.3 331.3
 -318.6 318.6
 -2.947 2.947
 1761 -1761
 -652.6 652.6
 1402 -1402
 -147.5 147.5
 -1615 1615
 -357.4 357.4
 -633 633
 440.1 -440.1
 -1288 1288
 -122.3 122.3
 -658.1 658.1
 -148.1 148.1
 -1874 1874
 1542 -1542
 170.3 -170.3
 -828.8 828.8
 -188.9 188.9
 -277.7 277.7
 464.4 -464.4
 1790 -1790
 -656.4 656.4
 -150.9 150.9
 1668 -1668
 354.2 -354.2
 637.8 -637.8
 1509 -1509
 -448.9 448.9
 1796 -1796
 9.632 -9.632
 709 -709
 -364.7 364.7
 586.2 -586.2
 1008 -1008
 -21.58 21.58
 1601 -1601
 287.4 -287.4
 525.6 -525.6
 -81.74 81.74
 179.6 -179.6
 70.92 -70.92
 -913.7 913.7
 3.652 -3.652
 102.5 -102.5
 -883 883
 390.6 -390.6
 1727 -1727
 103.6 -103.6
 -260.2 260.2
 -86.97 86.97
 223.8 -223.8
 -186.7 186.7
 -239.9 239.9
 296.7 -296.7
 -41.2 41.2
 -281.4 281.4
 -26.07 26.07
 -32.45 32.45
 -2630 2630
 -247.4 247.4
 -212.5 212.5
 -476.2 476.2
 235.7 -235.7
 -40.17 40.17
 -478.3 478.3
 -251.9 251.9
 -1528 1528
 -1190 1190
 -716.1 716.1
 866.5 -866.5
 -2419 2419
 285 -285
 1334 -1334
 -1341 1341
 -280.1 280.1
 -431.2 431.2
 -1797 1797
 -721.7 721.7
 791.6 -791.6
 196.4 -196.4
 1757 -1757
 -195.6 195.6
 -280.3 280.3
 -721 721
 54.46 -54.46
 -622.6 622.6
 -1227 1227
 -647.1 647.1
 -65.37 65.37
 -363.8 363.8
 -1610 1610
 -11.21 11.21
 1394 -1394
 -1242 1242
 395.6 -395.6
 -2857 2857
 697.6 -697.6
 -6.917 6.917
 122.3 -122.3
 86.19 -86.19
 -53.06 53.06
 1791 -1791
 -192.4 192.4
 -1239 1239
 813.5 -813.5
 444.8 -444.8
 -1963 1963
 1860 -1860
 -51.74 51.74
 1138 -1138
 -126.2 126.2
 -1479 1479
 -805.2 805.2
 199.9 -199.9
 -492.5 492.5
 1288 -1288
 -1616 1616
 1033 -1033
 -905.6 905.6
 -1385 1385
 -345.4 345.4
 1811 -1811
 -569.3 569.3
 1767 -1767
 -817.2 817.2
 828.8 -828.8
 6.666 -6.666
 356.3 -356.3
 -1330 1330
 -286.6 286.6
 -33.78 33.78
 844.4 -844.4
 -395.3 395.3
 370.5 -370.5
 -51.17 51.17
 -442.6 442.6
 -522 522
 1159 -1159
 25.18 -25.18
 287.8 -287.8
 -469.6 469.6
 302.5 -302.5
 308.3 -308.3
 -7.362 7.362
 2523 -2523
 -1008 1008
 -115.3 115.3
 -92.35 92.35
 1006 -1006
 1045 -1045
 -79.09 79.09
 586 -586
 148.1 -148.1
 -213.6 213.6
 -400.1 400.1
 1617 -1617
 2869 -2869
 279.6 -279.6
 482.7 -482.7
 -361.1 361.1
 744.2 -744.2
 -250.5 250.5
 533.9 -533.9
 -1369 1369
 537.7 -537.7
 354.7 -354.7
 -702.5 702.5
 -642.3 642.3
 112.2 -112.2
 -357.8 357.8
 93.58 -93.58
 -692.5 692.5
 -27.35 27.35
 162.8 -162.8
 923.7 -923.7
 1137 -1137
 337.2 -337.2
 3441 -3441
 1146 -1146
 -2130 2130
 15.55 -15.55
 -213.2 213.2
 -1460 1460
 296.8 -296.8
 417.7 -417.7
 -931.8 931.8
 -209.2 209.2
 -1033 1033
 -959.7 959.7
 110.3 -110.3
 122.4 -122.4
 -212.9 212.9
 -645.9 645.9
 53.82 -53.82
 -217.8 217.8
 35.98 -35.98
 -188.9 188.9
 -1312 1312
 -174.5 174.5
 -465.6 465.6
 300.8 -300.8
 -143.1 143.1
 -1068 1068
 462.3 -462.3
 -508.6 508.6
 -88.01 88.01
 -1922 1922
 196.6 -196.6
 373.3 -373.3
 539.9 -539.9
 -1019 1019
 -580.6 580.6
 1274 -1274
 -141.8 141.8
 570.9 -570.9
 -2040 2040
 -444.9 444.9
 441.8 -441.8
 -726.3 726.3
 -1073 1073
 930.9 -930.9
 1139 -1139
 542.8 -542.8
 1014 -1014
 2197 -2197
 -374.6 374.6
 468.2 -468.2
 -1306 1306
 976.7 -976.7
 -489.7 489.7
 294.1 -294.1
 432 -432
 -1844 1844
 -36.71 36.71
 -2276 2276
 -77.91 77.91
 195.1 -195.1
 -1356 1356
 690.1 -690.1
 -154 154
 -993.2 993.2
 -694.4 694.4
 -395 395
 211.2 -211.2
 290.4 -290.4
 -2071 2071
 -1154 1154
 404.9 -404.9
 96.21 -96.21
 723 -723
 -1167 1167
 -367.3 367.3
 -483.7 483.7
 -385.6 385.6
 -695.6 695.6
 622.5 -622.5
 -981.4 981.4
 -8.594 8.594
 -666.9 666.9
 251 -251
 -886.8 886.8
 -897.1 897.1
 -121.5 121.5
 -500.5 500.5
 209.5 -209.5
 946 -946
 -1910 1910
 501.6 -501.6
 281.3 -281.3
 660.6 -660.6
 265.4 -265.4
 -874.4 874.4
 50.64 -50.64
 1566 -1566
 -81.75 81.75
 95.96 -95.96
 603.8 -603.8
 -1096 1096
 234.8 -234.8
 -822.2 822.2
 -168.1 168.1
 -1133 1133
 2389 -2389
 -246.2 246.2
 1093 -1093
 1647 -1647
 -596.4 596.4
 4944 -4944
 -1511 1511
 -43.02 43.02
 -218.9 218.9
 175.5 -175.5
 -1785 1785
 -998.8 998.8
 -957.7 957.7
 203.2 -203.2
 -873.3 873.3
 -112.7 112.7
 1341 -1341
 -1154 1154
 2914 -2914
 -571.4 571.4
 1065 -1065
 465.1 -465.1
 404.7 -404.7
 -1441 1441
 -203.4 203.4
 -922.1 922.1
 -96.61 96.61
 -1156 1156
 -101.2 101.2
 163.2 -163.2
 -1074 1074
 1948 -1948
 277.8 -277.8
 -26.5 26.5
 125.9 -125.9
 1212 -1212
 -499.2 499.2
 1657 -1657
 -211.2 211.2
 463.4 -463.4
 2005 -2005
 -1016 1016
 -148.8 148.8
 204.4 -204.4
 -919.1 919.1
 -403.5 403.5
 -467.5 467.5
 979.6 -979.6
 2071 -2071
 -1009 1009
 -1327 1327
 -1090 1090
 -144.3 144.3
 -520.3 520.3
 894.6 -894.6
 -538.6 538.6
 473.7 -473.7
 515.1 -515.1
 -3198 3198
 1461 -1461
 -1408 1408
 526.5 -526.5
 -758.2 758.2
 348.4 -348.4
 551.9 -551.9
 -886.3 886.3
 -886 886
 -751.6 751.6
 1317 -1317
 239.1 -239.1
 1836 -1836
 1035 -1035
 -718.6 718.6
 765.4 -765.4
 -37.5 37.5
 950.7 -950.7
 126.5 -126.5
 -340.8 340.8
 -1809 1809
 1433 -1433
 174.7 -174.7
 859.1 -859.1
 -199.7 199.7
 -464.2 464.2
 332.4 -332.4
 -333.8 333.8
 -496.1 496.1
 -166.7 166.7
 753.7 -753.7
 1772 -1772
 -67.85 67.85
 676.8 -676.8
 1962 -1962
 736.8 -736.8
 792.9 -792.9
 -407.2 407.2
 74.17 -74.17
 -75.62 75.62
 1006 -1006
 724.3 -724.3
 1357 -1357
 372.3 -372.3
 -487.9 487.9
 362.1 -362.1
 -858.7 858.7
 -227.9 227.9
 401.7 -401.7
 -423.6 423.6
 1014 -1014
 802.3 -802.3
 -115.8 115.8
 1612 -1612
 -134.2 134.2
 906.4 -906.4
 -408.3 408.3
 -395.4 395.4
 -400.6 400.6
 434.2 -434.2
 -444.3 444.3
 1134 -1134
 1179 -1179
 623.1 -623.1
 -134.7 134.7
 -588.2 588.2
 -1049 1049
 -543.1 543.1
 1408 -1408
 403.4 -403.4
 -1710 1710
 182.6 -182.6
 -239.3 239.3
 -500.5 500.5
 973.7 -973.7
 261.2 -261.2
 -1972 1972
 128.9 -128.9
 1487 -1487
 -906.3 906.3
 409.5 -409.5
 -407.8 407.8
 613.3 -613.3
 -1277 1277
 -396.8 396.8
 -777 777
 556.1 -556.1
 965.1 -965.1
 -827.6 827.6
 239.8 -239.8
 -246.1 246.1
 -665.3 665.3
 -333 333
 545.4 -545.4
 77.41 -77.41
 1625 -1625
 -220.8 220.8
 -581.9 581.9
 542.6 -542.6
 328.6 -328.6
 -263.4 263.4
 1277 -1277
 704.7 -704.7
 268.8 -268.8
 1787 -1787
 -953.9 953.9
 585.3 -585.3
 -973 973
 887 -887
 1985 -1985
 192 -192
 1719 -1719
 1664 -1664
 -614 614
 1966 -1966
 -286.3 286.3
 1835 -1835
 485.8 -485.8
 189.6 -189.6
 -616.8 616.8
 67 -67
 -215.8 215.8
 -1336 1336
 412 -412
 564.5 -564.5
 648.1 -648.1
 -142.8 142.8
 2274 -2274
 -1045 1045
 9.813 -9.813
 -31.42 31.42
 -738.6 738.6
 70.42 -70.42
 401.7 -401.7
 796.8 -796.8
 -1544 1544
 761.1 -761.1
 717.5 -717.5
 -344.8 344.8
 -385.2 385.2
 633.9 -633.9
 1841 -1841
 285.6 -285.6
 1712 -1712
 265.9 -265.9
 -745.2 745.2
 -248.7 248.7
 1148 -1148
 1210 -1210
 1261 -1261
 -1593 1593
 -63.63 63.63
 -303.1 303.1
 -116.7 116.7
 -869.1 869.1
 -1220 1220
 58.79 -58.79
 851.9 -851.9
 -36.99 36.99
 -53.74 53.74
 -2367 2367
 -58.61 58.61
 -10.84 10.84
 -38.55 38.55
 -417.6 417.6
 639.5 -639.5
 423.4 -423.4
 -273.4 273.4
 1491 -1491
 472.8 -472.8
 940.6 -940.6
 137.7 -137.7
 -243.8 243.8
 -470.4 470.4
 144.8 -144.8
 -67 67
 -7.647 7.647
 -215.3 215.3
 -516.4 516.4
 -83.44 83.44
 -705.5 705.5
 279.9 -279.9
 -345.8 345.8
 202 -202
 -1142 1142
 570.4 -570.4
 -1347 1347
 294.4 -294.4
 36.17 -36.17
 611.9 -611.9
 290.9 -290.9
 295.7 -295.7
 -1359 1359
 1695 -1695
 229.3 -229.3
 25.24 -25.24
 587.2 -587.2
 -1702 1702
 -1369 1369
 -467.2 467.2
 -485.5 485.5
 38.72 -38.72
 2802 -2802
 -181.5 181.5
 -174.3 174.3
 -249.1 249.1
 -39.37 39.37
 -60.77 60.77
 810.3 -810.3
 -84.51 84.51
 -2.628 2.628
 -285.8 285.8
 272.7 -272.7
 -1214 1214
 -579.2 579.2
 123.4 -123.4
 601.8 -601.8
 -273.5 273.5
 -262.5 262.5
 258.2 -258.2
 78.86 -78.86
 -355.9 355.9
 903.1 -903.1
 -646.5 646.5
 1075 -1075
 88.82 -88.82
 134.1 -134.1
 -678 678
 -2394 2394
 -77.41 77.41
 714.7 -714.7
 -355.5 355.5
 16.12 -16.12
 -566.4 566.4
 -211.6 211.6
 1908 -1908
 -1386 1386
 481.8 -481.8
 -932.2 932.2
 -697.3 697.3
 22.76 -22.76
 330.2 -330.2
 86.31 -86.31
 298.8 -298.8
 266.8 -266.8
 484.2 -484.2
 477.8 -477.8
 -715.1 715.1
 672.7 -672.7
 425.3 -425.3
 310.4 -310.4
 96.12 -96.12
 -1656 1656
 940.2 -940.2
 101.6 -101.6
 -1072 1072
 -919.6 919.6
 -651.2 651.2
 -263.7 263.7
 699 -699
 -694.7 694.7
 -867.1 867.1
 541 -541
 774 -774
 -626.4 626.4
 229.4 -229.4
 -454.1 454.1
 -818.3 818.3
 -440.8 440.8
 -977.7 977.7
 -1027 1027
 300.3 -300.3
 -1324 1324
 -486.9 486.9
 -793.9 793.9
 -968.4 968.4
 -122.1 122.1
 505.5 -505.5
 -147.5 147.5
 1046 -1046
 1165 -1165
 -1742 1742
 262.2 -262.2
 1194 -1194
 -1238 1238
 -843.5 843.5
 -1101 1101
 -205.5 205.5
 -55.69 55.69
 -472.9 472.9
 -2066 2066
 -742 742
 877.5 -877.5
 823.3 -823.3
 -1330 1330
 469 -469
 -2222 2222
 -280.9 280.9
 1072 -1072
 -1253 1253
 50.76 -50.76
 659.3 -659.3
 392.7 -392.7
 28.13 -28.13
 2375 -2375
 -36.48 36.48
 1458 -1458
 -950.8 950.8
 1419 -1419
 -129.3 129.3
 -811.1 811.1
 1080 -1080
 810.2 -810.2
 -563 563
 -1816 1816
 -46.06 46.06
 940.1 -940.1
 108.4 -108.4
 -343.1 343.1
 251.9 -251.9
 -679.4 679.4
 146.7 -146.7
 -123.5 123.5
 -1.745 1.745
 492.1 -492.1
 1198 -1198
 2165 -2165
 -2261 2261
 -353.8 353.8
 -845.4 845.4
 410.8 -410.8
 -1426 1426
 790 -790
 672.9 -672.9
 -745.7 745.7
 -546.7 546.7
 -858.7 858.7
 620.3 -620.3
 -881.8 881.8
 19.11 -19.11
 -585.4 585.4
 1170 -1170
 -225.1 225.1
 -62.77 62.77
 -895.9 895.9
 1591 -1591
 -127.8 127.8
 -283.3 283.3
 1263 -1263
 -132.4 132.4
 -166.6 166.6
 713.1 -713.1
 -550 550
 -0.6338 0.6338
 -840 840
 -475.4 475.4
 -344.8 344.8
 -741.4 741.4
 100.2 -100.2
 -351.7 351.7
 -731.6 731.6
 329.3 -329.3
 -937.7 937.7
 817 -817
 -716.5 716.5
 453.7 -453.7
 -1115 1115
 647.5 -647.5
 -181.1 181.1
 -1094 1094
 710 -710
 -798.7 798.7
 352.8 -352.8
 117.5 -117.5
 -364.8 364.8
 1215 -1215
 273.2 -273.2
 -886.8 886.8
 604.7 -604.7
 -1250 1250
 -441.7 441.7
 -508.6 508.6
 -553.8 553.8
 -811.8 811.8
 -90.07 90.07
 1182 -1182
 35.18 -35.18
 821.4 -821.4
 1503 -1503
 218 -218
 -502.4 502.4
 2206 -2206
 -638 638
 704.4 -704.4
 -431 431
 426.7 -426.7
 -18.77 18.77
 173.5 -173.5
 32.77 -32.77
 -1449 1449
 -583.7 583.7
 478.6 -478.6
 -1007 1007
 483.2 -483.2
 -320.2 320.2
 -214.1 214.1
 -2148 2148
 2392 -2392
 -1080 1080
 24.42 -24.42
 -422.6 422.6
 151.2 -151.2
 -966.2 966.2
 -183.4 183.4
 -631.6 631.6
 2022 -2022
 -179.6 179.6
 -299.5 299.5
 348.1 -348.1
 2129 -2129
 -738.2 738.2
 131.8 -131.8
 1093 -1093
 375.1 -375.1
 -609 609
 545.8 -545.8
 804.6 -804.6
 -2344 2344
 -521.4 521.4
 -411.1 411.1
 -3186 3186
 -12.82 12.82
 47.08 -47.08
 -460.7 460.7
 396.8 -396.8
 13.79 -13.79
 178.7 -178.7
 -577.9 577.9
 151.6 -151.6
 -424.8 424.8
 -52.11 52.11
 -960.3 960.3
 -700.5 700.5
 1412 -1412
 208.7 -208.7
 1735 -1735
 -258.5 258.5
 -657.2 657.2
 -102.7 102.7
 -738 738
 1474 -1474
 -978.1 978.1
 -665.1 665.1
 871.1 -871.1
 921.2 -921.2
 -716.6 716.6
 -703.2 703.2
 -1199 1199
 27.1 -27.1
 59.47 -59.47
 -647.8 647.8
 -1159 1159
 -143.9 143.9
 -450.1 450.1
 -4.654 4.654
 -782.9 782.9
 1238 -1238
 -1345 1345
 1704 -1704
 -408.7 408.7
 -252.3 252.3
 -1447 1447
 216.2 -216.2
 795 -795
 -130.2 130.2
 -813.2 813.2
 -1550 1550
 -137.5 137.5
 1757 -1757
 -1373 1373
 -11.02 11.02
 -515.2 515.2
 240.7 -240.7
 -141.6 141.6
 455.3 -455.3
 -594 594
 -186.9 186.9
 331.4 -331.4
 388.1 -388.1
 1408 -1408
 811.9 -811.9
 1088 -1088
 -257.2 257.2
 -652 652
 25.79 -25.79
 538.5 -538.5
 1002 -1002
 564 -564
 -678.1 678.1
 361.6 -361.6
 -38.32 38.32
 1283 -1283
 602.2 -602.2
 210.8 -210.8
 -73.26 73.26
 -185 185
 221.4 -221.4
 198.6 -198.6
 -158.1 158.1
 -1643 1643
 106.6 -106.6
 -1043 1043
 -98.68 98.68
 1420 -1420
 -756.7 756.7
 771.8 -771.8
 609.5 -609.5
 -1312 1312
 -2254 2254
 676.2 -676.2
 -1170 1170
 73.32 -73.32
 -1030 1030
 -495 495
 1252 -1252
 2612 -2612
 1222 -1222
 -55.96 55.96
 2821 -2821
 240.6 -240.6
 254.2 -254.2
 -758.5 758.5
 -398.5 398.5
 1744 -1744
 -593.9 593.9
 -1137 1137
 343.1 -343.1
 -1285 1285
 -399.3 399.3
 -455.1 455.1
 149.7 -149.7
 95.92 -95.92
 -935.9 935.9
 -753.3 753.3
 -257.6 257.6
 1169 -1169
 1199 -1199
 401.5 -401.5
 779.7 -779.7
 1061 -1061
 773.7 -773.7
 180 -180
 -1414 1414
 -144.7 144.7
 -423 423
 -492.4 492.4
 -743.8 743.8
 543.4 -543.4
 -2918 2918
 442.3 -442.3
 473.4 -473.4
 -1368 1368
 1256 -1256
 205.6 -205.6
 -306.6 306.6
 -272.1 272.1
 -279.6 279.6
 561.9 -561.9
 -2594 2594
 923.7 -923.7
 -2771 2771
 2104 -2104
 -355.9 355.9
 -2076 2076
 472.1 -472.1
 -122.2 122.2
 -998.7 998.7
 -186.7 186.7
 -722.7 722.7
 -225.6 225.6
 -1661 1661
 -253.4 253.4
 24.85 -24.85
 1348 -1348
 -198.4 198.4
 1494 -1494
 876.5 -876.5
 756.9 -756.9
 1360 -1360
 -454.7 454.7
 -130.4 130.4
 971.3 -971.3
 -122.9 122.9
 -252.6 252.6
 -639.6 639.6
 -561.1 561.1
 -880.8 880.8
 487.1 -487.1
 -248.6 248.6
 -138.6 138.6
 -429 429
 -281.8 281.8
 -2147 2147
 -49.89 49.89
 -166.9 166.9
 -73.74 73.74
 -100.2 100.2
 956.2 -956.2
 -146.5 146.5
 539.5 -539.5
 -1023 1023
 3969 -3969
 1115 -1115
 -138.9 138.9
 519.7 -519.7
 1557 -1557
 -1436 1436
 -541.7 541.7
 -1045 1045
 480.7 -480.7
 -135.4 135.4
 1628 -1628
 106.3 -106.3
 647.3 -647.3
 -1209 1209
 -938.8 938.8
 57.81 -57.81
 -28.8 28.8
 463.8 -463.8
 -39.94 39.94
 1692 -1692
 -223.4 223.4
 -192.3 192.3
 -206.1 206.1
 140.4 -140.4
 -523.9 523.9
 1435 -1435
 -480.8 480.8
 1047 -1047
 807 -807
 455.9 -455.9
 -1280 1280
 -16.3 16.3
 756.6 -756.6
 -981.6 981.6
 323.5 -323.5
 588 -588
 -357.6 357.6
 475 -475
 -23.5 23.5
 955.1 -955.1
 -229.6 229.6
 -30.54 30.54
 -2877 2877
 115.1 -115.1
 -972 972
 -700.4 700.4
 -274 274
 -166.5 166.5
 -380.2 380.2
 -303.7 303.7
 115.3 -115.3
 -2002 2002
 851 -851
 -819.2 819.2
 -446.5 446.5
 195.1 -195.1
 765.4 -765.4
 -370.3 370.3
 239.9 -239.9
 -1022 1022
 936.4 -936.4
 -921.7 921.7
 1333 -1333
 124.6 -124.6
 381.1 -381.1
 -1071 1071
 424.6 -424.6
 145.9 -145.9
 -145.7 145.7
 2252 -2252
 3002 -3002
 -1566 1566
 919.9 -919.9
 415.7 -415.7
 798.2 -798.2
 -559.2 559.2
 267.1 -267.1
 -287.9 287.9
 71.79 -71.79
 -1743 1743
 980.4 -980.4
 -1004 1004
 -340.7 340.7
 155.4 -155.4
 -150.3 150.3
 3136 -3136
 1028 -1028
 150.1 -150.1
 -1043 1043
 -910.5 910.5
 529.4 -529.4
 155.1 -155.1
 -871.2 871.2
 934.2 -934.2
 -364.1 364.1
 1456 -1456
 -1460 1460
 1201 -1201
 1525 -1525
 -2500 2500
 -948.4 948.4
 491.9 -491.9
 -514.9 514.9
 672.7 -672.7
 -92.01 92.01
 -424.5 424.5
 -2468 2468
 -273.3 273.3
 901.8 -901.8
 -1348 1348
 355.2 -355.2
 3355 -3355
 -258.7 258.7
 964.6 -964.6
 1242 -1242
 -813.3 813.3
 -806.8 806.8
 1596 -1596
 396.2 -396.2
 -25.43 25.43
 320.8 -320.8
 -421 421
 434.6 -434.6
 -940 940
 -925.3 925.3
 -1080 1080
 1856 -1856
 -126.2 126.2
 590.5 -590.5
 -243 243
 462.4 -462.4
 110.6 -110.6
 509.7 -509.7
 2485 -2485
 -726.8 726.8
 -1024 1024
 -434.9 434.9
 -1782 1782
 760.3 -760.3
 241.5 -241.5
 247.7 -247.7
 -294.2 294.2
 -35.73 35.73
 -533.5 533.5
 -21.92 21.92
 -359.9 359.9
 -1357 1357
 1012 -1012
 -460 460
 -1286 1286
 -1449 1449
 -389.8 389.8
 1115 -1115
 -669.6 669.6
 173.3 -173.3
 499.7 -499.7
 1141 -1141
 -189.2 189.2
 -2203 2203
 -203.2 203.2
 305.3 -305.3
 -168.9 168.9
 -1289 1289
 1405 -1405
 -125.3 125.3
 -62.74 62.74
 -274.5 274.5
 -11.94 11.94
 -451 451
 -526 526
 992.3 -992.3
 -785 785
 -714.3 714.3
 591.4 -591.4
 532.3 -532.3
 -101.9 101.9
 587.9 -587.9
 1768 -1768
 212 -212
 560.4 -560.4
 -321.8 321.8
 480.5 -480.5
 -1339 1339
 -356 356
 -847.8 847.8
 -881 881
 1048 -1048
 84.49 -84.49
 -366.1 366.1
 654.5 -654.5
 266.1 -266.1
 467.8 -467.8
 2234 -2234
 584.7 -584.7
 457.1 -457.1
 293.5 -293.5
 1280 -1280
 -752.2 752.2
 829.9 -829.9
 1053 -1053
 530.2 -530.2
 999.6 -999.6
 -320.9 320.9
 741.3 -741.3
 1607 -1607
 -1357 1357
 1460 -1460
 -1292 1292
 1861 -1861
 -1088 1088
 964.3 -964.3
 -1215 1215
 -681.8 681.8
 636.1 -636.1
 1860 -1860
 -1025 1025
 1494 -1494
 -386 386
 -495.6 495.6
 1262 -1262
 -510.9 510.9
 1003 -1003
 809.6 -809.6
 235.9 -235.9
 535.9 -535.9
 605.9 -605.9
 335.2 -335.2
 134.4 -134.4
 1283 -1283
 651.8 -651.8
 442.6 -442.6
 850.9 -850.9
 -578.6 578.6
 -418.9 418.9
 1118 -1118
 125.4 -125.4
 -233.6 233.6
 -1084 1084
 177.4 -177.4
 1699 -1699
 -458.2 458.2
 -1495 1495
 1611 -1611
 877.5 -877.5
 39.15 -39.15
 -376.6 376.6
 -318.5 318.5
 805.1 -805.1
 -678.2 678.2
 348.8 -348.8
 -1615 1615
 1565 -1565
 1026 -1026
 1329 -1329
 -445.9 445.9
 -226.2 226.2
 -606.1 606.1
 -500.2 500.2
 432.1 -432.1
 -821.6 821.6
 -1050 1050
 -1193 1193
 962.2 -962.2
 -798.5 798.5
 -301.4 301.4
 292.4 -292.4
 -857.6 857.6
 843.2 -843.2
 1.055 -1.055
 -952.1 952.1
 689.2 -689.2
 972 -972
 -669.7 669.7
 210.4 -210.4
 -380.5 380.5
 24.56 -24.56
 27.61 -27.61
 -429.7 429.7
 -476.8 476.8
 -1367 1367
 -2574 2574
 708.2 -708.2
 140.1 -140.1
 1520 -1520
 -841.1 841.1
 4.878 -4.878
 173.3 -173.3
 667 -667
 34.51 -34.51
 278.1 -278.1
 -1483 1483
 -793 793
 450.4 -450.4
 -988.2 988.2
 -232.8 232.8
 703.3 -703.3
 1089 -1089
 229.5 -229.5
 -133.7 133.7
 692.9 -692.9
 1429 -1429
 125.4 -125.4
 -277.6 277.6
 -574 574
 -1321 1321
 -18.16 18.16
 -110.1 110.1
 960.1 -960.1
 -224.6 224.6
 -854.7 854.7
 509.7 -509.7
 238.9 -238.9
 -365.3 365.3
 -262.9 262.9
 -129.1 129.1
 698.1 -698.1
 -28.37 28.37
 367.2 -367.2
 -1466 1466
 943.3 -943.3
 84.44 -84.44
 -1312 1312
 -587.1 587.1
 -967.3 967.3
 -54.61 54.61
 1030 -1030
 -1049 1049
 -1097 1097
 -474.6 474.6
 -397.5 397.5
 -923.5 923.5
 360.7 -360.7
 -1263 1263
 460.7 -460.7
 232.8 -232.8
 379.9 -379.9
 279.9 -279.9
 -451.6 451.6
 -187.5 187.5
 1092 -1092
 1650 -1650
 -546.3 546.3
 -284.9 284.9
 587.3 -587.3
 1047 -1047
 -0.7721 0.7721
 -1597 1597
 -1001 1001
 2029 -2029
 -579.7 579.7
 382.1 -382.1
 -283.7 283.7
 -177.1 177.1
 -1577 1577
 199.6 -199.6
 -1221 1221
 -730.8 730.8
 280.4 -280.4
 -2987 2987
 717.6 -717.6
 581.3 -581.3
 695.4 -695.4
 661.3 -661.3
 -791.6 791.6
 -192.7 192.7
 -624.8 624.8
 -761.9 761.9
 -574.2 574.2
 -713.4 713.4
 -561.7 561.7
 220.9 -220.9
 1575 -1575
 1400 -1400
 -361.6 361.6
 124.5 -124.5
 1.759 -1.759
 996.2 -996.2
 363.1 -363.1
 498.1 -498.1
 -696 696
 -385.7 385.7
 -666.4 666.4
 57.28 -57.28
 800.1 -800.1
 -2140 2140
 -817.5 817.5
 -713.8 713.8
 -916.9 916.9
 -1584 1584
 351.8 -351.8
 -116 116
 -333.1 333.1
 -689.7 689.7
 2559 -2559
 -1745 1745
 -724.3 724.3
 -699.5 699.5
 -108.6 108.6
 -1326 1326
 1340 -1340
 -1267 1267
 -516.6 516.6
 548.8 -548.8
 1930 -1930
 1973 -1973
 -688.1 688.1
 -512.6 512.6
 911 -911
 85.67 -85.67
 -230.5 230.5
 1750 -1750
 -1615 1615
 355.9 -355.9
 -909.9 909.9
 -38.09 38.09
 1775 -1775
 830 -830
 1016 -1016
 -172.3 172.3
 1143 -1143
 -1662 1662
 -407.8 407.8
 515.9 -515.9
 2006 -2006
 -966.6 966.6
 -312.7 312.7
 985.8 -985.8
 -1153 1153
 1525 -1525
 800.9 -800.9
 -318.2 318.2
 775.3 -775.3
 -1428 1428
 -816.6 816.6
 543.2 -543.2
 529.6 -529.6
 -389.7 389.7
 255 -255
 -611.4 611.4
 1866 -1866
 -1140 1140
 913.2 -913.2
 -365.2 365.2
 108.6 -108.6
 412.1 -412.1
 569.5 -569.5
 -931.4 931.4
 847.8 -847.8
 -654.5 654.5
 -6.518 6.518
 701.9 -701.9
 330.3 -330.3
 788.1 -788.1
 143 -143
 268.8 -268.8
 -599.6 599.6
 -921.5 921.5
 1508 -1508
 -605.4 605.4
 754.7 -754.7
 -266.5 266.5
 -6.541 6.541
 711.4 -711.4
 955.2 -955.2
 797.9 -797.9
 264.6 -264.6
 -1143 1143
 -710.7 710.7
 -304.1 304.1
 303.6 -303.6
 426.4 -426.4
 -236.4 236.4
 1487 -1487
 2021 -2021
 -450.3 450.3
 -154.2 154.2
 1561 -1561
 -172.3 172.3
 -96.52 96.52
 -619.9 619.9
 -2217 2217
 357.5 -357.5
 299.3 -299.3
 203.5 -203.5
 -992.6 992.6
 1009 -1009
 -1048 1048
 -521.9 521.9
 619.8 -619.8
 -146 146
 124.4 -124.4
 593.1 -593.1
 -1272 1272
 74.46 -74.46
 625.3 -625.3
 204.3 -204.3
 1185 -1185
 1096 -1096
 -112.2 112.2
 -141 141
 1020 -1020
 -535.7 535.7
 300.4 -300.4
 880.7 -880.7
 -1179 1179
 -61.15 61.15
 271.7 -271.7
 -538.5 538.5
 861.8 -861.8
 -331.8 331.8
 -51.1 51.1
 -905.5 905.5
 -518.6 518.6
 -40.78 40.78
 -475.1 475.1
 -665.7 665.7
 -43.29 43.29
 -637.6 637.6
 1917 -1917
 2003 -2003
 1483 -1483
 -1674 1674
 252.1 -252.1
 84.34 -84.34
 1035 -1035
 501.5 -501.5
 826.2 -826.2
 -319.8 319.8
 433.2 -433.2
 1617 -1617
 45.48 -45.48
 -112.7 112.7
 -2491 2491
 -1196 1196
 -1017 1017
 252.8 -252.8
 -835 835
 441.4 -441.4
 -69.07 69.07
 172.8 -172.8
 -1609 1609
 394 -394
 -906.8 906.8
 143.4 -143.4
 144.2 -144.2
 -1232 1232
 1852 -1852
 313.7 -313.7
 486.6 -486.6
 -266.3 266.3
 -601.9 601.9
 481.7 -481.7
 -406.8 406.8
 547.1 -547.1
 572.4 -572.4
 -189.2 189.2
 -203.2 203.2
 141.6 -141.6
 -172.2 172.2
 -675.9 675.9
 -457.1 457.1
 -438 438
 140 -140
 21.69 -21.69
 1293 -1293
 625.2 -625.2
 -300 300
 -650.3 650.3
 -293 293
 55.64 -55.64
 476.7 -476.7
 922.8 -922.8
 -1915 1915
 -178.6 178.6
 -831.4 831.4
 -1187 1187
 -1329 1329
 1580 -1580
 -122.1 122.1
 -1445 1445
 -381.3 381.3
 -619.5 619.5
 1059 -1059
 982.5 -982.5
 811.7 -811.7
 -309.5 309.5
 -2139 2139
 -1161 1161
 -1421 1421
 1400 -1400
 -140.3 140.3
 -78.83 78.83
 -1572 1572
 281.7 -281.7
 1221 -1221
 -567.4 567.4
 -140.7 140.7
 -355.3 355.3
 -1270 1270
 1881 -1881
 210.6 -210.6
 -1963 1963
 363 -363
 -1120 1120
 527.7 -527.7
 -647.8 647.8
 -474.1 474.1
 643.2 -643.2
 -487 487
 1266 -1266
 -822.2 822.2
 222.4 -222.4
 2309 -2309
 -46.22 46.22
 -1343 1343
 799.9 -799.9
 -1361 1361
 -781.9 781.9
 678.8 -678.8
 -1051 1051
 660.2 -660.2


