# Created by Octave 5.2.0, Fri Sep 25 00:22:11 2020 CEST <jiwidi@land>
# name: w
# type: matrix
# rows: 2001
# columns: 2
 0 0
 823.5 -823.5
 106.9 -106.9
 1312 -1312
 47.08 -47.08
 219.9 -219.9
 893.9 -893.9
 -201.3 201.3
 359.9 -359.9
 -97.76 97.76
 -294.6 294.6
 110.5 -110.5
 19.33 -19.33
 208.4 -208.4
 -283.9 283.9
 -666.2 666.2
 337.5 -337.5
 -641.5 641.5
 699 -699
 -40.75 40.75
 -138.3 138.3
 -715 715
 485.2 -485.2
 -19.65 19.65
 10.5 -10.5
 -568.6 568.6
 -8.189 8.189
 -140.8 140.8
 -276.9 276.9
 351.7 -351.7
 -619.9 619.9
 44.48 -44.48
 238.2 -238.2
 -24.47 24.47
 437 -437
 -1317 1317
 -1222 1222
 -407.1 407.1
 -617.6 617.6
 -227.6 227.6
 -21.43 21.43
 367.8 -367.8
 -261.8 261.8
 -661.2 661.2
 -368.6 368.6
 297.2 -297.2
 -564.3 564.3
 1046 -1046
 -37.36 37.36
 431.9 -431.9
 194.7 -194.7
 -238.3 238.3
 20.36 -20.36
 -799.8 799.8
 691.8 -691.8
 700.3 -700.3
 -158.8 158.8
 260.3 -260.3
 -71.75 71.75
 -921.2 921.2
 98.77 -98.77
 -201.2 201.2
 -55.7 55.7
 534.9 -534.9
 -418 418
 -169.2 169.2
 735.4 -735.4
 36.73 -36.73
 444.5 -444.5
 61.86 -61.86
 254 -254
 -1121 1121
 -120.2 120.2
 286.4 -286.4
 1042 -1042
 -505 505
 -2251 2251
 -623.8 623.8
 488.7 -488.7
 -870.3 870.3
 154.3 -154.3
 64.31 -64.31
 -664.5 664.5
 -266.9 266.9
 -9.061 9.061
 98.47 -98.47
 -1049 1049
 -133.3 133.3
 -383.9 383.9
 -431.8 431.8
 132.2 -132.2
 812.6 -812.6
 15.31 -15.31
 -51.04 51.04
 1283 -1283
 -81.83 81.83
 -160.8 160.8
 505.1 -505.1
 23.89 -23.89
 -88.74 88.74
 -5.858 5.858
 119.1 -119.1
 -452.3 452.3
 -276.2 276.2
 111.8 -111.8
 487.9 -487.9
 -379.7 379.7
 99.91 -99.91
 118.2 -118.2
 344.6 -344.6
 474.3 -474.3
 -78.48 78.48
 33.32 -33.32
 134.1 -134.1
 230 -230
 -379.9 379.9
 350.9 -350.9
 -211.5 211.5
 -590.1 590.1
 -321.7 321.7
 134.6 -134.6
 776.7 -776.7
 -1704 1704
 101 -101
 616.3 -616.3
 -1353 1353
 -293.1 293.1
 -207.1 207.1
 289.9 -289.9
 -63.31 63.31
 683.7 -683.7
 -413.4 413.4
 -61.82 61.82
 -360.9 360.9
 281.6 -281.6
 38.51 -38.51
 398.1 -398.1
 -1550 1550
 -151.9 151.9
 -155 155
 -25.1 25.1
 -127.2 127.2
 357.4 -357.4
 -117.4 117.4
 462.2 -462.2
 -182.7 182.7
 758.5 -758.5
 -102.9 102.9
 -561.2 561.2
 348.4 -348.4
 177.3 -177.3
 -824.7 824.7
 556.9 -556.9
 1180 -1180
 -45.77 45.77
 -297.9 297.9
 -215.7 215.7
 258.9 -258.9
 -661.6 661.6
 101 -101
 67.88 -67.88
 423.9 -423.9
 -559.4 559.4
 -753 753
 264.8 -264.8
 983.4 -983.4
 202.7 -202.7
 -148.1 148.1
 99.35 -99.35
 -347.1 347.1
 -170.4 170.4
 225.3 -225.3
 -432 432
 358.9 -358.9
 284 -284
 -55.15 55.15
 -413.6 413.6
 772.8 -772.8
 -120.3 120.3
 84.34 -84.34
 -66.01 66.01
 -625.4 625.4
 -995.8 995.8
 841.7 -841.7
 -66.21 66.21
 -263.1 263.1
 664.4 -664.4
 -362.5 362.5
 157.4 -157.4
 -731.2 731.2
 343.3 -343.3
 135.9 -135.9
 -133.2 133.2
 -125.3 125.3
 -408.5 408.5
 -496 496
 -185.8 185.8
 -577 577
 32.38 -32.38
 1374 -1374
 362.5 -362.5
 -401.4 401.4
 -853.9 853.9
 917.7 -917.7
 -340.6 340.6
 309.2 -309.2
 -282.1 282.1
 -281.5 281.5
 -179.8 179.8
 583.2 -583.2
 -1930 1930
 120.7 -120.7
 -552.3 552.3
 459.3 -459.3
 -431.4 431.4
 976.4 -976.4
 -189.3 189.3
 -390.4 390.4
 11.64 -11.64
 605.7 -605.7
 -271.8 271.8
 -131.3 131.3
 738.7 -738.7
 502 -502
 647.7 -647.7
 379 -379
 287 -287
 -37.23 37.23
 318.7 -318.7
 -750 750
 242.6 -242.6
 1052 -1052
 110.1 -110.1
 -796.9 796.9
 280.3 -280.3
 -199.8 199.8
 -299.9 299.9
 -652.7 652.7
 731.4 -731.4
 353.5 -353.5
 -870.5 870.5
 -261.4 261.4
 -363.4 363.4
 55.76 -55.76
 -462.8 462.8
 -602 602
 337.2 -337.2
 350.6 -350.6
 -186.3 186.3
 -723.1 723.1
 855.7 -855.7
 225.2 -225.2
 235.3 -235.3
 264.3 -264.3
 -191.3 191.3
 272.5 -272.5
 148.1 -148.1
 1221 -1221
 850.1 -850.1
 -75.1 75.1
 1053 -1053
 -215.2 215.2
 10.19 -10.19
 -368.3 368.3
 259 -259
 222 -222
 112.4 -112.4
 65.33 -65.33
 41.28 -41.28
 854.8 -854.8
 65.64 -65.64
 -580.9 580.9
 -571 571
 6.991 -6.991
 -81.07 81.07
 329.4 -329.4
 192.5 -192.5
 -8.355 8.355
 -614.8 614.8
 -27.68 27.68
 -598.1 598.1
 144 -144
 269.1 -269.1
 44.86 -44.86
 831 -831
 257.7 -257.7
 223.9 -223.9
 -246.2 246.2
 323.8 -323.8
 -918.9 918.9
 43.93 -43.93
 -1426 1426
 979.5 -979.5
 161.7 -161.7
 89.9 -89.9
 77.85 -77.85
 -1286 1286
 -164.7 164.7
 455.5 -455.5
 164.5 -164.5
 -427.4 427.4
 7.417 -7.417
 464.9 -464.9
 -804.6 804.6
 457.5 -457.5
 71.28 -71.28
 541.1 -541.1
 -83.32 83.32
 57.86 -57.86
 195.1 -195.1
 3.66 -3.66
 1257 -1257
 -725.3 725.3
 -929.1 929.1
 454 -454
 -585.4 585.4
 13.31 -13.31
 487.6 -487.6
 -97.68 97.68
 -93.53 93.53
 510.5 -510.5
 2206 -2206
 366.1 -366.1
 -44.15 44.15
 -437.7 437.7
 325.1 -325.1
 816.1 -816.1
 445.1 -445.1
 291.8 -291.8
 301.2 -301.2
 -725.5 725.5
 128.4 -128.4
 231.1 -231.1
 -592.7 592.7
 -332.5 332.5
 102.7 -102.7
 -33.88 33.88
 1012 -1012
 640.4 -640.4
 918.4 -918.4
 63.9 -63.9
 -374.7 374.7
 -171.3 171.3
 590.2 -590.2
 -213.6 213.6
 -313.8 313.8
 874 -874
 157.4 -157.4
 760.2 -760.2
 308.2 -308.2
 -239.7 239.7
 -20.48 20.48
 -1091 1091
 -276.4 276.4
 -291.1 291.1
 386.7 -386.7
 -397 397
 -205.5 205.5
 -44.2 44.2
 1044 -1044
 -790.8 790.8
 -345.7 345.7
 -505.1 505.1
 458.3 -458.3
 -198.8 198.8
 169.9 -169.9
 343 -343
 -941.1 941.1
 128.2 -128.2
 -1162 1162
 378.3 -378.3
 346.7 -346.7
 -262.3 262.3
 -1180 1180
 -1055 1055
 87.76 -87.76
 -105.9 105.9
 926.9 -926.9
 143.8 -143.8
 -1357 1357
 -404.1 404.1
 -443.2 443.2
 -77 77
 -360.3 360.3
 38.95 -38.95
 614.3 -614.3
 272.1 -272.1
 885.3 -885.3
 586.4 -586.4
 -448.6 448.6
 -60.59 60.59
 -53.85 53.85
 112.1 -112.1
 -1114 1114
 4.758 -4.758
 209.1 -209.1
 -234 234
 199.7 -199.7
 52.89 -52.89
 901.5 -901.5
 40.44 -40.44
 -537.4 537.4
 -405.8 405.8
 336.3 -336.3
 -238.4 238.4
 89.21 -89.21
 58.63 -58.63
 -24.78 24.78
 -203.7 203.7
 986 -986
 -395.9 395.9
 9.606 -9.606
 -177.6 177.6
 437.1 -437.1
 -758.2 758.2
 -36.79 36.79
 321.1 -321.1
 -150.2 150.2
 695.4 -695.4
 2.029 -2.029
 788.4 -788.4
 -563.8 563.8
 1390 -1390
 401.7 -401.7
 -417.2 417.2
 -253.6 253.6
 -475.3 475.3
 -81.39 81.39
 -25.38 25.38
 -197.1 197.1
 767.5 -767.5
 -313.7 313.7
 393.4 -393.4
 328.8 -328.8
 -549.8 549.8
 -155.8 155.8
 -249.3 249.3
 183.4 -183.4
 -1260 1260
 57.22 -57.22
 -690.7 690.7
 -127.4 127.4
 -1499 1499
 711.3 -711.3
 279.9 -279.9
 -685.1 685.1
 -438.1 438.1
 250.4 -250.4
 66.35 -66.35
 895.3 -895.3
 -218.1 218.1
 -84.96 84.96
 927.8 -927.8
 51.13 -51.13
 -128.6 128.6
 795.9 -795.9
 336.4 -336.4
 1141 -1141
 16.3 -16.3
 64.23 -64.23
 -117.6 117.6
 2.39 -2.39
 738.8 -738.8
 80.11 -80.11
 732.7 -732.7
 -181.6 181.6
 494.7 -494.7
 -274.8 274.8
 230.1 -230.1
 477.1 -477.1
 -482.7 482.7
 89.75 -89.75
 -82.44 82.44
 -516.8 516.8
 -25.32 25.32
 482.6 -482.6
 -409.5 409.5
 -53.48 53.48
 -557.4 557.4
 380.2 -380.2
 -98.32 98.32
 -537.9 537.9
 -15.9 15.9
 273.7 -273.7
 -257.5 257.5
 -1.634 1.634
 152.1 -152.1
 -986.8 986.8
 -18.95 18.95
 -423 423
 -601.3 601.3
 19.47 -19.47
 -140.6 140.6
 -345.4 345.4
 -91.74 91.74
 -848.8 848.8
 -586.6 586.6
 -141.2 141.2
 877.1 -877.1
 -1456 1456
 232.2 -232.2
 339.5 -339.5
 -899.9 899.9
 -75.52 75.52
 46.68 -46.68
 -892.6 892.6
 -719.6 719.6
 -149.4 149.4
 -166.4 166.4
 854.8 -854.8
 -86.92 86.92
 -311.9 311.9
 91.08 -91.08
 336.2 -336.2
 -535.7 535.7
 243.4 -243.4
 -501.7 501.7
 -65.24 65.24
 -283.5 283.5
 -883.8 883.8
 56.24 -56.24
 388.7 -388.7
 -721.9 721.9
 441 -441
 -938.5 938.5
 255 -255
 -315.8 315.8
 568.9 -568.9
 104.1 -104.1
 5.178 -5.178
 691.9 -691.9
 -166.1 166.1
 -495.4 495.4
 -38.93 38.93
 376 -376
 -1272 1272
 1302 -1302
 107.8 -107.8
 1076 -1076
 -58.93 58.93
 -598.9 598.9
 -474.6 474.6
 -447.8 447.8
 -483.5 483.5
 645.2 -645.2
 -1036 1036
 386.8 -386.8
 -412.3 412.3
 -622.2 622.2
 237.4 -237.4
 571 -571
 -209.2 209.2
 624.7 -624.7
 -423.8 423.8
 584.8 -584.8
 26.93 -26.93
 327 -327
 -603.3 603.3
 -21.83 21.83
 -225.5 225.5
 425.8 -425.8
 -17.33 17.33
 218.9 -218.9
 -209.1 209.1
 -447.9 447.9
 115.8 -115.8
 653.9 -653.9
 240.5 -240.5
 -339.2 339.2
 -505.8 505.8
 -39.65 39.65
 206.8 -206.8
 461.6 -461.6
 1388 -1388
 -517.7 517.7
 -203 203
 -63.07 63.07
 545.6 -545.6
 467.8 -467.8
 -24.38 24.38
 714.4 -714.4
 392.3 -392.3
 -81.28 81.28
 -421.1 421.1
 860.3 -860.3
 1885 -1885
 314.9 -314.9
 117 -117
 21.21 -21.21
 415.8 -415.8
 -202.6 202.6
 334.5 -334.5
 -447.9 447.9
 600.5 -600.5
 156.7 -156.7
 -762.6 762.6
 -343.4 343.4
 158 -158
 -37.39 37.39
 147 -147
 -524.6 524.6
 -266.3 266.3
 94.5 -94.5
 651.1 -651.1
 721.3 -721.3
 318.1 -318.1
 2037 -2037
 787.6 -787.6
 -1307 1307
 -154.8 154.8
 -38.08 38.08
 -1308 1308
 231.8 -231.8
 460.8 -460.8
 -457.9 457.9
 3.154 -3.154
 -502.7 502.7
 -217.5 217.5
 -443 443
 77.82 -77.82
 122.1 -122.1
 -360.1 360.1
 15.91 -15.91
 -239.7 239.7
 116.5 -116.5
 -29.77 29.77
 -546.7 546.7
 -134.7 134.7
 -372.1 372.1
 -149.1 149.1
 -46.74 46.74
 -950.8 950.8
 331.4 -331.4
 -367 367
 -243.6 243.6
 -823.5 823.5
 132.9 -132.9
 259.4 -259.4
 25.4 -25.4
 -424.4 424.4
 -154.5 154.5
 742.1 -742.1
 479.8 -479.8
 540.7 -540.7
 -1042 1042
 -485.6 485.6
 -246.4 246.4
 -256.9 256.9
 -96.9 96.9
 470.5 -470.5
 458.2 -458.2
 69.54 -69.54
 670.8 -670.8
 1195 -1195
 -354.8 354.8
 192.3 -192.3
 -405.8 405.8
 351.1 -351.1
 19.89 -19.89
 53.78 -53.78
 254.1 -254.1
 -1042 1042
 255 -255
 -1602 1602
 -350.9 350.9
 191.1 -191.1
 -616.4 616.4
 403.4 -403.4
 -48.12 48.12
 -794.6 794.6
 -294.5 294.5
 -202.1 202.1
 248.7 -248.7
 388.2 -388.2
 -1059 1059
 -938.6 938.6
 154.7 -154.7
 -178 178
 214.3 -214.3
 -582.9 582.9
 -282.9 282.9
 -314.9 314.9
 58.02 -58.02
 -304.6 304.6
 251 -251
 -780.6 780.6
 117 -117
 -140.9 140.9
 287.4 -287.4
 7.331 -7.331
 -677.7 677.7
 -469.7 469.7
 -439.9 439.9
 207.7 -207.7
 497.6 -497.6
 -670.7 670.7
 326.4 -326.4
 195.1 -195.1
 478.9 -478.9
 51.02 -51.02
 -334.5 334.5
 59.7 -59.7
 860 -860
 10.56 -10.56
 -341.2 341.2
 419.7 -419.7
 -459 459
 147.1 -147.1
 -718.3 718.3
 -22.55 22.55
 -369.2 369.2
 1095 -1095
 243.7 -243.7
 689.7 -689.7
 1082 -1082
 -450.8 450.8
 2855 -2855
 -141 141
 -223.9 223.9
 176 -176
 -13.61 13.61
 -649.9 649.9
 -761.2 761.2
 -714.6 714.6
 299.1 -299.1
 -502.5 502.5
 -568 568
 622.2 -622.2
 -494.9 494.9
 971 -971
 -170.3 170.3
 552.5 -552.5
 65.9 -65.9
 304.7 -304.7
 -139.5 139.5
 -215 215
 -943.9 943.9
 -326.4 326.4
 -666.3 666.3
 246.7 -246.7
 206 -206
 -767.5 767.5
 1029 -1029
 113.8 -113.8
 102.5 -102.5
 44.98 -44.98
 711.7 -711.7
 -51.76 51.76
 992.1 -992.1
 215.5 -215.5
 444.4 -444.4
 1236 -1236
 -510 510
 -218.1 218.1
 -27.37 27.37
 -244.3 244.3
 -577.5 577.5
 -206.1 206.1
 656 -656
 823.7 -823.7
 -384.4 384.4
 -516.8 516.8
 -726.2 726.2
 -242.9 242.9
 -433.7 433.7
 124.7 -124.7
 -273.8 273.8
 467.1 -467.1
 512.4 -512.4
 -1996 1996
 804.8 -804.8
 -535.9 535.9
 22.84 -22.84
 -743.8 743.8
 730.4 -730.4
 -53.78 53.78
 -747.7 747.7
 -630.6 630.6
 -107.2 107.2
 540 -540
 -378.3 378.3
 620.1 -620.1
 291.3 -291.3
 -806 806
 411.2 -411.2
 -40.52 40.52
 726 -726
 90.28 -90.28
 -322.7 322.7
 -708.5 708.5
 1060 -1060
 30.05 -30.05
 377.9 -377.9
 -178.6 178.6
 -164.4 164.4
 -63.05 63.05
 -172.5 172.5
 -252.8 252.8
 -45.04 45.04
 659.7 -659.7
 885.8 -885.8
 -107.3 107.3
 370.9 -370.9
 1557 -1557
 456.8 -456.8
 176.9 -176.9
 -127.5 127.5
 -30.29 30.29
 48.84 -48.84
 712.4 -712.4
 801.5 -801.5
 1298 -1298
 128 -128
 99.02 -99.02
 657.6 -657.6
 -325.7 325.7
 -185.6 185.6
 206.4 -206.4
 -80.18 80.18
 356.8 -356.8
 153 -153
 407.7 -407.7
 890.7 -890.7
 -103.3 103.3
 227.2 -227.2
 -347.7 347.7
 -233.4 233.4
 -410.4 410.4
 570.9 -570.9
 -39.9 39.9
 229.5 -229.5
 741.8 -741.8
 57.6 -57.6
 386.6 -386.6
 -282.2 282.2
 -453.9 453.9
 -512 512
 395.4 -395.4
 54.19 -54.19
 -838.8 838.8
 263.8 -263.8
 -243 243
 -87.74 87.74
 648.3 -648.3
 -40.14 40.14
 -784.1 784.1
 78.4 -78.4
 765 -765
 -501.2 501.2
 532.1 -532.1
 -428.9 428.9
 757.1 -757.1
 -326.9 326.9
 -278.8 278.8
 86.46 -86.46
 42.58 -42.58
 442 -442
 -650.1 650.1
 158.2 -158.2
 -550.9 550.9
 -500 500
 -25.11 25.11
 39.38 -39.38
 -260.7 260.7
 667.9 -667.9
 -154.2 154.2
 -176.4 176.4
 359.7 -359.7
 574.8 -574.8
 73.01 -73.01
 445.3 -445.3
 240.2 -240.2
 92.31 -92.31
 548.9 -548.9
 -252.1 252.1
 350.8 -350.8
 -635.7 635.7
 361.9 -361.9
 680.1 -680.1
 -300.7 300.7
 846.4 -846.4
 880.2 -880.2
 -431.3 431.3
 805.2 -805.2
 89.25 -89.25
 1139 -1139
 376.9 -376.9
 -84.91 84.91
 -386.5 386.5
 -296.8 296.8
 -199.6 199.6
 -791.4 791.4
 268.6 -268.6
 384.3 -384.3
 245.1 -245.1
 309.6 -309.6
 1450 -1450
 -455.1 455.1
 -268 268
 -161.9 161.9
 -476.4 476.4
 128.1 -128.1
 -490 490
 176.3 -176.3
 -888.5 888.5
 663.6 -663.6
 827.9 -827.9
 -422.6 422.6
 -4.651 4.651
 -3.424 3.424
 1226 -1226
 24.95 -24.95
 646.1 -646.1
 504.9 -504.9
 -650.3 650.3
 -261 261
 529.7 -529.7
 758.3 -758.3
 763.3 -763.3
 -1217 1217
 433 -433
 -275.1 275.1
 329.5 -329.5
 -437.3 437.3
 -728.5 728.5
 -6.737 6.737
 147.9 -147.9
 91.65 -91.65
 114.7 -114.7
 -1154 1154
 -187.6 187.6
 277.6 -277.6
 43.3 -43.3
 -112.6 112.6
 315.5 -315.5
 293.6 -293.6
 -430.4 430.4
 786 -786
 84.23 -84.23
 358.2 -358.2
 432.4 -432.4
 244.3 -244.3
 -148.5 148.5
 181.9 -181.9
 394 -394
 -77.21 77.21
 -344.4 344.4
 -521.7 521.7
 164.2 -164.2
 -147.5 147.5
 19.66 -19.66
 -606.4 606.4
 -62.57 62.57
 -642.2 642.2
 159.2 -159.2
 -745.7 745.7
 -157.1 157.1
 60.46 -60.46
 439.1 -439.1
 316.7 -316.7
 -302.4 302.4
 -1163 1163
 752.8 -752.8
 788.5 -788.5
 -335.1 335.1
 343.8 -343.8
 -1090 1090
 -730 730
 367.6 -367.6
 -350.3 350.3
 85.28 -85.28
 1451 -1451
 -143.6 143.6
 150.8 -150.8
 422.2 -422.2
 267.6 -267.6
 236.6 -236.6
 389.5 -389.5
 -57.57 57.57
 -201.2 201.2
 40.02 -40.02
 -205.4 205.4
 -781.9 781.9
 -253.4 253.4
 245.2 -245.2
 531.9 -531.9
 -428.3 428.3
 -246.8 246.8
 -19.21 19.21
 -34.05 34.05
 72.4 -72.4
 536.2 -536.2
 -387.8 387.8
 511.1 -511.1
 -46.53 46.53
 283.4 -283.4
 -53.64 53.64
 -1486 1486
 -130.1 130.1
 141.1 -141.1
 -377.4 377.4
 105.7 -105.7
 -139.3 139.3
 -31.14 31.14
 1500 -1500
 -368.6 368.6
 82.21 -82.21
 -584.3 584.3
 -616.8 616.8
 -39.13 39.13
 438.2 -438.2
 226.6 -226.6
 94.48 -94.48
 378.8 -378.8
 390.8 -390.8
 272.2 -272.2
 -411 411
 552.2 -552.2
 -477 477
 450.6 -450.6
 69.74 -69.74
 -1022 1022
 134.2 -134.2
 24.46 -24.46
 -931 931
 -751.4 751.4
 -661.6 661.6
 107 -107
 365.2 -365.2
 -561.2 561.2
 -242.2 242.2
 374.4 -374.4
 74.76 -74.76
 -239.2 239.2
 152.7 -152.7
 -996 996
 -543.9 543.9
 264.6 -264.6
 -771.5 771.5
 -250.6 250.6
 309.9 -309.9
 -511 511
 -204.8 204.8
 -171.9 171.9
 -783.5 783.5
 -197.2 197.2
 -268.4 268.4
 -34.43 34.43
 726.7 -726.7
 703 -703
 -530.2 530.2
 264.2 -264.2
 455.6 -455.6
 -707.9 707.9
 -479.7 479.7
 -783.3 783.3
 183.7 -183.7
 251.5 -251.5
 -167.5 167.5
 -1065 1065
 -479.9 479.9
 683.9 -683.9
 508.9 -508.9
 -880.6 880.6
 254.8 -254.8
 -1581 1581
 -37.54 37.54
 894.4 -894.4
 -377.4 377.4
 -197.4 197.4
 -11.44 11.44
 562.8 -562.8
 151.3 -151.3
 1715 -1715
 434.1 -434.1
 891.5 -891.5
 -1114 1114
 675.1 -675.1
 53.64 -53.64
 17.2 -17.2
 735 -735
 530.9 -530.9
 -496.6 496.6
 -840.4 840.4
 -217 217
 648.5 -648.5
 343 -343
 1.369 -1.369
 40.22 -40.22
 -661.6 661.6
 -29.83 29.83
 -170.4 170.4
 -29.42 29.42
 122.6 -122.6
 338 -338
 1127 -1127
 -1138 1138
 -270.1 270.1
 66.43 -66.43
 450.8 -450.8
 -1186 1186
 580.8 -580.8
 136.3 -136.3
 -390.5 390.5
 -368.1 368.1
 -324.2 324.2
 161.7 -161.7
 -347.2 347.2
 -301.4 301.4
 -73.73 73.73
 440.5 -440.5
 120.2 -120.2
 255 -255
 -357.2 357.2
 681.5 -681.5
 76.06 -76.06
 -63.74 63.74
 725.3 -725.3
 -153.7 153.7
 -79.03 79.03
 155.7 -155.7
 -153 153
 -7.56 7.56
 -342 342
 -304.4 304.4
 -36.3 36.3
 -403.9 403.9
 -87.46 87.46
 -204.4 204.4
 -294.7 294.7
 -304.5 304.5
 -253.5 253.5
 305.4 -305.4
 -180.9 180.9
 214.3 -214.3
 -1330 1330
 404.9 -404.9
 -251.1 251.1
 -304.4 304.4
 298.5 -298.5
 -132.1 132.1
 -30.01 30.01
 250 -250
 -388.2 388.2
 859.2 -859.2
 48.53 -48.53
 -485.4 485.4
 471.8 -471.8
 -627.8 627.8
 233.7 -233.7
 -208.1 208.1
 161.4 -161.4
 -1103 1103
 -372.5 372.5
 857 -857
 64.71 -64.71
 456.4 -456.4
 592.9 -592.9
 -179.5 179.5
 -310 310
 450.3 -450.3
 -1198 1198
 -192.1 192.1
 141.1 -141.1
 180.8 -180.8
 -7.736 7.736
 -67.04 67.04
 91 -91
 -731.4 731.4
 -768.6 768.6
 427.2 -427.2
 -256.9 256.9
 295.9 -295.9
 30.19 -30.19
 -262 262
 -861 861
 1235 -1235
 -782.8 782.8
 373.2 -373.2
 -396.5 396.5
 286.9 -286.9
 -175.8 175.8
 38.81 -38.81
 -78.82 78.82
 949.2 -949.2
 86.4 -86.4
 -62.96 62.96
 413.3 -413.3
 1235 -1235
 -389.8 389.8
 -12.39 12.39
 700.9 -700.9
 48.65 -48.65
 -552.4 552.4
 185.4 -185.4
 267.8 -267.8
 -1391 1391
 -379.7 379.7
 82.22 -82.22
 -1598 1598
 -175 175
 172.1 -172.1
 28.34 -28.34
 446.3 -446.3
 -140.7 140.7
 -299.2 299.2
 -226.1 226.1
 210.4 -210.4
 -116.5 116.5
 38.29 -38.29
 -412.1 412.1
 -87.92 87.92
 946.8 -946.8
 -105.8 105.8
 1197 -1197
 -14.79 14.79
 -680.1 680.1
 30.2 -30.2
 -769.3 769.3
 781.3 -781.3
 -599 599
 -104.1 104.1
 532.8 -532.8
 322.3 -322.3
 -189.2 189.2
 -925.9 925.9
 -736.2 736.2
 -199.2 199.2
 307.7 -307.7
 -503.7 503.7
 -222.9 222.9
 -259.1 259.1
 -55.62 55.62
 83.5 -83.5
 -443.3 443.3
 1059 -1059
 -872.5 872.5
 1119 -1119
 228.7 -228.7
 -206.1 206.1
 -373.9 373.9
 322.9 -322.9
 69.53 -69.53
 190.7 -190.7
 -740.8 740.8
 -1062 1062
 -417.2 417.2
 880.6 -880.6
 -579 579
 -122.2 122.2
 -396.9 396.9
 17.39 -17.39
 -276.3 276.3
 415.9 -415.9
 -394.3 394.3
 -167.3 167.3
 116 -116
 152.5 -152.5
 -152.5 152.5
 457.7 -457.7
 509.4 -509.4
 121.7 -121.7
 -141.2 141.2
 -149.2 149.2
 248.3 -248.3
 155.8 -155.8
 557.4 -557.4
 -435 435
 -178.3 178.3
 -134.9 134.9
 735.1 -735.1
 -44.55 44.55
 194.1 -194.1
 609.5 -609.5
 -11.18 11.18
 156.4 -156.4
 -264.3 264.3
 -173.7 173.7
 -941.8 941.8
 107 -107
 -510.4 510.4
 -177.7 177.7
 561 -561
 -326.9 326.9
 473.8 -473.8
 312.7 -312.7
 -668.6 668.6
 -919.9 919.9
 406.9 -406.9
 -641.9 641.9
 242 -242
 -420.8 420.8
 -228.6 228.6
 783.1 -783.1
 1380 -1380
 791.1 -791.1
 -305.6 305.6
 1309 -1309
 -354.1 354.1
 381 -381
 -680.7 680.7
 -223.6 223.6
 871.1 -871.1
 -402.9 402.9
 -284 284
 149.5 -149.5
 -165.2 165.2
 -29.51 29.51
 -142.6 142.6
 -205 205
 217.3 -217.3
 -826 826
 -313.4 313.4
 -423.6 423.6
 204.2 -204.2
 758.1 -758.1
 82.85 -82.85
 272.2 -272.2
 460.3 -460.3
 781 -781
 365.8 -365.8
 -721.6 721.6
 25.26 -25.26
 -277.9 277.9
 166.1 -166.1
 -256.1 256.1
 554.2 -554.2
 -1312 1312
 368.3 -368.3
 663.1 -663.1
 -609.1 609.1
 358.2 -358.2
 605.3 -605.3
 27.13 -27.13
 -146.2 146.2
 115.7 -115.7
 461.6 -461.6
 -1133 1133
 491 -491
 -1859 1859
 1347 -1347
 -305.8 305.8
 -1473 1473
 381.8 -381.8
 86.26 -86.26
 -380.8 380.8
 182.1 -182.1
 -163.5 163.5
 -129.6 129.6
 -952.1 952.1
 165.8 -165.8
 24.07 -24.07
 922.2 -922.2
 -120.4 120.4
 764 -764
 711 -711
 346.2 -346.2
 510.5 -510.5
 155.5 -155.5
 -37.59 37.59
 330.9 -330.9
 -33.68 33.68
 -396.8 396.8
 -543.2 543.2
 -577.9 577.9
 -692.1 692.1
 627.2 -627.2
 756.1 -756.1
 19.06 -19.06
 -110.1 110.1
 -43.22 43.22
 -1064 1064
 280.7 -280.7
 -442.6 442.6
 -54.14 54.14
 107.9 -107.9
 204.9 -204.9
 146.3 -146.3
 290.9 -290.9
 -542.7 542.7
 2401 -2401
 541.5 -541.5
 104.1 -104.1
 160.9 -160.9
 984.9 -984.9
 -952.2 952.2
 -293.6 293.6
 -200.3 200.3
 14.16 -14.16
 -252.4 252.4
 1137 -1137
 181.5 -181.5
 507.3 -507.3
 -848.4 848.4
 -466.1 466.1
 -56.7 56.7
 0.5196 -0.5196
 379.8 -379.8
 -226.5 226.5
 688.7 -688.7
 -445.8 445.8
 -185.3 185.3
 25.25 -25.25
 364.4 -364.4
 -733.9 733.9
 583.9 -583.9
 -464.7 464.7
 509.8 -509.8
 264.7 -264.7
 29.24 -29.24
 -351.7 351.7
 70.21 -70.21
 356.9 -356.9
 -398.1 398.1
 468.6 -468.6
 257.5 -257.5
 59.16 -59.16
 380.8 -380.8
 1.936 -1.936
 401.9 -401.9
 -60.99 60.99
 -138.9 138.9
 -1601 1601
 86.49 -86.49
 -494.4 494.4
 -431.7 431.7
 -267.1 267.1
 -307.8 307.8
 -363.2 363.2
 -146.2 146.2
 194.8 -194.8
 -1171 1171
 410.9 -410.9
 -614.6 614.6
 -247.8 247.8
 177 -177
 749.4 -749.4
 -275.6 275.6
 -166.8 166.8
 -571.4 571.4
 654.1 -654.1
 -293 293
 563.4 -563.4
 -26.5 26.5
 214.2 -214.2
 -706.3 706.3
 192.6 -192.6
 166.1 -166.1
 -42.28 42.28
 1610 -1610
 1886 -1886
 -727.2 727.2
 562.5 -562.5
 103.7 -103.7
 890.4 -890.4
 -6.759 6.759
 426.9 -426.9
 -376.5 376.5
 -591.4 591.4
 -931.2 931.2
 116.6 -116.6
 -532.2 532.2
 247.9 -247.9
 523.1 -523.1
 181.5 -181.5
 1669 -1669
 1081 -1081
 93.33 -93.33
 -556.7 556.7
 -443.6 443.6
 152.9 -152.9
 -12.37 12.37
 -526.4 526.4
 575.6 -575.6
 119.5 -119.5
 712.8 -712.8
 -1033 1033
 392.2 -392.2
 732.5 -732.5
 -1067 1067
 -221.8 221.8
 261.6 -261.6
 -458.9 458.9
 705.1 -705.1
 103.2 -103.2
 -220.4 220.4
 -1467 1467
 -299.7 299.7
 469.5 -469.5
 -705.5 705.5
 31.58 -31.58
 1547 -1547
 -267 267
 1165 -1165
 387.8 -387.8
 -28.37 28.37
 -372.6 372.6
 433.7 -433.7
 563.3 -563.3
 362.3 -362.3
 -500.8 500.8
 -191.9 191.9
 170.2 -170.2
 -876.9 876.9
 -213.2 213.2
 -553.7 553.7
 896 -896
 255.8 -255.8
 -96.17 96.17
 -478.8 478.8
 -52.23 52.23
 -183.4 183.4
 -72.87 72.87
 1416 -1416
 -199.2 199.2
 -107.2 107.2
 -20.44 20.44
 -372 372
 228.1 -228.1
 322.6 -322.6
 175.1 -175.1
 -191.4 191.4
 -469.3 469.3
 -319.4 319.4
 101 -101
 193.3 -193.3
 -919.4 919.4
 447.5 -447.5
 -426 426
 -601 601
 -622.1 622.1
 -298 298
 734.8 -734.8
 -347.3 347.3
 124 -124
 386.9 -386.9
 510 -510
 170 -170
 -768.4 768.4
 -261.4 261.4
 -295.1 295.1
 -75.4 75.4
 -548.5 548.5
 464.8 -464.8
 -264.5 264.5
 25.53 -25.53
 -495.1 495.1
 -377.8 377.8
 -300.5 300.5
 -126.6 126.6
 558 -558
 -371.9 371.9
 -92.97 92.97
 356.1 -356.1
 7.85 -7.85
 -285.7 285.7
 33.96 -33.96
 1203 -1203
 108.5 -108.5
 131.5 -131.5
 -170 170
 -107 107
 -173.4 173.4
 -522.8 522.8
 -888.4 888.4
 -260.5 260.5
 629.8 -629.8
 -138.9 138.9
 -238.9 238.9
 104.7 -104.7
 154.8 -154.8
 532 -532
 1642 -1642
 450.5 -450.5
 676.8 -676.8
 -181.9 181.9
 585.9 -585.9
 -530.7 530.7
 1152 -1152
 728 -728
 571.5 -571.5
 324.3 -324.3
 -557.1 557.1
 542.9 -542.9
 512.8 -512.8
 -495.7 495.7
 885.5 -885.5
 -790.6 790.6
 1712 -1712
 17.49 -17.49
 307.3 -307.3
 -302.4 302.4
 -434.4 434.4
 457.2 -457.2
 1280 -1280
 -1336 1336
 755.1 -755.1
 -34.83 34.83
 25.85 -25.85
 910.6 -910.6
 149.4 -149.4
 547.4 -547.4
 610.8 -610.8
 58.24 -58.24
 285.7 -285.7
 484.6 -484.6
 228.8 -228.8
 203.1 -203.1
 771.2 -771.2
 38.27 -38.27
 296.7 -296.7
 272.7 -272.7
 -199.8 199.8
 178 -178
 348.6 -348.6
 -55.52 55.52
 -221.5 221.5
 -831.9 831.9
 -318.4 318.4
 1357 -1357
 -318.9 318.9
 -657.7 657.7
 915.6 -915.6
 329.6 -329.6
 277.2 -277.2
 -420.6 420.6
 -23.91 23.91
 570.9 -570.9
 -481.9 481.9
 -5.002 5.002
 -246.8 246.8
 724.8 -724.8
 459.4 -459.4
 426.9 -426.9
 -617.8 617.8
 51.91 -51.91
 -315.6 315.6
 -213.3 213.3
 357 -357
 -489.1 489.1
 -464.7 464.7
 -1249 1249
 872.1 -872.1
 -550.3 550.3
 -210.1 210.1
 -35.04 35.04
 -572.8 572.8
 525.5 -525.5
 364.3 -364.3
 -663.4 663.4
 103.9 -103.9
 622.8 -622.8
 -310.8 310.8
 89.86 -89.86
 -475.9 475.9
 -52.26 52.26
 168.8 -168.8
 25.33 -25.33
 -750.3 750.3
 -913.2 913.2
 -955 955
 493.8 -493.8
 217.1 -217.1
 718 -718
 -568.5 568.5
 -219.9 219.9
 436.4 -436.4
 198.6 -198.6
 149.9 -149.9
 526.4 -526.4
 -1113 1113
 57.55 -57.55
 211.8 -211.8
 -735.9 735.9
 -123.7 123.7
 593.7 -593.7
 1025 -1025
 -91.67 91.67
 -396.9 396.9
 886.6 -886.6
 533.4 -533.4
 469.4 -469.4
 -312 312
 -419 419
 -509.7 509.7
 31.21 -31.21
 168 -168
 741.5 -741.5
 -105.4 105.4
 -398.7 398.7
 361.8 -361.8
 227.3 -227.3
 -565.9 565.9
 -203.4 203.4
 307.1 -307.1
 357.4 -357.4
 65.99 -65.99
 309.4 -309.4
 -581.6 581.6
 875 -875
 445.2 -445.2
 -935.7 935.7
 -408.2 408.2
 -782.6 782.6
 230.7 -230.7
 148.3 -148.3
 -320.9 320.9
 -789 789
 -377.1 377.1
 -359.5 359.5
 -766.6 766.6
 -127.3 127.3
 -757 757
 236.6 -236.6
 494.9 -494.9
 55.84 -55.84
 299.9 -299.9
 -451.1 451.1
 158 -158
 502.2 -502.2
 894.6 -894.6
 -262.4 262.4
 -48.66 48.66
 546.4 -546.4
 838.6 -838.6
 -203 203
 -779 779
 -344.1 344.1
 445.4 -445.4
 -470.3 470.3
 374.2 -374.2
 -386.9 386.9
 -22.21 22.21
 -1215 1215
 41.21 -41.21
 -752.8 752.8
 -122.7 122.7
 -37.16 37.16
 -1600 1600
 126.5 -126.5
 496.7 -496.7
 440.1 -440.1
 158.1 -158.1
 -368.3 368.3
 -343.6 343.6
 -375.7 375.7
 -351.8 351.8
 -398.3 398.3
 -392.6 392.6
 -479.1 479.1
 37.59 -37.59
 698.9 -698.9
 569.6 -569.6
 25.63 -25.63
 -120.5 120.5
 135.6 -135.6
 389.3 -389.3
 244.7 -244.7
 155.9 -155.9
 -791.6 791.6
 -151.5 151.5
 -339.3 339.3
 -41.98 41.98
 676.6 -676.6
 -737.3 737.3
 -360.4 360.4
 -522.7 522.7
 -714.4 714.4
 -1021 1021
 -90.59 90.59
 3.759 -3.759
 -426 426
 -397.2 397.2
 1091 -1091
 -960.1 960.1
 -450.2 450.2
 -291 291
 97.1 -97.1
 -605.1 605.1
 509.8 -509.8
 -466.8 466.8
 -518.6 518.6
 732.8 -732.8
 818.3 -818.3
 859.4 -859.4
 -327.7 327.7
 -770.9 770.9
 981.5 -981.5
 181.2 -181.2
 -576.5 576.5
 437.4 -437.4
 -759.9 759.9
 208.3 -208.3
 -368.2 368.2
 -45.22 45.22
 1103 -1103
 -255.2 255.2
 672.2 -672.2
 -197.1 197.1
 731.6 -731.6
 -1009 1009
 -686.3 686.3
 145.2 -145.2
 1211 -1211
 -366.9 366.9
 126.9 -126.9
 362.2 -362.2
 -724.4 724.4
 580 -580
 439.7 -439.7
 -460.7 460.7
 284.2 -284.2
 -448.6 448.6
 -137.5 137.5
 -31.81 31.81
 -15.76 15.76
 -290 290
 104.8 -104.8
 -436.7 436.7
 1286 -1286
 -576 576
 540.7 -540.7
 -248.6 248.6
 -194.1 194.1
 24.45 -24.45
 633.6 -633.6
 -361.4 361.4
 545.9 -545.9
 95.09 -95.09
 -68.36 68.36
 -43.31 43.31
 162.4 -162.4
 823.2 -823.2
 -155.2 155.2
 237.6 -237.6
 -491.3 491.3
 -551.1 551.1
 1054 -1054
 -248 248
 597.9 -597.9
 -112.2 112.2
 -247.5 247.5
 97.11 -97.11
 566.9 -566.9
 448.1 -448.1
 -69.41 69.41
 -422.1 422.1
 -614.9 614.9
 130.8 -130.8
 266.1 -266.1
 256.8 -256.8
 -101.5 101.5
 931.2 -931.2
 1035 -1035
 -112.2 112.2
 39.27 -39.27
 990.3 -990.3
 -131.2 131.2
 8.404 -8.404
 -579.3 579.3
 -1221 1221
 5.426 -5.426
 299.1 -299.1
 182.7 -182.7
 -433.4 433.4
 758.2 -758.2
 -466.7 466.7
 -299.5 299.5
 1.884 -1.884
 56.03 -56.03
 274.3 -274.3
 321.4 -321.4
 -959.7 959.7
 -29.13 29.13
 334.9 -334.9
 -107.4 107.4
 332.5 -332.5
 369.5 -369.5
 -90.65 90.65
 -45.82 45.82
 1125 -1125
 -129.4 129.4
 475.1 -475.1
 792.3 -792.3
 -672.9 672.9
 -426 426
 95.29 -95.29
 -360.5 360.5
 278.1 -278.1
 211.9 -211.9
 105.1 -105.1
 -566.3 566.3
 -202.1 202.1
 -264.7 264.7
 -200.6 200.6
 -213.5 213.5
 -478.3 478.3
 -733.2 733.2
 941 -941
 1356 -1356
 912.2 -912.2
 -557.7 557.7
 200.3 -200.3
 -6.777 6.777
 358.9 -358.9
 303.4 -303.4
 828.9 -828.9
 -165.1 165.1
 208 -208
 790.4 -790.4
 73.85 -73.85
 -262.4 262.4
 -1840 1840
 -744 744
 -684.8 684.8
 196.9 -196.9
 -699.3 699.3
 21.68 -21.68
 -125.7 125.7
 125.1 -125.1
 -715.7 715.7
 96.37 -96.37
 -438.5 438.5
 -92.65 92.65
 164 -164
 -474.5 474.5
 1295 -1295
 174.9 -174.9
 217.1 -217.1
 -57.66 57.66
 34.85 -34.85
 53.3 -53.3
 30.11 -30.11
 164.5 -164.5
 595.9 -595.9
 12.28 -12.28
 -177.2 177.2
 97.58 -97.58
 -221.6 221.6
 -1095 1095
 -33.66 33.66
 -408.5 408.5
 306.2 -306.2
 276.6 -276.6
 471.7 -471.7
 370.9 -370.9
 -99.46 99.46
 -390.3 390.3
 -108.9 108.9
 231.1 -231.1
 78.79 -78.79
 82.57 -82.57
 -1102 1102
 -207.4 207.4
 -15.47 15.47
 -512.7 512.7
 -734.2 734.2
 955.7 -955.7
 395.7 -395.7
 -730.2 730.2
 -190.9 190.9
 -413.9 413.9
 523.4 -523.4
 481.4 -481.4
 635.4 -635.4
 -104 104
 -1001 1001
 -530.7 530.7
 -788.6 788.6
 1260 -1260
 -189.6 189.6
 -217.6 217.6
 -486.2 486.2
 410.8 -410.8
 830.2 -830.2
 -333 333
 242.3 -242.3
 -12.59 12.59
 -569.3 569.3
 846.9 -846.9
 113.3 -113.3
 -1176 1176
 797.6 -797.6
 -560.9 560.9
 474.4 -474.4
 -175.4 175.4
 -130.1 130.1
 31.54 -31.54
 -251.3 251.3
 890.7 -890.7
 -543.3 543.3
 -10.66 10.66
 886.1 -886.1
 156.1 -156.1
 -790.6 790.6
 271.6 -271.6
 -776.3 776.3
 -535.8 535.8
 529 -529
 -670.7 670.7
 61.18 -61.18


