# Created by Octave 5.2.0, Fri Sep 25 00:43:00 2020 CEST <jiwidi@land>
# name: w
# type: matrix
# rows: 2001
# columns: 2
 -2e+04 2e+04
 1.288e+05 -1.288e+05
 -2.061e+05 2.061e+05
 3.979e+04 -3.979e+04
 -6.685e+04 6.685e+04
 1.48e+05 -1.48e+05
 3.202e+05 -3.202e+05
 2.842e+04 -2.842e+04
 5.47e+04 -5.47e+04
 -1.044e+05 1.044e+05
 2.422e+05 -2.422e+05
 -8.706e+04 8.706e+04
 1.269e+04 -1.269e+04
 1.095e+05 -1.095e+05
 -5.418e+04 5.418e+04
 -3.79e+05 3.79e+05
 1.729e+05 -1.729e+05
 -1.271e+05 1.271e+05
 -4.332e+04 4.332e+04
 1.77e+05 -1.77e+05
 -2.165e+05 2.165e+05
 -3.594e+05 3.594e+05
 -8.727e+04 8.727e+04
 -2.787e+05 2.787e+05
 1.795e+05 -1.795e+05
 -2.683e+05 2.683e+05
 1.958e+04 -1.958e+04
 4.018e+05 -4.018e+05
 -8.387e+04 8.387e+04
 -1.717e+04 1.717e+04
 -2.12e+04 2.12e+04
 -1.032e+04 1.032e+04
 1.905e+05 -1.905e+05
 -5.222e+04 5.222e+04
 1.66e+05 -1.66e+05
 -2.731e+05 2.731e+05
 -3.321e+05 3.321e+05
 -8.641e+04 8.641e+04
 -1.937e+05 1.937e+05
 -1.002e+05 1.002e+05
 -2.176e+05 2.176e+05
 2.171e+05 -2.171e+05
 -1.157e+05 1.157e+05
 -1.633e+05 1.633e+05
 2.489e+04 -2.489e+04
 3.319e+05 -3.319e+05
 -7.552e+04 7.552e+04
 4.96e+05 -4.96e+05
 -2.804e+05 2.804e+05
 7.556e+04 -7.556e+04
 5.032e+04 -5.032e+04
 1.008e+05 -1.008e+05
 -2431 2431
 -2.648e+05 2.648e+05
 5.455e+05 -5.455e+05
 2.648e+05 -2.648e+05
 6.047e+04 -6.047e+04
 5.744e+04 -5.744e+04
 1.804e+04 -1.804e+04
 -2.483e+04 2.483e+04
 9.502e+04 -9.502e+04
 -1.369e+05 1.369e+05
 1.359e+05 -1.359e+05
 2e+05 -2e+05
 -1.38e+05 1.38e+05
 -5.551e+04 5.551e+04
 2.503e+05 -2.503e+05
 -1.35e+05 1.35e+05
 1.482e+05 -1.482e+05
 1.472e+05 -1.472e+05
 -3.825e+05 3.825e+05
 -3.152e+05 3.152e+05
 -1.287e+05 1.287e+05
 1.912e+05 -1.912e+05
 5.185e+05 -5.185e+05
 -2.088e+05 2.088e+05
 -7.241e+05 7.241e+05
 -2.261e+05 2.261e+05
 1.834e+05 -1.834e+05
 -5.014e+04 5.014e+04
 1.92e+05 -1.92e+05
 -4.267e+04 4.267e+04
 -1.09e+05 1.09e+05
 -8.126e+04 8.126e+04
 3.534e+05 -3.534e+05
 9.399e+04 -9.399e+04
 -2.795e+05 2.795e+05
 -8.635e+04 8.635e+04
 -2158 2158
 -1.064e+05 1.064e+05
 6.522e+04 -6.522e+04
 1.6e+05 -1.6e+05
 2.608e+05 -2.608e+05
 -1.373e+05 1.373e+05
 8.43e+04 -8.43e+04
 -1.739e+05 1.739e+05
 -3.418e+04 3.418e+04
 4.564e+05 -4.564e+05
 -2.217e+05 2.217e+05
 -5.437e+04 5.437e+04
 1.891e+05 -1.891e+05
 3.36e+05 -3.36e+05
 -1.322e+05 1.322e+05
 -5.294e+05 5.294e+05
 1.631e+05 -1.631e+05
 6.476e+04 -6.476e+04
 7.885e+04 -7.885e+04
 1.011e+05 -1.011e+05
 8.032e+04 -8.032e+04
 -7902 7902
 4.463e+05 -4.463e+05
 -5.333e+04 5.333e+04
 -1.844e+05 1.844e+05
 -1.243e+04 1.243e+04
 -3.679e+05 3.679e+05
 -1.469e+05 1.469e+05
 5.943e+04 -5.943e+04
 -2.155e+04 2.155e+04
 -2.011e+05 2.011e+05
 -3.467e+05 3.467e+05
 1.039e+05 -1.039e+05
 3.826e+05 -3.826e+05
 -3.449e+05 3.449e+05
 6.42e+04 -6.42e+04
 -4.883e+04 4.883e+04
 -4.569e+05 4.569e+05
 -1.256e+05 1.256e+05
 2.222e+04 -2.222e+04
 -4.73e+04 4.73e+04
 -1.968e+05 1.968e+05
 1.07e+05 -1.07e+05
 5.492e+04 -5.492e+04
 1.045e+05 -1.045e+05
 2.063e+05 -2.063e+05
 1.212e+05 -1.212e+05
 -2.893e+05 2.893e+05
 1.633e+05 -1.633e+05
 -5.332e+05 5.332e+05
 -1.56e+05 1.56e+05
 3.382e+04 -3.382e+04
 -2.525e+05 2.525e+05
 -2.266e+05 2.266e+05
 3.919e+04 -3.919e+04
 -9.525e+04 9.525e+04
 1.62e+04 -1.62e+04
 -1.535e+05 1.535e+05
 1.966e+05 -1.966e+05
 -1.221e+05 1.221e+05
 -1.981e+05 1.981e+05
 1.154e+05 -1.154e+05
 -3.813e+04 3.813e+04
 -4.591e+05 4.591e+05
 2.408e+05 -2.408e+05
 8.671e+05 -8.671e+05
 6.21e+04 -6.21e+04
 -1.54e+05 1.54e+05
 -3.496e+05 3.496e+05
 4.674e+04 -4.674e+04
 -2.612e+05 2.612e+05
 -2.062e+05 2.062e+05
 -6.306e+04 6.306e+04
 3.117e+05 -3.117e+05
 -7.12e+04 7.12e+04
 -5.638e+05 5.638e+05
 3.885e+05 -3.885e+05
 1.013e+06 -1.013e+06
 3.313e+05 -3.313e+05
 8.253e+04 -8.253e+04
 1.727e+05 -1.727e+05
 -5.614e+04 5.614e+04
 5.011e+04 -5.011e+04
 3.464e+05 -3.464e+05
 1.783e+05 -1.783e+05
 -1.046e+05 1.046e+05
 1.616e+05 -1.616e+05
 9.082e+04 -9.082e+04
 -2.787e+05 2.787e+05
 3.866e+05 -3.866e+05
 -1.344e+05 1.344e+05
 -1.744e+04 1.744e+04
 -7.465e+04 7.465e+04
 1.926e+05 -1.926e+05
 -6.125e+05 6.125e+05
 2.262e+05 -2.262e+05
 8.886e+04 -8.886e+04
 -8.368e+04 8.368e+04
 3.017e+05 -3.017e+05
 -7.014e+04 7.014e+04
 -5.761e+04 5.761e+04
 -3.439e+05 3.439e+05
 3.203e+05 -3.203e+05
 2.041e+05 -2.041e+05
 7.675e+04 -7.675e+04
 1.897e+04 -1.897e+04
 -1.632e+05 1.632e+05
 -4.236e+05 4.236e+05
 -6.303e+04 6.303e+04
 -9.338e+04 9.338e+04
 1.328e+05 -1.328e+05
 3.67e+05 -3.67e+05
 1.441e+05 -1.441e+05
 -3.259e+05 3.259e+05
 -1.089e+05 1.089e+05
 3.081e+05 -3.081e+05
 1.501e+05 -1.501e+05
 2.138e+04 -2.138e+04
 -4.452e+05 4.452e+05
 -3.438e+05 3.438e+05
 -8.268e+04 8.268e+04
 3.991e+05 -3.991e+05
 -9.989e+05 9.989e+05
 2.456e+05 -2.456e+05
 -3.441e+05 3.441e+05
 1.677e+04 -1.677e+04
 -2.613e+05 2.613e+05
 4.049e+05 -4.049e+05
 -2.024e+05 2.024e+05
 -3.162e+05 3.162e+05
 1.43e+05 -1.43e+05
 -2.705e+04 2.705e+04
 -2.721e+05 2.721e+05
 1.024e+05 -1.024e+05
 -1.224e+05 1.224e+05
 2.032e+05 -2.032e+05
 -9.078e+04 9.078e+04
 2.181e+05 -2.181e+05
 -7.118e+04 7.118e+04
 -3.259e+05 3.259e+05
 3.359e+05 -3.359e+05
 -2.13e+05 2.13e+05
 2.808e+05 -2.808e+05
 -2.635e+04 2.635e+04
 3.854e+04 -3.854e+04
 -4.869e+05 4.869e+05
 2.702e+05 -2.702e+05
 -2.374e+05 2.374e+05
 -3.159e+05 3.159e+05
 -2.323e+05 2.323e+05
 2.629e+05 -2.629e+05
 2.618e+05 -2.618e+05
 -2.839e+05 2.839e+05
 -6.935e+04 6.935e+04
 -2.4e+05 2.4e+05
 1.034e+05 -1.034e+05
 -1.265e+05 1.265e+05
 -5.374e+04 5.374e+04
 1.233e+05 -1.233e+05
 -2.669e+05 2.669e+05
 -2.417e+05 2.417e+05
 -2.561e+05 2.561e+05
 1.378e+05 -1.378e+05
 5.325e+04 -5.325e+04
 7.512e+04 -7.512e+04
 2.793e+05 -2.793e+05
 -5.634e+04 5.634e+04
 1.273e+05 -1.273e+05
 1.705e+05 -1.705e+05
 4.333e+05 -4.333e+05
 2.256e+05 -2.256e+05
 1.542e+04 -1.542e+04
 6.003e+05 -6.003e+05
 -2.674e+05 2.674e+05
 -4.886e+04 4.886e+04
 -1.739e+05 1.739e+05
 2.41e+05 -2.41e+05
 -4.019e+04 4.019e+04
 3.642e+04 -3.642e+04
 -1.991e+05 1.991e+05
 1.405e+05 -1.405e+05
 2.445e+05 -2.445e+05
 4.376e+04 -4.376e+04
 1.876e+05 -1.876e+05
 1.15e+05 -1.15e+05
 1.15e+05 -1.15e+05
 -5.893e+04 5.893e+04
 1.211e+05 -1.211e+05
 1.157e+05 -1.157e+05
 1.407e+05 -1.407e+05
 -1.926e+05 1.926e+05
 -5.639e+05 5.639e+05
 -1.187e+05 1.187e+05
 2.029e+05 -2.029e+05
 -8.636e+04 8.636e+04
 2.974e+05 -2.974e+05
 4.996e+05 -4.996e+05
 4.283e+04 -4.283e+04
 -1.604e+05 1.604e+05
 1.023e+04 -1.023e+04
 -2e+04 2e+04
 -2.477e+05 2.477e+05
 -1.124e+04 1.124e+04
 -5.799e+05 5.799e+05
 4.392e+05 -4.392e+05
 8.309e+04 -8.309e+04
 7950 -7950
 2.443e+05 -2.443e+05
 -6.928e+05 6.928e+05
 -7.295e+04 7.295e+04
 -5.154e+04 5.154e+04
 7.697e+04 -7.697e+04
 -1.541e+05 1.541e+05
 -6.386e+04 6.386e+04
 2.752e+04 -2.752e+04
 -3.54e+05 3.54e+05
 3.218e+05 -3.218e+05
 9.479e+04 -9.479e+04
 7.284e+04 -7.284e+04
 2.216e+04 -2.216e+04
 -1.268e+05 1.268e+05
 3.61e+05 -3.61e+05
 2.506e+05 -2.506e+05
 8.139e+05 -8.139e+05
 -3.11e+05 3.11e+05
 4.432e+04 -4.432e+04
 -9.296e+04 9.296e+04
 -2.436e+05 2.436e+05
 3.731e+05 -3.731e+05
 4.401e+05 -4.401e+05
 -2.391e+05 2.391e+05
 1.691e+05 -1.691e+05
 1.492e+05 -1.492e+05
 1.147e+06 -1.147e+06
 3.487e+05 -3.487e+05
 1.576e+05 -1.576e+05
 -6497 6497
 2.679e+04 -2.679e+04
 3.354e+05 -3.354e+05
 -5.414e+04 5.414e+04
 -2.578e+05 2.578e+05
 4.212e+04 -4.212e+04
 -2.167e+05 2.167e+05
 1.997e+05 -1.997e+05
 -2.303e+05 2.303e+05
 -2.62e+05 2.62e+05
 -1.083e+05 1.083e+05
 -8.807e+04 8.807e+04
 -3.84e+04 3.84e+04
 -4.139e+04 4.139e+04
 -1.947e+04 1.947e+04
 2.39e+05 -2.39e+05
 -6.536e+04 6.536e+04
 -5.897e+05 5.897e+05
 -2.156e+05 2.156e+05
 1.779e+05 -1.779e+05
 -1.497e+05 1.497e+05
 -4.352e+04 4.352e+04
 1.915e+05 -1.915e+05
 2.541e+05 -2.541e+05
 4.515e+05 -4.515e+05
 6.388e+05 -6.388e+05
 -1.281e+05 1.281e+05
 -2.901e+05 2.901e+05
 -3.502e+05 3.502e+05
 -1.982e+05 1.982e+05
 1.91e+05 -1.91e+05
 2.268e+05 -2.268e+05
 -6.505e+05 6.505e+05
 3.457e+05 -3.457e+05
 -7930 7930
 5.995e+05 -5.995e+05
 -2.658e+05 2.658e+05
 -2.693e+05 2.693e+05
 -2.986e+05 2.986e+05
 2.984e+05 -2.984e+05
 -1.09e+05 1.09e+05
 -7.469e+04 7.469e+04
 4.746e+05 -4.746e+05
 -2.328e+05 2.328e+05
 2.237e+05 -2.237e+05
 -7.897e+05 7.897e+05
 1.592e+05 -1.592e+05
 1.907e+05 -1.907e+05
 8.209e+04 -8.209e+04
 -4.254e+05 4.254e+05
 -2.603e+05 2.603e+05
 -1.38e+04 1.38e+04
 3.039e+05 -3.039e+05
 3.583e+05 -3.583e+05
 -2.03e+05 2.03e+05
 -2.825e+05 2.825e+05
 -1.374e+04 1.374e+04
 -4.041e+05 4.041e+05
 -5.66e+04 5.66e+04
 -3.191e+05 3.191e+05
 5.064e+05 -5.064e+05
 4.22e+05 -4.22e+05
 -2.381e+04 2.381e+04
 2.443e+05 -2.443e+05
 3.167e+04 -3.167e+04
 -1.019e+05 1.019e+05
 -4.377e+04 4.377e+04
 -1.162e+05 1.162e+05
 5.925e+04 -5.925e+04
 -4.484e+05 4.484e+05
 1.37e+05 -1.37e+05
 -1.474e+05 1.474e+05
 -2.833e+04 2.833e+04
 -1.23e+05 1.23e+05
 -7.757e+04 7.757e+04
 7.109e+05 -7.109e+05
 -2.094e+05 2.094e+05
 -2.602e+05 2.602e+05
 -1.335e+05 1.335e+05
 -7.417e+04 7.417e+04
 -6.183e+04 6.183e+04
 -2.832e+05 2.832e+05
 -1.431e+05 1.431e+05
 2.008e+05 -2.008e+05
 -2.796e+05 2.796e+05
 4.256e+05 -4.256e+05
 -1.248e+05 1.248e+05
 1.699e+05 -1.699e+05
 -8.439e+04 8.439e+04
 -7.131e+04 7.131e+04
 -5.617e+05 5.617e+05
 2.826e+04 -2.826e+04
 7.48e+05 -7.48e+05
 -1.934e+05 1.934e+05
 4.133e+05 -4.133e+05
 1.735e+05 -1.735e+05
 3.366e+05 -3.366e+05
 -2.64e+05 2.64e+05
 9.282e+05 -9.282e+05
 -1.645e+05 1.645e+05
 -2.385e+05 2.385e+05
 -1.128e+05 1.128e+05
 -1.111e+05 1.111e+05
 -9.394e+04 9.394e+04
 -2.29e+05 2.29e+05
 -1.452e+05 1.452e+05
 3.052e+05 -3.052e+05
 -1.904e+05 1.904e+05
 4.482e+05 -4.482e+05
 -9.859e+04 9.859e+04
 -3.604e+05 3.604e+05
 -4.433e+04 4.433e+04
 1.188e+04 -1.188e+04
 2.364e+05 -2.364e+05
 -2.678e+05 2.678e+05
 -7.235e+04 7.235e+04
 2.508e+04 -2.508e+04
 5.758e+04 -5.758e+04
 -4.113e+05 4.113e+05
 3.742e+05 -3.742e+05
 -15.29 15.29
 -3892 3892
 -9.092e+04 9.092e+04
 -2.311e+05 2.311e+05
 1.901e+05 -1.901e+05
 2.385e+05 -2.385e+05
 -2.492e+05 2.492e+05
 2.9e+04 -2.9e+04
 5.253e+05 -5.253e+05
 3.511e+05 -3.511e+05
 1.874e+05 -1.874e+05
 3.23e+05 -3.23e+05
 -1.917e+05 1.917e+05
 2.592e+05 -2.592e+05
 -1.042e+05 1.042e+05
 2.522e+05 -2.522e+05
 -2.329e+05 2.329e+05
 -2313 2313
 4.503e+05 -4.503e+05
 7.42e+04 -7.42e+04
 3.753e+05 -3.753e+05
 2.735e+05 -2.735e+05
 1.954e+05 -1.954e+05
 -3.757e+04 3.757e+04
 2.477e+04 -2.477e+04
 6.749e+04 -6.749e+04
 -1.611e+05 1.611e+05
 -2.273e+04 2.273e+04
 -7.865e+04 7.865e+04
 -1.129e+05 1.129e+05
 -5857 5857
 2.194e+05 -2.194e+05
 1.967e+05 -1.967e+05
 7.008e+04 -7.008e+04
 1.603e+04 -1.603e+04
 2.267e+05 -2.267e+05
 -2.925e+04 2.925e+04
 1.666e+04 -1.666e+04
 6176 -6176
 1419 -1419
 8.685e+04 -8.685e+04
 -3651 3651
 -1.572e+05 1.572e+05
 -9.029e+05 9.029e+05
 -1.237e+05 1.237e+05
 7.067e+04 -7.067e+04
 6.67e+04 -6.67e+04
 1.091e+05 -1.091e+05
 -1.628e+05 1.628e+05
 -5.693e+04 5.693e+04
 7.131e+04 -7.131e+04
 -2.333e+05 2.333e+05
 -1.746e+05 1.746e+05
 -2.13e+05 2.13e+05
 2.186e+05 -2.186e+05
 -5.873e+05 5.873e+05
 1.678e+05 -1.678e+05
 1.133e+05 -1.133e+05
 -3.307e+05 3.307e+05
 -9.814e+04 9.814e+04
 -1.192e+05 1.192e+05
 -3.667e+05 3.667e+05
 -1.338e+05 1.338e+05
 2.629e+05 -2.629e+05
 1.487e+05 -1.487e+05
 8394 -8394
 -2.825e+04 2.825e+04
 -4.243e+04 4.243e+04
 -3.457e+05 3.457e+05
 -1.853e+05 1.853e+05
 2.744e+05 -2.744e+05
 -4.111e+05 4.111e+05
 -1.963e+05 1.963e+05
 6.651e+04 -6.651e+04
 -6.084e+04 6.084e+04
 -2.605e+05 2.605e+05
 -3.626e+04 3.626e+04
 2.6e+05 -2.6e+05
 -4.745e+05 4.745e+05
 3.662e+04 -3.662e+04
 -5.598e+05 5.598e+05
 2.403e+05 -2.403e+05
 9.346e+04 -9.346e+04
 -2.011e+05 2.011e+05
 1.023e+04 -1.023e+04
 -9.968e+04 9.968e+04
 2.603e+05 -2.603e+05
 -6.381e+04 6.381e+04
 -3.168e+05 3.168e+05
 1.453e+05 -1.453e+05
 -1.626e+05 1.626e+05
 -6.186e+05 6.186e+05
 5.53e+05 -5.53e+05
 5.398e+04 -5.398e+04
 2.929e+05 -2.929e+05
 -3596 3596
 -9.342e+04 9.342e+04
 -3.285e+05 3.285e+05
 -6.269e+04 6.269e+04
 1.238e+05 -1.238e+05
 4.703e+05 -4.703e+05
 -2.984e+05 2.984e+05
 2.17e+05 -2.17e+05
 -2.484e+05 2.484e+05
 -2.314e+05 2.314e+05
 2.222e+04 -2.222e+04
 4.367e+05 -4.367e+05
 -2.079e+05 2.079e+05
 7.205e+05 -7.205e+05
 -1.521e+05 1.521e+05
 2.116e+05 -2.116e+05
 2.067e+05 -2.067e+05
 6.794e+04 -6.794e+04
 -2.719e+05 2.719e+05
 1.436e+05 -1.436e+05
 1192 -1192
 2.932e+05 -2.932e+05
 -2.069e+05 2.069e+05
 2.372e+04 -2.372e+04
 1.515e+04 -1.515e+04
 -3.542e+05 3.542e+05
 -4.026e+05 4.026e+05
 7.035e+04 -7.035e+04
 1.209e+05 -1.209e+05
 1.516e+05 -1.516e+05
 -5.331e+04 5.331e+04
 -1.767e+05 1.767e+05
 -5.399e+04 5.399e+04
 -1.905e+05 1.905e+05
 9.349e+05 -9.349e+05
 -2.097e+05 2.097e+05
 -9264 9264
 -1.184e+04 1.184e+04
 2.386e+05 -2.386e+05
 3.424e+05 -3.424e+05
 -8.145e+04 8.145e+04
 2.029e+05 -2.029e+05
 -1.307e+05 1.307e+05
 -1.893e+05 1.893e+05
 -5.906e+04 5.906e+04
 2.889e+05 -2.889e+05
 5.011e+05 -5.011e+05
 1.168e+05 -1.168e+05
 1.087e+04 -1.087e+04
 -1.573e+05 1.573e+05
 3.278e+04 -3.278e+04
 -5.118e+04 5.118e+04
 1.087e+05 -1.087e+05
 -5.447e+05 5.447e+05
 5.573e+05 -5.573e+05
 -4.195e+04 4.195e+04
 -4.196e+04 4.196e+04
 -1.738e+05 1.738e+05
 2.076e+05 -2.076e+05
 -1.014e+05 1.014e+05
 2.08e+05 -2.08e+05
 -1.946e+05 1.946e+05
 -8.317e+04 8.317e+04
 5.657e+04 -5.657e+04
 2.838e+05 -2.838e+05
 3.157e+05 -3.157e+05
 4.722e+04 -4.722e+04
 8.746e+05 -8.746e+05
 4.554e+05 -4.554e+05
 -3.553e+05 3.553e+05
 9.36e+04 -9.36e+04
 -1.556e+05 1.556e+05
 -3.36e+05 3.36e+05
 1.693e+05 -1.693e+05
 -1.017e+05 1.017e+05
 -3.565e+05 3.565e+05
 -6.96e+04 6.96e+04
 -1.788e+05 1.788e+05
 -2.729e+05 2.729e+05
 2.21e+05 -2.21e+05
 -1.503e+05 1.503e+05
 -8.19e+04 8.19e+04
 1.638e+05 -1.638e+05
 -9.268e+04 9.268e+04
 4.64e+04 -4.64e+04
 -7.638e+04 7.638e+04
 1.298e+05 -1.298e+05
 -3.337e+05 3.337e+05
 -1.547e+05 1.547e+05
 -6.487e+04 6.487e+04
 1.347e+05 -1.347e+05
 -1.311e+05 1.311e+05
 -3.413e+05 3.413e+05
 -4.307e+04 4.307e+04
 -1.37e+05 1.37e+05
 2.636e+04 -2.636e+04
 -5.176e+05 5.176e+05
 -1.264e+05 1.264e+05
 -7.822e+04 7.822e+04
 9046 -9046
 -1.207e+05 1.207e+05
 -1.78e+05 1.78e+05
 2.693e+05 -2.693e+05
 -1.022e+05 1.022e+05
 1.697e+05 -1.697e+05
 -4.515e+05 4.515e+05
 -1.146e+05 1.146e+05
 -6899 6899
 -1.723e+05 1.723e+05
 -1.976e+05 1.976e+05
 -1.135e+04 1.135e+04
 3.766e+05 -3.766e+05
 8.436e+04 -8.436e+04
 2.849e+05 -2.849e+05
 6.973e+05 -6.973e+05
 -4.61e+04 4.61e+04
 2.583e+05 -2.583e+05
 -2.137e+05 2.137e+05
 1.242e+05 -1.242e+05
 -2.826e+04 2.826e+04
 -4.049e+04 4.049e+04
 1.217e+05 -1.217e+05
 -6.036e+05 6.036e+05
 -2.04e+05 2.04e+05
 -4.022e+05 4.022e+05
 -4110 4110
 2.925e+05 -2.925e+05
 -5.35e+05 5.35e+05
 1.549e+04 -1.549e+04
 3.33e+04 -3.33e+04
 -5.421e+05 5.421e+05
 -2.051e+05 2.051e+05
 -6.204e+04 6.204e+04
 5.139e+04 -5.139e+04
 1.106e+04 -1.106e+04
 -5.201e+05 5.201e+05
 -3.078e+05 3.078e+05
 3.456e+05 -3.456e+05
 -7.903e+04 7.903e+04
 4.246e+04 -4.246e+04
 -2.924e+05 2.924e+05
 1.007e+04 -1.007e+04
 -1.517e+05 1.517e+05
 -3.319e+05 3.319e+05
 -2.238e+05 2.238e+05
 1.943e+04 -1.943e+04
 -2.719e+05 2.719e+05
 5.918e+04 -5.918e+04
 1409 -1409
 4.475e+04 -4.475e+04
 -3.166e+05 3.166e+05
 -2.478e+05 2.478e+05
 9.883e+04 -9.883e+04
 -1.033e+05 1.033e+05
 -1.059e+05 1.059e+05
 -2.092e+04 2.092e+04
 -5.498e+05 5.498e+05
 1.691e+05 -1.691e+05
 6662 -6662
 1.439e+05 -1.439e+05
 5.882e+04 -5.882e+04
 -1.135e+05 1.135e+05
 -5.007e+04 5.007e+04
 6.906e+05 -6.906e+05
 -5.865e+04 5.865e+04
 -5.613e+04 5.613e+04
 3.645e+05 -3.645e+05
 -2.738e+05 2.738e+05
 -4.033e+04 4.033e+04
 -1.689e+04 1.689e+04
 7.199e+04 -7.199e+04
 -2.653e+05 2.653e+05
 5.573e+05 -5.573e+05
 -7.105e+04 7.105e+04
 4.309e+05 -4.309e+05
 3.749e+05 -3.749e+05
 -2.384e+05 2.384e+05
 1.508e+06 -1.508e+06
 -5.554e+05 5.554e+05
 8.917e+04 -8.917e+04
 2.298e+04 -2.298e+04
 6.603e+04 -6.603e+04
 -5.875e+05 5.875e+05
 -2.289e+05 2.289e+05
 -7.392e+04 7.392e+04
 -8.107e+04 8.107e+04
 -2.496e+05 2.496e+05
 -6.081e+04 6.081e+04
 6.983e+05 -6.983e+05
 -3.449e+05 3.449e+05
 5.504e+05 -5.504e+05
 -6.633e+04 6.633e+04
 1.532e+05 -1.532e+05
 -8.889e+04 8.889e+04
 9.8e+04 -9.8e+04
 -3.916e+05 3.916e+05
 -1.701e+04 1.701e+04
 -2.566e+05 2.566e+05
 -1.339e+05 1.339e+05
 -3.468e+05 3.468e+05
 1.672e+04 -1.672e+04
 -5.356e+04 5.356e+04
 -3.062e+05 3.062e+05
 5.616e+05 -5.616e+05
 8.305e+04 -8.305e+04
 6.299e+04 -6.299e+04
 2.117e+04 -2.117e+04
 1.321e+05 -1.321e+05
 -1.76e+05 1.76e+05
 4.774e+05 -4.774e+05
 -1.449e+05 1.449e+05
 8.886e+04 -8.886e+04
 4.451e+05 -4.451e+05
 -4.146e+05 4.146e+05
 -3.707e+04 3.707e+04
 -2.161e+04 2.161e+04
 -2.913e+05 2.913e+05
 -1.59e+05 1.59e+05
 -4.262e+04 4.262e+04
 7.717e+04 -7.717e+04
 7.644e+05 -7.644e+05
 -2.727e+05 2.727e+05
 -3.268e+05 3.268e+05
 -2.733e+05 2.733e+05
 -8.786e+04 8.786e+04
 -6.2e+04 6.2e+04
 3.955e+05 -3.955e+05
 -1.477e+05 1.477e+05
 2.647e+04 -2.647e+04
 2.858e+04 -2.858e+04
 -6.877e+05 6.877e+05
 1.705e+05 -1.705e+05
 -2.97e+05 2.97e+05
 2.031e+05 -2.031e+05
 -2.309e+05 2.309e+05
 2.128e+05 -2.128e+05
 3.048e+05 -3.048e+05
 -2.788e+05 2.788e+05
 -1.533e+05 1.533e+05
 -1.906e+05 1.906e+05
 4.26e+05 -4.26e+05
 -1.903e+04 1.903e+04
 1.91e+05 -1.91e+05
 5.357e+05 -5.357e+05
 -2.113e+04 2.113e+04
 2.588e+05 -2.588e+05
 -1.105e+05 1.105e+05
 2.067e+05 -2.067e+05
 3.2e+04 -3.2e+04
 -3.606e+04 3.606e+04
 -4.415e+05 4.415e+05
 5.486e+05 -5.486e+05
 -1.381e+05 1.381e+05
 2.817e+05 -2.817e+05
 -1.138e+05 1.138e+05
 -2.15e+05 2.15e+05
 8.05e+04 -8.05e+04
 -3.367e+05 3.367e+05
 -1.427e+05 1.427e+05
 3010 -3010
 1.251e+05 -1.251e+05
 6.824e+05 -6.824e+05
 5.01e+04 -5.01e+04
 1.977e+05 -1.977e+05
 7.233e+05 -7.233e+05
 1.211e+04 -1.211e+04
 2.007e+05 -2.007e+05
 -1.059e+05 1.059e+05
 -1.07e+05 1.07e+05
 -1.007e+05 1.007e+05
 -4.389e+04 4.389e+04
 1.608e+04 -1.608e+04
 4.844e+05 -4.844e+05
 3.323e+04 -3.323e+04
 6.06e+04 -6.06e+04
 9.694e+04 -9.694e+04
 -1.279e+05 1.279e+05
 -3.109e+05 3.109e+05
 2.773e+05 -2.773e+05
 -2.194e+05 2.194e+05
 2.532e+05 -2.532e+05
 6.821e+04 -6.821e+04
 -2.721e+05 2.721e+05
 4.732e+05 -4.732e+05
 -8.9e+04 8.9e+04
 3.994e+05 -3.994e+05
 1.255e+05 -1.255e+05
 1.335e+05 -1.335e+05
 -1.314e+04 1.314e+04
 2.704e+05 -2.704e+05
 -1.844e+05 1.844e+05
 5.056e+05 -5.056e+05
 5801 -5801
 3.264e+04 -3.264e+04
 -2.418e+05 2.418e+05
 -5.267e+04 5.267e+04
 -2.855e+05 2.855e+05
 4.76e+04 -4.76e+04
 3.726e+05 -3.726e+05
 1.427e+05 -1.427e+05
 -1.894e+05 1.894e+05
 5.484e+04 -5.484e+04
 -1.319e+05 1.319e+05
 -1.449e+05 1.449e+05
 3.928e+05 -3.928e+05
 2.041e+05 -2.041e+05
 -5.412e+05 5.412e+05
 -2.704e+05 2.704e+05
 -1.122e+05 1.122e+05
 -2.789e+05 2.789e+05
 5.098e+05 -5.098e+05
 -1.386e+05 1.386e+05
 1.681e+05 -1.681e+05
 -3.309e+05 3.309e+05
 -7.127e+04 7.127e+04
 -2.771e+05 2.771e+05
 3.606e+05 -3.606e+05
 1.65e+05 -1.65e+05
 -2.297e+05 2.297e+05
 6.108e+04 -6.108e+04
 -4.409e+04 4.409e+04
 -5.766e+04 5.766e+04
 -9.869e+04 9.869e+04
 -3.533e+04 3.533e+04
 -1.248e+05 1.248e+05
 7.946e+04 -7.946e+04
 2.191e+04 -2.191e+04
 -1.566e+05 1.566e+05
 -2.249e+04 2.249e+04
 -9.555e+04 9.555e+04
 -9.298e+04 9.298e+04
 4.742e+05 -4.742e+05
 -4590 4590
 4.825e+04 -4.825e+04
 5.305e+05 -5.305e+05
 -2.162e+05 2.162e+05
 4.374e+04 -4.374e+04
 -1.86e+05 1.86e+05
 1.892e+05 -1.892e+05
 5.479e+05 -5.479e+05
 -6.657e+04 6.657e+04
 4.374e+05 -4.374e+05
 4.481e+05 -4.481e+05
 -1.355e+05 1.355e+05
 4.645e+05 -4.645e+05
 -5.776e+04 5.776e+04
 3.903e+05 -3.903e+05
 3.158e+05 -3.158e+05
 -4753 4753
 -1.091e+05 1.091e+05
 -9.027e+04 9.027e+04
 -5.865e+04 5.865e+04
 -2.943e+05 2.943e+05
 2.849e+04 -2.849e+04
 1.435e+05 -1.435e+05
 1.601e+05 -1.601e+05
 -2.278e+05 2.278e+05
 6.377e+05 -6.377e+05
 -2.33e+05 2.33e+05
 880.8 -880.8
 5.964e+04 -5.964e+04
 -9.851e+04 9.851e+04
 7.946e+04 -7.946e+04
 1.188e+05 -1.188e+05
 4.725e+05 -4.725e+05
 -2.982e+05 2.982e+05
 1.234e+05 -1.234e+05
 1.144e+05 -1.144e+05
 1.5e+04 -1.5e+04
 -1.471e+05 1.471e+05
 1.528e+05 -1.528e+05
 7.196e+05 -7.196e+05
 -1.572e+04 1.572e+04
 3.689e+05 -3.689e+05
 -8850 8850
 -1.628e+05 1.628e+05
 -1426 1426
 4.28e+04 -4.28e+04
 2.822e+05 -2.822e+05
 2.216e+05 -2.216e+05
 -1.846e+05 1.846e+05
 -2.459e+05 2.459e+05
 -6.891e+04 6.891e+04
 -6.236e+04 6.236e+04
 -1.582e+05 1.582e+05
 -4.566e+05 4.566e+05
 -7.791e+04 7.791e+04
 2.366e+05 -2.366e+05
 -3.621e+04 3.621e+04
 -8.216e+04 8.216e+04
 -4.442e+05 4.442e+05
 -2.35e+04 2.35e+04
 -4.443e+05 4.443e+05
 1.676e+05 -1.676e+05
 -3.011e+04 3.011e+04
 -1.021e+05 1.021e+05
 1.082e+05 -1.082e+05
 2.672e+05 -2.672e+05
 3.811e+05 -3.811e+05
 8.873e+04 -8.873e+04
 6.833e+04 -6.833e+04
 1.823e+05 -1.823e+05
 -1.181e+05 1.181e+05
 -1.425e+05 1.425e+05
 1.668e+04 -1.668e+04
 -9401 9401
 -1.039e+05 1.039e+05
 3.9e+04 -3.9e+04
 -1.163e+05 1.163e+05
 -1.047e+05 1.047e+05
 -1.488e+05 1.488e+05
 4.781e+05 -4.781e+05
 -3.059e+05 3.059e+05
 1.398e+04 -1.398e+04
 -3.523e+05 3.523e+05
 -4.217e+04 4.217e+04
 -4.278e+05 4.278e+05
 7.738e+04 -7.738e+04
 -4.146e+04 4.146e+04
 6.728e+04 -6.728e+04
 -4.142e+04 4.142e+04
 -8.529e+04 8.529e+04
 -3.402e+05 3.402e+05
 1.989e+05 -1.989e+05
 -7.111e+04 7.111e+04
 1.624e+05 -1.624e+05
 1.337e+05 -1.337e+05
 -2.996e+05 2.996e+05
 -4.825e+05 4.825e+05
 -2.428e+05 2.428e+05
 -2.639e+05 2.639e+05
 -2499 2499
 8.707e+05 -8.707e+05
 -4.924e+04 4.924e+04
 2.134e+05 -2.134e+05
 -4.407e+04 4.407e+04
 5.34e+04 -5.34e+04
 -2.752e+04 2.752e+04
 2.06e+05 -2.06e+05
 -8.341e+04 8.341e+04
 2.3e+05 -2.3e+05
 1.292e+05 -1.292e+05
 -4786 4786
 -2.84e+05 2.84e+05
 -5.665e+04 5.665e+04
 -1.699e+05 1.699e+05
 1.633e+05 -1.633e+05
 2.361e+05 -2.361e+05
 -9.681e+04 9.681e+04
 1.497e+05 -1.497e+05
 2.985e+05 -2.985e+05
 -2.366e+05 2.366e+05
 3.269e+05 -3.269e+05
 -3.03e+04 3.03e+04
 5.96e+04 -5.96e+04
 2.865e+04 -2.865e+04
 -1.907e+05 1.907e+05
 -2.125e+05 2.125e+05
 -3.929e+05 3.929e+05
 3.696e+05 -3.696e+05
 4.509e+04 -4.509e+04
 2.636e+04 -2.636e+04
 1.157e+05 -1.157e+05
 -1.928e+05 1.928e+05
 4.246e+04 -4.246e+04
 5.507e+05 -5.507e+05
 -2.296e+05 2.296e+05
 9.068e+04 -9.068e+04
 -1.313e+05 1.313e+05
 -2.029e+05 2.029e+05
 -3.603e+04 3.603e+04
 2.013e+04 -2.013e+04
 1.343e+04 -1.343e+04
 -9477 9477
 1.213e+05 -1.213e+05
 7.137e+04 -7.137e+04
 2.332e+05 -2.332e+05
 -1.62e+05 1.62e+05
 4.468e+05 -4.468e+05
 -1.422e+04 1.422e+04
 3.509e+04 -3.509e+04
 2.647e+04 -2.647e+04
 -2.397e+05 2.397e+05
 2.393e+05 -2.393e+05
 -1.958e+05 1.958e+05
 -2.808e+05 2.808e+05
 -1.606e+05 1.606e+05
 -1.089e+05 1.089e+05
 -7473 7473
 2.342e+05 -2.342e+05
 -2.592e+05 2.592e+05
 -2.318e+05 2.318e+05
 1.289e+04 -1.289e+04
 -1.096e+05 1.096e+05
 -8.646e+04 8.646e+04
 -1.063e+05 1.063e+05
 -1.04e+05 1.04e+05
 -2.116e+05 2.116e+05
 -1.801e+04 1.801e+04
 -1.367e+05 1.367e+05
 1.677e+04 -1.677e+04
 2.264e+04 -2.264e+04
 -1.699e+05 1.699e+05
 -1.673e+05 1.673e+05
 -1.798e+05 1.798e+05
 -9.616e+04 9.616e+04
 -1.028e+05 1.028e+05
 3.811e+05 -3.811e+05
 -1.179e+05 1.179e+05
 1.16e+05 -1.16e+05
 2.492e+05 -2.492e+05
 -8.639e+05 8.639e+05
 -3.579e+04 3.579e+04
 3.677e+04 -3.677e+04
 -2.848e+05 2.848e+05
 -4.476e+04 4.476e+04
 -1.686e+05 1.686e+05
 -3.035e+04 3.035e+04
 6.507e+04 -6.507e+04
 -1.454e+05 1.454e+05
 -3.407e+05 3.407e+05
 -2.336e+05 2.336e+05
 1.25e+05 -1.25e+05
 3.048e+05 -3.048e+05
 -2.415e+05 2.415e+05
 7.208e+04 -7.208e+04
 -4.709e+05 4.709e+05
 -1.447e+05 1.447e+05
 -7.842e+04 7.842e+04
 -2.645e+05 2.645e+05
 7.227e+04 -7.227e+04
 8.381e+04 -8.381e+04
 2.104e+04 -2.104e+04
 -1.325e+05 1.325e+05
 6.941e+05 -6.941e+05
 8744 -8744
 3.666e+05 -3.666e+05
 -3.185e+05 3.185e+05
 3.132e+05 -3.132e+05
 4.926e+04 -4.926e+04
 -3.384e+05 3.384e+05
 1.614e+05 -1.614e+05
 2.749e+05 -2.749e+05
 1.119e+04 -1.119e+04
 -2.908e+05 2.908e+05
 1.634e+05 -1.634e+05
 2.131e+05 -2.131e+05
 -3.595e+04 3.595e+04
 -8.559e+04 8.559e+04
 -2.206e+05 2.206e+05
 -1.443e+05 1.443e+05
 -2.061e+04 2.061e+04
 -3.843e+04 3.843e+04
 770.1 -770.1
 -3.523e+04 3.523e+04
 3.543e+05 -3.543e+05
 2.076e+05 -2.076e+05
 -1.605e+05 1.605e+05
 -1.315e+05 1.315e+05
 -2.02e+05 2.02e+05
 -1.457e+05 1.457e+05
 -1.782e+05 1.782e+05
 1.839e+05 -1.839e+05
 4.959e+04 -4.959e+04
 -3.708e+05 3.708e+05
 -1.785e+05 1.785e+05
 4.233e+04 -4.233e+04
 3.419e+05 -3.419e+05
 -2.453e+05 2.453e+05
 3.373e+04 -3.373e+04
 -2.869e+05 2.869e+05
 3.236e+05 -3.236e+05
 2.292e+05 -2.292e+05
 -1.132e+05 1.132e+05
 -3.019e+05 3.019e+05
 6.123e+05 -6.123e+05
 -1.424e+05 1.424e+05
 -1165 1165
 1.79e+05 -1.79e+05
 3.219e+04 -3.219e+04
 9.598e+04 -9.598e+04
 2.176e+05 -2.176e+05
 -1.348e+05 1.348e+05
 6.73e+04 -6.73e+04
 -2.979e+05 2.979e+05
 -1.667e+05 1.667e+05
 -5.779e+04 5.779e+04
 -1.629e+05 1.629e+05
 6083 -6083
 -1.385e+05 1.385e+05
 -8.798e+04 8.798e+04
 -4.032e+04 4.032e+04
 -2.935e+05 2.935e+05
 7.575e+04 -7.575e+04
 -8.989e+04 8.989e+04
 1.093e+05 -1.093e+05
 -3.311e+05 3.311e+05
 3.719e+04 -3.719e+04
 -1.901e+05 1.901e+05
 -3.185e+05 3.185e+05
 3.713e+05 -3.713e+05
 -1.79e+05 1.79e+05
 6.085e+04 -6.085e+04
 -2.202e+04 2.202e+04
 -1.534e+05 1.534e+05
 1.182e+05 -1.182e+05
 4.539e+04 -4.539e+04
 1.819e+04 -1.819e+04
 -6.212e+04 6.212e+04
 -1.98e+05 1.98e+05
 7718 -7718
 -2.141e+05 2.141e+05
 -3.956e+04 3.956e+04
 -3.936e+05 3.936e+05
 -4520 4520
 1.268e+05 -1.268e+05
 -3.625e+04 3.625e+04
 -57.28 57.28
 3.16e+05 -3.16e+05
 -2.058e+05 2.058e+05
 -5.557e+04 5.557e+04
 3.03e+05 -3.03e+05
 -1.505e+04 1.505e+04
 4.026e+05 -4.026e+05
 -1.88e+05 1.88e+05
 8.668e+04 -8.668e+04
 -1.209e+05 1.209e+05
 3.866e+04 -3.866e+04
 -1.09e+05 1.09e+05
 -4.767e+04 4.767e+04
 -6.396e+04 6.396e+04
 -8801 8801
 -2.079e+05 2.079e+05
 -2.034e+04 2.034e+04
 -4.088e+04 4.088e+04
 -1.022e+05 1.022e+05
 -3.976e+05 3.976e+05
 6.147e+05 -6.147e+05
 -1.239e+05 1.239e+05
 -7.57e+04 7.57e+04
 -1.279e+05 1.279e+05
 1.068e+05 -1.068e+05
 -1.07e+05 1.07e+05
 -1.19e+05 1.19e+05
 9579 -9579
 1.573e+05 -1.573e+05
 5.514e+04 -5.514e+04
 -8.835e+04 8.835e+04
 8.586e+04 -8.586e+04
 4.21e+05 -4.21e+05
 -1.624e+05 1.624e+05
 -2.072e+04 2.072e+04
 1.563e+05 -1.563e+05
 5.46e+04 -5.46e+04
 -8.627e+04 8.627e+04
 -1.732e+05 1.732e+05
 3.291e+05 -3.291e+05
 -7.057e+05 7.057e+05
 -3.735e+05 3.735e+05
 1.275e+05 -1.275e+05
 -9.251e+05 9.251e+05
 1.114e+04 -1.114e+04
 -3.216e+04 3.216e+04
 -1.239e+05 1.239e+05
 -2.046e+04 2.046e+04
 1.545e+04 -1.545e+04
 3.943e+04 -3.943e+04
 -8.438e+04 8.438e+04
 5.751e+04 -5.751e+04
 -6.214e+04 6.214e+04
 -5.583e+04 5.583e+04
 -2.404e+05 2.404e+05
 -3.337e+05 3.337e+05
 2.704e+05 -2.704e+05
 -4.023e+04 4.023e+04
 9.52e+04 -9.52e+04
 -1.414e+05 1.414e+05
 -3.996e+05 3.996e+05
 2.403e+05 -2.403e+05
 -8.388e+04 8.388e+04
 9.442e+05 -9.442e+05
 -6.905e+05 6.905e+05
 -8.404e+04 8.404e+04
 1.873e+05 -1.873e+05
 2.654e+05 -2.654e+05
 -2.625e+05 2.625e+05
 -3.725e+04 3.725e+04
 -2.873e+05 2.873e+05
 -4.904e+04 4.904e+04
 -2.479e+05 2.479e+05
 -2.345e+05 2.345e+05
 -1.123e+05 1.123e+05
 -4.229e+04 4.229e+04
 -4.522e+04 4.522e+04
 -2.973e+04 2.973e+04
 -1.994e+05 1.994e+05
 3.284e+05 -3.284e+05
 -3.569e+05 3.569e+05
 7.101e+05 -7.101e+05
 -2.447e+05 2.447e+05
 -1.741e+04 1.741e+04
 -3.08e+05 3.08e+05
 9.765e+04 -9.765e+04
 9.42e+04 -9.42e+04
 -1.56e+05 1.56e+05
 -2.017e+05 2.017e+05
 -5.944e+05 5.944e+05
 -7.511e+04 7.511e+04
 3.456e+05 -3.456e+05
 -3.721e+05 3.721e+05
 3.763e+05 -3.763e+05
 -3.734e+04 3.734e+04
 1318 -1318
 3.503e+04 -3.503e+04
 1.462e+05 -1.462e+05
 -2.009e+05 2.009e+05
 2.497e+04 -2.497e+04
 1.211e+05 -1.211e+05
 -3.263e+04 3.263e+04
 4.393e+05 -4.393e+05
 2.889e+05 -2.889e+05
 4.596e+05 -4.596e+05
 -5.612e+04 5.612e+04
 -3.011e+05 3.011e+05
 -1.863e+05 1.863e+05
 5.996e+04 -5.996e+04
 3.848e+05 -3.848e+05
 1.205e+05 -1.205e+05
 -1.014e+05 1.014e+05
 1.85e+04 -1.85e+04
 4.089e+04 -4.089e+04
 3.405e+05 -3.405e+05
 -3.43e+05 3.43e+05
 1.178e+05 -1.178e+05
 -2.299e+05 2.299e+05
 -5.41e+04 5.41e+04
 9.898e+04 -9.898e+04
 1.208e+05 -1.208e+05
 -1.826e+05 1.826e+05
 -2.051e+05 2.051e+05
 6.942e+04 -6.942e+04
 -3.173e+05 3.173e+05
 -6.086e+04 6.086e+04
 3.617e+05 -3.617e+05
 -1.853e+05 1.853e+05
 3.554e+05 -3.554e+05
 6.246e+04 -6.246e+04
 -2.791e+05 2.791e+05
 -4.065e+05 4.065e+05
 7.11e+04 -7.11e+04
 -2.09e+05 2.09e+05
 -1.8e+05 1.8e+05
 -1.389e+05 1.389e+05
 -2.42e+04 2.42e+04
 4.27e+05 -4.27e+05
 9.201e+05 -9.201e+05
 6.865e+04 -6.865e+04
 -2.573e+04 2.573e+04
 5.78e+05 -5.78e+05
 -3.707e+05 3.707e+05
 1.653e+05 -1.653e+05
 -1.323e+05 1.323e+05
 -9.025e+04 9.025e+04
 5.177e+05 -5.177e+05
 -1.332e+05 1.332e+05
 -5.77e+05 5.77e+05
 8999 -8999
 -4.073e+05 4.073e+05
 -1.655e+05 1.655e+05
 -8.34e+04 8.34e+04
 8.504e+04 -8.504e+04
 -5.601e+04 5.601e+04
 -1.001e+05 1.001e+05
 -2.896e+05 2.896e+05
 4.1e+04 -4.1e+04
 3.129e+05 -3.129e+05
 3.032e+05 -3.032e+05
 1.073e+05 -1.073e+05
 2.023e+05 -2.023e+05
 2.111e+05 -2.111e+05
 2.528e+05 -2.528e+05
 -1.048e+05 1.048e+05
 -2.71e+05 2.71e+05
 -2.33e+05 2.33e+05
 -1.507e+05 1.507e+05
 -1.177e+05 1.177e+05
 -9.144e+04 9.144e+04
 5.676e+04 -5.676e+04
 -7.859e+05 7.859e+05
 2.001e+05 -2.001e+05
 3.033e+05 -3.033e+05
 -3.986e+05 3.986e+05
 4.122e+05 -4.122e+05
 -1.145e+05 1.145e+05
 -1.884e+05 1.884e+05
 -8.286e+04 8.286e+04
 3869 -3869
 1.131e+05 -1.131e+05
 -7.897e+05 7.897e+05
 1.382e+05 -1.382e+05
 -5.139e+05 5.139e+05
 6.231e+05 -6.231e+05
 -7.857e+04 7.857e+04
 -4.611e+05 4.611e+05
 -4.376e+04 4.376e+04
 -4.823e+04 4.823e+04
 -4.896e+05 4.896e+05
 1.705e+05 -1.705e+05
 -1.008e+05 1.008e+05
 9.296e+04 -9.296e+04
 -3.197e+05 3.197e+05
 -1.45e+05 1.45e+05
 -2.805e+04 2.805e+04
 4.043e+05 -4.043e+05
 9.203e+04 -9.203e+04
 4.553e+05 -4.553e+05
 8.434e+04 -8.434e+04
 2.764e+05 -2.764e+05
 2.048e+05 -2.048e+05
 -2.264e+05 2.264e+05
 -2.14e+04 2.14e+04
 -1.329e+05 1.329e+05
 -4.786e+04 4.786e+04
 -3.071e+04 3.071e+04
 -9.303e+04 9.303e+04
 -2.323e+04 2.323e+04
 -1.054e+05 1.054e+05
 5.76e+04 -5.76e+04
 -5.261e+04 5.261e+04
 1.392e+05 -1.392e+05
 -4.742e+04 4.742e+04
 2.456e+05 -2.456e+05
 -6.085e+05 6.085e+05
 8.359e+04 -8.359e+04
 -4.099e+04 4.099e+04
 -3.857e+05 3.857e+05
 3.061e+04 -3.061e+04
 1.598e+05 -1.598e+05
 -4.078e+04 4.078e+04
 5.34e+04 -5.34e+04
 -1.667e+05 1.667e+05
 1.595e+06 -1.595e+06
 5.033e+05 -5.033e+05
 -1.207e+05 1.207e+05
 8.557e+04 -8.557e+04
 6.751e+05 -6.751e+05
 -3.142e+05 3.142e+05
 -1.367e+05 1.367e+05
 -2.23e+05 2.23e+05
 1.404e+05 -1.404e+05
 -2.46e+04 2.46e+04
 2.389e+05 -2.389e+05
 -1.018e+04 1.018e+04
 -3.386e+04 3.386e+04
 -2.182e+05 2.182e+05
 -2.814e+05 2.814e+05
 -4.351e+04 4.351e+04
 -3.137e+04 3.137e+04
 1.508e+05 -1.508e+05
 1.249e+05 -1.249e+05
 6.191e+05 -6.191e+05
 -1.861e+05 1.861e+05
 -5.732e+04 5.732e+04
 -3.993e+05 3.993e+05
 7.328e+04 -7.328e+04
 -6.523e+04 6.523e+04
 2.985e+05 -2.985e+05
 -6.323e+04 6.323e+04
 2.519e+05 -2.519e+05
 2.756e+04 -2.756e+04
 2.933e+05 -2.933e+05
 -3.102e+05 3.102e+05
 -2.161e+04 2.161e+04
 5.919e+04 -5.919e+04
 -2.013e+05 2.013e+05
 1.229e+05 -1.229e+05
 5.78e+04 -5.78e+04
 -1.863e+05 1.863e+05
 3.078e+04 -3.078e+04
 -1.944e+04 1.944e+04
 6.57e+04 -6.57e+04
 -3.359e+05 3.359e+05
 5423 -5423
 -6.133e+05 6.133e+05
 5.585e+04 -5.585e+04
 -1.297e+05 1.297e+05
 -2.511e+05 2.511e+05
 -7.539e+04 7.539e+04
 -7.488e+04 7.488e+04
 -1.741e+05 1.741e+05
 -3.719e+04 3.719e+04
 -6.098e+04 6.098e+04
 -6.833e+05 6.833e+05
 -1.235e+05 1.235e+05
 -2.195e+05 2.195e+05
 -1.937e+05 1.937e+05
 -1.492e+04 1.492e+04
 5.13e+04 -5.13e+04
 9627 -9627
 3.261e+05 -3.261e+05
 -1.942e+05 1.942e+05
 3.559e+05 -3.559e+05
 8.158e+04 -8.158e+04
 3.444e+05 -3.444e+05
 2.324e+05 -2.324e+05
 1.437e+05 -1.437e+05
 -2.222e+05 2.222e+05
 7.634e+04 -7.634e+04
 -6.744e+04 6.744e+04
 -2.539e+04 2.539e+04
 4.542e+05 -4.542e+05
 9.732e+05 -9.732e+05
 -3.806e+05 3.806e+05
 1.966e+05 -1.966e+05
 1.296e+05 -1.296e+05
 5.443e+05 -5.443e+05
 -2.251e+05 2.251e+05
 1.523e+05 -1.523e+05
 -3.503e+04 3.503e+04
 1.354e+05 -1.354e+05
 -6.002e+05 6.002e+05
 4.672e+05 -4.672e+05
 -1.76e+05 1.76e+05
 2.412e+05 -2.412e+05
 1.405e+05 -1.405e+05
 -1.09e+05 1.09e+05
 8.265e+05 -8.265e+05
 4.476e+04 -4.476e+04
 -2.956e+04 2.956e+04
 -2.82e+05 2.82e+05
 -1.221e+05 1.221e+05
 -1.006e+05 1.006e+05
 4.755e+04 -4.755e+04
 -1.818e+05 1.818e+05
 -2.05e+04 2.05e+04
 -4789 4789
 1.833e+05 -1.833e+05
 -3.15e+05 3.15e+05
 2.61e+05 -2.61e+05
 2.628e+05 -2.628e+05
 -4.535e+05 4.535e+05
 -2.14e+05 2.14e+05
 8.264e+04 -8.264e+04
 -1.409e+05 1.409e+05
 6.934e+05 -6.934e+05
 -1.255e+05 1.255e+05
 -1.833e+05 1.833e+05
 -4.382e+05 4.382e+05
 6.322e+04 -6.322e+04
 2.214e+05 -2.214e+05
 -3.168e+05 3.168e+05
 3.019e+04 -3.019e+04
 4.399e+05 -4.399e+05
 -7.46e+04 7.46e+04
 9.638e+04 -9.638e+04
 1.111e+05 -1.111e+05
 -2.677e+05 2.677e+05
 -1.043e+05 1.043e+05
 4.894e+05 -4.894e+05
 -1.74e+04 1.74e+04
 -4.799e+04 4.799e+04
 8.294e+04 -8.294e+04
 -3.623e+05 3.623e+05
 6.401e+04 -6.401e+04
 -1.602e+05 1.602e+05
 -3.252e+05 3.252e+05
 -2.161e+05 2.161e+05
 4.28e+05 -4.28e+05
 -1.865e+05 1.865e+05
 3.416e+05 -3.416e+05
 9.525e+04 -9.525e+04
 1.078e+05 -1.078e+05
 1.453e+05 -1.453e+05
 -9.272e+04 9.272e+04
 4.066e+05 -4.066e+05
 -3.295e+05 3.295e+05
 -1.681e+05 1.681e+05
 -2.032e+05 2.032e+05
 -4.287e+05 4.287e+05
 2.026e+05 -2.026e+05
 -4.525e+04 4.525e+04
 -1.129e+05 1.129e+05
 -9.069e+04 9.069e+04
 7.231e+04 -7.231e+04
 -2.591e+05 2.591e+05
 4.155e+04 -4.155e+04
 -1.753e+05 1.753e+05
 -3.4e+05 3.4e+05
 2.532e+05 -2.532e+05
 -1.164e+05 1.164e+05
 -5.101e+05 5.101e+05
 -3.061e+05 3.061e+05
 -1.64e+05 1.64e+05
 2.662e+05 -2.662e+05
 -2.111e+05 2.111e+05
 -6.222e+04 6.222e+04
 2.639e+05 -2.639e+05
 4.14e+05 -4.14e+05
 2432 -2432
 -2.275e+05 2.275e+05
 -1.627e+05 1.627e+05
 -1.737e+05 1.737e+05
 2.812e+05 -2.812e+05
 -1.16e+05 1.16e+05
 1.584e+05 -1.584e+05
 7.811e+04 -7.811e+04
 7.575e+04 -7.575e+04
 1.414e+05 -1.414e+05
 1.948e+05 -1.948e+05
 -1.468e+05 1.468e+05
 -1.791e+05 1.791e+05
 8.196e+04 -8.196e+04
 -8.035e+04 8.035e+04
 6.661e+04 -6.661e+04
 7.675e+04 -7.675e+04
 1.643e+05 -1.643e+05
 -1.29e+05 1.29e+05
 8.301e+04 -8.301e+04
 6.679e+05 -6.679e+05
 1.356e+04 -1.356e+04
 4.023e+05 -4.023e+05
 -1.244e+05 1.244e+05
 7.74e+04 -7.74e+04
 -5.769e+05 5.769e+05
 1.275e+04 -1.275e+04
 -1.827e+05 1.827e+05
 -2.801e+05 2.801e+05
 6.687e+05 -6.687e+05
 8.634e+04 -8.634e+04
 -7.693e+04 7.693e+04
 4.247e+04 -4.247e+04
 1.753e+05 -1.753e+05
 -6665 6665
 9.116e+05 -9.116e+05
 -2.024e+05 2.024e+05
 -6.375e+04 6.375e+04
 -3.819e+04 3.819e+04
 3.934e+05 -3.934e+05
 -4.312e+05 4.312e+05
 2.855e+05 -2.855e+05
 4.831e+05 -4.831e+05
 9.018e+04 -9.018e+04
 1.933e+05 -1.933e+05
 -4.899e+04 4.899e+04
 2.412e+05 -2.412e+05
 3.101e+05 -3.101e+05
 -3.448e+05 3.448e+05
 2.645e+05 -2.645e+05
 -2.35e+05 2.35e+05
 5.022e+05 -5.022e+05
 -9.133e+04 9.133e+04
 2.125e+05 -2.125e+05
 -3.434e+05 3.434e+05
 -1.479e+05 1.479e+05
 8.67e+04 -8.67e+04
 6.55e+05 -6.55e+05
 -1.267e+05 1.267e+05
 3.162e+05 -3.162e+05
 -7.44e+04 7.44e+04
 1.141e+05 -1.141e+05
 2.474e+05 -2.474e+05
 -1.778e+05 1.778e+05
 5.338e+05 -5.338e+05
 1.294e+05 -1.294e+05
 1.41e+05 -1.41e+05
 6063 -6063
 4.049e+04 -4.049e+04
 -1.609e+04 1.609e+04
 -1.209e+05 1.209e+05
 4.742e+05 -4.742e+05
 2.869e+05 -2.869e+05
 -4551 4551
 3.952e+05 -3.952e+05
 -1.25e+05 1.25e+05
 1374 -1374
 7.216e+04 -7.216e+04
 7.163e+04 -7.163e+04
 -4.498e+04 4.498e+04
 -1.811e+05 1.811e+05
 2.317e+05 -2.317e+05
 4.394e+05 -4.394e+05
 -1.281e+05 1.281e+05
 -2.19e+05 2.19e+05
 2.777e+05 -2.777e+05
 -2.706e+04 2.706e+04
 5.756e+04 -5.756e+04
 1.181e+05 -1.181e+05
 -4.123e+04 4.123e+04
 2.306e+05 -2.306e+05
 -2.223e+05 2.223e+05
 1.929e+04 -1.929e+04
 -5.338e+05 5.338e+05
 2.41e+05 -2.41e+05
 6.045e+05 -6.045e+05
 1.265e+05 -1.265e+05
 -5.002e+04 5.002e+04
 -2.404e+05 2.404e+05
 -1.275e+05 1.275e+05
 -1.418e+05 1.418e+05
 -1.634e+05 1.634e+05
 -2.228e+05 2.228e+05
 -4.364e+05 4.364e+05
 -2.139e+05 2.139e+05
 2.03e+05 -2.03e+05
 -8.733e+04 8.733e+04
 -6.236e+04 6.236e+04
 -8.707e+04 8.707e+04
 1.079e+05 -1.079e+05
 3.572e+05 -3.572e+05
 -4.123e+04 4.123e+04
 -2.428e+05 2.428e+05
 1.443e+05 -1.443e+05
 1.432e+05 -1.432e+05
 -1.254e+05 1.254e+05
 2.245e+05 -2.245e+05
 -1.55e+05 1.55e+05
 -1.682e+05 1.682e+05
 -3.354e+04 3.354e+04
 -2.485e+05 2.485e+05
 7.748e+04 -7.748e+04
 -3.459e+05 3.459e+05
 -5.842e+05 5.842e+05
 1.297e+05 -1.297e+05
 -3.643e+04 3.643e+04
 6.043e+05 -6.043e+05
 -2.827e+05 2.827e+05
 -1.427e+05 1.427e+05
 2.011e+05 -2.011e+05
 2.479e+05 -2.479e+05
 -4.451e+04 4.451e+04
 -2.339e+05 2.339e+05
 -2.459e+05 2.459e+05
 -3.305e+05 3.305e+05
 1.052e+05 -1.052e+05
 -7.531e+04 7.531e+04
 -1.759e+05 1.759e+05
 1.562e+05 -1.562e+05
 9.592e+04 -9.592e+04
 1.838e+05 -1.838e+05
 -7.011e+04 7.011e+04
 4.376e+05 -4.376e+05
 3.384e+05 -3.384e+05
 1.709e+05 -1.709e+05
 2.493e+04 -2.493e+04
 8.87e+04 -8.87e+04
 8.818e+04 -8.818e+04
 2.237e+04 -2.237e+04
 -1.36e+05 1.36e+05
 3.149e+05 -3.149e+05
 9.828e+04 -9.828e+04
 -3.54e+05 3.54e+05
 2.491e+05 -2.491e+05
 1676 -1676
 1.64e+05 -1.64e+05
 -9.323e+04 9.323e+04
 4.708e+04 -4.708e+04
 3.44e+04 -3.44e+04
 -6543 6543
 4.438e+04 -4.438e+04
 -2.553e+05 2.553e+05
 1.537e+05 -1.537e+05
 1.663e+04 -1.663e+04
 -3.202e+05 3.202e+05
 -1.327e+05 1.327e+05
 -1.998e+05 1.998e+05
 -7.787e+04 7.787e+04
 2.01e+05 -2.01e+05
 -1.603e+05 1.603e+05
 -4.301e+05 4.301e+05
 -4.16e+04 4.16e+04
 -2.549e+05 2.549e+05
 -1.966e+05 1.966e+05
 -2.535e+04 2.535e+04
 -4.159e+05 4.159e+05
 1.84e+05 -1.84e+05
 1.085e+04 -1.085e+04
 5.22e+04 -5.22e+04
 5.673e+04 -5.673e+04
 -8.194e+04 8.194e+04
 -7.826e+04 7.826e+04
 1.058e+05 -1.058e+05
 6.279e+05 -6.279e+05
 -5.585e+04 5.585e+04
 -7.768e+04 7.768e+04
 9.799e+04 -9.799e+04
 1.552e+05 -1.552e+05
 7.532e+04 -7.532e+04
 1.264e+05 -1.264e+05
 -9.613e+04 9.613e+04
 2.684e+05 -2.684e+05
 -3.3e+04 3.3e+04
 7.256e+04 -7.256e+04
 -1.007e+05 1.007e+05
 -2.143e+05 2.143e+05
 -3.501e+05 3.501e+05
 2.295e+05 -2.295e+05
 -2.281e+05 2.281e+05
 -2.016e+05 2.016e+05
 -2.844e+04 2.844e+04
 -6.053e+05 6.053e+05
 7.521e+04 -7.521e+04
 1.983e+05 -1.983e+05
 -6.795e+04 6.795e+04
 1.452e+05 -1.452e+05
 -1.621e+05 1.621e+05
 8.324e+04 -8.324e+04
 -1.615e+05 1.615e+05
 -1.168e+05 1.168e+05
 -1.184e+04 1.184e+04
 -2.779e+05 2.779e+05
 -3.363e+04 3.363e+04
 -8.934e+04 8.934e+04
 7.424e+05 -7.424e+05
 2.076e+05 -2.076e+05
 -8.534e+04 8.534e+04
 1.922e+05 -1.922e+05
 -1.87e+04 1.87e+04
 2.213e+05 -2.213e+05
 -7681 7681
 1.355e+05 -1.355e+05
 -1.025e+05 1.025e+05
 -3.744e+05 3.744e+05
 -9.44e+04 9.44e+04
 1.23e+05 -1.23e+05
 1.701e+05 -1.701e+05
 -5.397e+05 5.397e+05
 -1.841e+05 1.841e+05
 -3.504e+05 3.504e+05
 -8.685e+04 8.685e+04
 -3.613e+05 3.613e+05
 1.48e+05 -1.48e+05
 -1.073e+05 1.073e+05
 -2.3e+04 2.3e+04
 -2.607e+05 2.607e+05
 8.91e+05 -8.91e+05
 -1.772e+05 1.772e+05
 -1.085e+05 1.085e+05
 -2.983e+05 2.983e+05
 -9.06e+04 9.06e+04
 -8.052e+04 8.052e+04
 3.223e+05 -3.223e+05
 -3.794e+05 3.794e+05
 2.14e+04 -2.14e+04
 1.846e+05 -1.846e+05
 5.153e+05 -5.153e+05
 4.912e+05 -4.912e+05
 -1.091e+05 1.091e+05
 -2.382e+05 2.382e+05
 1.012e+05 -1.012e+05
 1.52e+05 -1.52e+05
 -3.216e+04 3.216e+04
 6.916e+05 -6.916e+05
 -4.456e+05 4.456e+05
 6.386e+04 -6.386e+04
 -1.683e+05 1.683e+05
 5.024e+04 -5.024e+04
 3.526e+05 -3.526e+05
 -1.201e+04 1.201e+04
 2.206e+05 -2.206e+05
 -1.17e+05 1.17e+05
 2.038e+05 -2.038e+05
 -3.747e+05 3.747e+05
 -3.402e+04 3.402e+04
 2.814e+04 -2.814e+04
 5.964e+05 -5.964e+05
 -1.4e+05 1.4e+05
 -1.411e+05 1.411e+05
 1.949e+05 -1.949e+05
 -3.274e+05 3.274e+05
 8.07e+05 -8.07e+05
 2.066e+05 -2.066e+05
 7.289e+04 -7.289e+04
 5.114e+04 -5.114e+04
 -3.192e+05 3.192e+05
 -2.174e+05 2.174e+05
 1.672e+05 -1.672e+05
 9.81e+04 -9.81e+04
 6.44e+04 -6.44e+04
 9.227e+04 -9.227e+04
 -4.777e+04 4.777e+04
 3.26e+05 -3.26e+05
 3.959e+04 -3.959e+04
 3.013e+05 -3.013e+05
 -2.415e+05 2.415e+05
 -135 135
 8.059e+04 -8.059e+04
 1.501e+05 -1.501e+05
 -7.163e+04 7.163e+04
 2.059e+05 -2.059e+05
 -3.843e+05 3.843e+05
 1.238e+05 -1.238e+05
 1.183e+05 -1.183e+05
 -5.957e+04 5.957e+04
 2.952e+05 -2.952e+05
 -3.207e+04 3.207e+04
 2.356e+04 -2.356e+04
 -2.093e+05 2.093e+05
 -1.827e+05 1.827e+05
 5.903e+05 -5.903e+05
 -1.502e+05 1.502e+05
 1.966e+05 -1.966e+05
 -4.846e+04 4.846e+04
 -8029 8029
 2.662e+05 -2.662e+05
 1.658e+05 -1.658e+05
 1.154e+05 -1.154e+05
 2.04e+05 -2.04e+05
 -1.878e+04 1.878e+04
 9.507e+04 -9.507e+04
 -2.255e+05 2.255e+05
 3.842e+04 -3.842e+04
 1.747e+05 -1.747e+05
 1.215e+04 -1.215e+04
 4.587e+05 -4.587e+05
 3.89e+05 -3.89e+05
 -1.951e+05 1.951e+05
 -8.512e+04 8.512e+04
 5.96e+05 -5.96e+05
 3.697e+04 -3.697e+04
 -1.739e+05 1.739e+05
 7.843e+04 -7.843e+04
 -7.806e+05 7.806e+05
 4.281e+05 -4.281e+05
 1.878e+05 -1.878e+05
 3.149e+04 -3.149e+04
 -1.173e+05 1.173e+05
 3.209e+04 -3.209e+04
 -2.794e+05 2.794e+05
 -1.521e+05 1.521e+05
 1.19e+05 -1.19e+05
 -1.922e+05 1.922e+05
 -1.009e+05 1.009e+05
 1.642e+05 -1.642e+05
 -2.614e+05 2.614e+05
 3.318e+05 -3.318e+05
 8.304e+04 -8.304e+04
 7.227e+04 -7.227e+04
 1.669e+05 -1.669e+05
 3.476e+05 -3.476e+05
 -1.284e+04 1.284e+04
 -3.872e+05 3.872e+05
 2.118e+05 -2.118e+05
 -2.195e+05 2.195e+05
 2.201e+05 -2.201e+05
 2.108e+05 -2.108e+05
 -6.946e+04 6.946e+04
 6e+05 -6e+05
 -8.625e+04 8.625e+04
 -2.548e+05 2.548e+05
 -1.118e+05 1.118e+05
 -2.642e+05 2.642e+05
 -4.647e+04 4.647e+04
 -9.756e+04 9.756e+04
 -1.365e+05 1.365e+05
 4.653e+04 -4.653e+04
 -3.367e+05 3.367e+05
 -4.32e+04 4.32e+04
 4.297e+05 -4.297e+05
 -2.247e+05 2.247e+05
 6.037e+05 -6.037e+05
 5.462e+05 -5.462e+05
 1.783e+05 -1.783e+05
 -2.914e+05 2.914e+05
 1.982e+05 -1.982e+05
 -3.477e+05 3.477e+05
 4.424e+05 -4.424e+05
 7.91e+04 -7.91e+04
 1.616e+05 -1.616e+05
 -1.096e+05 1.096e+05
 1.067e+05 -1.067e+05
 4.937e+05 -4.937e+05
 1.236e+04 -1.236e+04
 -1.826e+04 1.826e+04
 -7.123e+05 7.123e+05
 -2.132e+04 2.132e+04
 -2.459e+05 2.459e+05
 6.935e+04 -6.935e+04
 -1.742e+05 1.742e+05
 1.869e+05 -1.869e+05
 -4.668e+04 4.668e+04
 -1.549e+05 1.549e+05
 -3.736e+05 3.736e+05
 -1.634e+04 1.634e+04
 -1.317e+05 1.317e+05
 -5.067e+04 5.067e+04
 894.6 -894.6
 -3.547e+05 3.547e+05
 3.731e+05 -3.731e+05
 -9.885e+04 9.885e+04
 2.448e+04 -2.448e+04
 -5.794e+04 5.794e+04
 -1.881e+05 1.881e+05
 1.132e+05 -1.132e+05
 -6.476e+04 6.476e+04
 1.889e+05 -1.889e+05
 1.511e+05 -1.511e+05
 -1.115e+05 1.115e+05
 -2.694e+04 2.694e+04
 6.717e+04 -6.717e+04
 -1.509e+05 1.509e+05
 -2.384e+05 2.384e+05
 -2.094e+05 2.094e+05
 -4.447e+04 4.447e+04
 2.537e+04 -2.537e+04
 -1.124e+05 1.124e+05
 3.465e+05 -3.465e+05
 1.536e+05 -1.536e+05
 -6.446e+04 6.446e+04
 3.496e+04 -3.496e+04
 -2.223e+05 2.223e+05
 -1.96e+05 1.96e+05
 6.569e+04 -6.569e+04
 1.622e+05 -1.622e+05
 -2.648e+05 2.648e+05
 1.39e+04 -1.39e+04
 -8.724e+04 8.724e+04
 -2.484e+05 2.484e+05
 -1.69e+05 1.69e+05
 5.93e+05 -5.93e+05
 -7.407e+04 7.407e+04
 -1.889e+05 1.889e+05
 -2.042e+04 2.042e+04
 -1.313e+05 1.313e+05
 1.441e+05 -1.441e+05
 6.335e+05 -6.335e+05
 1.507e+05 -1.507e+05
 9.076e+04 -9.076e+04
 -4.712e+05 4.712e+05
 -2.403e+05 2.403e+05
 -4.421e+05 4.421e+05
 7.214e+05 -7.214e+05
 -6.479e+04 6.479e+04
 1.177e+05 -1.177e+05
 -3.996e+05 3.996e+05
 -2691 2691
 5.88e+05 -5.88e+05
 -2.554e+05 2.554e+05
 -9.368e+04 9.368e+04
 7.089e+04 -7.089e+04
 -3.778e+05 3.778e+05
 1.631e+05 -1.631e+05
 -1.146e+05 1.146e+05
 -2.651e+05 2.651e+05
 -2.825e+04 2.825e+04
 -1.774e+05 1.774e+05
 -2.913e+05 2.913e+05
 -7.868e+04 7.868e+04
 -1.137e+05 1.137e+05
 3.783e+05 -3.783e+05
 -1.909e+05 1.909e+05
 2.227e+05 -2.227e+05
 -2e+05 2e+05
 -1.873e+04 1.873e+04
 3.073e+05 -3.073e+05
 -5.865e+04 5.865e+04
 -2.827e+05 2.827e+05
 3.013e+05 -3.013e+05
 -2.397e+05 2.397e+05
 -3.947e+04 3.947e+04
 9807 -9807
 -2.756e+05 2.756e+05
 -2.96e+04 2.96e+04


