# Created by Octave 5.2.0, Fri Sep 25 00:41:50 2020 CEST <jiwidi@land>
# name: w
# type: matrix
# rows: 2001
# columns: 2
 0 0
 1.177e+05 -1.177e+05
 -7.8e+04 7.8e+04
 1.495e+05 -1.495e+05
 -1.295e+04 1.295e+04
 4.47e+04 -4.47e+04
 1.463e+05 -1.463e+05
 -4.178e+04 4.178e+04
 3.618e+04 -3.618e+04
 -5.175e+04 5.175e+04
 3.808e+04 -3.808e+04
 1.304e+04 -1.304e+04
 7089 -7089
 3.916e+04 -3.916e+04
 -3.829e+04 3.829e+04
 -1.241e+05 1.241e+05
 7.801e+04 -7.801e+04
 -7.032e+04 7.032e+04
 1.304e+05 -1.304e+05
 572.4 -572.4
 -2.404e+04 2.404e+04
 -9.108e+04 9.108e+04
 2.402e+04 -2.402e+04
 -2.399e+04 2.399e+04
 4.511e+04 -4.511e+04
 -1.412e+05 1.412e+05
 3384 -3384
 4.135e+04 -4.135e+04
 -3.839e+04 3.839e+04
 4102 -4102
 -3.554e+04 3.554e+04
 5.838e+04 -5.838e+04
 2.768e+04 -2.768e+04
 1.891e+04 -1.891e+04
 5.714e+04 -5.714e+04
 -2.494e+05 2.494e+05
 -1.683e+05 1.683e+05
 -2.934e+04 2.934e+04
 -8.044e+04 8.044e+04
 -3.665e+04 3.665e+04
 -6.969e+04 6.969e+04
 1.144e+05 -1.144e+05
 -1.661e+04 1.661e+04
 -8.866e+04 8.866e+04
 2.213e+04 -2.213e+04
 7.122e+04 -7.122e+04
 -4.802e+04 4.802e+04
 1.964e+05 -1.964e+05
 -2.754e+04 2.754e+04
 8.433e+04 -8.433e+04
 6.777e+04 -6.777e+04
 1.433e+04 -1.433e+04
 1.541e+04 -1.541e+04
 -9.299e+04 9.299e+04
 2.261e+05 -2.261e+05
 1.537e+05 -1.537e+05
 1.704e+04 -1.704e+04
 2.263e+04 -2.263e+04
 -1834 1834
 -1.359e+05 1.359e+05
 4.867e+04 -4.867e+04
 -7.119e+04 7.119e+04
 -4113 4113
 5.975e+04 -5.975e+04
 -7.383e+04 7.383e+04
 9073 -9073
 1.157e+05 -1.157e+05
 7115 -7115
 1.009e+05 -1.009e+05
 5.357e+04 -5.357e+04
 -1.175e+05 1.175e+05
 -1.272e+05 1.272e+05
 -2.24e+04 2.24e+04
 1.271e+05 -1.271e+05
 1.857e+05 -1.857e+05
 -7.035e+04 7.035e+04
 -3.618e+05 3.618e+05
 -8.384e+04 8.384e+04
 7.533e+04 -7.533e+04
 -4.59e+04 4.59e+04
 1.842e+04 -1.842e+04
 2.846e+04 -2.846e+04
 -7.185e+04 7.185e+04
 3.202e+04 -3.202e+04
 7.84e+04 -7.84e+04
 1.59e+04 -1.59e+04
 -9.254e+04 9.254e+04
 -5.269e+04 5.269e+04
 -3.24e+04 3.24e+04
 -8.594e+04 8.594e+04
 1.988e+04 -1.988e+04
 9.256e+04 -9.256e+04
 4.49e+04 -4.49e+04
 -9328 9328
 1.031e+05 -1.031e+05
 -1.177e+04 1.177e+04
 -2.39e+04 2.39e+04
 1.259e+04 -1.259e+04
 -4.612e+04 4.612e+04
 -1.292e+04 1.292e+04
 6.032e+04 -6.032e+04
 9.915e+04 -9.915e+04
 -5.213e+04 5.213e+04
 -1.42e+05 1.42e+05
 6.963e+04 -6.963e+04
 5.189e+04 -5.189e+04
 9681 -9681
 3.043e+04 -3.043e+04
 7.175e+04 -7.175e+04
 2.877e+04 -2.877e+04
 1.813e+05 -1.813e+05
 -8.851e+04 8.851e+04
 3.278e+04 -3.278e+04
 3858 -3858
 -3.556e+04 3.556e+04
 -5.715e+04 5.715e+04
 1.666e+04 -1.666e+04
 -2.758e+04 2.758e+04
 -1.182e+05 1.182e+05
 -4.816e+04 4.816e+04
 3.09e+04 -3.09e+04
 1.971e+05 -1.971e+05
 -1.724e+05 1.724e+05
 3.117e+04 -3.117e+04
 6.569e+04 -6.569e+04
 -2.529e+05 2.529e+05
 -5.417e+04 5.417e+04
 3574 -3574
 2.595e+04 -2.595e+04
 -5.32e+04 5.32e+04
 2.15e+05 -2.15e+05
 1.173e+04 -1.173e+04
 4.739e+04 -4.739e+04
 -5.419e+04 5.419e+04
 9.672e+04 -9.672e+04
 -6.314e+04 6.314e+04
 3.08e+04 -3.08e+04
 -2.432e+05 2.432e+05
 -4.596e+04 4.596e+04
 -9190 9190
 -6.98e+04 6.98e+04
 -5.855e+04 5.855e+04
 2.705e+04 -2.705e+04
 2.807e+04 -2.807e+04
 5.76e+04 -5.76e+04
 -3.555e+04 3.555e+04
 1.224e+05 -1.224e+05
 -1.507e+04 1.507e+04
 -1.103e+05 1.103e+05
 1.893e+04 -1.893e+04
 3.985e+04 -3.985e+04
 -1.508e+05 1.508e+05
 1.048e+05 -1.048e+05
 1.596e+05 -1.596e+05
 1.159e+04 -1.159e+04
 -2.218e+04 2.218e+04
 -7.076e+04 7.076e+04
 4.506e+04 -4.506e+04
 -1.507e+05 1.507e+05
 1.174e+04 -1.174e+04
 7692 -7692
 1.17e+05 -1.17e+05
 -9.099e+04 9.099e+04
 -1.959e+05 1.959e+05
 1.153e+05 -1.153e+05
 2.316e+05 -2.316e+05
 1.289e+05 -1.289e+05
 1.073e+04 -1.073e+04
 1.243e+04 -1.243e+04
 -7.987e+04 7.987e+04
 5606 -5606
 1.148e+05 -1.148e+05
 -2.183e+04 2.183e+04
 3.265e+04 -3.265e+04
 8.524e+04 -8.524e+04
 1.349e+04 -1.349e+04
 -1.274e+05 1.274e+05
 1.289e+05 -1.289e+05
 -8.924e+04 8.924e+04
 -1.188e+04 1.188e+04
 2.053e+04 -2.053e+04
 -7.279e+04 7.279e+04
 -1.496e+05 1.496e+05
 9.224e+04 -9.224e+04
 3.07e+04 -3.07e+04
 -5.085e+04 5.085e+04
 1.52e+05 -1.52e+05
 -6.857e+04 6.857e+04
 -1082 1082
 -1.821e+05 1.821e+05
 5.389e+04 -5.389e+04
 2.711e+04 -2.711e+04
 -9300 9300
 1.141e+04 -1.141e+04
 -5.823e+04 5.823e+04
 -9.774e+04 9.774e+04
 3.325e+04 -3.325e+04
 -5.861e+04 5.861e+04
 -2.334e+04 2.334e+04
 2.277e+05 -2.277e+05
 3.76e+04 -3.76e+04
 -8.982e+04 8.982e+04
 -8.54e+04 8.54e+04
 6.944e+04 -6.944e+04
 -4.315e+04 4.315e+04
 -1.393e+04 1.393e+04
 -8.68e+04 8.68e+04
 -1.378e+05 1.378e+05
 -5.031e+04 5.031e+04
 1.756e+05 -1.756e+05
 -2.541e+05 2.541e+05
 3.579e+04 -3.579e+04
 -5.993e+04 5.993e+04
 3.223e+04 -3.223e+04
 -8.228e+04 8.228e+04
 1.727e+05 -1.727e+05
 -2.454e+04 2.454e+04
 -1.22e+05 1.22e+05
 9.825e+04 -9.825e+04
 2.534e+04 -2.534e+04
 -6.515e+04 6.515e+04
 2569 -2569
 9.902e+04 -9.902e+04
 9.266e+04 -9.266e+04
 4.835e+04 -4.835e+04
 9.538e+04 -9.538e+04
 -6478 6478
 -9.961e+04 9.961e+04
 1.619e+04 -1.619e+04
 -1.104e+05 1.104e+05
 1.001e+05 -1.001e+05
 9.74e+04 -9.74e+04
 1.482e+04 -1.482e+04
 -1.205e+05 1.205e+05
 2.909e+04 -2.909e+04
 -4.888e+04 4.888e+04
 -2.734e+04 2.734e+04
 -6.82e+04 6.82e+04
 1.178e+05 -1.178e+05
 7.358e+04 -7.358e+04
 -7.241e+04 7.241e+04
 1.055e+04 -1.055e+04
 -5.634e+04 5.634e+04
 3844 -3844
 -7.922e+04 7.922e+04
 -3.455e+04 3.455e+04
 6.274e+04 -6.274e+04
 6715 -6715
 -4.449e+04 4.449e+04
 -9.593e+04 9.593e+04
 9.325e+04 -9.325e+04
 4.525e+04 -4.525e+04
 5.38e+04 -5.38e+04
 6.705e+04 -6.705e+04
 -2.282e+04 2.282e+04
 8.323e+04 -8.323e+04
 4.86e+04 -4.86e+04
 1.619e+05 -1.619e+05
 9.28e+04 -9.28e+04
 -3219 3219
 2.044e+05 -2.044e+05
 -5.135e+04 5.135e+04
 2.102e+04 -2.102e+04
 -1.1e+05 1.1e+05
 5.774e+04 -5.774e+04
 3.431e+04 -3.431e+04
 4.626e+04 -4.626e+04
 -3.312e+04 3.312e+04
 4.411e+04 -4.411e+04
 1.402e+05 -1.402e+05
 -3.91e+04 3.91e+04
 2.208e+04 -2.208e+04
 -2.233e+04 2.233e+04
 1.805e+04 -1.805e+04
 1.982e+04 -1.982e+04
 4.914e+04 -4.914e+04
 5.828e+04 -5.828e+04
 5.272e+04 -5.272e+04
 -1.027e+05 1.027e+05
 -1.027e+05 1.027e+05
 -6.335e+04 6.335e+04
 5.345e+04 -5.345e+04
 4.04e+04 -4.04e+04
 9455 -9455
 1.338e+05 -1.338e+05
 1.534e+04 -1.534e+04
 -1.96e+04 1.96e+04
 977.5 -977.5
 3.616e+04 -3.616e+04
 -1.105e+05 1.105e+05
 -4.081e+04 4.081e+04
 -2.095e+05 2.095e+05
 2.097e+05 -2.097e+05
 3.924e+04 -3.924e+04
 -2.364e+04 2.364e+04
 5.83e+04 -5.83e+04
 -2.917e+05 2.917e+05
 -2.259e+04 2.259e+04
 1.017e+05 -1.017e+05
 1.448e+04 -1.448e+04
 -1.139e+05 1.139e+05
 -1.186e+04 1.186e+04
 1.595e+04 -1.595e+04
 -1.454e+05 1.454e+05
 3.133e+04 -3.133e+04
 3.4e+04 -3.4e+04
 6.372e+04 -6.372e+04
 -4.645e+04 4.645e+04
 -9.365e+04 9.365e+04
 2.391e+04 -2.391e+04
 3.732e+04 -3.732e+04
 1.772e+05 -1.772e+05
 -1.14e+05 1.14e+05
 -6.184e+04 6.184e+04
 1.167e+05 -1.167e+05
 -1.317e+05 1.317e+05
 1.03e+04 -1.03e+04
 1.338e+05 -1.338e+05
 -4.685e+04 4.685e+04
 -1.079e+04 1.079e+04
 5.915e+04 -5.915e+04
 3.629e+05 -3.629e+05
 6.393e+04 -6.393e+04
 2.619e+04 -2.619e+04
 -1.627e+04 1.627e+04
 2.513e+04 -2.513e+04
 1.514e+05 -1.514e+05
 -7280 7280
 4926 -4926
 3.717e+04 -3.717e+04
 -4.53e+04 4.53e+04
 2.452e+04 -2.452e+04
 -6.753e+04 6.753e+04
 -6.873e+04 6.873e+04
 -5.305e+04 5.305e+04
 6.993e+04 -6.993e+04
 -1.795e+04 1.795e+04
 1.055e+05 -1.055e+05
 3.515e+04 -3.515e+04
 1.81e+05 -1.81e+05
 5966 -5966
 -7.448e+04 7.448e+04
 -8.972e+04 8.972e+04
 7.469e+04 -7.469e+04
 -8743 8743
 -2.316e+04 2.316e+04
 1.21e+05 -1.21e+05
 7.896e+04 -7.896e+04
 1.565e+05 -1.565e+05
 1.328e+05 -1.328e+05
 -3.817e+04 3.817e+04
 -3.512e+04 3.512e+04
 -2.109e+05 2.109e+05
 -6.813e+04 6.813e+04
 2.162e+04 -2.162e+04
 7.963e+04 -7.963e+04
 -1.364e+05 1.364e+05
 9312 -9312
 -3452 3452
 1.653e+05 -1.653e+05
 -1.53e+05 1.53e+05
 -1.237e+05 1.237e+05
 -6.974e+04 6.974e+04
 1.015e+05 -1.015e+05
 3.177e+04 -3.177e+04
 1.458e+04 -1.458e+04
 1.092e+05 -1.092e+05
 -2.049e+05 2.049e+05
 5.944e+04 -5.944e+04
 -3.122e+05 3.122e+05
 7.834e+04 -7.834e+04
 7.334e+04 -7.334e+04
 -4.682e+04 4.682e+04
 -1.256e+05 1.256e+05
 -1.69e+05 1.69e+05
 6491 -6491
 5.274e+04 -5.274e+04
 1.663e+05 -1.663e+05
 -2.291e+04 2.291e+04
 -2.07e+05 2.07e+05
 -1.596e+04 1.596e+04
 -1.41e+05 1.41e+05
 -8042 8042
 -1.066e+05 1.066e+05
 5.696e+04 -5.696e+04
 1.383e+05 -1.383e+05
 -3611 3611
 1.246e+05 -1.246e+05
 4.889e+04 -4.889e+04
 -2.991e+04 2.991e+04
 -2.835e+04 2.835e+04
 -8.25e+04 8.25e+04
 3.494e+04 -3.494e+04
 -1.232e+05 1.232e+05
 2.647e+04 -2.647e+04
 -5.938e+04 5.938e+04
 -1717 1717
 3.754e+04 -3.754e+04
 -1.821e+04 1.821e+04
 1.943e+05 -1.943e+05
 -6614 6614
 -1.235e+05 1.235e+05
 -6.926e+04 6.926e+04
 -1.706e+04 1.706e+04
 -8.955e+04 8.955e+04
 -9.379e+04 9.379e+04
 1.52e+04 -1.52e+04
 1.399e+04 -1.399e+04
 -6.809e+04 6.809e+04
 1.841e+05 -1.841e+05
 -6.145e+04 6.145e+04
 8062 -8062
 -3.707e+04 3.707e+04
 1.549e+04 -1.549e+04
 -2.332e+05 2.332e+05
 1.787e+04 -1.787e+04
 1.245e+05 -1.245e+05
 -9.137e+04 9.137e+04
 1.11e+05 -1.11e+05
 4.215e+04 -4.215e+04
 1.798e+05 -1.798e+05
 -6.532e+04 6.532e+04
 2.67e+05 -2.67e+05
 4.699e+04 -4.699e+04
 -9.818e+04 9.818e+04
 -6.942e+04 6.942e+04
 -6.281e+04 6.281e+04
 -3.313e+04 3.313e+04
 -3.186e+04 3.186e+04
 -294.7 294.7
 1.761e+05 -1.761e+05
 -6.526e+04 6.526e+04
 1.402e+05 -1.402e+05
 -1.475e+04 1.475e+04
 -1.615e+05 1.615e+05
 -3.574e+04 3.574e+04
 -6.33e+04 6.33e+04
 4.401e+04 -4.401e+04
 -1.288e+05 1.288e+05
 -1.223e+04 1.223e+04
 -6.581e+04 6.581e+04
 -1.481e+04 1.481e+04
 -1.874e+05 1.874e+05
 1.542e+05 -1.542e+05
 1.703e+04 -1.703e+04
 -8.288e+04 8.288e+04
 -1.889e+04 1.889e+04
 -2.777e+04 2.777e+04
 4.644e+04 -4.644e+04
 1.79e+05 -1.79e+05
 -6.564e+04 6.564e+04
 -1.509e+04 1.509e+04
 1.668e+05 -1.668e+05
 3.542e+04 -3.542e+04
 6.378e+04 -6.378e+04
 1.509e+05 -1.509e+05
 -4.489e+04 4.489e+04
 1.796e+05 -1.796e+05
 963.2 -963.2
 7.09e+04 -7.09e+04
 -3.647e+04 3.647e+04
 5.862e+04 -5.862e+04
 1.008e+05 -1.008e+05
 -2158 2158
 1.601e+05 -1.601e+05
 2.874e+04 -2.874e+04
 5.256e+04 -5.256e+04
 -8174 8174
 1.796e+04 -1.796e+04
 7092 -7092
 -9.137e+04 9.137e+04
 365.2 -365.2
 1.025e+04 -1.025e+04
 -8.83e+04 8.83e+04
 3.906e+04 -3.906e+04
 1.727e+05 -1.727e+05
 1.036e+04 -1.036e+04
 -2.602e+04 2.602e+04
 -8697 8697
 2.238e+04 -2.238e+04
 -1.867e+04 1.867e+04
 -2.399e+04 2.399e+04
 2.967e+04 -2.967e+04
 -4120 4120
 -2.814e+04 2.814e+04
 -2607 2607
 -3245 3245
 -2.63e+05 2.63e+05
 -2.474e+04 2.474e+04
 -2.125e+04 2.125e+04
 -4.762e+04 4.762e+04
 2.357e+04 -2.357e+04
 -4017 4017
 -4.783e+04 4.783e+04
 -2.519e+04 2.519e+04
 -1.528e+05 1.528e+05
 -1.19e+05 1.19e+05
 -7.161e+04 7.161e+04
 8.665e+04 -8.665e+04
 -2.419e+05 2.419e+05
 2.85e+04 -2.85e+04
 1.334e+05 -1.334e+05
 -1.341e+05 1.341e+05
 -2.801e+04 2.801e+04
 -4.312e+04 4.312e+04
 -1.797e+05 1.797e+05
 -7.217e+04 7.217e+04
 7.916e+04 -7.916e+04
 1.964e+04 -1.964e+04
 1.757e+05 -1.757e+05
 -1.956e+04 1.956e+04
 -2.803e+04 2.803e+04
 -7.21e+04 7.21e+04
 5446 -5446
 -6.226e+04 6.226e+04
 -1.227e+05 1.227e+05
 -6.471e+04 6.471e+04
 -6537 6537
 -3.638e+04 3.638e+04
 -1.61e+05 1.61e+05
 -1121 1121
 1.394e+05 -1.394e+05
 -1.242e+05 1.242e+05
 3.956e+04 -3.956e+04
 -2.857e+05 2.857e+05
 6.976e+04 -6.976e+04
 -691.7 691.7
 1.223e+04 -1.223e+04
 8619 -8619
 -5306 5306
 1.791e+05 -1.791e+05
 -1.924e+04 1.924e+04
 -1.239e+05 1.239e+05
 8.135e+04 -8.135e+04
 4.448e+04 -4.448e+04
 -1.963e+05 1.963e+05
 1.86e+05 -1.86e+05
 -5174 5174
 1.138e+05 -1.138e+05
 -1.262e+04 1.262e+04
 -1.479e+05 1.479e+05
 -8.052e+04 8.052e+04
 1.999e+04 -1.999e+04
 -4.925e+04 4.925e+04
 1.288e+05 -1.288e+05
 -1.616e+05 1.616e+05
 1.033e+05 -1.033e+05
 -9.056e+04 9.056e+04
 -1.385e+05 1.385e+05
 -3.454e+04 3.454e+04
 1.811e+05 -1.811e+05
 -5.693e+04 5.693e+04
 1.767e+05 -1.767e+05
 -8.172e+04 8.172e+04
 8.288e+04 -8.288e+04
 666.6 -666.6
 3.563e+04 -3.563e+04
 -1.33e+05 1.33e+05
 -2.866e+04 2.866e+04
 -3378 3378
 8.444e+04 -8.444e+04
 -3.953e+04 3.953e+04
 3.705e+04 -3.705e+04
 -5117 5117
 -4.426e+04 4.426e+04
 -5.22e+04 5.22e+04
 1.159e+05 -1.159e+05
 2518 -2518
 2.878e+04 -2.878e+04
 -4.696e+04 4.696e+04
 3.025e+04 -3.025e+04
 3.083e+04 -3.083e+04
 -736.2 736.2
 2.523e+05 -2.523e+05
 -1.008e+05 1.008e+05
 -1.153e+04 1.153e+04
 -9235 9235
 1.006e+05 -1.006e+05
 1.045e+05 -1.045e+05
 -7909 7909
 5.86e+04 -5.86e+04
 1.481e+04 -1.481e+04
 -2.136e+04 2.136e+04
 -4.001e+04 4.001e+04
 1.617e+05 -1.617e+05
 2.869e+05 -2.869e+05
 2.796e+04 -2.796e+04
 4.827e+04 -4.827e+04
 -3.611e+04 3.611e+04
 7.442e+04 -7.442e+04
 -2.505e+04 2.505e+04
 5.339e+04 -5.339e+04
 -1.369e+05 1.369e+05
 5.377e+04 -5.377e+04
 3.547e+04 -3.547e+04
 -7.025e+04 7.025e+04
 -6.423e+04 6.423e+04
 1.122e+04 -1.122e+04
 -3.578e+04 3.578e+04
 9358 -9358
 -6.925e+04 6.925e+04
 -2735 2735
 1.628e+04 -1.628e+04
 9.237e+04 -9.237e+04
 1.137e+05 -1.137e+05
 3.372e+04 -3.372e+04
 3.441e+05 -3.441e+05
 1.146e+05 -1.146e+05
 -2.13e+05 2.13e+05
 1555 -1555
 -2.132e+04 2.132e+04
 -1.46e+05 1.46e+05
 2.968e+04 -2.968e+04
 4.177e+04 -4.177e+04
 -9.318e+04 9.318e+04
 -2.092e+04 2.092e+04
 -1.033e+05 1.033e+05
 -9.597e+04 9.597e+04
 1.103e+04 -1.103e+04
 1.224e+04 -1.224e+04
 -2.129e+04 2.129e+04
 -6.459e+04 6.459e+04
 5382 -5382
 -2.178e+04 2.178e+04
 3598 -3598
 -1.889e+04 1.889e+04
 -1.312e+05 1.312e+05
 -1.745e+04 1.745e+04
 -4.656e+04 4.656e+04
 3.008e+04 -3.008e+04
 -1.431e+04 1.431e+04
 -1.068e+05 1.068e+05
 4.623e+04 -4.623e+04
 -5.086e+04 5.086e+04
 -8801 8801
 -1.922e+05 1.922e+05
 1.966e+04 -1.966e+04
 3.733e+04 -3.733e+04
 5.399e+04 -5.399e+04
 -1.019e+05 1.019e+05
 -5.806e+04 5.806e+04
 1.274e+05 -1.274e+05
 -1.418e+04 1.418e+04
 5.709e+04 -5.709e+04
 -2.04e+05 2.04e+05
 -4.449e+04 4.449e+04
 4.418e+04 -4.418e+04
 -7.263e+04 7.263e+04
 -1.073e+05 1.073e+05
 9.309e+04 -9.309e+04
 1.139e+05 -1.139e+05
 5.428e+04 -5.428e+04
 1.014e+05 -1.014e+05
 2.197e+05 -2.197e+05
 -3.746e+04 3.746e+04
 4.682e+04 -4.682e+04
 -1.306e+05 1.306e+05
 9.767e+04 -9.767e+04
 -4.897e+04 4.897e+04
 2.941e+04 -2.941e+04
 4.32e+04 -4.32e+04
 -1.844e+05 1.844e+05
 -3671 3671
 -2.276e+05 2.276e+05
 -7791 7791
 1.951e+04 -1.951e+04
 -1.356e+05 1.356e+05
 6.901e+04 -6.901e+04
 -1.54e+04 1.54e+04
 -9.932e+04 9.932e+04
 -6.944e+04 6.944e+04
 -3.95e+04 3.95e+04
 2.112e+04 -2.112e+04
 2.904e+04 -2.904e+04
 -2.071e+05 2.071e+05
 -1.154e+05 1.154e+05
 4.049e+04 -4.049e+04
 9621 -9621
 7.23e+04 -7.23e+04
 -1.167e+05 1.167e+05
 -3.673e+04 3.673e+04
 -4.837e+04 4.837e+04
 -3.856e+04 3.856e+04
 -6.956e+04 6.956e+04
 6.225e+04 -6.225e+04
 -9.814e+04 9.814e+04
 -859.4 859.4
 -6.669e+04 6.669e+04
 2.51e+04 -2.51e+04
 -8.868e+04 8.868e+04
 -8.971e+04 8.971e+04
 -1.215e+04 1.215e+04
 -5.005e+04 5.005e+04
 2.095e+04 -2.095e+04
 9.46e+04 -9.46e+04
 -1.91e+05 1.91e+05
 5.016e+04 -5.016e+04
 2.813e+04 -2.813e+04
 6.606e+04 -6.606e+04
 2.654e+04 -2.654e+04
 -8.744e+04 8.744e+04
 5064 -5064
 1.566e+05 -1.566e+05
 -8175 8175
 9596 -9596
 6.038e+04 -6.038e+04
 -1.096e+05 1.096e+05
 2.348e+04 -2.348e+04
 -8.222e+04 8.222e+04
 -1.681e+04 1.681e+04
 -1.133e+05 1.133e+05
 2.389e+05 -2.389e+05
 -2.462e+04 2.462e+04
 1.093e+05 -1.093e+05
 1.647e+05 -1.647e+05
 -5.964e+04 5.964e+04
 4.944e+05 -4.944e+05
 -1.511e+05 1.511e+05
 -4302 4302
 -2.189e+04 2.189e+04
 1.755e+04 -1.755e+04
 -1.785e+05 1.785e+05
 -9.988e+04 9.988e+04
 -9.577e+04 9.577e+04
 2.032e+04 -2.032e+04
 -8.733e+04 8.733e+04
 -1.127e+04 1.127e+04
 1.341e+05 -1.341e+05
 -1.154e+05 1.154e+05
 2.914e+05 -2.914e+05
 -5.714e+04 5.714e+04
 1.065e+05 -1.065e+05
 4.651e+04 -4.651e+04
 4.047e+04 -4.047e+04
 -1.441e+05 1.441e+05
 -2.034e+04 2.034e+04
 -9.221e+04 9.221e+04
 -9661 9661
 -1.156e+05 1.156e+05
 -1.012e+04 1.012e+04
 1.632e+04 -1.632e+04
 -1.074e+05 1.074e+05
 1.948e+05 -1.948e+05
 2.778e+04 -2.778e+04
 -2650 2650
 1.259e+04 -1.259e+04
 1.212e+05 -1.212e+05
 -4.992e+04 4.992e+04
 1.657e+05 -1.657e+05
 -2.112e+04 2.112e+04
 4.634e+04 -4.634e+04
 2.005e+05 -2.005e+05
 -1.016e+05 1.016e+05
 -1.488e+04 1.488e+04
 2.044e+04 -2.044e+04
 -9.191e+04 9.191e+04
 -4.035e+04 4.035e+04
 -4.675e+04 4.675e+04
 9.796e+04 -9.796e+04
 2.071e+05 -2.071e+05
 -1.009e+05 1.009e+05
 -1.327e+05 1.327e+05
 -1.09e+05 1.09e+05
 -1.443e+04 1.443e+04
 -5.203e+04 5.203e+04
 8.946e+04 -8.946e+04
 -5.386e+04 5.386e+04
 4.737e+04 -4.737e+04
 5.151e+04 -5.151e+04
 -3.198e+05 3.198e+05
 1.461e+05 -1.461e+05
 -1.408e+05 1.408e+05
 5.265e+04 -5.265e+04
 -7.582e+04 7.582e+04
 3.484e+04 -3.484e+04
 5.519e+04 -5.519e+04
 -8.863e+04 8.863e+04
 -8.86e+04 8.86e+04
 -7.516e+04 7.516e+04
 1.317e+05 -1.317e+05
 2.391e+04 -2.391e+04
 1.836e+05 -1.836e+05
 1.035e+05 -1.035e+05
 -7.186e+04 7.186e+04
 7.654e+04 -7.654e+04
 -3750 3750
 9.507e+04 -9.507e+04
 1.265e+04 -1.265e+04
 -3.408e+04 3.408e+04
 -1.809e+05 1.809e+05
 1.433e+05 -1.433e+05
 1.747e+04 -1.747e+04
 8.591e+04 -8.591e+04
 -1.997e+04 1.997e+04
 -4.642e+04 4.642e+04
 3.324e+04 -3.324e+04
 -3.338e+04 3.338e+04
 -4.961e+04 4.961e+04
 -1.667e+04 1.667e+04
 7.537e+04 -7.537e+04
 1.772e+05 -1.772e+05
 -6785 6785
 6.768e+04 -6.768e+04
 1.962e+05 -1.962e+05
 7.368e+04 -7.368e+04
 7.929e+04 -7.929e+04
 -4.072e+04 4.072e+04
 7417 -7417
 -7562 7562
 1.006e+05 -1.006e+05
 7.243e+04 -7.243e+04
 1.357e+05 -1.357e+05
 3.723e+04 -3.723e+04
 -4.879e+04 4.879e+04
 3.621e+04 -3.621e+04
 -8.587e+04 8.587e+04
 -2.279e+04 2.279e+04
 4.017e+04 -4.017e+04
 -4.236e+04 4.236e+04
 1.014e+05 -1.014e+05
 8.023e+04 -8.023e+04
 -1.158e+04 1.158e+04
 1.612e+05 -1.612e+05
 -1.342e+04 1.342e+04
 9.064e+04 -9.064e+04
 -4.083e+04 4.083e+04
 -3.954e+04 3.954e+04
 -4.006e+04 4.006e+04
 4.342e+04 -4.342e+04
 -4.443e+04 4.443e+04
 1.134e+05 -1.134e+05
 1.179e+05 -1.179e+05
 6.231e+04 -6.231e+04
 -1.347e+04 1.347e+04
 -5.882e+04 5.882e+04
 -1.049e+05 1.049e+05
 -5.431e+04 5.431e+04
 1.408e+05 -1.408e+05
 4.034e+04 -4.034e+04
 -1.71e+05 1.71e+05
 1.826e+04 -1.826e+04
 -2.393e+04 2.393e+04
 -5.005e+04 5.005e+04
 9.737e+04 -9.737e+04
 2.612e+04 -2.612e+04
 -1.972e+05 1.972e+05
 1.289e+04 -1.289e+04
 1.487e+05 -1.487e+05
 -9.063e+04 9.063e+04
 4.095e+04 -4.095e+04
 -4.078e+04 4.078e+04
 6.133e+04 -6.133e+04
 -1.277e+05 1.277e+05
 -3.968e+04 3.968e+04
 -7.77e+04 7.77e+04
 5.561e+04 -5.561e+04
 9.651e+04 -9.651e+04
 -8.276e+04 8.276e+04
 2.398e+04 -2.398e+04
 -2.461e+04 2.461e+04
 -6.653e+04 6.653e+04
 -3.33e+04 3.33e+04
 5.454e+04 -5.454e+04
 7741 -7741
 1.625e+05 -1.625e+05
 -2.208e+04 2.208e+04
 -5.819e+04 5.819e+04
 5.426e+04 -5.426e+04
 3.286e+04 -3.286e+04
 -2.634e+04 2.634e+04
 1.277e+05 -1.277e+05
 7.047e+04 -7.047e+04
 2.688e+04 -2.688e+04
 1.787e+05 -1.787e+05
 -9.539e+04 9.539e+04
 5.853e+04 -5.853e+04
 -9.73e+04 9.73e+04
 8.87e+04 -8.87e+04
 1.985e+05 -1.985e+05
 1.92e+04 -1.92e+04
 1.719e+05 -1.719e+05
 1.664e+05 -1.664e+05
 -6.14e+04 6.14e+04
 1.966e+05 -1.966e+05
 -2.863e+04 2.863e+04
 1.835e+05 -1.835e+05
 4.858e+04 -4.858e+04
 1.896e+04 -1.896e+04
 -6.168e+04 6.168e+04
 6700 -6700
 -2.158e+04 2.158e+04
 -1.336e+05 1.336e+05
 4.12e+04 -4.12e+04
 5.645e+04 -5.645e+04
 6.481e+04 -6.481e+04
 -1.428e+04 1.428e+04
 2.274e+05 -2.274e+05
 -1.045e+05 1.045e+05
 981.3 -981.3
 -3142 3142
 -7.386e+04 7.386e+04
 7042 -7042
 4.017e+04 -4.017e+04
 7.968e+04 -7.968e+04
 -1.544e+05 1.544e+05
 7.611e+04 -7.611e+04
 7.175e+04 -7.175e+04
 -3.448e+04 3.448e+04
 -3.852e+04 3.852e+04
 6.339e+04 -6.339e+04
 1.841e+05 -1.841e+05
 2.856e+04 -2.856e+04
 1.712e+05 -1.712e+05
 2.659e+04 -2.659e+04
 -7.452e+04 7.452e+04
 -2.487e+04 2.487e+04
 1.148e+05 -1.148e+05
 1.21e+05 -1.21e+05
 1.261e+05 -1.261e+05
 -1.593e+05 1.593e+05
 -6363 6363
 -3.031e+04 3.031e+04
 -1.167e+04 1.167e+04
 -8.691e+04 8.691e+04
 -1.22e+05 1.22e+05
 5879 -5879
 8.519e+04 -8.519e+04
 -3699 3699
 -5374 5374
 -2.367e+05 2.367e+05
 -5861 5861
 -1084 1084
 -3855 3855
 -4.176e+04 4.176e+04
 6.395e+04 -6.395e+04
 4.234e+04 -4.234e+04
 -2.734e+04 2.734e+04
 1.491e+05 -1.491e+05
 4.728e+04 -4.728e+04
 9.406e+04 -9.406e+04
 1.377e+04 -1.377e+04
 -2.438e+04 2.438e+04
 -4.704e+04 4.704e+04
 1.448e+04 -1.448e+04
 -6700 6700
 -764.7 764.7
 -2.153e+04 2.153e+04
 -5.164e+04 5.164e+04
 -8344 8344
 -7.055e+04 7.055e+04
 2.799e+04 -2.799e+04
 -3.458e+04 3.458e+04
 2.02e+04 -2.02e+04
 -1.142e+05 1.142e+05
 5.704e+04 -5.704e+04
 -1.347e+05 1.347e+05
 2.944e+04 -2.944e+04
 3617 -3617
 6.119e+04 -6.119e+04
 2.909e+04 -2.909e+04
 2.957e+04 -2.957e+04
 -1.359e+05 1.359e+05
 1.695e+05 -1.695e+05
 2.293e+04 -2.293e+04
 2524 -2524
 5.872e+04 -5.872e+04
 -1.702e+05 1.702e+05
 -1.369e+05 1.369e+05
 -4.672e+04 4.672e+04
 -4.855e+04 4.855e+04
 3872 -3872
 2.802e+05 -2.802e+05
 -1.815e+04 1.815e+04
 -1.743e+04 1.743e+04
 -2.491e+04 2.491e+04
 -3937 3937
 -6077 6077
 8.103e+04 -8.103e+04
 -8451 8451
 -262.8 262.8
 -2.858e+04 2.858e+04
 2.727e+04 -2.727e+04
 -1.214e+05 1.214e+05
 -5.792e+04 5.792e+04
 1.234e+04 -1.234e+04
 6.018e+04 -6.018e+04
 -2.735e+04 2.735e+04
 -2.625e+04 2.625e+04
 2.582e+04 -2.582e+04
 7886 -7886
 -3.559e+04 3.559e+04
 9.031e+04 -9.031e+04
 -6.465e+04 6.465e+04
 1.075e+05 -1.075e+05
 8882 -8882
 1.341e+04 -1.341e+04
 -6.78e+04 6.78e+04
 -2.394e+05 2.394e+05
 -7741 7741
 7.147e+04 -7.147e+04
 -3.555e+04 3.555e+04
 1612 -1612
 -5.664e+04 5.664e+04
 -2.116e+04 2.116e+04
 1.908e+05 -1.908e+05
 -1.386e+05 1.386e+05
 4.818e+04 -4.818e+04
 -9.322e+04 9.322e+04
 -6.973e+04 6.973e+04
 2276 -2276
 3.302e+04 -3.302e+04
 8631 -8631
 2.988e+04 -2.988e+04
 2.668e+04 -2.668e+04
 4.842e+04 -4.842e+04
 4.778e+04 -4.778e+04
 -7.151e+04 7.151e+04
 6.727e+04 -6.727e+04
 4.253e+04 -4.253e+04
 3.104e+04 -3.104e+04
 9612 -9612
 -1.656e+05 1.656e+05
 9.402e+04 -9.402e+04
 1.016e+04 -1.016e+04
 -1.072e+05 1.072e+05
 -9.196e+04 9.196e+04
 -6.512e+04 6.512e+04
 -2.637e+04 2.637e+04
 6.99e+04 -6.99e+04
 -6.947e+04 6.947e+04
 -8.671e+04 8.671e+04
 5.41e+04 -5.41e+04
 7.74e+04 -7.74e+04
 -6.264e+04 6.264e+04
 2.294e+04 -2.294e+04
 -4.541e+04 4.541e+04
 -8.183e+04 8.183e+04
 -4.408e+04 4.408e+04
 -9.777e+04 9.777e+04
 -1.027e+05 1.027e+05
 3.003e+04 -3.003e+04
 -1.324e+05 1.324e+05
 -4.869e+04 4.869e+04
 -7.939e+04 7.939e+04
 -9.684e+04 9.684e+04
 -1.221e+04 1.221e+04
 5.055e+04 -5.055e+04
 -1.475e+04 1.475e+04
 1.046e+05 -1.046e+05
 1.165e+05 -1.165e+05
 -1.742e+05 1.742e+05
 2.622e+04 -2.622e+04
 1.194e+05 -1.194e+05
 -1.238e+05 1.238e+05
 -8.435e+04 8.435e+04
 -1.101e+05 1.101e+05
 -2.055e+04 2.055e+04
 -5569 5569
 -4.729e+04 4.729e+04
 -2.066e+05 2.066e+05
 -7.42e+04 7.42e+04
 8.775e+04 -8.775e+04
 8.233e+04 -8.233e+04
 -1.33e+05 1.33e+05
 4.69e+04 -4.69e+04
 -2.222e+05 2.222e+05
 -2.809e+04 2.809e+04
 1.072e+05 -1.072e+05
 -1.253e+05 1.253e+05
 5076 -5076
 6.593e+04 -6.593e+04
 3.927e+04 -3.927e+04
 2813 -2813
 2.375e+05 -2.375e+05
 -3648 3648
 1.458e+05 -1.458e+05
 -9.508e+04 9.508e+04
 1.419e+05 -1.419e+05
 -1.293e+04 1.293e+04
 -8.111e+04 8.111e+04
 1.08e+05 -1.08e+05
 8.102e+04 -8.102e+04
 -5.63e+04 5.63e+04
 -1.816e+05 1.816e+05
 -4606 4606
 9.401e+04 -9.401e+04
 1.084e+04 -1.084e+04
 -3.431e+04 3.431e+04
 2.519e+04 -2.519e+04
 -6.794e+04 6.794e+04
 1.467e+04 -1.467e+04
 -1.235e+04 1.235e+04
 -174.5 174.5
 4.921e+04 -4.921e+04
 1.198e+05 -1.198e+05
 2.165e+05 -2.165e+05
 -2.261e+05 2.261e+05
 -3.538e+04 3.538e+04
 -8.454e+04 8.454e+04
 4.108e+04 -4.108e+04
 -1.426e+05 1.426e+05
 7.9e+04 -7.9e+04
 6.729e+04 -6.729e+04
 -7.457e+04 7.457e+04
 -5.467e+04 5.467e+04
 -8.587e+04 8.587e+04
 6.203e+04 -6.203e+04
 -8.818e+04 8.818e+04
 1911 -1911
 -5.854e+04 5.854e+04
 1.17e+05 -1.17e+05
 -2.251e+04 2.251e+04
 -6277 6277
 -8.959e+04 8.959e+04
 1.591e+05 -1.591e+05
 -1.278e+04 1.278e+04
 -2.833e+04 2.833e+04
 1.263e+05 -1.263e+05
 -1.324e+04 1.324e+04
 -1.666e+04 1.666e+04
 7.131e+04 -7.131e+04
 -5.5e+04 5.5e+04
 -63.38 63.38
 -8.4e+04 8.4e+04
 -4.754e+04 4.754e+04
 -3.448e+04 3.448e+04
 -7.414e+04 7.414e+04
 1.002e+04 -1.002e+04
 -3.517e+04 3.517e+04
 -7.316e+04 7.316e+04
 3.293e+04 -3.293e+04
 -9.377e+04 9.377e+04
 8.17e+04 -8.17e+04
 -7.165e+04 7.165e+04
 4.537e+04 -4.537e+04
 -1.115e+05 1.115e+05
 6.475e+04 -6.475e+04
 -1.811e+04 1.811e+04
 -1.094e+05 1.094e+05
 7.1e+04 -7.1e+04
 -7.987e+04 7.987e+04
 3.528e+04 -3.528e+04
 1.175e+04 -1.175e+04
 -3.648e+04 3.648e+04
 1.215e+05 -1.215e+05
 2.732e+04 -2.732e+04
 -8.868e+04 8.868e+04
 6.047e+04 -6.047e+04
 -1.25e+05 1.25e+05
 -4.417e+04 4.417e+04
 -5.086e+04 5.086e+04
 -5.538e+04 5.538e+04
 -8.118e+04 8.118e+04
 -9007 9007
 1.182e+05 -1.182e+05
 3518 -3518
 8.214e+04 -8.214e+04
 1.503e+05 -1.503e+05
 2.18e+04 -2.18e+04
 -5.024e+04 5.024e+04
 2.206e+05 -2.206e+05
 -6.38e+04 6.38e+04
 7.044e+04 -7.044e+04
 -4.31e+04 4.31e+04
 4.267e+04 -4.267e+04
 -1877 1877
 1.735e+04 -1.735e+04
 3277 -3277
 -1.449e+05 1.449e+05
 -5.837e+04 5.837e+04
 4.786e+04 -4.786e+04
 -1.007e+05 1.007e+05
 4.832e+04 -4.832e+04
 -3.202e+04 3.202e+04
 -2.141e+04 2.141e+04
 -2.148e+05 2.148e+05
 2.392e+05 -2.392e+05
 -1.08e+05 1.08e+05
 2442 -2442
 -4.226e+04 4.226e+04
 1.512e+04 -1.512e+04
 -9.662e+04 9.662e+04
 -1.834e+04 1.834e+04
 -6.316e+04 6.316e+04
 2.022e+05 -2.022e+05
 -1.796e+04 1.796e+04
 -2.995e+04 2.995e+04
 3.481e+04 -3.481e+04
 2.129e+05 -2.129e+05
 -7.382e+04 7.382e+04
 1.318e+04 -1.318e+04
 1.093e+05 -1.093e+05
 3.751e+04 -3.751e+04
 -6.09e+04 6.09e+04
 5.458e+04 -5.458e+04
 8.046e+04 -8.046e+04
 -2.344e+05 2.344e+05
 -5.214e+04 5.214e+04
 -4.111e+04 4.111e+04
 -3.186e+05 3.186e+05
 -1282 1282
 4708 -4708
 -4.607e+04 4.607e+04
 3.968e+04 -3.968e+04
 1379 -1379
 1.787e+04 -1.787e+04
 -5.779e+04 5.779e+04
 1.516e+04 -1.516e+04
 -4.248e+04 4.248e+04
 -5211 5211
 -9.603e+04 9.603e+04
 -7.005e+04 7.005e+04
 1.412e+05 -1.412e+05
 2.087e+04 -2.087e+04
 1.735e+05 -1.735e+05
 -2.585e+04 2.585e+04
 -6.572e+04 6.572e+04
 -1.027e+04 1.027e+04
 -7.38e+04 7.38e+04
 1.474e+05 -1.474e+05
 -9.781e+04 9.781e+04
 -6.651e+04 6.651e+04
 8.711e+04 -8.711e+04
 9.212e+04 -9.212e+04
 -7.166e+04 7.166e+04
 -7.032e+04 7.032e+04
 -1.199e+05 1.199e+05
 2710 -2710
 5947 -5947
 -6.478e+04 6.478e+04
 -1.159e+05 1.159e+05
 -1.439e+04 1.439e+04
 -4.501e+04 4.501e+04
 -465.4 465.4
 -7.829e+04 7.829e+04
 1.238e+05 -1.238e+05
 -1.345e+05 1.345e+05
 1.704e+05 -1.704e+05
 -4.087e+04 4.087e+04
 -2.523e+04 2.523e+04
 -1.447e+05 1.447e+05
 2.162e+04 -2.162e+04
 7.95e+04 -7.95e+04
 -1.302e+04 1.302e+04
 -8.132e+04 8.132e+04
 -1.55e+05 1.55e+05
 -1.375e+04 1.375e+04
 1.757e+05 -1.757e+05
 -1.373e+05 1.373e+05
 -1102 1102
 -5.152e+04 5.152e+04
 2.407e+04 -2.407e+04
 -1.416e+04 1.416e+04
 4.553e+04 -4.553e+04
 -5.94e+04 5.94e+04
 -1.869e+04 1.869e+04
 3.314e+04 -3.314e+04
 3.881e+04 -3.881e+04
 1.408e+05 -1.408e+05
 8.119e+04 -8.119e+04
 1.088e+05 -1.088e+05
 -2.572e+04 2.572e+04
 -6.52e+04 6.52e+04
 2579 -2579
 5.385e+04 -5.385e+04
 1.002e+05 -1.002e+05
 5.64e+04 -5.64e+04
 -6.781e+04 6.781e+04
 3.616e+04 -3.616e+04
 -3832 3832
 1.283e+05 -1.283e+05
 6.022e+04 -6.022e+04
 2.108e+04 -2.108e+04
 -7326 7326
 -1.85e+04 1.85e+04
 2.214e+04 -2.214e+04
 1.986e+04 -1.986e+04
 -1.581e+04 1.581e+04
 -1.643e+05 1.643e+05
 1.066e+04 -1.066e+04
 -1.043e+05 1.043e+05
 -9868 9868
 1.42e+05 -1.42e+05
 -7.567e+04 7.567e+04
 7.718e+04 -7.718e+04
 6.095e+04 -6.095e+04
 -1.312e+05 1.312e+05
 -2.254e+05 2.254e+05
 6.762e+04 -6.762e+04
 -1.17e+05 1.17e+05
 7332 -7332
 -1.03e+05 1.03e+05
 -4.95e+04 4.95e+04
 1.252e+05 -1.252e+05
 2.612e+05 -2.612e+05
 1.222e+05 -1.222e+05
 -5596 5596
 2.821e+05 -2.821e+05
 2.406e+04 -2.406e+04
 2.542e+04 -2.542e+04
 -7.585e+04 7.585e+04
 -3.985e+04 3.985e+04
 1.744e+05 -1.744e+05
 -5.939e+04 5.939e+04
 -1.137e+05 1.137e+05
 3.431e+04 -3.431e+04
 -1.285e+05 1.285e+05
 -3.993e+04 3.993e+04
 -4.551e+04 4.551e+04
 1.497e+04 -1.497e+04
 9592 -9592
 -9.359e+04 9.359e+04
 -7.533e+04 7.533e+04
 -2.576e+04 2.576e+04
 1.169e+05 -1.169e+05
 1.199e+05 -1.199e+05
 4.015e+04 -4.015e+04
 7.797e+04 -7.797e+04
 1.061e+05 -1.061e+05
 7.737e+04 -7.737e+04
 1.8e+04 -1.8e+04
 -1.414e+05 1.414e+05
 -1.447e+04 1.447e+04
 -4.23e+04 4.23e+04
 -4.924e+04 4.924e+04
 -7.438e+04 7.438e+04
 5.434e+04 -5.434e+04
 -2.918e+05 2.918e+05
 4.423e+04 -4.423e+04
 4.734e+04 -4.734e+04
 -1.368e+05 1.368e+05
 1.256e+05 -1.256e+05
 2.056e+04 -2.056e+04
 -3.066e+04 3.066e+04
 -2.721e+04 2.721e+04
 -2.796e+04 2.796e+04
 5.619e+04 -5.619e+04
 -2.594e+05 2.594e+05
 9.237e+04 -9.237e+04
 -2.771e+05 2.771e+05
 2.104e+05 -2.104e+05
 -3.559e+04 3.559e+04
 -2.076e+05 2.076e+05
 4.721e+04 -4.721e+04
 -1.222e+04 1.222e+04
 -9.987e+04 9.987e+04
 -1.867e+04 1.867e+04
 -7.227e+04 7.227e+04
 -2.256e+04 2.256e+04
 -1.661e+05 1.661e+05
 -2.534e+04 2.534e+04
 2485 -2485
 1.348e+05 -1.348e+05
 -1.984e+04 1.984e+04
 1.494e+05 -1.494e+05
 8.765e+04 -8.765e+04
 7.569e+04 -7.569e+04
 1.36e+05 -1.36e+05
 -4.547e+04 4.547e+04
 -1.304e+04 1.304e+04
 9.713e+04 -9.713e+04
 -1.229e+04 1.229e+04
 -2.526e+04 2.526e+04
 -6.396e+04 6.396e+04
 -5.611e+04 5.611e+04
 -8.808e+04 8.808e+04
 4.871e+04 -4.871e+04
 -2.486e+04 2.486e+04
 -1.386e+04 1.386e+04
 -4.29e+04 4.29e+04
 -2.818e+04 2.818e+04
 -2.147e+05 2.147e+05
 -4989 4989
 -1.669e+04 1.669e+04
 -7374 7374
 -1.002e+04 1.002e+04
 9.562e+04 -9.562e+04
 -1.465e+04 1.465e+04
 5.395e+04 -5.395e+04
 -1.023e+05 1.023e+05
 3.969e+05 -3.969e+05
 1.115e+05 -1.115e+05
 -1.389e+04 1.389e+04
 5.197e+04 -5.197e+04
 1.557e+05 -1.557e+05
 -1.436e+05 1.436e+05
 -5.417e+04 5.417e+04
 -1.045e+05 1.045e+05
 4.807e+04 -4.807e+04
 -1.354e+04 1.354e+04
 1.628e+05 -1.628e+05
 1.063e+04 -1.063e+04
 6.473e+04 -6.473e+04
 -1.209e+05 1.209e+05
 -9.388e+04 9.388e+04
 5781 -5781
 -2880 2880
 4.638e+04 -4.638e+04
 -3994 3994
 1.692e+05 -1.692e+05
 -2.234e+04 2.234e+04
 -1.923e+04 1.923e+04
 -2.061e+04 2.061e+04
 1.404e+04 -1.404e+04
 -5.239e+04 5.239e+04
 1.435e+05 -1.435e+05
 -4.808e+04 4.808e+04
 1.047e+05 -1.047e+05
 8.07e+04 -8.07e+04
 4.559e+04 -4.559e+04
 -1.28e+05 1.28e+05
 -1630 1630
 7.566e+04 -7.566e+04
 -9.816e+04 9.816e+04
 3.235e+04 -3.235e+04
 5.88e+04 -5.88e+04
 -3.576e+04 3.576e+04
 4.75e+04 -4.75e+04
 -2350 2350
 9.551e+04 -9.551e+04
 -2.296e+04 2.296e+04
 -3054 3054
 -2.877e+05 2.877e+05
 1.151e+04 -1.151e+04
 -9.72e+04 9.72e+04
 -7.004e+04 7.004e+04
 -2.74e+04 2.74e+04
 -1.665e+04 1.665e+04
 -3.802e+04 3.802e+04
 -3.037e+04 3.037e+04
 1.153e+04 -1.153e+04
 -2.002e+05 2.002e+05
 8.51e+04 -8.51e+04
 -8.192e+04 8.192e+04
 -4.465e+04 4.465e+04
 1.951e+04 -1.951e+04
 7.654e+04 -7.654e+04
 -3.703e+04 3.703e+04
 2.399e+04 -2.399e+04
 -1.022e+05 1.022e+05
 9.364e+04 -9.364e+04
 -9.217e+04 9.217e+04
 1.333e+05 -1.333e+05
 1.246e+04 -1.246e+04
 3.811e+04 -3.811e+04
 -1.071e+05 1.071e+05
 4.246e+04 -4.246e+04
 1.459e+04 -1.459e+04
 -1.457e+04 1.457e+04
 2.252e+05 -2.252e+05
 3.002e+05 -3.002e+05
 -1.566e+05 1.566e+05
 9.199e+04 -9.199e+04
 4.157e+04 -4.157e+04
 7.982e+04 -7.982e+04
 -5.592e+04 5.592e+04
 2.671e+04 -2.671e+04
 -2.879e+04 2.879e+04
 7179 -7179
 -1.743e+05 1.743e+05
 9.804e+04 -9.804e+04
 -1.004e+05 1.004e+05
 -3.407e+04 3.407e+04
 1.554e+04 -1.554e+04
 -1.503e+04 1.503e+04
 3.136e+05 -3.136e+05
 1.028e+05 -1.028e+05
 1.501e+04 -1.501e+04
 -1.043e+05 1.043e+05
 -9.105e+04 9.105e+04
 5.294e+04 -5.294e+04
 1.551e+04 -1.551e+04
 -8.712e+04 8.712e+04
 9.342e+04 -9.342e+04
 -3.641e+04 3.641e+04
 1.456e+05 -1.456e+05
 -1.46e+05 1.46e+05
 1.201e+05 -1.201e+05
 1.525e+05 -1.525e+05
 -2.5e+05 2.5e+05
 -9.484e+04 9.484e+04
 4.919e+04 -4.919e+04
 -5.149e+04 5.149e+04
 6.727e+04 -6.727e+04
 -9201 9201
 -4.245e+04 4.245e+04
 -2.468e+05 2.468e+05
 -2.733e+04 2.733e+04
 9.018e+04 -9.018e+04
 -1.348e+05 1.348e+05
 3.552e+04 -3.552e+04
 3.355e+05 -3.355e+05
 -2.587e+04 2.587e+04
 9.646e+04 -9.646e+04
 1.242e+05 -1.242e+05
 -8.133e+04 8.133e+04
 -8.068e+04 8.068e+04
 1.596e+05 -1.596e+05
 3.962e+04 -3.962e+04
 -2543 2543
 3.208e+04 -3.208e+04
 -4.21e+04 4.21e+04
 4.346e+04 -4.346e+04
 -9.4e+04 9.4e+04
 -9.253e+04 9.253e+04
 -1.08e+05 1.08e+05
 1.856e+05 -1.856e+05
 -1.262e+04 1.262e+04
 5.905e+04 -5.905e+04
 -2.43e+04 2.43e+04
 4.624e+04 -4.624e+04
 1.106e+04 -1.106e+04
 5.097e+04 -5.097e+04
 2.485e+05 -2.485e+05
 -7.268e+04 7.268e+04
 -1.024e+05 1.024e+05
 -4.349e+04 4.349e+04
 -1.782e+05 1.782e+05
 7.603e+04 -7.603e+04
 2.415e+04 -2.415e+04
 2.477e+04 -2.477e+04
 -2.942e+04 2.942e+04
 -3573 3573
 -5.335e+04 5.335e+04
 -2192 2192
 -3.599e+04 3.599e+04
 -1.357e+05 1.357e+05
 1.012e+05 -1.012e+05
 -4.6e+04 4.6e+04
 -1.286e+05 1.286e+05
 -1.449e+05 1.449e+05
 -3.898e+04 3.898e+04
 1.115e+05 -1.115e+05
 -6.696e+04 6.696e+04
 1.733e+04 -1.733e+04
 4.997e+04 -4.997e+04
 1.141e+05 -1.141e+05
 -1.892e+04 1.892e+04
 -2.203e+05 2.203e+05
 -2.032e+04 2.032e+04
 3.053e+04 -3.053e+04
 -1.689e+04 1.689e+04
 -1.289e+05 1.289e+05
 1.405e+05 -1.405e+05
 -1.253e+04 1.253e+04
 -6274 6274
 -2.745e+04 2.745e+04
 -1194 1194
 -4.51e+04 4.51e+04
 -5.26e+04 5.26e+04
 9.923e+04 -9.923e+04
 -7.85e+04 7.85e+04
 -7.143e+04 7.143e+04
 5.914e+04 -5.914e+04
 5.323e+04 -5.323e+04
 -1.019e+04 1.019e+04
 5.879e+04 -5.879e+04
 1.768e+05 -1.768e+05
 2.12e+04 -2.12e+04
 5.604e+04 -5.604e+04
 -3.218e+04 3.218e+04
 4.805e+04 -4.805e+04
 -1.339e+05 1.339e+05
 -3.56e+04 3.56e+04
 -8.478e+04 8.478e+04
 -8.81e+04 8.81e+04
 1.048e+05 -1.048e+05
 8449 -8449
 -3.661e+04 3.661e+04
 6.545e+04 -6.545e+04
 2.661e+04 -2.661e+04
 4.678e+04 -4.678e+04
 2.234e+05 -2.234e+05
 5.847e+04 -5.847e+04
 4.571e+04 -4.571e+04
 2.935e+04 -2.935e+04
 1.28e+05 -1.28e+05
 -7.522e+04 7.522e+04
 8.299e+04 -8.299e+04
 1.053e+05 -1.053e+05
 5.302e+04 -5.302e+04
 9.996e+04 -9.996e+04
 -3.209e+04 3.209e+04
 7.413e+04 -7.413e+04
 1.607e+05 -1.607e+05
 -1.357e+05 1.357e+05
 1.46e+05 -1.46e+05
 -1.292e+05 1.292e+05
 1.861e+05 -1.861e+05
 -1.088e+05 1.088e+05
 9.643e+04 -9.643e+04
 -1.215e+05 1.215e+05
 -6.818e+04 6.818e+04
 6.361e+04 -6.361e+04
 1.86e+05 -1.86e+05
 -1.025e+05 1.025e+05
 1.494e+05 -1.494e+05
 -3.86e+04 3.86e+04
 -4.956e+04 4.956e+04
 1.262e+05 -1.262e+05
 -5.109e+04 5.109e+04
 1.003e+05 -1.003e+05
 8.096e+04 -8.096e+04
 2.359e+04 -2.359e+04
 5.359e+04 -5.359e+04
 6.059e+04 -6.059e+04
 3.352e+04 -3.352e+04
 1.344e+04 -1.344e+04
 1.283e+05 -1.283e+05
 6.518e+04 -6.518e+04
 4.426e+04 -4.426e+04
 8.509e+04 -8.509e+04
 -5.786e+04 5.786e+04
 -4.189e+04 4.189e+04
 1.118e+05 -1.118e+05
 1.254e+04 -1.254e+04
 -2.336e+04 2.336e+04
 -1.084e+05 1.084e+05
 1.774e+04 -1.774e+04
 1.699e+05 -1.699e+05
 -4.582e+04 4.582e+04
 -1.495e+05 1.495e+05
 1.611e+05 -1.611e+05
 8.775e+04 -8.775e+04
 3915 -3915
 -3.766e+04 3.766e+04
 -3.185e+04 3.185e+04
 8.051e+04 -8.051e+04
 -6.782e+04 6.782e+04
 3.488e+04 -3.488e+04
 -1.615e+05 1.615e+05
 1.565e+05 -1.565e+05
 1.026e+05 -1.026e+05
 1.329e+05 -1.329e+05
 -4.459e+04 4.459e+04
 -2.262e+04 2.262e+04
 -6.061e+04 6.061e+04
 -5.002e+04 5.002e+04
 4.321e+04 -4.321e+04
 -8.216e+04 8.216e+04
 -1.05e+05 1.05e+05
 -1.193e+05 1.193e+05
 9.622e+04 -9.622e+04
 -7.985e+04 7.985e+04
 -3.014e+04 3.014e+04
 2.924e+04 -2.924e+04
 -8.576e+04 8.576e+04
 8.432e+04 -8.432e+04
 105.5 -105.5
 -9.521e+04 9.521e+04
 6.892e+04 -6.892e+04
 9.72e+04 -9.72e+04
 -6.697e+04 6.697e+04
 2.104e+04 -2.104e+04
 -3.805e+04 3.805e+04
 2456 -2456
 2761 -2761
 -4.297e+04 4.297e+04
 -4.768e+04 4.768e+04
 -1.367e+05 1.367e+05
 -2.574e+05 2.574e+05
 7.082e+04 -7.082e+04
 1.401e+04 -1.401e+04
 1.52e+05 -1.52e+05
 -8.411e+04 8.411e+04
 487.8 -487.8
 1.733e+04 -1.733e+04
 6.67e+04 -6.67e+04
 3451 -3451
 2.781e+04 -2.781e+04
 -1.483e+05 1.483e+05
 -7.93e+04 7.93e+04
 4.504e+04 -4.504e+04
 -9.882e+04 9.882e+04
 -2.328e+04 2.328e+04
 7.033e+04 -7.033e+04
 1.089e+05 -1.089e+05
 2.295e+04 -2.295e+04
 -1.337e+04 1.337e+04
 6.929e+04 -6.929e+04
 1.429e+05 -1.429e+05
 1.254e+04 -1.254e+04
 -2.776e+04 2.776e+04
 -5.74e+04 5.74e+04
 -1.321e+05 1.321e+05
 -1816 1816
 -1.101e+04 1.101e+04
 9.601e+04 -9.601e+04
 -2.246e+04 2.246e+04
 -8.547e+04 8.547e+04
 5.097e+04 -5.097e+04
 2.389e+04 -2.389e+04
 -3.653e+04 3.653e+04
 -2.629e+04 2.629e+04
 -1.291e+04 1.291e+04
 6.981e+04 -6.981e+04
 -2837 2837
 3.672e+04 -3.672e+04
 -1.466e+05 1.466e+05
 9.433e+04 -9.433e+04
 8444 -8444
 -1.312e+05 1.312e+05
 -5.871e+04 5.871e+04
 -9.673e+04 9.673e+04
 -5461 5461
 1.03e+05 -1.03e+05
 -1.049e+05 1.049e+05
 -1.097e+05 1.097e+05
 -4.746e+04 4.746e+04
 -3.975e+04 3.975e+04
 -9.235e+04 9.235e+04
 3.607e+04 -3.607e+04
 -1.263e+05 1.263e+05
 4.607e+04 -4.607e+04
 2.328e+04 -2.328e+04
 3.799e+04 -3.799e+04
 2.799e+04 -2.799e+04
 -4.516e+04 4.516e+04
 -1.875e+04 1.875e+04
 1.092e+05 -1.092e+05
 1.65e+05 -1.65e+05
 -5.463e+04 5.463e+04
 -2.849e+04 2.849e+04
 5.873e+04 -5.873e+04
 1.047e+05 -1.047e+05
 -77.21 77.21
 -1.597e+05 1.597e+05
 -1.001e+05 1.001e+05
 2.029e+05 -2.029e+05
 -5.797e+04 5.797e+04
 3.821e+04 -3.821e+04
 -2.837e+04 2.837e+04
 -1.771e+04 1.771e+04
 -1.577e+05 1.577e+05
 1.996e+04 -1.996e+04
 -1.221e+05 1.221e+05
 -7.308e+04 7.308e+04
 2.804e+04 -2.804e+04
 -2.987e+05 2.987e+05
 7.176e+04 -7.176e+04
 5.813e+04 -5.813e+04
 6.954e+04 -6.954e+04
 6.613e+04 -6.613e+04
 -7.916e+04 7.916e+04
 -1.927e+04 1.927e+04
 -6.248e+04 6.248e+04
 -7.619e+04 7.619e+04
 -5.742e+04 5.742e+04
 -7.134e+04 7.134e+04
 -5.617e+04 5.617e+04
 2.209e+04 -2.209e+04
 1.575e+05 -1.575e+05
 1.4e+05 -1.4e+05
 -3.616e+04 3.616e+04
 1.245e+04 -1.245e+04
 175.9 -175.9
 9.962e+04 -9.962e+04
 3.631e+04 -3.631e+04
 4.981e+04 -4.981e+04
 -6.96e+04 6.96e+04
 -3.857e+04 3.857e+04
 -6.664e+04 6.664e+04
 5728 -5728
 8.001e+04 -8.001e+04
 -2.14e+05 2.14e+05
 -8.175e+04 8.175e+04
 -7.138e+04 7.138e+04
 -9.169e+04 9.169e+04
 -1.584e+05 1.584e+05
 3.518e+04 -3.518e+04
 -1.16e+04 1.16e+04
 -3.331e+04 3.331e+04
 -6.897e+04 6.897e+04
 2.559e+05 -2.559e+05
 -1.745e+05 1.745e+05
 -7.243e+04 7.243e+04
 -6.995e+04 6.995e+04
 -1.086e+04 1.086e+04
 -1.326e+05 1.326e+05
 1.34e+05 -1.34e+05
 -1.267e+05 1.267e+05
 -5.166e+04 5.166e+04
 5.488e+04 -5.488e+04
 1.93e+05 -1.93e+05
 1.973e+05 -1.973e+05
 -6.881e+04 6.881e+04
 -5.126e+04 5.126e+04
 9.11e+04 -9.11e+04
 8567 -8567
 -2.305e+04 2.305e+04
 1.75e+05 -1.75e+05
 -1.615e+05 1.615e+05
 3.559e+04 -3.559e+04
 -9.099e+04 9.099e+04
 -3809 3809
 1.775e+05 -1.775e+05
 8.3e+04 -8.3e+04
 1.016e+05 -1.016e+05
 -1.723e+04 1.723e+04
 1.143e+05 -1.143e+05
 -1.662e+05 1.662e+05
 -4.078e+04 4.078e+04
 5.159e+04 -5.159e+04
 2.006e+05 -2.006e+05
 -9.666e+04 9.666e+04
 -3.127e+04 3.127e+04
 9.858e+04 -9.858e+04
 -1.153e+05 1.153e+05
 1.525e+05 -1.525e+05
 8.009e+04 -8.009e+04
 -3.182e+04 3.182e+04
 7.753e+04 -7.753e+04
 -1.428e+05 1.428e+05
 -8.166e+04 8.166e+04
 5.432e+04 -5.432e+04
 5.296e+04 -5.296e+04
 -3.897e+04 3.897e+04
 2.55e+04 -2.55e+04
 -6.114e+04 6.114e+04
 1.866e+05 -1.866e+05
 -1.14e+05 1.14e+05
 9.132e+04 -9.132e+04
 -3.652e+04 3.652e+04
 1.086e+04 -1.086e+04
 4.121e+04 -4.121e+04
 5.695e+04 -5.695e+04
 -9.314e+04 9.314e+04
 8.478e+04 -8.478e+04
 -6.545e+04 6.545e+04
 -651.8 651.8
 7.019e+04 -7.019e+04
 3.303e+04 -3.303e+04
 7.881e+04 -7.881e+04
 1.43e+04 -1.43e+04
 2.688e+04 -2.688e+04
 -5.996e+04 5.996e+04
 -9.215e+04 9.215e+04
 1.508e+05 -1.508e+05
 -6.054e+04 6.054e+04
 7.547e+04 -7.547e+04
 -2.665e+04 2.665e+04
 -654.1 654.1
 7.114e+04 -7.114e+04
 9.552e+04 -9.552e+04
 7.979e+04 -7.979e+04
 2.646e+04 -2.646e+04
 -1.143e+05 1.143e+05
 -7.107e+04 7.107e+04
 -3.041e+04 3.041e+04
 3.036e+04 -3.036e+04
 4.264e+04 -4.264e+04
 -2.364e+04 2.364e+04
 1.487e+05 -1.487e+05
 2.021e+05 -2.021e+05
 -4.503e+04 4.503e+04
 -1.542e+04 1.542e+04
 1.561e+05 -1.561e+05
 -1.723e+04 1.723e+04
 -9652 9652
 -6.199e+04 6.199e+04
 -2.217e+05 2.217e+05
 3.575e+04 -3.575e+04
 2.993e+04 -2.993e+04
 2.035e+04 -2.035e+04
 -9.926e+04 9.926e+04
 1.009e+05 -1.009e+05
 -1.048e+05 1.048e+05
 -5.219e+04 5.219e+04
 6.198e+04 -6.198e+04
 -1.46e+04 1.46e+04
 1.244e+04 -1.244e+04
 5.931e+04 -5.931e+04
 -1.272e+05 1.272e+05
 7446 -7446
 6.253e+04 -6.253e+04
 2.043e+04 -2.043e+04
 1.185e+05 -1.185e+05
 1.096e+05 -1.096e+05
 -1.122e+04 1.122e+04
 -1.41e+04 1.41e+04
 1.02e+05 -1.02e+05
 -5.357e+04 5.357e+04
 3.004e+04 -3.004e+04
 8.807e+04 -8.807e+04
 -1.179e+05 1.179e+05
 -6115 6115
 2.717e+04 -2.717e+04
 -5.385e+04 5.385e+04
 8.618e+04 -8.618e+04
 -3.318e+04 3.318e+04
 -5110 5110
 -9.055e+04 9.055e+04
 -5.186e+04 5.186e+04
 -4078 4078
 -4.751e+04 4.751e+04
 -6.657e+04 6.657e+04
 -4329 4329
 -6.376e+04 6.376e+04
 1.917e+05 -1.917e+05
 2.003e+05 -2.003e+05
 1.483e+05 -1.483e+05
 -1.674e+05 1.674e+05
 2.521e+04 -2.521e+04
 8434 -8434
 1.035e+05 -1.035e+05
 5.015e+04 -5.015e+04
 8.262e+04 -8.262e+04
 -3.198e+04 3.198e+04
 4.332e+04 -4.332e+04
 1.617e+05 -1.617e+05
 4548 -4548
 -1.127e+04 1.127e+04
 -2.491e+05 2.491e+05
 -1.196e+05 1.196e+05
 -1.017e+05 1.017e+05
 2.528e+04 -2.528e+04
 -8.35e+04 8.35e+04
 4.414e+04 -4.414e+04
 -6907 6907
 1.728e+04 -1.728e+04
 -1.609e+05 1.609e+05
 3.94e+04 -3.94e+04
 -9.068e+04 9.068e+04
 1.434e+04 -1.434e+04
 1.442e+04 -1.442e+04
 -1.232e+05 1.232e+05
 1.852e+05 -1.852e+05
 3.137e+04 -3.137e+04
 4.866e+04 -4.866e+04
 -2.663e+04 2.663e+04
 -6.019e+04 6.019e+04
 4.817e+04 -4.817e+04
 -4.068e+04 4.068e+04
 5.471e+04 -5.471e+04
 5.724e+04 -5.724e+04
 -1.892e+04 1.892e+04
 -2.032e+04 2.032e+04
 1.416e+04 -1.416e+04
 -1.722e+04 1.722e+04
 -6.759e+04 6.759e+04
 -4.571e+04 4.571e+04
 -4.38e+04 4.38e+04
 1.4e+04 -1.4e+04
 2169 -2169
 1.293e+05 -1.293e+05
 6.252e+04 -6.252e+04
 -3e+04 3e+04
 -6.503e+04 6.503e+04
 -2.93e+04 2.93e+04
 5564 -5564
 4.767e+04 -4.767e+04
 9.228e+04 -9.228e+04
 -1.915e+05 1.915e+05
 -1.786e+04 1.786e+04
 -8.314e+04 8.314e+04
 -1.187e+05 1.187e+05
 -1.329e+05 1.329e+05
 1.58e+05 -1.58e+05
 -1.221e+04 1.221e+04
 -1.445e+05 1.445e+05
 -3.813e+04 3.813e+04
 -6.195e+04 6.195e+04
 1.059e+05 -1.059e+05
 9.825e+04 -9.825e+04
 8.117e+04 -8.117e+04
 -3.095e+04 3.095e+04
 -2.139e+05 2.139e+05
 -1.161e+05 1.161e+05
 -1.421e+05 1.421e+05
 1.4e+05 -1.4e+05
 -1.403e+04 1.403e+04
 -7883 7883
 -1.572e+05 1.572e+05
 2.817e+04 -2.817e+04
 1.221e+05 -1.221e+05
 -5.674e+04 5.674e+04
 -1.407e+04 1.407e+04
 -3.553e+04 3.553e+04
 -1.27e+05 1.27e+05
 1.881e+05 -1.881e+05
 2.106e+04 -2.106e+04
 -1.963e+05 1.963e+05
 3.63e+04 -3.63e+04
 -1.12e+05 1.12e+05
 5.277e+04 -5.277e+04
 -6.478e+04 6.478e+04
 -4.741e+04 4.741e+04
 6.432e+04 -6.432e+04
 -4.87e+04 4.87e+04
 1.266e+05 -1.266e+05
 -8.222e+04 8.222e+04
 2.224e+04 -2.224e+04
 2.309e+05 -2.309e+05
 -4622 4622
 -1.343e+05 1.343e+05
 7.999e+04 -7.999e+04
 -1.361e+05 1.361e+05
 -7.819e+04 7.819e+04
 6.788e+04 -6.788e+04
 -1.051e+05 1.051e+05
 6.602e+04 -6.602e+04


