# Created by Octave 5.2.0, Fri Sep 25 00:26:47 2020 CEST <jiwidi@land>
# name: w
# type: matrix
# rows: 2001
# columns: 2
 -1700 1700
 2118 -2118
 -8791 8791
 -3918 3918
 -2763 2763
 -3591 3591
 8366 -8366
 5171 -5171
 1315 -1315
 -3893 3893
 1.156e+04 -1.156e+04
 -3961 3961
 2382 -2382
 2123 -2123
 -7501 7501
 -1.405e+04 1.405e+04
 -747.2 747.2
 5099 -5099
 -7545 7545
 4155 -4155
 -7248 7248
 -8997 8997
 -1.265e+04 1.265e+04
 -1.163e+04 1.163e+04
 1.343e+04 -1.343e+04
 -4714 4714
 -2972 2972
 -8406 8406
 -2753 2753
 -18.3 18.3
 1210 -1210
 -4027 4027
 1.172e+04 -1.172e+04
 -5662 5662
 8562 -8562
 1.008e+04 -1.008e+04
 -7253 7253
 -1117 1117
 -8176 8176
 -367.8 367.8
 -7889 7889
 4192 -4192
 -4855 4855
 -4268 4268
 1354 -1354
 1.198e+04 -1.198e+04
 -4686 4686
 1.072e+04 -1.072e+04
 -1.52e+04 1.52e+04
 -2922 2922
 1239 -1239
 2547 -2547
 -1053 1053
 -4716 4716
 3.519e+04 -3.519e+04
 6187 -6187
 1853 -1853
 3534 -3534
 153.8 -153.8
 2407 -2407
 480.8 -480.8
 -894 894
 -163.4 163.4
 3226 -3226
 -3689 3689
 -3458 3458
 5178 -5178
 -1.169e+04 1.169e+04
 2587 -2587
 2867 -2867
 -1.35e+04 1.35e+04
 -7023 7023
 -3758 3758
 4534 -4534
 1.134e+04 -1.134e+04
 -5312 5312
 -2173 2173
 -5715 5715
 641.5 -641.5
 2071 -2071
 7839 -7839
 -592.4 592.4
 5035 -5035
 -5111 5111
 7846 -7846
 1008 -1008
 -5009 5009
 -3733 3733
 2513 -2513
 -364.4 364.4
 1244 -1244
 4944 -4944
 7058 -7058
 -3256 3256
 -4502 4502
 -8432 8432
 2980 -2980
 2.437e+04 -2.437e+04
 -1.022e+04 1.022e+04
 -70.58 70.58
 6686 -6686
 8278 -8278
 4020 -4020
 -1.996e+04 1.996e+04
 9980 -9980
 -3383 3383
 7526 -7526
 1515 -1515
 -317.2 317.2
 -6080 6080
 6367 -6367
 2798 -2798
 -2072 2072
 -2668 2668
 -1.711e+04 1.711e+04
 -2327 2327
 4012 -4012
 1400 -1400
 -4738 4738
 -8056 8056
 3651 -3651
 3203 -3203
 -3923 3923
 -3095 3095
 -2770 2770
 -8911 8911
 2429 -2429
 5151 -5151
 -2562 2562
 -6067 6067
 -5507 5507
 -1636 1636
 1388 -1388
 3115 -3115
 4927 -4927
 -8200 8200
 3635 -3635
 -928.4 928.4
 -6705 6705
 233.8 -233.8
 -6499 6499
 -6714 6714
 461 -461
 -826.4 826.4
 -1922 1922
 -3806 3806
 6823 -6823
 -1.238e+04 1.238e+04
 -5620 5620
 1981 -1981
 -6882 6882
 -1.345e+04 1.345e+04
 2688 -2688
 5.365e+04 -5.365e+04
 1727 -1727
 -1819 1819
 -2.344e+04 2.344e+04
 -4334 4334
 908.3 -908.3
 -1.508e+04 1.508e+04
 -4701 4701
 5800 -5800
 -1914 1914
 -9474 9474
 1.25e+04 -1.25e+04
 4.123e+04 -4.123e+04
 6922 -6922
 9279 -9279
 4079 -4079
 -4538 4538
 -4855 4855
 4962 -4962
 5463 -5463
 -6482 6482
 4898 -4898
 2685 -2685
 -1527 1527
 1.82e+04 -1.82e+04
 -346.2 346.2
 -2130 2130
 -3435 3435
 3.118e+04 -3.118e+04
 -2.38e+04 2.38e+04
 3780 -3780
 -1148 1148
 -965.4 965.4
 7389 -7389
 -210.6 210.6
 -1176 1176
 -1.155e+04 1.155e+04
 1.303e+04 -1.303e+04
 7140 -7140
 2841 -2841
 -1880 1880
 -5875 5875
 -4977 4977
 -385.2 385.2
 -2378 2378
 8496 -8496
 3486 -3486
 9050 -9050
 -1.065e+04 1.065e+04
 -3977 3977
 1.451e+04 -1.451e+04
 1.352e+04 -1.352e+04
 -1931 1931
 -2.288e+04 2.288e+04
 -1.2e+04 1.2e+04
 -1325 1325
 4778 -4778
 -2.554e+04 2.554e+04
 9064 -9064
 -1.402e+04 1.402e+04
 -1493 1493
 -5379 5379
 450.4 -450.4
 -1.112e+04 1.112e+04
 -6251 6251
 -967.6 967.6
 -8038 8038
 -7976 7976
 3930 -3930
 -1.409e+04 1.409e+04
 2662 -2662
 -5279 5279
 8307 -8307
 1580 -1580
 -8819 8819
 1.413e+04 -1.413e+04
 -3180 3180
 4666 -4666
 5716 -5716
 8317 -8317
 -8898 8898
 7012 -7012
 -9382 9382
 -8472 8472
 -5970 5970
 5086 -5086
 9627 -9627
 -6744 6744
 -707.4 707.4
 -7392 7392
 5896 -5896
 -3509 3509
 -1670 1670
 1616 -1616
 -1.547e+04 1.547e+04
 -1.433e+04 1.433e+04
 -6037 6037
 3216 -3216
 -4979 4979
 361.1 -361.1
 8996 -8996
 -2044 2044
 -1189 1189
 485 -485
 1.619e+04 -1.619e+04
 1.653e+04 -1.653e+04
 -2554 2554
 1.699e+04 -1.699e+04
 -1.391e+04 1.391e+04
 -6028 6028
 -4910 4910
 7850 -7850
 -5196 5196
 -7137 7137
 -5819 5819
 -2917 2917
 3227 -3227
 6318 -6318
 9061 -9061
 3221 -3221
 -1392 1392
 1279 -1279
 -6408 6408
 2521 -2521
 2811 -2811
 -6370 6370
 -1.139e+04 1.139e+04
 -107.6 107.6
 1.26e+04 -1.26e+04
 -9924 9924
 1.612e+04 -1.612e+04
 2.454e+04 -2.454e+04
 1202 -1202
 -8913 8913
 -1049 1049
 -6008 6008
 -8689 8689
 -1939 1939
 -1.924e+04 1.924e+04
 4734 -4734
 -24.61 24.61
 -366.1 366.1
 6459 -6459
 -1.751e+04 1.751e+04
 -3335 3335
 -6548 6548
 3276 -3276
 446.5 -446.5
 -2553 2553
 -7304 7304
 -9611 9611
 2.195e+04 -2.195e+04
 3356 -3356
 -2477 2477
 1993 -1993
 -204.6 204.6
 2.016e+04 -2.016e+04
 4457 -4457
 2.007e+04 -2.007e+04
 -1.104e+04 1.104e+04
 4157 -4157
 -1.256e+04 1.256e+04
 -5766 5766
 3.368e+04 -3.368e+04
 1.23e+04 -1.23e+04
 -5676 5676
 1.109e+04 -1.109e+04
 3916 -3916
 2.767e+04 -2.767e+04
 9534 -9534
 6956 -6956
 1338 -1338
 726.9 -726.9
 6620 -6620
 -996 996
 5978 -5978
 -2436 2436
 -6639 6639
 7034 -7034
 -6634 6634
 -1.073e+04 1.073e+04
 6442 -6442
 -7663 7663
 -598.8 598.8
 -3049 3049
 -1409 1409
 3998 -3998
 -971.5 971.5
 -1.768e+04 1.768e+04
 -7077 7077
 4770 -4770
 -5092 5092
 1189 -1189
 -1829 1829
 8065 -8065
 1.743e+04 -1.743e+04
 1.079e+04 -1.079e+04
 -2426 2426
 -8398 8398
 -4390 4390
 -3584 3584
 3734 -3734
 1979 -1979
 -2.04e+04 2.04e+04
 1.324e+04 -1.324e+04
 -174.2 174.2
 1.985e+04 -1.985e+04
 -3500 3500
 -8965 8965
 -9964 9964
 7154 -7154
 -5425 5425
 -1771 1771
 1.853e+04 -1.853e+04
 -6028 6028
 5071 -5071
 -1.28e+04 1.28e+04
 -2273 2273
 6703 -6703
 7186 -7186
 2054 -2054
 -2540 2540
 -638.3 638.3
 8406 -8406
 1.444e+04 -1.444e+04
 -7243 7243
 -9901 9901
 -94.17 94.17
 -1.282e+04 1.282e+04
 -5568 5568
 -5760 5760
 3.179e+04 -3.179e+04
 1.015e+04 -1.015e+04
 772.1 -772.1
 4994 -4994
 -1969 1969
 -4065 4065
 -4265 4265
 -2496 2496
 -3938 3938
 -1.54e+04 1.54e+04
 3584 -3584
 -8316 8316
 -687.4 687.4
 -6935 6935
 -6129 6129
 2.415e+04 -2.415e+04
 -1.111e+04 1.111e+04
 -5821 5821
 -3960 3960
 -5888 5888
 6316 -6316
 -7398 7398
 -8112 8112
 9759 -9759
 -1e+04 1e+04
 1.208e+04 -1.208e+04
 -4200 4200
 6124 -6124
 -3438 3438
 -1.232e+04 1.232e+04
 -1.208e+04 1.208e+04
 -27.9 27.9
 2.326e+04 -2.326e+04
 -6779 6779
 2.162e+04 -2.162e+04
 1.284e+04 -1.284e+04
 7057 -7057
 425.9 -425.9
 1.504e+04 -1.504e+04
 -1.327e+04 1.327e+04
 -5320 5320
 -4725 4725
 -1190 1190
 -3686 3686
 -7360 7360
 -1.091e+04 1.091e+04
 1.202e+04 -1.202e+04
 -5582 5582
 1.855e+04 -1.855e+04
 -63.44 63.44
 -1260 1260
 -2477 2477
 4546 -4546
 4815 -4815
 -1.025e+04 1.025e+04
 -1295 1295
 -2963 2963
 4354 -4354
 -1.447e+04 1.447e+04
 1.189e+04 -1.189e+04
 -3304 3304
 6505 -6505
 -4461 4461
 -1.413e+04 1.413e+04
 1.427e+04 -1.427e+04
 -145.1 145.1
 -8621 8621
 -2865 2865
 1.398e+04 -1.398e+04
 2.72e+04 -2.72e+04
 3311 -3311
 6670 -6670
 -7293 7293
 3059 -3059
 -9492 9492
 1700 -1700
 -8853 8853
 -8833 8833
 2.438e+04 -2.438e+04
 1855 -1855
 7817 -7817
 8382 -8382
 9198 -9198
 2781 -2781
 238.6 -238.6
 2348 -2348
 -2445 2445
 -3772 3772
 -6073 6073
 -783.6 783.6
 -1020 1020
 2527 -2527
 7590 -7590
 3654 -3654
 -3465 3465
 8793 -8793
 -635.7 635.7
 4302 -4302
 -2325 2325
 -60.1 60.1
 1.201e+04 -1.201e+04
 -47.48 47.48
 -7247 7247
 -1.242e+04 1.242e+04
 -4557 4557
 -3010 3010
 5749 -5749
 624.7 -624.7
 -1704 1704
 -2002 2002
 4462 -4462
 -3973 3973
 -6704 6704
 -1711 1711
 4267 -4267
 -1.512e+04 1.512e+04
 7587 -7587
 -3071 3071
 -7784 7784
 -3679 3679
 -1800 1800
 -6328 6328
 -3412 3412
 -9035 9035
 6527 -6527
 -2512 2512
 -1022 1022
 2038 -2038
 -1.751e+04 1.751e+04
 -3397 3397
 7290 -7290
 -1.483e+04 1.483e+04
 -4531 4531
 3433 -3433
 -4132 4132
 -5366 5366
 -2585 2585
 9072 -9072
 -1.708e+04 1.708e+04
 2193 -2193
 -1832 1832
 -478.9 478.9
 -2343 2343
 -1.005e+04 1.005e+04
 112.4 -112.4
 -5412 5412
 -3563 3563
 -5775 5775
 -6144 6144
 -4882 4882
 -7094 7094
 -1.835e+04 1.835e+04
 1.039e+04 -1.039e+04
 3101 -3101
 2999 -2999
 -207.8 207.8
 -3915 3915
 -8259 8259
 -6930 6930
 1.096e+04 -1.096e+04
 1.103e+04 -1.103e+04
 -2575 2575
 4635 -4635
 -1.505e+04 1.505e+04
 -4373 4373
 3161 -3161
 7617 -7617
 -8630 8630
 2.024e+04 -2.024e+04
 2090 -2090
 1370 -1370
 204.9 -204.9
 1634 -1634
 -6928 6928
 1.232e+04 -1.232e+04
 -684.4 684.4
 1.405e+04 -1.405e+04
 -637.3 637.3
 4062 -4062
 -380.3 380.3
 -5516 5516
 -1.388e+04 1.388e+04
 -2532 2532
 6880 -6880
 7380 -7380
 -421.7 421.7
 -1.181e+04 1.181e+04
 -1902 1902
 -9866 9866
 2.09e+04 -2.09e+04
 -4274 4274
 -1934 1934
 -146.7 146.7
 3390 -3390
 1.853e+04 -1.853e+04
 -2242 2242
 3738 -3738
 -8627 8627
 -8471 8471
 -6173 6173
 6608 -6608
 1502 -1502
 3358 -3358
 462.7 -462.7
 -9149 9149
 -451.4 451.4
 635.1 -635.1
 -669.2 669.2
 -1.799e+04 1.799e+04
 -2.098e+04 2.098e+04
 1378 -1378
 663.5 -663.5
 -4001 4001
 7623 -7623
 -4915 4915
 1.297e+04 -1.297e+04
 -5033 5033
 -1665 1665
 133.3 -133.3
 1.5e+04 -1.5e+04
 1.391e+04 -1.391e+04
 -2395 2395
 2.107e+04 -2.107e+04
 1.936e+04 -1.936e+04
 -8442 8442
 5680 -5680
 -6847 6847
 -7475 7475
 8467 -8467
 -4386 4386
 -1.24e+04 1.24e+04
 -5740 5740
 -2363 2363
 -6707 6707
 5169 -5169
 -1.735e+04 1.735e+04
 -730.4 730.4
 2.281e+04 -2.281e+04
 -8845 8845
 2700 -2700
 -3997 3997
 2827 -2827
 -8799 8799
 -5518 5518
 -2784 2784
 425.5 -425.5
 -6411 6411
 -9817 9817
 -2020 2020
 -4368 4368
 281.4 -281.4
 -1.401e+04 1.401e+04
 -9679 9679
 -685 685
 -4740 4740
 7171 -7171
 -4785 4785
 532 -532
 -2397 2397
 1783 -1783
 -1.623e+04 1.623e+04
 -2169 2169
 -2515 2515
 -9374 9374
 -1.613e+04 1.613e+04
 -4547 4547
 1.804e+04 -1.804e+04
 -2613 2613
 1.014e+04 -1.014e+04
 2.183e+04 -2.183e+04
 -743.9 743.9
 1.223e+04 -1.223e+04
 -6481 6481
 8.039 -8.039
 1.376e+04 -1.376e+04
 -9683 9683
 1303 -1303
 -2.921e+04 2.921e+04
 -7440 7440
 -6882 6882
 2402 -2402
 6626 -6626
 -1.484e+04 1.484e+04
 -3387 3387
 1901 -1901
 -2.175e+04 2.175e+04
 -7334 7334
 -3490 3490
 4448 -4448
 -4189 4189
 -1.439e+04 1.439e+04
 -8854 8854
 1.527e+04 -1.527e+04
 -6255 6255
 -6988 6988
 -9506 9506
 2034 -2034
 -6227 6227
 -1.065e+04 1.065e+04
 -9959 9959
 1023 -1023
 3774 -3774
 -5857 5857
 7436 -7436
 1601 -1601
 -2.243e+04 2.243e+04
 -910.4 910.4
 4608 -4608
 -3755 3755
 -6849 6849
 -4063 4063
 -1.37e+04 1.37e+04
 -538.8 538.8
 854.2 -854.2
 1505 -1505
 -1364 1364
 -3925 3925
 -3227 3227
 1.387e+04 -1.387e+04
 -1054 1054
 -1639 1639
 1.19e+04 -1.19e+04
 -9191 9191
 -5498 5498
 3110 -3110
 5891 -5891
 -8824 8824
 4369 -4369
 986 -986
 2.079e+04 -2.079e+04
 8730 -8730
 -1.006e+04 1.006e+04
 2.292e+04 -2.292e+04
 -6919 6919
 3450 -3450
 6878 -6878
 3224 -3224
 -9864 9864
 -1.085e+04 1.085e+04
 6681 -6681
 -1864 1864
 -7326 7326
 -8778 8778
 9380 -9380
 -6170 6170
 9099 -9099
 2833 -2833
 -2809 2809
 -3131 3131
 -3404 3404
 -1.454e+04 1.454e+04
 951.1 -951.1
 -5142 5142
 -510.8 510.8
 -1.303e+04 1.303e+04
 8580 -8580
 -1699 1699
 -1.049e+04 1.049e+04
 1435 -1435
 7194 -7194
 2320 -2320
 -313.7 313.7
 -840.4 840.4
 -7569 7569
 8770 -8770
 -4967 4967
 8014 -8014
 2.154e+04 -2.154e+04
 -1.756e+04 1.756e+04
 -201.6 201.6
 1925 -1925
 -6820 6820
 -4272 4272
 6319 -6319
 0.3493 -0.3493
 4.645e+04 -4.645e+04
 -1.091e+04 1.091e+04
 -9559 9559
 -7279 7279
 -2760 2760
 602.7 -602.7
 1.596e+04 -1.596e+04
 -4648 4648
 1096 -1096
 -1.113e+04 1.113e+04
 -2.57e+04 2.57e+04
 411.9 -411.9
 -7718 7718
 3269 -3269
 1447 -1447
 3102 -3102
 1.287e+04 -1.287e+04
 -8620 8620
 -4413 4413
 -2129 2129
 2.515e+04 -2.515e+04
 6445 -6445
 -960.4 960.4
 9138 -9138
 1704 -1704
 6964 -6964
 -3948 3948
 -1949 1949
 -74.59 74.59
 -4222 4222
 -1.21e+04 1.21e+04
 2.468e+04 -2.468e+04
 -7231 7231
 6664 -6664
 -3297 3297
 -1.113e+04 1.113e+04
 380 -380
 -1.282e+04 1.282e+04
 -4110 4110
 -398.3 398.3
 -4510 4510
 1.365e+04 -1.365e+04
 9160 -9160
 4017 -4017
 1.769e+04 -1.769e+04
 -2217 2217
 5968 -5968
 1957 -1957
 -854.6 854.6
 -7945 7945
 -8530 8530
 -1222 1222
 2.539e+04 -2.539e+04
 2211 -2211
 3218 -3218
 2379 -2379
 -3291 3291
 -1.145e+04 1.145e+04
 1.955e+04 -1.955e+04
 -8724 8724
 6204 -6204
 -1352 1352
 -1.185e+04 1.185e+04
 2.289e+04 -2.289e+04
 -7540 7540
 1.848e+04 -1.848e+04
 1.006e+04 -1.006e+04
 1.679e+04 -1.679e+04
 2982 -2982
 1.386e+04 -1.386e+04
 -7164 7164
 1.407e+04 -1.407e+04
 -6869 6869
 -6891 6891
 -2.155e+04 2.155e+04
 -1985 1985
 -9766 9766
 4114 -4114
 6326 -6326
 1.217e+04 -1.217e+04
 4493 -4493
 -133.6 133.6
 -5897 5897
 -3731 3731
 1.447e+04 -1.447e+04
 7749 -7749
 -9029 9029
 -1.322e+04 1.322e+04
 -1.246e+04 1.246e+04
 -8870 8870
 3.415e+04 -3.415e+04
 -7155 7155
 3258 -3258
 -2257 2257
 1828 -1828
 -8064 8064
 1.952e+04 -1.952e+04
 1393 -1393
 -6769 6769
 4131 -4131
 1686 -1686
 -2598 2598
 -3618 3618
 -567 567
 -8546 8546
 -7754 7754
 5041 -5041
 -3575 3575
 -4543 4543
 -5474 5474
 -1689 1689
 1.484e+04 -1.484e+04
 -4808 4808
 588.1 -588.1
 9363 -9363
 -8659 8659
 -2839 2839
 -5453 5453
 8755 -8755
 7795 -7795
 -7116 7116
 1.526e+04 -1.526e+04
 1.014e+04 -1.014e+04
 -3423 3423
 1.011e+04 -1.011e+04
 -402.2 402.2
 5966 -5966
 1.848e+04 -1.848e+04
 2190 -2190
 -3302 3302
 -4562 4562
 405.6 -405.6
 -1.24e+04 1.24e+04
 -4904 4904
 6834 -6834
 7135 -7135
 -5830 5830
 1.7e+04 -1.7e+04
 27.44 -27.44
 -8942 8942
 4606 -4606
 7762 -7762
 2461 -2461
 4813 -4813
 4.198e+04 -4.198e+04
 -2764 2764
 -4542 4542
 592.9 -592.9
 3196 -3196
 -5099 5099
 3981 -3981
 2.42e+04 -2.42e+04
 1059 -1059
 1.233e+04 -1.233e+04
 -3788 3788
 -2934 2934
 4331 -4331
 -7414 7414
 1.396e+04 -1.396e+04
 2547 -2547
 -2570 2570
 -2.347e+04 2.347e+04
 -7799 7799
 -9226 9226
 -1013 1013
 -9025 9025
 -5082 5082
 4100 -4100
 -1.37e+04 1.37e+04
 -4236 4236
 -1.25e+04 1.25e+04
 -756.7 756.7
 -2.186e+04 2.186e+04
 1.516e+04 -1.516e+04
 -721.7 721.7
 -8841 8841
 848.9 -848.9
 7869 -7869
 3994 -3994
 1887 -1887
 -3141 3141
 8913 -8913
 -5706 5706
 -5463 5463
 1627 -1627
 29.92 -29.92
 -3717 3717
 9372 -9372
 -2806 2806
 -3768 3768
 -3854 3854
 1.987e+04 -1.987e+04
 -8668 8668
 -3548 3548
 -9081 9081
 -3699 3699
 -1.226e+04 1.226e+04
 2934 -2934
 20.84 -20.84
 -7853 7853
 -4361 4361
 -5982 5982
 -1338 1338
 -1786 1786
 -2375 2375
 3118 -3118
 1.037e+04 -1.037e+04
 -7190 7190
 -9572 9572
 -1.321e+04 1.321e+04
 -1.35e+04 1.35e+04
 6946 -6946
 1.572e+04 -1.572e+04
 3390 -3390
 7478 -7478
 3774 -3774
 -2322 2322
 174.8 -174.8
 5401 -5401
 -6208 6208
 4953 -4953
 1.356e+04 -1.356e+04
 -649.8 649.8
 -6150 6150
 -1534 1534
 -7023 7023
 4914 -4914
 9582 -9582
 -1655 1655
 2812 -2812
 1.397e+04 -1.397e+04
 -9515 9515
 1.068e+04 -1.068e+04
 1.315e+04 -1.315e+04
 -2856 2856
 -2876 2876
 -7451 7451
 -9260 9260
 -1.294e+04 1.294e+04
 1.695e+04 -1.695e+04
 -6618 6618
 4130 -4130
 8425 -8425
 -2530 2530
 1817 -1817
 2.955e+04 -2.955e+04
 763.2 -763.2
 2164 -2164
 -2684 2684
 -6299 6299
 633.4 -633.4
 1755 -1755
 1901 -1901
 -358.2 358.2
 -1727 1727
 -2145 2145
 7168 -7168
 -3414 3414
 1.582e+04 -1.582e+04
 3985 -3985
 -2172 2172
 1.713e+04 -1.713e+04
 -2500 2500
 5784 -5784
 -4986 4986
 -1.195e+04 1.195e+04
 6254 -6254
 -2776 2776
 321.2 -321.2
 9465 -9465
 -6902 6902
 -4263 4263
 -4756 4756
 -1.09e+04 1.09e+04
 -1360 1360
 -4262 4262
 -2383 2383
 -5632 5632
 805.3 -805.3
 -2210 2210
 1.205e+04 -1.205e+04
 -2067 2067
 -2360 2360
 -5677 5677
 -2112 2112
 -8029 8029
 -4219 4219
 1.548e+04 -1.548e+04
 -1.09e+04 1.09e+04
 2009 -2009
 7845 -7845
 -2.228e+04 2.228e+04
 -567.2 567.2
 -7048 7048
 -8029 8029
 5590 -5590
 -2030 2030
 1519 -1519
 5693 -5693
 -5824 5824
 -8136 8136
 -6647 6647
 -2273 2273
 6524 -6524
 -7898 7898
 1062 -1062
 -9662 9662
 -3513 3513
 -1.509e+04 1.509e+04
 -9974 9974
 559 -559
 -1071 1071
 2408 -2408
 -7064 7064
 2.579e+04 -2.579e+04
 7189 -7189
 8860 -8860
 -8367 8367
 1.066e+04 -1.066e+04
 3915 -3915
 -1.269e+04 1.269e+04
 7627 -7627
 5609 -5609
 374.4 -374.4
 -5373 5373
 1.101e+04 -1.101e+04
 4307 -4307
 -1179 1179
 -3127 3127
 -1.676e+04 1.676e+04
 1071 -1071
 -6074 6074
 1710 -1710
 -2.576 2.576
 -6722 6722
 6329 -6329
 -2205 2205
 3.296e+04 -3.296e+04
 -1215 1215
 -2475 2475
 -9363 9363
 -1176 1176
 2532 -2532
 -320.3 320.3
 -1.722e+04 1.722e+04
 -1.474e+04 1.474e+04
 1.205e+04 -1.205e+04
 8807 -8807
 -4183 4183
 745.1 -745.1
 -319.2 319.2
 1.292e+04 -1.292e+04
 1.522e+04 -1.522e+04
 -6439 6439
 -1.237e+04 1.237e+04
 1.172e+04 -1.172e+04
 -1.261e+04 1.261e+04
 640.3 -640.3
 -4889 4889
 -214.6 214.6
 8073 -8073
 8099 -8099
 -4860 4860
 2500 -2500
 -1.378e+04 1.378e+04
 759.4 -759.4
 -5012 5012
 -4434 4434
 -6654 6654
 -746.3 746.3
 -305.2 305.2
 -4855 4855
 -9096 9096
 -3879 3879
 5269 -5269
 -4869 4869
 -1220 1220
 853.2 -853.2
 -5379 5379
 -8932 8932
 2.056e+04 -2.056e+04
 -6772 6772
 4369 -4369
 -3515 3515
 -8318 8318
 -3469 3469
 -353.1 353.1
 3705 -3705
 -8937 8937
 -2642 2642
 528.7 -528.7
 -6263 6263
 -671 671
 -6532 6532
 -2094 2094
 -63.42 63.42
 -413.6 413.6
 -4829 4829
 6960 -6960
 -1.353e+04 1.353e+04
 -633.6 633.6
 5796 -5796
 6595 -6595
 1.671e+04 -1.671e+04
 -7872 7872
 -1635 1635
 -5490 5490
 -1486 1486
 -6424 6424
 -2097 2097
 2742 -2742
 -2362 2362
 1107 -1107
 -8177 8177
 4114 -4114
 -2485 2485
 -6795 6795
 9603 -9603
 -3438 3438
 -7195 7195
 -7233 7233
 170.1 -170.1
 -2384 2384
 4528 -4528
 3624 -3624
 -1.427e+04 1.427e+04
 6440 -6440
 -4030 4030
 3136 -3136
 2759 -2759
 -4952 4952
 -4156 4156
 -1309 1309
 -1744 1744
 372.8 -372.8
 -1.147e+04 1.147e+04
 7254 -7254
 -1.764e+04 1.764e+04
 -1.718e+04 1.718e+04
 1.262e+04 -1.262e+04
 -1.57e+04 1.57e+04
 -3177 3177
 3307 -3307
 -4910 4910
 -1.242e+04 1.242e+04
 -1159 1159
 -3203 3203
 921.5 -921.5
 144.3 -144.3
 -1083 1083
 -4637 4637
 -3817 3817
 -1.482e+04 1.482e+04
 5606 -5606
 -724.2 724.2
 -8651 8651
 -2069 2069
 -1.386e+04 1.386e+04
 1.114e+04 -1.114e+04
 -2459 2459
 2.412e+04 -2.412e+04
 -2.635e+04 2.635e+04
 -8216 8216
 7115 -7115
 2.627e+04 -2.627e+04
 -6357 6357
 -1809 1809
 -9902 9902
 -6460 6460
 -1.247e+04 1.247e+04
 -4253 4253
 78.55 -78.55
 -1569 1569
 -2417 2417
 -3211 3211
 -8171 8171
 6951 -6951
 -1.417e+04 1.417e+04
 4.562e+04 -4.562e+04
 -7019 7019
 4786 -4786
 -8110 8110
 3360 -3360
 -363.6 363.6
 -8958 8958
 -9543 9543
 -1.935e+04 1.935e+04
 -4333 4333
 9393 -9393
 -1.435e+04 1.435e+04
 2.8e+04 -2.8e+04
 4799 -4799
 613 -613
 543.5 -543.5
 2150 -2150
 -9460 9460
 79.08 -79.08
 6691 -6691
 -773.6 773.6
 1.135e+04 -1.135e+04
 6092 -6092
 5186 -5186
 3441 -3441
 -1.435e+04 1.435e+04
 -1.05e+04 1.05e+04
 -3719 3719
 1.041e+04 -1.041e+04
 8571 -8571
 -942.6 942.6
 -603.4 603.4
 -3014 3014
 4122 -4122
 -1.225e+04 1.225e+04
 2348 -2348
 -1.236e+04 1.236e+04
 -2073 2073
 4505 -4505
 6984 -6984
 34.36 -34.36
 -2756 2756
 2235 -2235
 -1.052e+04 1.052e+04
 -779.5 779.5
 1.38e+04 -1.38e+04
 -2721 2721
 6625 -6625
 -2407 2407
 -2674 2674
 -1.297e+04 1.297e+04
 -1249 1249
 -5492 5492
 -3484 3484
 1.117e+04 -1.117e+04
 981.8 -981.8
 4034 -4034
 4.282e+04 -4.282e+04
 -5213 5213
 -2402 2402
 4261 -4261
 -1.155e+04 1.155e+04
 -1616 1616
 -3515 3515
 -3354 3354
 1.127e+04 -1.127e+04
 -9853 9853
 -1.316e+04 1.316e+04
 -2300 2300
 -1.294e+04 1.294e+04
 -1.599e+04 1.599e+04
 -4717 4717
 1.268e+04 -1.268e+04
 -1965 1965
 1702 -1702
 -1.033e+04 1.033e+04
 -2739 2739
 8756 -8756
 2950 -2950
 5860 -5860
 2745 -2745
 3790 -3790
 3758 -3758
 -1.136e+04 1.136e+04
 -5146 5146
 -1.281e+04 1.281e+04
 -3492 3492
 -1858 1858
 -2040 2040
 -2038 2038
 -2.035e+04 2.035e+04
 7518 -7518
 5916 -5916
 -8470 8470
 1.517e+04 -1.517e+04
 -7442 7442
 -1.312e+04 1.312e+04
 -2879 2879
 -2445 2445
 5506 -5506
 -2.208e+04 2.208e+04
 3464 -3464
 4167 -4167
 2.92e+04 -2.92e+04
 -2962 2962
 -9534 9534
 -7084 7084
 6000 -6000
 -2.002e+04 2.002e+04
 7200 -7200
 980.9 -980.9
 594.2 -594.2
 -8570 8570
 -9328 9328
 443.3 -443.3
 8914 -8914
 2258 -2258
 4124 -4124
 1246 -1246
 1.821e+04 -1.821e+04
 -3815 3815
 2757 -2757
 -1545 1545
 -1.018e+04 1.018e+04
 -5935 5935
 -5659 5659
 -2854 2854
 4327 -4327
 828.4 -828.4
 2588 -2588
 -2882 2882
 5510 -5510
 -7992 7992
 3.078e+04 -3.078e+04
 -1.535e+04 1.535e+04
 1.602e+04 -1.602e+04
 1678 -1678
 -4921 4921
 1308 -1308
 802.9 -802.9
 -5222 5222
 -4497 4497
 508.6 -508.6
 3.326e+04 -3.326e+04
 2.859e+04 -2.859e+04
 -5975 5975
 2675 -2675
 2.263e+04 -2.263e+04
 -9560 9560
 6308 -6308
 -4201 4201
 2716 -2716
 -2356 2356
 -8363 8363
 -851.2 851.2
 -2352 2352
 -8165 8165
 -1.105e+04 1.105e+04
 2288 -2288
 -4138 4138
 2636 -2636
 6005 -6005
 2.321e+04 -2.321e+04
 -7063 7063
 -2504 2504
 -8529 8529
 2167 -2167
 2173 -2173
 2058 -2058
 -1541 1541
 1870 -1870
 -9407 9407
 1.081e+04 -1.081e+04
 -1.121e+04 1.121e+04
 -644 644
 -2090 2090
 -2125 2125
 4174 -4174
 3171 -3171
 -3847 3847
 -2338 2338
 -545.3 545.3
 -1844 1844
 -1.401e+04 1.401e+04
 2703 -2703
 -7606 7606
 1.133e+04 -1.133e+04
 -2243 2243
 -1777 1777
 -1198 1198
 -6296 6296
 -4304 4304
 -2238 2238
 -3915 3915
 -2.567e+04 2.567e+04
 -1.52e+04 1.52e+04
 -6107 6107
 -6371 6371
 421.8 -421.8
 2027 -2027
 5176 -5176
 7835 -7835
 -5494 5494
 2.4e+04 -2.4e+04
 4623 -4623
 2.001e+04 -2.001e+04
 1.314e+04 -1.314e+04
 3957 -3957
 3123 -3123
 3344 -3344
 -7106 7106
 -2475 2475
 4662 -4662
 4.678e+04 -4.678e+04
 -7626 7626
 1.024e+04 -1.024e+04
 2773 -2773
 4.271e+04 -4.271e+04
 -8690 8690
 1.133e+04 -1.133e+04
 -5858 5858
 4503 -4503
 -1.917e+04 1.917e+04
 1.502e+04 -1.502e+04
 -3123 3123
 5033 -5033
 -4770 4770
 -5594 5594
 3.033e+04 -3.033e+04
 1.138e+04 -1.138e+04
 -1848 1848
 -6710 6710
 -5062 5062
 -6776 6776
 562.6 -562.6
 -1.138e+04 1.138e+04
 -2533 2533
 1079 -1079
 1.325e+04 -1.325e+04
 -4428 4428
 2052 -2052
 1681 -1681
 -8223 8223
 -2905 2905
 4460 -4460
 -5931 5931
 1.539e+04 -1.539e+04
 -4873 4873
 -8173 8173
 -4780 4780
 1.989e+04 -1.989e+04
 1.147e+04 -1.147e+04
 -1.044e+04 1.044e+04
 -1012 1012
 -285.8 285.8
 -1558 1558
 552.8 -552.8
 371.3 -371.3
 -4155 4155
 -5570 5570
 2.369e+04 -2.369e+04
 -1212 1212
 -3769 3769
 2581 -2581
 -1.588e+04 1.588e+04
 2041 -2041
 -7279 7279
 -6725 6725
 -5681 5681
 3717 -3717
 -7568 7568
 3495 -3495
 4096 -4096
 3448 -3448
 8255 -8255
 -1.121e+04 1.121e+04
 -1955 1955
 -1.301e+04 1.301e+04
 -749.9 749.9
 -6947 6947
 -6497 6497
 9743 -9743
 -9110 9110
 -6633 6633
 2304 -2304
 -7589 7589
 -8679 8679
 2587 -2587
 -8398 8398
 1553 -1553
 1.014e+04 -1.014e+04
 -3089 3089
 -1.195e+04 1.195e+04
 -5196 5196
 -6000 6000
 1.347e+04 -1.347e+04
 -6735 6735
 -2102 2102
 1.652e+04 -1.652e+04
 1.28e+04 -1.28e+04
 5620 -5620
 1643 -1643
 -1.216e+04 1.216e+04
 -5977 5977
 3.17e+04 -3.17e+04
 309.7 -309.7
 -7478 7478
 7105 -7105
 3682 -3682
 3080 -3080
 1.635e+04 -1.635e+04
 -6119 6119
 -6735 6735
 -36.43 36.43
 -4542 4542
 8262 -8262
 -1283 1283
 7739 -7739
 -6213 6213
 2825 -2825
 2.962e+04 -2.962e+04
 535.9 -535.9
 2.143e+04 -2.143e+04
 -3405 3405
 -1.361e+04 1.361e+04
 -2.187e+04 2.187e+04
 -2852 2852
 -7717 7717
 -8348 8348
 4.033e+04 -4.033e+04
 3905 -3905
 -1463 1463
 -4739 4739
 5674 -5674
 -4242 4242
 2.934e+04 -2.934e+04
 -7445 7445
 -5149 5149
 -1.064e+04 1.064e+04
 1.281e+04 -1.281e+04
 -1.723e+04 1.723e+04
 2258 -2258
 2.833e+04 -2.833e+04
 -1887 1887
 313 -313
 -3173 3173
 4539 -4539
 1.807e+04 -1.807e+04
 -4643 4643
 520 -520
 -6766 6766
 3.136e+04 -3.136e+04
 -1053 1053
 4275 -4275
 -1.114e+04 1.114e+04
 -3867 3867
 1315 -1315
 2.767e+04 -2.767e+04
 1.808e+04 -1.808e+04
 2473 -2473
 6321 -6321
 5617 -5617
 8214 -8214
 -1728 1728
 2.665e+04 -2.665e+04
 2418 -2418
 3772 -3772
 -1.163e+04 1.163e+04
 -2283 2283
 -1958 1958
 -7190 7190
 1.655e+04 -1.655e+04
 1188 -1188
 -4905 4905
 9638 -9638
 -8868 8868
 1.417e+04 -1.417e+04
 -1815 1815
 2549 -2549
 -4505 4505
 5417 -5417
 5149 -5149
 2.039e+04 -2.039e+04
 -3745 3745
 49.17 -49.17
 -4546 4546
 -1.108e+04 1.108e+04
 2971 -2971
 4635 -4635
 -1115 1115
 1.633e+04 -1.633e+04
 -4663 4663
 -2173 2173
 7786 -7786
 4895 -4895
 3.984e+04 -3.984e+04
 1671 -1671
 -1618 1618
 3676 -3676
 -4953 4953
 -7240 7240
 -8055 8055
 -4541 4541
 -1.622e+04 1.622e+04
 -3989 3989
 4281 -4281
 -1262 1262
 3397 -3397
 -4156 4156
 3980 -3980
 8047 -8047
 -4083 4083
 -9812 9812
 -5108 5108
 1980 -1980
 -3395 3395
 7512 -7512
 -7077 7077
 -4603 4603
 -639.3 639.3
 -1.019e+04 1.019e+04
 1.315e+04 -1.315e+04
 -7211 7211
 -2.118e+04 2.118e+04
 1273 -1273
 -63.48 63.48
 4.696e+04 -4.696e+04
 -9018 9018
 -3918 3918
 7493 -7493
 6683 -6683
 -5238 5238
 -1.131e+04 1.131e+04
 -4564 4564
 -1.414e+04 1.414e+04
 524.6 -524.6
 1671 -1671
 -9701 9701
 5786 -5786
 -5782 5782
 8897 -8897
 628.1 -628.1
 1.339e+04 -1.339e+04
 8023 -8023
 1.128e+04 -1.128e+04
 -667.7 667.7
 5697 -5697
 9770 -9770
 -724.4 724.4
 -1.129e+04 1.129e+04
 8700 -8700
 6907 -6907
 -1.37e+04 1.37e+04
 9158 -9158
 -4619 4619
 1666 -1666
 -5341 5341
 3873 -3873
 7718 -7718
 1412 -1412
 -1975 1975
 -4580 4580
 3190 -3190
 -1875 1875
 -5053 5053
 -3646 3646
 -6424 6424
 -906.4 906.4
 -2866 2866
 -7786 7786
 -1.733e+04 1.733e+04
 -2838 2838
 -1.026e+04 1.026e+04
 -2636 2636
 -1094 1094
 -8006 8006
 2085 -2085
 -2101 2101
 1.043e+04 -1.043e+04
 1533 -1533
 -4674 4674
 -7483 7483
 3022 -3022
 1.813e+04 -1.813e+04
 -1996 1996
 93.29 -93.29
 1020 -1020
 4886 -4886
 1863 -1863
 2.202e+04 -2.202e+04
 2853 -2853
 -1569 1569
 -4132 4132
 1240 -1240
 -2057 2057
 -8948 8948
 -8682 8682
 4842 -4842
 -4991 4991
 -65.05 65.05
 -4238 4238
 -1.282e+04 1.282e+04
 1052 -1052
 7020 -7020
 -1.279e+04 1.279e+04
 -3880 3880
 -3374 3374
 3735 -3735
 -6818 6818
 -3645 3645
 677 -677
 -1.026e+04 1.026e+04
 345 -345
 -3460 3460
 3.381e+04 -3.381e+04
 899.7 -899.7
 -1.105e+04 1.105e+04
 6327 -6327
 -1612 1612
 2845 -2845
 -3682 3682
 4903 -4903
 -1699 1699
 -2.083e+04 2.083e+04
 -1890 1890
 2563 -2563
 2247 -2247
 -1.547e+04 1.547e+04
 -6274 6274
 -1.277e+04 1.277e+04
 -109.2 109.2
 -4525 4525
 1236 -1236
 -6481 6481
 -2296 2296
 -6328 6328
 1.951e+04 -1.951e+04
 305.5 -305.5
 -25 25
 -1.092e+04 1.092e+04
 -1824 1824
 -3449 3449
 1.286e+04 -1.286e+04
 -1.673e+04 1.673e+04
 542.7 -542.7
 8598 -8598
 1.024e+04 -1.024e+04
 1.756e+04 -1.756e+04
 -1.007e+04 1.007e+04
 -1.628e+04 1.628e+04
 -4369 4369
 6458 -6458
 6196 -6196
 1.309e+04 -1.309e+04
 -1.455e+04 1.455e+04
 -3667 3667
 -4352 4352
 2327 -2327
 7678 -7678
 -1.073e+04 1.073e+04
 3827 -3827
 -4150 4150
 -453 453
 -3169 3169
 922.6 -922.6
 -4776 4776
 2.149e+04 -2.149e+04
 284.1 -284.1
 -1.737e+04 1.737e+04
 721.5 -721.5
 -1495 1495
 1.452e+04 -1.452e+04
 8405 -8405
 8951 -8951
 -4410 4410
 -1.115e+04 1.115e+04
 -6949 6949
 2876 -2876
 1296 -1296
 5690 -5690
 2344 -2344
 1933 -1933
 7933 -7933
 3312 -3312
 1.293e+04 -1.293e+04
 -1.038e+04 1.038e+04
 -2518 2518
 551.6 -551.6
 353.9 -353.9
 938.3 -938.3
 7553 -7553
 -1.379e+04 1.379e+04
 6203 -6203
 5333 -5333
 -4326 4326
 1.391e+04 -1.391e+04
 31.68 -31.68
 55.06 -55.06
 -9575 9575
 -3372 3372
 2417 -2417
 -4949 4949
 8575 -8575
 -1552 1552
 -285.2 285.2
 4350 -4350
 5780 -5780
 -2895 2895
 3.608e+04 -3.608e+04
 4499 -4499
 2.766e+04 -2.766e+04
 -5177 5177
 -2248 2248
 1.334e+04 -1.334e+04
 150.7 -150.7
 6990 -6990
 8532 -8532
 -4556 4556
 -2883 2883
 2.457e+04 -2.457e+04
 -4098 4098
 -8615 8615
 8549 -8549
 -2.299e+04 2.299e+04
 3.292e+04 -3.292e+04
 2.375e+04 -2.375e+04
 -619.1 619.1
 -1883 1883
 -2639 2639
 -6620 6620
 -4987 4987
 -1039 1039
 -1.067e+04 1.067e+04
 -6169 6169
 1.012e+04 -1.012e+04
 -2373 2373
 4.16e+04 -4.16e+04
 -7526 7526
 2130 -2130
 2212 -2212
 1.698e+04 -1.698e+04
 -7673 7673
 -1.737e+04 1.737e+04
 2965 -2965
 -1.04e+04 1.04e+04
 5899 -5899
 1100 -1100
 1203 -1203
 2.264e+04 -2.264e+04
 -3390 3390
 -6697 6697
 -7895 7895
 -3977 3977
 -2971 2971
 -1535 1535
 -3471 3471
 -734.8 734.8
 -1.23e+04 1.23e+04
 -332.3 332.3
 7019 -7019
 -7048 7048
 1.95e+04 -1.95e+04
 5078 -5078
 -4674 4674
 2220 -2220
 5514 -5514
 -1.507e+04 1.507e+04
 7568 -7568
 -3433 3433
 5310 -5310
 -7964 7964
 -1.544e+04 1.544e+04
 2.286e+04 -2.286e+04
 360.7 -360.7
 -143.3 143.3
 -1.89e+04 1.89e+04
 1.729e+04 -1.729e+04
 -4933 4933
 290 -290
 -6471 6471
 3051 -3051
 -3868 3868
 -7240 7240
 -1.095e+04 1.095e+04
 470.1 -470.1
 -5078 5078
 -4278 4278
 2000 -2000
 -8306 8306
 6842 -6842
 -254.6 254.6
 -464.8 464.8
 -1573 1573
 -5227 5227
 3896 -3896
 -1199 1199
 -1044 1044
 3233 -3233
 -3773 3773
 3276 -3276
 -4899 4899
 -5779 5779
 4112 -4112
 -3941 3941
 1467 -1467
 -933.2 933.2
 -6662 6662
 1.085e+04 -1.085e+04
 1.395e+04 -1.395e+04
 -3605 3605
 3770 -3770
 -6718 6718
 -1.194e+04 1.194e+04
 8753 -8753
 8101 -8101
 -6522 6522
 1580 -1580
 -1065 1065
 -6981 6981
 2965 -2965
 2.953e+04 -2.953e+04
 -4956 4956
 -7933 7933
 -186 186
 -4223 4223
 -437.7 437.7
 2.237e+04 -2.237e+04
 3558 -3558
 3678 -3678
 -1.522e+04 1.522e+04
 -7912 7912
 -1.108e+04 1.108e+04
 3.174e+04 -3.174e+04
 -1673 1673
 5175 -5175
 -8484 8484
 4971 -4971
 3.87e+04 -3.87e+04
 -1.373e+04 1.373e+04
 -2170 2170
 1.079e+04 -1.079e+04
 -1.937e+04 1.937e+04
 -5552 5552
 -4240 4240
 -4666 4666
 -5608 5608
 745.1 -745.1
 -1.704e+04 1.704e+04
 -977.7 977.7
 -3228 3228
 1.408e+04 -1.408e+04
 2524 -2524
 3529 -3529
 -2657 2657
 -693.9 693.9
 6904 -6904
 -1865 1865
 -9309 9309
 7598 -7598
 -3243 3243
 925.2 -925.2
 2534 -2534
 -7010 7010
 -7328 7328


