1.831212e-10
3.343294e-21
1.267339e-08
9.356365e-14
1.514118e-20
2.761033e-06
1.994494e-25
1.557119e-15
2.784622e-24
3.656643e-16
1.784098e-19
3.347526e-09
4.532203e-15
2.429150e-24
3.510881e-17
2.621175e-09
2.761033e-06
8.630838e-24
1.267339e-08
4.476445e-21
1.155159e-21
1.089775e-16
2.332784e-24
1.147861e-16
4.556608e-07
7.928205e-13
7.679321e-08
4.556608e-07
6.229759e-19
3.022099e-11
5.844432e-14
9.473272e-23
1.147861e-16
2.275594e-19
7.890437e-24
8.463197e-18
9.356365e-14
1.898059e-12
2.986145e-17
2.761033e-06
1.898059e-12
2.986145e-17
4.008503e-21
9.645226e-15
8.888224e-20
3.978793e-23
1.514118e-20
3.925662e-13
9.297368e-23
1.742953e-26
1.147861e-16
6.945391e-15
7.949104e-24
1.116244e-21
4.838035e-20
6.074004e-10
2.706127e-14
4.050825e-16
4.476445e-21
6.250458e-12
4.556608e-07
3.343294e-21
6.270861e-15
2.892243e-18
4.556608e-07
6.946583e-25
9.297368e-23
2.621175e-09
2.784622e-24
4.050825e-16
5.248339e-27
2.706127e-14
9.876428e-23
1.710380e-12
1.248118e-17
9.645226e-15
1.994874e-15
1.580889e-15
1.147861e-16
2.761033e-06
7.949104e-24
1.089775e-16
2.761033e-06
2.986145e-17
4.476445e-21
3.510881e-17
3.347526e-09
4.556608e-07
1.142608e-10
3.127927e-23
1.602348e-22
6.946583e-25
1.267339e-08
6.270861e-15
2.779722e-23
9.096869e-14
1.791749e-26
9.297368e-23
5.169103e-20
7.767264e-21
1.308413e-13
7.679321e-08
1.580889e-15
2.420200e-18
1.551656e-27
7.679321e-08
1.546973e-16
1.799895e-21
5.169103e-20
8.033488e-18
1.546973e-16
5.524514e-10
4.556608e-07
1.580889e-15
1.710380e-12
1.994874e-15
1.330486e-21
1.602348e-22
7.949104e-24
6.250458e-12
1.556153e-20
4.362122e-16
9.473272e-23
3.925662e-13
5.876358e-15
7.479619e-16
2.420200e-18
2.053962e-19
3.127927e-23
1.267339e-08
4.556608e-07
7.679321e-08
3.343294e-21
4.556608e-07
5.114328e-21
4.008503e-21
2.517100e-14
9.356365e-14
3.022099e-11
4.622688e-16
5.114328e-21
7.479619e-16
4.556608e-07
3.022099e-11
1.551656e-27
6.946583e-25
2.761033e-06
1.142608e-10
5.248339e-27
2.303109e-24
7.679321e-08
1.718967e-19
3.347526e-09
1.994494e-25
4.050825e-16
6.074004e-10
2.706127e-14
9.096869e-14
2.761033e-06
1.710380e-12
7.679321e-08
1.580889e-15
8.033488e-18
2.025837e-20
3.579345e-22
7.479619e-16
2.012647e-25
1.308413e-13
2.303109e-24
8.901358e-18
1.227720e-16
5.026361e-18
2.621175e-09
1.383521e-20
3.022099e-11
5.026361e-18
4.838035e-20
1.710380e-12
7.679321e-08
3.471365e-22
1.710380e-12
7.949104e-24
1.039577e-18
5.981780e-20
2.012647e-25
1.994874e-15
1.710380e-12
2.761033e-06
2.216667e-18
6.229759e-19
2.621175e-09
1.994874e-15
8.901358e-18
3.343294e-21
1.546973e-16
1.330486e-21
1.267339e-08
5.876358e-15
9.297368e-23
1.142608e-10
2.408995e-19
7.890437e-24
1.330486e-21
1.898059e-12
8.630838e-24
3.656643e-16
3.347526e-09
6.945391e-15
5.524514e-10
1.602348e-22
2.303109e-24
3.925662e-13
3.022099e-11
1.162689e-22
2.604004e-18
5.524514e-10
4.297460e-19
7.767264e-21
5.844432e-14
7.679321e-08
6.034657e-17
1.142608e-10
1.994874e-15
4.362122e-16
7.679321e-08
7.479619e-16
7.679321e-08
4.362122e-16
7.928205e-13
1.868319e-19
3.234114e-22
7.181735e-19
6.914770e-22
1.147861e-16
2.779722e-23
6.914770e-22
4.532203e-15
7.949104e-24
6.074004e-10
1.831212e-10
4.297460e-19
2.621175e-09
2.761033e-06
1.556153e-20
2.761033e-06
1.142608e-10
1.784098e-19
3.579345e-22
6.229759e-19
4.008503e-21
3.251196e-22
9.473272e-23
2.303109e-24
1.791749e-26
2.986145e-17
5.895386e-26
1.831212e-10
6.946583e-25
6.574623e-12
5.026361e-18
1.546973e-16
4.469322e-22
1.556153e-20
5.114328e-21
6.945391e-15
1.551656e-27
2.420200e-18
1.556153e-20
3.584773e-17
3.579345e-22
5.524514e-10
2.647746e-11
1.551656e-27
1.089775e-16
6.250458e-12
3.234114e-22
3.006997e-17
1.267339e-08
2.761033e-06
9.096869e-14
2.621175e-09
1.784098e-19
2.621175e-09
1.116244e-21
2.258845e-14
1.784098e-19
2.429150e-24
6.746200e-25
3.584773e-17
3.347526e-09
5.026253e-20
1.791749e-26
4.622688e-16
3.234114e-22
9.096869e-14
2.986145e-17
2.162540e-25
7.767264e-21
6.945391e-15
6.238812e-19
2.761033e-06
6.270861e-15
1.448408e-12
3.343294e-21
1.710380e-12
4.050825e-16
5.114328e-21
7.181735e-19
3.251196e-22
2.162540e-25
2.059653e-20
6.574623e-12
1.799895e-21
2.315677e-18
7.683562e-25
2.059653e-20
3.127927e-23
5.169103e-20
1.383521e-20
1.248118e-17
3.347526e-09
3.656643e-16
2.258845e-14
1.898059e-12
2.761033e-06
2.779722e-23
3.656643e-16
6.946583e-25
9.473272e-23
2.761033e-06
4.476445e-21
3.755475e-20
2.275594e-19
7.479619e-16
1.330486e-21
3.022099e-11
6.074004e-10
7.181735e-19
7.679321e-08
2.621175e-09
2.693745e-23
1.267339e-08
4.532203e-15
6.746200e-25
5.876358e-15
9.356365e-14
2.408995e-19
3.471365e-22
2.761033e-06
8.888224e-20
2.420200e-18
4.556608e-07
4.362122e-16
8.901358e-18
9.096869e-14
4.469322e-22
1.227720e-16
5.169103e-20
3.006997e-17
2.761033e-06
1.142608e-10
8.463197e-18
8.630838e-24
2.986145e-17
1.551656e-27
2.761033e-06
6.945391e-15
4.469322e-22
6.946583e-25
3.925662e-13
3.903392e-21
8.901358e-18
6.574623e-12
9.297368e-23
3.510881e-17
7.683562e-25
1.267339e-08
2.429150e-24
2.761033e-06
3.127927e-23
8.463197e-18
3.596544e-13
3.596544e-13
5.169103e-20
2.059653e-20
2.162540e-25
1.551656e-27
1.383521e-20
2.517100e-14
2.761033e-06
7.890437e-24
1.602348e-22
6.945391e-15
9.645226e-15
6.184162e-26
1.089775e-16
3.584773e-17
3.579345e-22
2.012647e-25
8.033488e-18
5.169103e-20
7.683562e-25
1.448408e-12
3.234114e-22
4.556608e-07
1.718967e-19
1.868319e-19
1.308413e-13
5.248339e-27
1.742953e-26
2.706127e-14
2.408995e-19
2.275594e-19
2.429150e-24
2.761033e-06
4.556608e-07
8.901358e-18
6.946583e-25
3.127927e-23
2.258845e-14
3.127927e-23
9.356365e-14
1.142608e-10
1.174159e-21
8.033488e-18
1.162689e-22
1.142608e-10
1.035078e-23
2.517100e-14
5.114328e-21
3.006997e-17
2.647746e-11
4.556608e-07
7.012094e-19
6.184162e-26
5.524514e-10
2.986145e-17
1.551656e-27
5.524514e-10
2.258845e-14
2.162540e-25
3.510881e-17
9.356365e-14
4.186446e-21
6.250458e-12
1.330486e-21
1.718967e-19
9.096869e-14
6.746200e-25
3.596544e-13
3.234114e-22
3.596544e-13
7.679321e-08
1.868319e-19
2.761033e-06
3.925662e-13
1.898059e-12
4.556608e-07
2.059653e-20
2.059653e-20
3.022099e-11
7.679321e-08
1.386886e-20
1.831212e-10
1.784098e-19
4.622688e-16
1.386886e-20
4.008503e-21
2.162540e-25
3.127927e-23
2.892243e-18
1.330486e-21
4.556608e-07
2.986145e-17
5.524514e-10
2.693745e-23
6.074004e-10
4.838035e-20
1.994874e-15
5.524514e-10
4.556608e-07
6.746200e-25
1.868319e-19
1.710380e-12
7.767264e-21
4.050825e-16
4.556608e-07
2.621175e-09
1.227720e-16
1.898059e-12
8.033488e-18
1.150111e-11
2.621175e-09
9.096869e-14
5.169103e-20
1.267339e-08
6.574623e-12
4.532203e-15
4.532203e-15
2.216667e-18
2.892243e-18
3.234114e-22
4.050825e-16
2.604004e-18
1.602348e-22
4.050825e-16
3.925662e-13
5.981780e-20
2.706127e-14
6.074004e-10
1.742953e-26
5.876358e-15
2.761033e-06
5.026361e-18
5.026253e-20
4.838035e-20
3.978793e-23
7.890437e-24
1.546973e-16
1.742953e-26
5.844432e-14
2.693745e-23
4.476445e-21
2.275594e-19
6.250458e-12
1.602348e-22
2.315677e-18
5.876358e-15
7.928205e-13
4.532203e-15
9.645226e-15
1.556153e-20
1.089775e-16
1.227720e-16
1.142608e-10
5.524514e-10
1.039577e-18
5.026361e-18
1.994874e-15
8.033488e-18
1.155159e-21
2.761033e-06
1.556153e-20
1.116244e-21
6.250458e-12
5.169103e-20
6.184162e-26
1.898059e-12
2.779722e-23
3.978793e-23
1.831212e-10
2.761033e-06
3.596544e-13
1.602348e-22
2.420200e-18
3.978793e-23
2.621175e-09
5.248339e-27
9.356365e-14
4.186446e-21
4.556608e-07
8.033488e-18
1.448408e-12
7.928205e-13
2.315677e-18
8.463197e-18
1.116244e-21
3.471365e-22
6.574623e-12
3.127927e-23
1.308413e-13
1.147861e-16
1.580889e-15
3.045675e-17
4.556608e-07
9.356365e-14
3.510881e-17
1.994494e-25
3.925662e-13
2.053962e-19
6.574623e-12
7.949104e-24
1.799895e-21
5.114328e-21
7.479619e-16
4.469322e-22
5.524514e-10
3.347526e-09
3.006997e-17
2.258845e-14
3.925662e-13
3.596544e-13
3.251196e-22
6.250458e-12
2.761033e-06
3.045675e-17
6.945391e-15
2.053962e-19
2.408995e-19
1.142608e-10
1.898059e-12
3.347526e-09
2.621175e-09
2.761033e-06
2.408995e-19
1.267339e-08
5.844432e-14
8.463197e-18
3.022099e-11
3.925662e-13
8.463197e-18
4.622688e-16
3.579345e-22
2.408995e-19
2.258845e-14
1.556153e-20
2.761033e-06
2.604004e-18
3.978793e-23
2.604004e-18
2.012647e-25
8.033488e-18
6.074004e-10
3.584773e-17
2.315677e-18
2.059653e-20
6.034657e-17
7.181735e-19
1.784098e-19
1.150111e-11
5.026361e-18
2.761033e-06
6.945391e-15
3.234114e-22
2.059653e-20
3.127927e-23
1.868319e-19
1.710380e-12
3.343294e-21
8.463197e-18
2.892243e-18
8.463197e-18
6.946583e-25
1.718967e-19
6.270861e-15
4.838035e-20
6.250458e-12
1.150111e-11
4.556608e-07
3.978793e-23
3.584773e-17
6.914770e-22
9.645226e-15
6.229759e-19
2.621175e-09
8.463197e-18
7.012094e-19
6.945391e-15
1.742953e-26
8.888224e-20
4.469322e-22
5.248339e-27
5.981780e-20
9.473272e-23
1.831212e-10
1.089775e-16
2.162540e-25
4.556608e-07
2.647746e-11
3.925662e-13
1.557119e-15
4.556608e-07
6.746200e-25
8.901358e-18
2.059653e-20
1.580889e-15
7.767264e-21
2.012647e-25
6.074004e-10
6.074004e-10
9.645226e-15
4.008503e-21
3.234114e-22
5.248339e-27
1.831212e-10
2.621175e-09
1.784098e-19
3.755475e-20
1.551656e-27
6.074004e-10
4.622688e-16
1.799895e-21
2.429150e-24
3.347526e-09
2.604004e-18
1.868319e-19
1.994874e-15
1.448408e-12
3.903392e-21
1.799895e-21
1.162689e-22
2.761033e-06
1.155159e-21
3.925662e-13
8.888224e-20
2.420200e-18
2.429150e-24
7.012094e-19
1.248118e-17
4.469322e-22
8.901358e-18
1.514118e-20
1.248118e-17
8.033488e-18
1.557119e-15
3.127927e-23
2.761033e-06
1.742953e-26
2.604004e-18
1.089775e-16
2.025837e-20
6.184162e-26
1.039577e-18
7.479619e-16
1.994494e-25
3.903392e-21
4.008503e-21
5.524514e-10
2.517100e-14
4.556608e-07
1.448408e-12
5.524514e-10
9.297368e-23
1.162689e-22
2.784622e-24
1.383521e-20
2.706127e-14
3.006997e-17
2.761033e-06
4.556608e-07
5.026361e-18
5.026253e-20
5.169103e-20
3.127927e-23
1.330486e-21
5.844432e-14
2.216667e-18
3.343294e-21
6.074004e-10
7.679321e-08
7.181735e-19
1.448408e-12
1.448408e-12
5.248339e-27
4.556608e-07
2.892243e-18
1.546973e-16
1.831212e-10
2.059653e-20
6.574623e-12
6.914770e-22
2.892243e-18
2.053962e-19
2.986145e-17
3.579345e-22
2.761033e-06
2.621175e-09
4.838035e-20
1.089775e-16
6.574623e-12
3.510881e-17
2.408995e-19
5.524514e-10
1.267339e-08
1.994494e-25
7.767264e-21
7.012094e-19
2.761033e-06
7.928205e-13
2.621175e-09
6.270861e-15
4.297460e-19
7.181735e-19
3.596544e-13
9.876428e-23
1.155159e-21
1.150111e-11
1.330486e-21
2.621175e-09
1.602348e-22
2.647746e-11
7.679321e-08
2.761033e-06
2.053962e-19
1.248118e-17
6.270861e-15
1.710380e-12
3.510881e-17
3.978793e-23
9.356365e-14
3.584773e-17
1.116244e-21
3.596544e-13
4.556608e-07
4.297460e-19
3.925662e-13
2.621175e-09
6.270861e-15
2.053962e-19
6.946583e-25
4.838035e-20
1.551656e-27
2.892243e-18
6.574623e-12
3.343294e-21
7.949104e-24
2.761033e-06
1.383521e-20
9.645226e-15
3.903392e-21
4.476445e-21
7.679321e-08
7.012094e-19
3.343294e-21
1.267339e-08
1.308413e-13
2.647746e-11
8.888224e-20
1.116244e-21
4.556608e-07
1.155159e-21
3.234114e-22
3.596544e-13
9.096869e-14
5.169103e-20
2.761033e-06
7.928205e-13
9.096869e-14
3.596544e-13
1.267339e-08
9.297368e-23
1.308413e-13
5.248339e-27
2.275594e-19
6.945391e-15
4.050825e-16
2.647746e-11
5.524514e-10
4.362122e-16
3.006997e-17
1.147861e-16
2.429150e-24
6.574623e-12
4.838035e-20
6.270861e-15
5.876358e-15
3.596544e-13
1.150111e-11
2.761033e-06
2.647746e-11
1.150111e-11
7.949104e-24
2.892243e-18
6.074004e-10
2.784622e-24
4.469322e-22
2.059653e-20
6.250458e-12
7.479619e-16
1.514118e-20
7.679321e-08
7.890437e-24
2.332784e-24
3.347526e-09
7.679321e-08
3.978793e-23
2.784622e-24
3.596544e-13
4.362122e-16
5.026253e-20
7.679321e-08
5.248339e-27
1.116244e-21
6.238812e-19
2.986145e-17
5.876358e-15
1.248118e-17
2.647746e-11
1.116244e-21
1.831212e-10
9.297368e-23
1.898059e-12
6.074004e-10
3.234114e-22
3.755475e-20
1.448408e-12
1.174159e-21
5.169103e-20
1.994874e-15
4.556608e-07
1.602348e-22
3.347526e-09
4.008503e-21
6.074004e-10
3.045675e-17
2.621175e-09
3.510881e-17
3.347526e-09
4.362122e-16
1.267339e-08
2.761033e-06
2.275594e-19
3.656643e-16
8.463197e-18
3.251196e-22
6.074004e-10
3.925662e-13
2.420200e-18
6.945391e-15
2.892243e-18
5.524514e-10
2.621175e-09
3.656643e-16
3.584773e-17
8.888224e-20
7.928205e-13
1.546973e-16
6.184162e-26
1.116244e-21
1.035078e-23
7.012094e-19
3.925662e-13
9.473272e-23
1.994494e-25
7.679321e-08
1.831212e-10
1.557119e-15
4.556608e-07
2.784622e-24
5.248339e-27
4.838035e-20
1.791749e-26
1.150111e-11
3.347526e-09
6.574623e-12
1.162689e-22
3.510881e-17
6.574623e-12
2.621175e-09
4.476445e-21
1.308413e-13
7.679321e-08
6.250458e-12
2.892243e-18
2.025837e-20
6.250458e-12
5.114328e-21
1.308413e-13
1.710380e-12
1.742953e-26
2.784622e-24
2.892243e-18
4.008503e-21
9.876428e-23
9.356365e-14
2.800744e-23
8.901358e-18
6.945391e-15
1.089775e-16
8.888224e-20
2.059653e-20
1.831212e-10
7.679321e-08
1.868319e-19
7.890437e-24
7.683562e-25
5.026253e-20
9.876428e-23
1.267339e-08
1.039577e-18
4.622688e-16
4.556608e-07
3.022099e-11
3.510881e-17
4.556608e-07
3.596544e-13
2.332784e-24
3.127927e-23
4.476445e-21
4.556608e-07
1.799895e-21
3.596544e-13
4.622688e-16
2.761033e-06
7.890437e-24
9.297368e-23
1.150111e-11
6.574623e-12
1.546973e-16
9.356365e-14
