2.187053e-10
8.211443e-21
1.076518e-08
5.338767e-14
4.756200e-21
2.467907e-06
7.951257e-26
1.249279e-15
3.267332e-24
7.076113e-16
7.530945e-20
3.630119e-09
7.963511e-15
1.925905e-24
1.221828e-17
1.920719e-09
2.467907e-06
7.932288e-24
1.076518e-08
1.213021e-21
8.752942e-22
6.506460e-17
8.444248e-25
1.014249e-16
3.513704e-07
1.148510e-12
7.561103e-08
3.513704e-07
4.511434e-19
3.113834e-11
9.324383e-14
3.609398e-23
1.014249e-16
5.882435e-19
3.310951e-24
3.760213e-18
5.338767e-14
2.153857e-12
2.276154e-17
2.467907e-06
2.153857e-12
2.276154e-17
1.607553e-21
1.327567e-14
1.552623e-19
6.273470e-23
4.756200e-21
3.842902e-13
5.242544e-23
7.652537e-27
1.014249e-16
2.949176e-15
4.936475e-24
5.715105e-22
2.607248e-20
3.839542e-10
2.917517e-14
2.803602e-16
1.213021e-21
5.555689e-12
3.513704e-07
8.211443e-21
5.832154e-15
3.593263e-18
3.513704e-07
4.751017e-25
5.242544e-23
1.920719e-09
3.267332e-24
2.803602e-16
2.941869e-27
2.917517e-14
8.241929e-23
8.861404e-13
1.797519e-17
1.327567e-14
2.368638e-15
8.570196e-16
1.014249e-16
2.467907e-06
4.936475e-24
6.506460e-17
2.467907e-06
2.276154e-17
1.213021e-21
1.221828e-17
3.630119e-09
3.513704e-07
9.221457e-11
3.332477e-23
2.928718e-22
4.751017e-25
1.076518e-08
5.832154e-15
2.001084e-23
7.682012e-14
1.164244e-26
5.242544e-23
1.882265e-20
1.494293e-20
1.635200e-13
7.561103e-08
8.570196e-16
9.276073e-19
7.502941e-28
7.561103e-08
2.022941e-16
2.987111e-21
1.882265e-20
5.282386e-18
2.022941e-16
5.168412e-10
3.513704e-07
8.570196e-16
8.861404e-13
2.368638e-15
1.492001e-21
2.928718e-22
4.936475e-24
5.555689e-12
1.584508e-20
2.039962e-16
3.609398e-23
3.842902e-13
3.692856e-15
1.133811e-15
9.276073e-19
5.858343e-20
3.332477e-23
1.076518e-08
3.513704e-07
7.561103e-08
8.211443e-21
3.513704e-07
6.648322e-21
1.607553e-21
1.238994e-14
5.338767e-14
3.113834e-11
4.734938e-16
6.648322e-21
1.133811e-15
3.513704e-07
3.113834e-11
7.502941e-28
4.751017e-25
2.467907e-06
9.221457e-11
2.941869e-27
1.233810e-24
7.561103e-08
1.073856e-19
3.630119e-09
7.951257e-26
2.803602e-16
3.839542e-10
2.917517e-14
7.682012e-14
2.467907e-06
8.861404e-13
7.561103e-08
8.570196e-16
5.282386e-18
5.767442e-20
3.462562e-22
1.133811e-15
1.187457e-25
1.635200e-13
1.233810e-24
8.662218e-18
4.952887e-17
9.241637e-18
1.920719e-09
6.431821e-21
3.113834e-11
9.241637e-18
2.607248e-20
8.861404e-13
7.561103e-08
1.035984e-22
8.861404e-13
4.936475e-24
1.648889e-18
7.060529e-20
1.187457e-25
2.368638e-15
8.861404e-13
2.467907e-06
1.257365e-18
4.511434e-19
1.920719e-09
2.368638e-15
8.662218e-18
8.211443e-21
2.022941e-16
1.492001e-21
1.076518e-08
3.692856e-15
5.242544e-23
9.221457e-11
3.296150e-19
3.310951e-24
1.492001e-21
2.153857e-12
7.932288e-24
7.076113e-16
3.630119e-09
2.949176e-15
5.168412e-10
2.928718e-22
1.233810e-24
3.842902e-13
3.113834e-11
1.435948e-22
6.112059e-18
5.168412e-10
8.702093e-19
1.494293e-20
9.324383e-14
7.561103e-08
1.007467e-16
9.221457e-11
2.368638e-15
2.039962e-16
7.561103e-08
1.133811e-15
7.561103e-08
2.039962e-16
1.148510e-12
1.727334e-19
1.428418e-22
7.696962e-19
1.465082e-21
1.014249e-16
2.001084e-23
1.465082e-21
7.963511e-15
4.936475e-24
3.839542e-10
2.187053e-10
8.702093e-19
1.920719e-09
2.467907e-06
1.584508e-20
2.467907e-06
9.221457e-11
7.530945e-20
3.462562e-22
4.511434e-19
1.607553e-21
2.125154e-22
3.609398e-23
1.233810e-24
1.164244e-26
2.276154e-17
3.000525e-26
2.187053e-10
4.751017e-25
3.948621e-12
9.241637e-18
2.022941e-16
6.398552e-22
1.584508e-20
6.648322e-21
2.949176e-15
7.502941e-28
9.276073e-19
1.584508e-20
4.043885e-17
3.462562e-22
5.168412e-10
1.843381e-11
7.502941e-28
6.506460e-17
5.555689e-12
1.428418e-22
1.548731e-17
1.076518e-08
2.467907e-06
7.682012e-14
1.920719e-09
7.530945e-20
1.920719e-09
5.715105e-22
1.645528e-14
7.530945e-20
1.925905e-24
3.117651e-25
4.043885e-17
3.630119e-09
4.008712e-20
1.164244e-26
4.734938e-16
1.428418e-22
7.682012e-14
2.276154e-17
1.888256e-25
1.494293e-20
2.949176e-15
3.052796e-19
2.467907e-06
5.832154e-15
1.110589e-12
8.211443e-21
8.861404e-13
2.803602e-16
6.648322e-21
7.696962e-19
2.125154e-22
1.888256e-25
3.103714e-20
3.948621e-12
2.987111e-21
1.943955e-18
7.777224e-25
3.103714e-20
3.332477e-23
1.882265e-20
6.431821e-21
1.797519e-17
3.630119e-09
7.076113e-16
1.645528e-14
2.153857e-12
2.467907e-06
2.001084e-23
7.076113e-16
4.751017e-25
3.609398e-23
2.467907e-06
1.213021e-21
8.375165e-20
5.882435e-19
1.133811e-15
1.492001e-21
3.113834e-11
3.839542e-10
7.696962e-19
7.561103e-08
1.920719e-09
1.310308e-23
1.076518e-08
7.963511e-15
3.117651e-25
3.692856e-15
5.338767e-14
3.296150e-19
1.035984e-22
2.467907e-06
1.552623e-19
9.276073e-19
3.513704e-07
2.039962e-16
8.662218e-18
7.682012e-14
6.398552e-22
4.952887e-17
1.882265e-20
1.548731e-17
2.467907e-06
9.221457e-11
3.760213e-18
7.932288e-24
2.276154e-17
7.502941e-28
2.467907e-06
2.949176e-15
6.398552e-22
4.751017e-25
3.842902e-13
2.316714e-21
8.662218e-18
3.948621e-12
5.242544e-23
1.221828e-17
7.777224e-25
1.076518e-08
1.925905e-24
2.467907e-06
3.332477e-23
3.760213e-18
2.378942e-13
2.378942e-13
1.882265e-20
3.103714e-20
1.888256e-25
7.502941e-28
6.431821e-21
1.238994e-14
2.467907e-06
3.310951e-24
2.928718e-22
2.949176e-15
1.327567e-14
4.658141e-26
6.506460e-17
4.043885e-17
3.462562e-22
1.187457e-25
5.282386e-18
1.882265e-20
7.777224e-25
1.110589e-12
1.428418e-22
3.513704e-07
1.073856e-19
1.727334e-19
1.635200e-13
2.941869e-27
7.652537e-27
2.917517e-14
3.296150e-19
5.882435e-19
1.925905e-24
2.467907e-06
3.513704e-07
8.662218e-18
4.751017e-25
3.332477e-23
1.645528e-14
3.332477e-23
5.338767e-14
9.221457e-11
4.062044e-22
5.282386e-18
1.435948e-22
9.221457e-11
1.407878e-23
1.238994e-14
6.648322e-21
1.548731e-17
1.843381e-11
3.513704e-07
2.318437e-19
4.658141e-26
5.168412e-10
2.276154e-17
7.502941e-28
5.168412e-10
1.645528e-14
1.888256e-25
1.221828e-17
5.338767e-14
3.677246e-21
5.555689e-12
1.492001e-21
1.073856e-19
7.682012e-14
3.117651e-25
2.378942e-13
1.428418e-22
2.378942e-13
7.561103e-08
1.727334e-19
2.467907e-06
3.842902e-13
2.153857e-12
3.513704e-07
3.103714e-20
3.103714e-20
3.113834e-11
7.561103e-08
9.541928e-21
2.187053e-10
7.530945e-20
4.734938e-16
9.541928e-21
1.607553e-21
1.888256e-25
3.332477e-23
3.593263e-18
1.492001e-21
3.513704e-07
2.276154e-17
5.168412e-10
1.310308e-23
3.839542e-10
2.607248e-20
2.368638e-15
5.168412e-10
3.513704e-07
3.117651e-25
1.727334e-19
8.861404e-13
1.494293e-20
2.803602e-16
3.513704e-07
1.920719e-09
4.952887e-17
2.153857e-12
5.282386e-18
1.512797e-11
1.920719e-09
7.682012e-14
1.882265e-20
1.076518e-08
3.948621e-12
7.963511e-15
7.963511e-15
1.257365e-18
3.593263e-18
1.428418e-22
2.803602e-16
6.112059e-18
2.928718e-22
2.803602e-16
3.842902e-13
7.060529e-20
2.917517e-14
3.839542e-10
7.652537e-27
3.692856e-15
2.467907e-06
9.241637e-18
4.008712e-20
2.607248e-20
6.273470e-23
3.310951e-24
2.022941e-16
7.652537e-27
9.324383e-14
1.310308e-23
1.213021e-21
5.882435e-19
5.555689e-12
2.928718e-22
1.943955e-18
3.692856e-15
1.148510e-12
7.963511e-15
1.327567e-14
1.584508e-20
6.506460e-17
4.952887e-17
9.221457e-11
5.168412e-10
1.648889e-18
9.241637e-18
2.368638e-15
5.282386e-18
8.752942e-22
2.467907e-06
1.584508e-20
5.715105e-22
5.555689e-12
1.882265e-20
4.658141e-26
2.153857e-12
2.001084e-23
6.273470e-23
2.187053e-10
2.467907e-06
2.378942e-13
2.928718e-22
9.276073e-19
6.273470e-23
1.920719e-09
2.941869e-27
5.338767e-14
3.677246e-21
3.513704e-07
5.282386e-18
1.110589e-12
1.148510e-12
1.943955e-18
3.760213e-18
5.715105e-22
1.035984e-22
3.948621e-12
3.332477e-23
1.635200e-13
1.014249e-16
8.570196e-16
6.491016e-17
3.513704e-07
5.338767e-14
1.221828e-17
7.951257e-26
3.842902e-13
5.858343e-20
3.948621e-12
4.936475e-24
2.987111e-21
6.648322e-21
1.133811e-15
6.398552e-22
5.168412e-10
3.630119e-09
1.548731e-17
1.645528e-14
3.842902e-13
2.378942e-13
2.125154e-22
5.555689e-12
2.467907e-06
6.491016e-17
2.949176e-15
5.858343e-20
3.296150e-19
9.221457e-11
2.153857e-12
3.630119e-09
1.920719e-09
2.467907e-06
3.296150e-19
1.076518e-08
9.324383e-14
3.760213e-18
3.113834e-11
3.842902e-13
3.760213e-18
4.734938e-16
3.462562e-22
3.296150e-19
1.645528e-14
1.584508e-20
2.467907e-06
6.112059e-18
6.273470e-23
6.112059e-18
1.187457e-25
5.282386e-18
3.839542e-10
4.043885e-17
1.943955e-18
3.103714e-20
1.007467e-16
7.696962e-19
7.530945e-20
1.512797e-11
9.241637e-18
2.467907e-06
2.949176e-15
1.428418e-22
3.103714e-20
3.332477e-23
1.727334e-19
8.861404e-13
8.211443e-21
3.760213e-18
3.593263e-18
3.760213e-18
4.751017e-25
1.073856e-19
5.832154e-15
2.607248e-20
5.555689e-12
1.512797e-11
3.513704e-07
6.273470e-23
4.043885e-17
1.465082e-21
1.327567e-14
4.511434e-19
1.920719e-09
3.760213e-18
2.318437e-19
2.949176e-15
7.652537e-27
1.552623e-19
6.398552e-22
2.941869e-27
7.060529e-20
3.609398e-23
2.187053e-10
6.506460e-17
1.888256e-25
3.513704e-07
1.843381e-11
3.842902e-13
1.249279e-15
3.513704e-07
3.117651e-25
8.662218e-18
3.103714e-20
8.570196e-16
1.494293e-20
1.187457e-25
3.839542e-10
3.839542e-10
1.327567e-14
1.607553e-21
1.428418e-22
2.941869e-27
2.187053e-10
1.920719e-09
7.530945e-20
8.375165e-20
7.502941e-28
3.839542e-10
4.734938e-16
2.987111e-21
1.925905e-24
3.630119e-09
6.112059e-18
1.727334e-19
2.368638e-15
1.110589e-12
2.316714e-21
2.987111e-21
1.435948e-22
2.467907e-06
8.752942e-22
3.842902e-13
1.552623e-19
9.276073e-19
1.925905e-24
2.318437e-19
1.797519e-17
6.398552e-22
8.662218e-18
4.756200e-21
1.797519e-17
5.282386e-18
1.249279e-15
3.332477e-23
2.467907e-06
7.652537e-27
6.112059e-18
6.506460e-17
5.767442e-20
4.658141e-26
1.648889e-18
1.133811e-15
7.951257e-26
2.316714e-21
1.607553e-21
5.168412e-10
1.238994e-14
3.513704e-07
1.110589e-12
5.168412e-10
5.242544e-23
1.435948e-22
3.267332e-24
6.431821e-21
2.917517e-14
1.548731e-17
2.467907e-06
3.513704e-07
9.241637e-18
4.008712e-20
1.882265e-20
3.332477e-23
1.492001e-21
9.324383e-14
1.257365e-18
8.211443e-21
3.839542e-10
7.561103e-08
7.696962e-19
1.110589e-12
1.110589e-12
2.941869e-27
3.513704e-07
3.593263e-18
2.022941e-16
2.187053e-10
3.103714e-20
3.948621e-12
1.465082e-21
3.593263e-18
5.858343e-20
2.276154e-17
3.462562e-22
2.467907e-06
1.920719e-09
2.607248e-20
6.506460e-17
3.948621e-12
1.221828e-17
3.296150e-19
5.168412e-10
1.076518e-08
7.951257e-26
1.494293e-20
2.318437e-19
2.467907e-06
1.148510e-12
1.920719e-09
5.832154e-15
8.702093e-19
7.696962e-19
2.378942e-13
8.241929e-23
8.752942e-22
1.512797e-11
1.492001e-21
1.920719e-09
2.928718e-22
1.843381e-11
7.561103e-08
2.467907e-06
5.858343e-20
1.797519e-17
5.832154e-15
8.861404e-13
1.221828e-17
6.273470e-23
5.338767e-14
4.043885e-17
5.715105e-22
2.378942e-13
3.513704e-07
8.702093e-19
3.842902e-13
1.920719e-09
5.832154e-15
5.858343e-20
4.751017e-25
2.607248e-20
7.502941e-28
3.593263e-18
3.948621e-12
8.211443e-21
4.936475e-24
2.467907e-06
6.431821e-21
1.327567e-14
2.316714e-21
1.213021e-21
7.561103e-08
2.318437e-19
8.211443e-21
1.076518e-08
1.635200e-13
1.843381e-11
1.552623e-19
5.715105e-22
3.513704e-07
8.752942e-22
1.428418e-22
2.378942e-13
7.682012e-14
1.882265e-20
2.467907e-06
1.148510e-12
7.682012e-14
2.378942e-13
1.076518e-08
5.242544e-23
1.635200e-13
2.941869e-27
5.882435e-19
2.949176e-15
2.803602e-16
1.843381e-11
5.168412e-10
2.039962e-16
1.548731e-17
1.014249e-16
1.925905e-24
3.948621e-12
2.607248e-20
5.832154e-15
3.692856e-15
2.378942e-13
1.512797e-11
2.467907e-06
1.843381e-11
1.512797e-11
4.936475e-24
3.593263e-18
3.839542e-10
3.267332e-24
6.398552e-22
3.103714e-20
5.555689e-12
1.133811e-15
4.756200e-21
7.561103e-08
3.310951e-24
8.444248e-25
3.630119e-09
7.561103e-08
6.273470e-23
3.267332e-24
2.378942e-13
2.039962e-16
4.008712e-20
7.561103e-08
2.941869e-27
5.715105e-22
3.052796e-19
2.276154e-17
3.692856e-15
1.797519e-17
1.843381e-11
5.715105e-22
2.187053e-10
5.242544e-23
2.153857e-12
3.839542e-10
1.428418e-22
8.375165e-20
1.110589e-12
4.062044e-22
1.882265e-20
2.368638e-15
3.513704e-07
2.928718e-22
3.630119e-09
1.607553e-21
3.839542e-10
6.491016e-17
1.920719e-09
1.221828e-17
3.630119e-09
2.039962e-16
1.076518e-08
2.467907e-06
5.882435e-19
7.076113e-16
3.760213e-18
2.125154e-22
3.839542e-10
3.842902e-13
9.276073e-19
2.949176e-15
3.593263e-18
5.168412e-10
1.920719e-09
7.076113e-16
4.043885e-17
1.552623e-19
1.148510e-12
2.022941e-16
4.658141e-26
5.715105e-22
1.407878e-23
2.318437e-19
3.842902e-13
3.609398e-23
7.951257e-26
7.561103e-08
2.187053e-10
1.249279e-15
3.513704e-07
3.267332e-24
2.941869e-27
2.607248e-20
1.164244e-26
1.512797e-11
3.630119e-09
3.948621e-12
1.435948e-22
1.221828e-17
3.948621e-12
1.920719e-09
1.213021e-21
1.635200e-13
7.561103e-08
5.555689e-12
3.593263e-18
5.767442e-20
5.555689e-12
6.648322e-21
1.635200e-13
8.861404e-13
7.652537e-27
3.267332e-24
3.593263e-18
1.607553e-21
8.241929e-23
5.338767e-14
9.205409e-24
8.662218e-18
2.949176e-15
6.506460e-17
1.552623e-19
3.103714e-20
2.187053e-10
7.561103e-08
1.727334e-19
3.310951e-24
7.777224e-25
4.008712e-20
8.241929e-23
1.076518e-08
1.648889e-18
4.734938e-16
3.513704e-07
3.113834e-11
1.221828e-17
3.513704e-07
2.378942e-13
8.444248e-25
3.332477e-23
1.213021e-21
3.513704e-07
2.987111e-21
2.378942e-13
4.734938e-16
2.467907e-06
3.310951e-24
5.242544e-23
1.512797e-11
3.948621e-12
2.022941e-16
5.338767e-14
