# Created by Octave 5.2.0, Sun Oct 04 13:03:26 2020 CEST <jaime@Jaimes-MBP>
# name: w
# type: matrix
# rows: 2001
# columns: 2
 -13 13
 20.17 -20.17
 -113 113
 -37.43 37.43
 -29.88 29.88
 -48.39 48.39
 93.03 -93.03
 60.71 -60.71
 24.23 -24.23
 -41.06 41.06
 137.7 -137.7
 -48.12 48.12
 33.67 -33.67
 7.271 -7.271
 -89.81 89.81
 -177.6 177.6
 3.656 -3.656
 38.36 -38.36
 -102.4 102.4
 38.47 -38.47
 -85.28 85.28
 -123.7 123.7
 -146.7 146.7
 -131.2 131.2
 138.6 -138.6
 -58.56 58.56
 -33.53 33.53
 18.71 -18.71
 -35.15 35.15
 0.1764 -0.1764
 29.8 -29.8
 -42.05 42.05
 142.3 -142.3
 -64.82 64.82
 112.9 -112.9
 102.3 -102.3
 -89.92 89.92
 -16.04 16.04
 -103.9 103.9
 -0.2866 0.2866
 -96.81 96.81
 67.22 -67.22
 -56.69 56.69
 -54.19 54.19
 39.56 -39.56
 134.8 -134.8
 -38.96 38.96
 115.8 -115.8
 -180.5 180.5
 -16.21 16.21
 10.32 -10.32
 21.6 -21.6
 -11.64 11.64
 -59.38 59.38
 347.6 -347.6
 73.13 -73.13
 21.19 -21.19
 37.76 -37.76
 -3.418 3.418
 25.83 -25.83
 5.812 -5.812
 -14.99 14.99
 -3.678 3.678
 52.66 -52.66
 -38.9 38.9
 -38.94 38.94
 58.7 -58.7
 -120.4 120.4
 46.57 -46.57
 49.82 -49.82
 -157.9 157.9
 -86.37 86.37
 -39.85 39.85
 53.33 -53.33
 121.5 -121.5
 -66.96 66.96
 -24.93 24.93
 -55.61 55.61
 15.18 -15.18
 7.064 -7.064
 94.3 -94.3
 -7.511 7.511
 52.18 -52.18
 -59.78 59.78
 113.2 -113.2
 11.69 -11.69
 -73.02 73.02
 -46.01 46.01
 49.11 -49.11
 18.19 -18.19
 9.25 -9.25
 56.28 -56.28
 82.63 -82.63
 -34.26 34.26
 -53.98 53.98
 -118.9 118.9
 54.59 -54.59
 299.9 -299.9
 -121.5 121.5
 -21.3 21.3
 82.07 -82.07
 112.4 -112.4
 33.5 -33.5
 -222 222
 104.3 -104.3
 -30.98 30.98
 95.61 -95.61
 28.42 -28.42
 5.016 -5.016
 -80.48 80.48
 77.54 -77.54
 49.22 -49.22
 -38.73 38.73
 -17 17
 -210 210
 -42.76 42.76
 60.28 -60.28
 21.63 -21.63
 -54.93 54.93
 -111.8 111.8
 43.68 -43.68
 44.2 -44.2
 -65.59 65.59
 -9.225 9.225
 -39.76 39.76
 -114.9 114.9
 6.169 -6.169
 54.7 -54.7
 -24.52 24.52
 -93.06 93.06
 -69.7 69.7
 -6.598 6.598
 12.74 -12.74
 100.6 -100.6
 51.72 -51.72
 -77.87 77.87
 39.61 -39.61
 -36.88 36.88
 -79.24 79.24
 16.92 -16.92
 -69.04 69.04
 -81.71 81.71
 3.811 -3.811
 -12.2 12.2
 -28.95 28.95
 -44.61 44.61
 94.6 -94.6
 -25.22 25.22
 -63.77 63.77
 32.46 -32.46
 -67.03 67.03
 -161.1 161.1
 25.41 -25.41
 594.9 -594.9
 15.47 -15.47
 -33.95 33.95
 -227.4 227.4
 -41.47 41.47
 -14.26 14.26
 -166.9 166.9
 -52.16 52.16
 83.95 -83.95
 -15.51 15.51
 -123.3 123.3
 149.2 -149.2
 462.5 -462.5
 95.23 -95.23
 82.26 -82.26
 44.35 -44.35
 -88.87 88.87
 -44.21 44.21
 64.31 -64.31
 64.05 -64.05
 -80.99 80.99
 56.4 -56.4
 28.19 -28.19
 -13.86 13.86
 202.1 -202.1
 -16.88 16.88
 -27.37 27.37
 -44.49 44.49
 345.1 -345.1
 -272.4 272.4
 66.63 -66.63
 -0.7599 0.7599
 -8.772 8.772
 114.2 -114.2
 -5.022 5.022
 -23.97 23.97
 -152.9 152.9
 158.1 -158.1
 77.94 -77.94
 44.78 -44.78
 -28 28
 -79.53 79.53
 -94.66 94.66
 -24.17 24.17
 -28.8 28.8
 107.3 -107.3
 22.25 -22.25
 92.66 -92.66
 -127.2 127.2
 -47.04 47.04
 177.7 -177.7
 156.1 -156.1
 -32.97 32.97
 -271.7 271.7
 -146.6 146.6
 -8.558 8.558
 68.78 -68.78
 -334.7 334.7
 114.9 -114.9
 -173.8 173.8
 -18.83 18.83
 -64.35 64.35
 23.8 -23.8
 -129.4 129.4
 -86.87 86.87
 -18.77 18.77
 -93.33 93.33
 -94.24 94.24
 55.99 -55.99
 -147.5 147.5
 24.43 -24.43
 -66.42 66.42
 94.64 -94.64
 7.415 -7.415
 -91.79 91.79
 162.7 -162.7
 -57.74 57.74
 62.83 -62.83
 60.84 -60.84
 76.17 -76.17
 -100.6 100.6
 113 -113
 -101 101
 -110.9 110.9
 -71.54 71.54
 73.44 -73.44
 118.7 -118.7
 -91.74 91.74
 -10.26 10.26
 -82.99 82.99
 75.21 -75.21
 -36.23 36.23
 -25.88 25.88
 23.7 -23.7
 -181.1 181.1
 -160.3 160.3
 -67.43 67.43
 22.24 -22.24
 -60.68 60.68
 22.95 -22.95
 105.4 -105.4
 -33.53 33.53
 9.195 -9.195
 16.69 -16.69
 212.9 -212.9
 203.8 -203.8
 -27.48 27.48
 220.8 -220.8
 -170.8 170.8
 -65.35 65.35
 -59.31 59.31
 75.24 -75.24
 -49.45 49.45
 -81.51 81.51
 -66.48 66.48
 -37.67 37.67
 43.78 -43.78
 72.21 -72.21
 90.55 -90.55
 39.23 -39.23
 -33.49 33.49
 21.7 -21.7
 -52.41 52.41
 27.2 -27.2
 35.24 -35.24
 -88.56 88.56
 -133.5 133.5
 -13.33 13.33
 146.7 -146.7
 -114.9 114.9
 164.4 -164.4
 293 -293
 14.33 -14.33
 -100.2 100.2
 -10.33 10.33
 -43.62 43.62
 -106.4 106.4
 -28.39 28.39
 -234.2 234.2
 68.13 -68.13
 7.505 -7.505
 2.551 -2.551
 118.7 -118.7
 -199.2 199.2
 -37.95 37.95
 -75.37 75.37
 39.18 -39.18
 4.872 -4.872
 -37.99 37.99
 -104.4 104.4
 -116.6 116.6
 247.7 -247.7
 23.4 -23.4
 2.397 -2.397
 37.73 -37.73
 -3.244 3.244
 241.6 -241.6
 73.64 -73.64
 270.1 -270.1
 -121.6 121.6
 42.81 -42.81
 -146.5 146.5
 -77.44 77.44
 394.7 -394.7
 167.2 -167.2
 -74.47 74.47
 123.9 -123.9
 59.04 -59.04
 352.3 -352.3
 133.8 -133.8
 82.44 -82.44
 20.35 -20.35
 6.626 -6.626
 72.17 -72.17
 -18.49 18.49
 39.8 -39.8
 -37.54 37.54
 -70.44 70.44
 68.25 -68.25
 -81.7 81.7
 -122.6 122.6
 61.93 -61.93
 -90.79 90.79
 -6.536 6.536
 -49.6 49.6
 -17.6 17.6
 39.17 -39.17
 -17.15 17.15
 -191.1 191.1
 -90.6 90.6
 61.04 -61.04
 -63.7 63.7
 30.41 -30.41
 10.63 -10.63
 88.17 -88.17
 210.9 -210.9
 158.4 -158.4
 -38.36 38.36
 -91.36 91.36
 -28.77 28.77
 -52.66 52.66
 47.2 -47.2
 23.76 -23.76
 -236.1 236.1
 172.9 -172.9
 -2.463 2.463
 256.9 -256.9
 -49.41 49.41
 -102.8 102.8
 -123.1 123.1
 95.52 -95.52
 -66.84 66.84
 -13.81 13.81
 222.7 -222.7
 -64.41 64.41
 52.8 -52.8
 -163.2 163.2
 -23.25 23.25
 79.62 -79.62
 83.11 -83.11
 -30.67 30.67
 -43.31 43.31
 -8.159 8.159
 138.2 -138.2
 172.2 -172.2
 -70.78 70.78
 -144.3 144.3
 6.739 -6.739
 -152.8 152.8
 -63.51 63.51
 -73.59 73.59
 376.1 -376.1
 137.8 -137.8
 7.518 -7.518
 74.67 -74.67
 -22.02 22.02
 -62.02 62.02
 -43.5 43.5
 -30.43 30.43
 -31.52 31.52
 -170.8 170.8
 52.74 -52.74
 -118.8 118.8
 7.717 -7.717
 -104.2 104.2
 -92.21 92.21
 277.7 -277.7
 -134.4 134.4
 -63.35 63.35
 -40.96 40.96
 -68.71 68.71
 75.99 -75.99
 -99.31 99.31
 -114.4 114.4
 124.7 -124.7
 -103.7 103.7
 139.7 -139.7
 -60.8 60.8
 83.49 -83.49
 -41.35 41.35
 -119.3 119.3
 -153 153
 4.766 -4.766
 322.6 -322.6
 -78.53 78.53
 249.5 -249.5
 129.6 -129.6
 113.1 -113.1
 -46.27 46.27
 235.2 -235.2
 -120.6 120.6
 -70.11 70.11
 -54.99 54.99
 -21.82 21.82
 -54.92 54.92
 -100.3 100.3
 -108.1 108.1
 156 -156
 -68.25 68.25
 223.2 -223.2
 -8.577 8.577
 -32.73 32.73
 -21.76 21.76
 51.72 -51.72
 57.52 -57.52
 -127.6 127.6
 -16.49 16.49
 -20.05 20.05
 36.29 -36.29
 -177.4 177.4
 136.8 -136.8
 -20.92 20.92
 93.58 -93.58
 -77.82 77.82
 -164 164
 167.6 -167.6
 0.8258 -0.8258
 -106.9 106.9
 -24.97 24.97
 162.7 -162.7
 303.3 -303.3
 33.83 -33.83
 83 -83
 -108.5 108.5
 50.69 -50.69
 -108 108
 18.28 -18.28
 -101 101
 -96.7 96.7
 270.6 -270.6
 21 -21
 93.96 -93.96
 102 -102
 120.9 -120.9
 13.52 -13.52
 4.031 -4.031
 36.08 -36.08
 -36.46 36.46
 -18.02 18.02
 -90.21 90.21
 -12.87 12.87
 -3.587 3.587
 30.89 -30.89
 82.12 -82.12
 49.76 -49.76
 -13.87 13.87
 94.49 -94.49
 -7.056 7.056
 47.48 -47.48
 -18.53 18.53
 4.062 -4.062
 134.1 -134.1
 -0.5462 0.5462
 -88.11 88.11
 -170.9 170.9
 -54.8 54.8
 -2.646 2.646
 76.77 -76.77
 7.809 -7.809
 -49.28 49.28
 -26.26 26.26
 51.08 -51.08
 -50.43 50.43
 -67.1 67.1
 -20.22 20.22
 42.49 -42.49
 -180.2 180.2
 91.6 -91.6
 -30.25 30.25
 -95.2 95.2
 -38.29 38.29
 -22.78 22.78
 -85.33 85.33
 -45.52 45.52
 -103.1 103.1
 78.52 -78.52
 -20.95 20.95
 -10.63 10.63
 22.37 -22.37
 -203.3 203.3
 -45.1 45.1
 86.05 -86.05
 -174.2 174.2
 -59.83 59.83
 48.31 -48.31
 -51.49 51.49
 -87.09 87.09
 -37.38 37.38
 98.65 -98.65
 -205.7 205.7
 18.91 -18.91
 -22.57 22.57
 -10.54 10.54
 -27.28 27.28
 -118.8 118.8
 0.04907 -0.04907
 -65.55 65.55
 -30.54 30.54
 -76.39 76.39
 -77.85 77.85
 -75.26 75.26
 -85.08 85.08
 -216.7 216.7
 132.6 -132.6
 33.89 -33.89
 99.22 -99.22
 -3.387 3.387
 -28.07 28.07
 -87.6 87.6
 -80.04 80.04
 128.5 -128.5
 151.6 -151.6
 -11.35 11.35
 51.23 -51.23
 -173.7 173.7
 -49.61 49.61
 75.57 -75.57
 99.83 -99.83
 -99.19 99.19
 270.8 -270.8
 22.26 -22.26
 9.092 -9.092
 26.47 -26.47
 17.55 -17.55
 -96.54 96.54
 144.4 -144.4
 -8.578 8.578
 169.8 -169.8
 -15.93 15.93
 29.75 -29.75
 -4.252 4.252
 -66.28 66.28
 -181.7 181.7
 -16.08 16.08
 73.21 -73.21
 94.59 -94.59
 -10.25 10.25
 -134.2 134.2
 -26.04 26.04
 -117.9 117.9
 221.9 -221.9
 -45.62 45.62
 -21.35 21.35
 -1.049 1.049
 44.17 -44.17
 198.8 -198.8
 -21.18 21.18
 40.94 -40.94
 -97.54 97.54
 -96.4 96.4
 -60.2 60.2
 80.49 -80.49
 13.41 -13.41
 34.07 -34.07
 10.18 -10.18
 -118.9 118.9
 -14.41 14.41
 17.94 -17.94
 -4.15 4.15
 -207.1 207.1
 -129.4 129.4
 12.36 -12.36
 6.095 -6.095
 -37.24 37.24
 81.44 -81.44
 -66.47 66.47
 146.4 -146.4
 -62.57 62.57
 -44.57 44.57
 -1.494 1.494
 183.2 -183.2
 149 -149
 -22.07 22.07
 266.4 -266.4
 225.3 -225.3
 -123.9 123.9
 70.9 -70.9
 -78.95 78.95
 -96.63 96.63
 96.48 -96.48
 -74.1 74.1
 -143.2 143.2
 -51.95 51.95
 -34.21 34.21
 -84.42 84.42
 75.31 -75.31
 -213.9 213.9
 -2.496 2.496
 217.8 -217.8
 -106.2 106.2
 39.62 -39.62
 -47.86 47.86
 36.23 -36.23
 -109.7 109.7
 -72.86 72.86
 -30.72 30.72
 -10.77 10.77
 -86.2 86.2
 -132.3 132.3
 -34.55 34.55
 -49.88 49.88
 1.726 -1.726
 -175.2 175.2
 -115.2 115.2
 -17.04 17.04
 -62.64 62.64
 87.19 -87.19
 -47.92 47.92
 13.21 -13.21
 -31.93 31.93
 37.29 -37.29
 -219 219
 -33.48 33.48
 -25.81 25.81
 -101.8 101.8
 -177.7 177.7
 -44.65 44.65
 222.5 -222.5
 -21.26 21.26
 115.1 -115.1
 277.3 -277.3
 -8.116 8.116
 143.7 -143.7
 -74 74
 32.45 -32.45
 136.5 -136.5
 -109.8 109.8
 17.19 -17.19
 -348.7 348.7
 -116.2 116.2
 -97.44 97.44
 47.38 -47.38
 93.78 -93.78
 -181.1 181.1
 -34.08 34.08
 22.25 -22.25
 -256.3 256.3
 -84.92 84.92
 -40.31 40.31
 43.73 -43.73
 -51.14 51.14
 -146.4 146.4
 -101.1 101.1
 166.9 -166.9
 -72.79 72.79
 -68.99 68.99
 -104.8 104.8
 23.96 -23.96
 -87.54 87.54
 -111 111
 -121 121
 11.14 -11.14
 20.44 -20.44
 -53.67 53.67
 73.68 -73.68
 23.79 -23.79
 -249.4 249.4
 -28.68 28.68
 56.62 -56.62
 -48.17 48.17
 -93.65 93.65
 -46.58 46.58
 -177.2 177.2
 12.14 -12.14
 46.76 -46.76
 30.8 -30.8
 2.567 -2.567
 -47.27 47.27
 -48.22 48.22
 182.8 -182.8
 -15.89 15.89
 -36.24 36.24
 153.9 -153.9
 -112.7 112.7
 -63.2 63.2
 29 -29
 71.67 -71.67
 -114.4 114.4
 81.21 -81.21
 8.344 -8.344
 267.2 -267.2
 74.87 -74.87
 -126.6 126.6
 356 -356
 -91.82 91.82
 43.95 -43.95
 82.71 -82.71
 41.25 -41.25
 -135.7 135.7
 -135.8 135.8
 104.6 -104.6
 -37.85 37.85
 -91.31 91.31
 -105.5 105.5
 126.7 -126.7
 -78.48 78.48
 126.4 -126.4
 25.93 -25.93
 -37.87 37.87
 -48.51 48.51
 -28.41 28.41
 -166 166
 14.72 -14.72
 -84.04 84.04
 -30.65 30.65
 -158.1 158.1
 111.9 -111.9
 -28.36 28.36
 -126.3 126.3
 38.85 -38.85
 83.87 -83.87
 27.93 -27.93
 -5.381 5.381
 -14.57 14.57
 -101.6 101.6
 126.6 -126.6
 -47.34 47.34
 98.33 -98.33
 236.3 -236.3
 -213.7 213.7
 4.124 -4.124
 19.64 -19.64
 -86.27 86.27
 -46.74 46.74
 67.07 -67.07
 -0.5411 0.5411
 581.8 -581.8
 -128.7 128.7
 -118.2 118.2
 -86.01 86.01
 -24.82 24.82
 5.841 -5.841
 210 -210
 -64.36 64.36
 -0.5106 0.5106
 -120.8 120.8
 -291.5 291.5
 18.04 -18.04
 -104.5 104.5
 44.74 -44.74
 10.14 -10.14
 53.34 -53.34
 155 -155
 -120.4 120.4
 -49.18 49.18
 -14.58 14.58
 287.2 -287.2
 62.26 -62.26
 -5.554 5.554
 117.2 -117.2
 13.78 -13.78
 78.64 -78.64
 -51.51 51.51
 -11.48 11.48
 0.3055 -0.3055
 -45.32 45.32
 -148.8 148.8
 292.9 -292.9
 -86.6 86.6
 78.75 -78.75
 -39.6 39.6
 -120.2 120.2
 7.389 -7.389
 -184.8 184.8
 -51.43 51.43
 -4.326 4.326
 -39.14 39.14
 176.8 -176.8
 105.1 -105.1
 48.71 -48.71
 240.5 -240.5
 -45.44 45.44
 68.64 -68.64
 22.79 -22.79
 -12.51 12.51
 -89.25 89.25
 -104.6 104.6
 -12.82 12.82
 283.4 -283.4
 32.2 -32.2
 41.84 -41.84
 21.08 -21.08
 -43.29 43.29
 -140.4 140.4
 198.4 -198.4
 -114 114
 74.83 -74.83
 -20.64 20.64
 -149.9 149.9
 241.5 -241.5
 -100.4 100.4
 210.9 -210.9
 129.6 -129.6
 190.3 -190.3
 49.35 -49.35
 198 -198
 -84.85 84.85
 172.1 -172.1
 -81.25 81.25
 -59.37 59.37
 -237.3 237.3
 -45.42 45.42
 -145.3 145.3
 38.28 -38.28
 49.84 -49.84
 141.8 -141.8
 20.93 -20.93
 -9.342 9.342
 -89.72 89.72
 -48.35 48.35
 163.4 -163.4
 74.27 -74.27
 -118.3 118.3
 -149.4 149.4
 -157.6 157.6
 -112.4 112.4
 390.2 -390.2
 -84.51 84.51
 35.03 -35.03
 -25.04 25.04
 19.76 -19.76
 -101.2 101.2
 220 -220
 25.05 -25.05
 -70.25 70.25
 41.85 -41.85
 6.122 -6.122
 -26.25 26.25
 -48.37 48.37
 -3.483 3.483
 -142.5 142.5
 -126.2 126.2
 59.3 -59.3
 -40.79 40.79
 -54.76 54.76
 -76.78 76.78
 -3.085 3.085
 180.2 -180.2
 -39.65 39.65
 5.624 -5.624
 121.7 -121.7
 -102.8 102.8
 -20.34 20.34
 -83.27 83.27
 87.62 -87.62
 110.1 -110.1
 -69.54 69.54
 185.8 -185.8
 162.6 -162.6
 -36.7 36.7
 123.9 -123.9
 -6.392 6.392
 74.4 -74.4
 207.5 -207.5
 3.325 -3.325
 -35.44 35.44
 -59.24 59.24
 11.12 -11.12
 -138 138
 -67.84 67.84
 78.72 -78.72
 96.95 -96.95
 -81.49 81.49
 213.6 -213.6
 -17.94 17.94
 -91.63 91.63
 47.75 -47.75
 70.27 -70.27
 36.85 -36.85
 59.88 -59.88
 447 -447
 -29.78 29.78
 -75.68 75.68
 0.3155 -0.3155
 40.44 -40.44
 -73.93 73.93
 47.29 -47.29
 274.3 -274.3
 -6.956 6.956
 146.7 -146.7
 -61.62 61.62
 -56.88 56.88
 37.1 -37.1
 -103.4 103.4
 172.9 -172.9
 29.28 -29.28
 -25.58 25.58
 -212.1 212.1
 -88.62 88.62
 -95.68 95.68
 -36.8 36.8
 -104.8 104.8
 -61.26 61.26
 65.81 -65.81
 -153.3 153.3
 -47.21 47.21
 -158.4 158.4
 -13.77 13.77
 -264.1 264.1
 189.4 -189.4
 -1.915 1.915
 -100.7 100.7
 21.82 -21.82
 109.1 -109.1
 50.67 -50.67
 3.481 -3.481
 -35.24 35.24
 111.6 -111.6
 -62.81 62.81
 -57.04 57.04
 25.4 -25.4
 3.545 -3.545
 -30.58 30.58
 106.4 -106.4
 -19.57 19.57
 -48.8 48.8
 -52.43 52.43
 310.6 -310.6
 -100.7 100.7
 -50.77 50.77
 -127.2 127.2
 -46.04 46.04
 -139.6 139.6
 43.33 -43.33
 -10.98 10.98
 -62.29 62.29
 -60.59 60.59
 -67.69 67.69
 -39.83 39.83
 -14.06 14.06
 -22.59 22.59
 48.31 -48.31
 118.5 -118.5
 -93.12 93.12
 -146.4 146.4
 -162.1 162.1
 -154.5 154.5
 82.4 -82.4
 216.1 -216.1
 51.55 -51.55
 88.23 -88.23
 43.56 -43.56
 -10.07 10.07
 -0.8315 0.8315
 73.44 -73.44
 -87.18 87.18
 52.64 -52.64
 148.4 -148.4
 -10.58 10.58
 -69.82 69.82
 -25.29 25.29
 -87.51 87.51
 57.54 -57.54
 139.7 -139.7
 -12.76 12.76
 55.81 -55.81
 166.3 -166.3
 -114 114
 139.7 -139.7
 136.5 -136.5
 -42.84 42.84
 -22.69 22.69
 -80.9 80.9
 -99.73 99.73
 -148.3 148.3
 189.2 -189.2
 -78.3 78.3
 46.74 -46.74
 122.8 -122.8
 -48.7 48.7
 22.91 -22.91
 330 -330
 -7.238 7.238
 28.92 -28.92
 -35.61 35.61
 -71.55 71.55
 -5.953 5.953
 6.089 -6.089
 37.83 -37.83
 -5.099 5.099
 -7.114 7.114
 -29.51 29.51
 88.19 -88.19
 -40.55 40.55
 212.8 -212.8
 22.11 -22.11
 -46.96 46.96
 113.2 -113.2
 -25.05 25.05
 87.02 -87.02
 -71.62 71.62
 -143.7 143.7
 65.18 -65.18
 -38.59 38.59
 -3.371 3.371
 80.04 -80.04
 -72.75 72.75
 -54.15 54.15
 -63.52 63.52
 -151.2 151.2
 -16.26 16.26
 -49.2 49.2
 -17.62 17.62
 -71.22 71.22
 5.309 -5.309
 -28.45 28.45
 141.6 -141.6
 -42.78 42.78
 -21.51 21.51
 -69.38 69.38
 -37.93 37.93
 -67.66 67.66
 -51.48 51.48
 179.9 -179.9
 -109.1 109.1
 17.96 -17.96
 104 -104
 -274.2 274.2
 -10.86 10.86
 -75.24 75.24
 -104.6 104.6
 62.44 -62.44
 -23.47 23.47
 11.98 -11.98
 75.21 -75.21
 -63.92 63.92
 -92.83 92.83
 -78.12 78.12
 -35.3 35.3
 104.1 -104.1
 -102.5 102.5
 15.37 -15.37
 -131.4 131.4
 -42.19 42.19
 -201 201
 -104.5 104.5
 23.39 -23.39
 -6.807 6.807
 24.75 -24.75
 -72.62 72.62
 290.5 -290.5
 86.26 -86.26
 91.07 -91.07
 -100.8 100.8
 124.9 -124.9
 37.73 -37.73
 -147.7 147.7
 79.55 -79.55
 75.78 -75.78
 13.93 -13.93
 -69.74 69.74
 122 -122
 58.83 -58.83
 -14.83 14.83
 -30 30
 -224.5 224.5
 -5.186 5.186
 -63.6 63.6
 16.26 -16.26
 0.187 -0.187
 -62.75 62.75
 82.37 -82.37
 -6.4 6.4
 291.4 -291.4
 12.09 -12.09
 -40.79 40.79
 -117.1 117.1
 -36.72 36.72
 43.52 -43.52
 2.7 -2.7
 -181.4 181.4
 -157.9 157.9
 123.2 -123.2
 120.9 -120.9
 -42.47 42.47
 22.45 -22.45
 -28.69 28.69
 150.1 -150.1
 163 -163
 -70.15 70.15
 -157.8 157.8
 163.4 -163.4
 -146.8 146.8
 -0.5194 0.5194
 -55.78 55.78
 -2.628 2.628
 83.72 -83.72
 117.9 -117.9
 -65.43 65.43
 32.25 -32.25
 -156 156
 -7.466 7.466
 -64.58 64.58
 -53.63 53.63
 -65.53 65.53
 -25.43 25.43
 -5.537 5.537
 -59.56 59.56
 -110.3 110.3
 -49.12 49.12
 50.81 -50.81
 -53.3 53.3
 -38.94 38.94
 2.522 -2.522
 -61.7 61.7
 -104.5 104.5
 237.9 -237.9
 -86.41 86.41
 46.13 -46.13
 -45.02 45.02
 -78.29 78.29
 -33.79 33.79
 -9.392 9.392
 62.42 -62.42
 -98.23 98.23
 -28.11 28.11
 20.02 -20.02
 -75.79 75.79
 -18.31 18.31
 -100.7 100.7
 -12.53 12.53
 24.15 -24.15
 -5.542 5.542
 -50 50
 92.8 -92.8
 -150 150
 -1.321 1.321
 37.14 -37.14
 54.05 -54.05
 211.3 -211.3
 -108.5 108.5
 -6.34 6.34
 -69.02 69.02
 -6.608 6.608
 -71.73 71.73
 -23.11 23.11
 41.32 -41.32
 -37.87 37.87
 11.15 -11.15
 -82.81 82.81
 36.29 -36.29
 -43.03 43.03
 -86.56 86.56
 105.1 -105.1
 -50.65 50.65
 -71.07 71.07
 -80.01 80.01
 16.61 -16.61
 -19.35 19.35
 33.45 -33.45
 19.46 -19.46
 -177.4 177.4
 68.96 -68.96
 -41.85 41.85
 40.16 -40.16
 28.78 -28.78
 -61.02 61.02
 -34.29 34.29
 -4.167 4.167
 -13.74 13.74
 3.136 -3.136
 -126.8 126.8
 97.48 -97.48
 -221.6 221.6
 -200.9 200.9
 159.9 -159.9
 -211.3 211.3
 -5.259 5.259
 30.37 -30.37
 -54.62 54.62
 -120.9 120.9
 -8.682 8.682
 -46.29 46.29
 -2.135 2.135
 2.709 -2.709
 6.303 -6.303
 -59.45 59.45
 -47.11 47.11
 -179.7 179.7
 66.53 -66.53
 -6.143 6.143
 -85.59 85.59
 -43.18 43.18
 -173.7 173.7
 129.3 -129.3
 -18.5 18.5
 340.4 -340.4
 -345.5 345.5
 -100.8 100.8
 71.33 -71.33
 242.9 -242.9
 -83.28 83.28
 -24.71 24.71
 -98.62 98.62
 -69.72 69.72
 -149.2 149.2
 -61.84 61.84
 -8.17 8.17
 -21.49 21.49
 -21.39 21.39
 -45.22 45.22
 -101.7 101.7
 82.19 -82.19
 -174.7 174.7
 511.9 -511.9
 -86.78 86.78
 50.1 -50.1
 -113.9 113.9
 64.02 -64.02
 7.338 -7.338
 -95.5 95.5
 -100.5 100.5
 -223.2 223.2
 -50.49 50.49
 152.8 -152.8
 -161.4 161.4
 310.7 -310.7
 47.48 -47.48
 -5.305 5.305
 15.75 -15.75
 23.11 -23.11
 -109.1 109.1
 -12.66 12.66
 113 -113
 -29.44 29.44
 125.4 -125.4
 82.51 -82.51
 101 -101
 27.69 -27.69
 -155.8 155.8
 -124.3 124.3
 -42.5 42.5
 125.3 -125.3
 102.2 -102.2
 -19.18 19.18
 9.902 -9.902
 -23.18 23.18
 52.62 -52.62
 -132.6 132.6
 30.05 -30.05
 -137.5 137.5
 -21.62 21.62
 59.55 -59.55
 74.66 -74.66
 -29.67 29.67
 -19.36 19.36
 25.87 -25.87
 -137.7 137.7
 -10.58 10.58
 163.3 -163.3
 -34.49 34.49
 100.2 -100.2
 -36.69 36.69
 -45.28 45.28
 -164.5 164.5
 -17.46 17.46
 -76.72 76.72
 -55.3 55.3
 123.8 -123.8
 11.79 -11.79
 63.31 -63.31
 518.8 -518.8
 -72.18 72.18
 -17.24 17.24
 100.2 -100.2
 -122 122
 -37.05 37.05
 -52.43 52.43
 -45.14 45.14
 128.6 -128.6
 -118.1 118.1
 -176.1 176.1
 -25.66 25.66
 -149.7 149.7
 -177.6 177.6
 -46.78 46.78
 140.7 -140.7
 -34.01 34.01
 20.87 -20.87
 -135.4 135.4
 -2.031 2.031
 114.7 -114.7
 30 -30
 56.86 -56.86
 54.97 -54.97
 45.74 -45.74
 48.13 -48.13
 -126.5 126.5
 -63.25 63.25
 -158.6 158.6
 -48.71 48.71
 -34.4 34.4
 -9.117 9.117
 -9.459 9.459
 -223.5 223.5
 99.41 -99.41
 68.19 -68.19
 -104.4 104.4
 184.9 -184.9
 -93.17 93.17
 -151.3 151.3
 -38.51 38.51
 -11.68 11.68
 69.2 -69.2
 -240.4 240.4
 52 -52
 49.8 -49.8
 329.5 -329.5
 -38.43 38.43
 -115.2 115.2
 -69.64 69.64
 53.35 -53.35
 -255 255
 73.06 -73.06
 -4.669 4.669
 -15.9 15.9
 -101.1 101.1
 -133.1 133.1
 2.748 -2.748
 117.7 -117.7
 31.67 -31.67
 69.93 -69.93
 10.86 -10.86
 238.2 -238.2
 -27.43 27.43
 32.1 -32.1
 -26.06 26.06
 -154.8 154.8
 -55.88 55.88
 -60.43 60.43
 -36.72 36.72
 61.21 -61.21
 11.61 -11.61
 24.6 -24.6
 -43.66 43.66
 72.55 -72.55
 -103.3 103.3
 356.8 -356.8
 -187.6 187.6
 167.5 -167.5
 14.32 -14.32
 -48.26 48.26
 21.22 -21.22
 1.154 -1.154
 -47.92 47.92
 -53.31 53.31
 -8.605 8.605
 485.4 -485.4
 324 -324
 -70.65 70.65
 35.65 -35.65
 297.3 -297.3
 -114.6 114.6
 78.14 -78.14
 -55.09 55.09
 43.45 -43.45
 -32.54 32.54
 -72.97 72.97
 -27.52 27.52
 -27.66 27.66
 -81.89 81.89
 -137.2 137.2
 26.47 -26.47
 -44.37 44.37
 29.28 -29.28
 90.69 -90.69
 282.2 -282.2
 -73.39 73.39
 -36.82 36.82
 -100.9 100.9
 30.33 -30.33
 36.13 -36.13
 22.29 -22.29
 -15.54 15.54
 17.24 -17.24
 -94.23 94.23
 144.5 -144.5
 -146.1 146.1
 -8.238 8.238
 -24.96 24.96
 -41.4 41.4
 55.9 -55.9
 37.2 -37.2
 -45.43 45.43
 -26.02 26.02
 -8.172 8.172
 -30.7 30.7
 -155.8 155.8
 29.65 -29.65
 -99.15 99.15
 100.5 -100.5
 -10.48 10.48
 -28.44 28.44
 -7.645 7.645
 -67.42 67.42
 -53.29 53.29
 -15.86 15.86
 -49.74 49.74
 -309.8 309.8
 -181.1 181.1
 -88.46 88.46
 -79.56 79.56
 -14.7 14.7
 36.8 -36.8
 50.83 -50.83
 133.4 -133.4
 -69.8 69.8
 282 -282
 60.03 -60.03
 214 -214
 144.3 -144.3
 46.87 -46.87
 36.13 -36.13
 43.58 -43.58
 -85.97 85.97
 -24.54 24.54
 53.17 -53.17
 545.8 -545.8
 -121.2 121.2
 133.5 -133.5
 24.34 -24.34
 504.1 -504.1
 -119 119
 134.5 -134.5
 -70.35 70.35
 60.34 -60.34
 -242.2 242.2
 186.5 -186.5
 -32.61 32.61
 60.7 -60.7
 -38.66 38.66
 -60.37 60.37
 349.3 -349.3
 113.6 -113.6
 -21.64 21.64
 -83.1 83.1
 -59.84 59.84
 -78.7 78.7
 8.096 -8.096
 -132.2 132.2
 -31.86 31.86
 -12.17 12.17
 113.9 -113.9
 -57.57 57.57
 45.12 -45.12
 33.48 -33.48
 -91.14 91.14
 -40.25 40.25
 48.42 -48.42
 -61.82 61.82
 223.1 -223.1
 -77.58 77.58
 -115.2 115.2
 -59.04 59.04
 211.6 -211.6
 131.1 -131.1
 -114.7 114.7
 -3.919 3.919
 18.11 -18.11
 -27.56 27.56
 -9.062 9.062
 -10.64 10.64
 -65.78 65.78
 -74.43 74.43
 299.5 -299.5
 -19.54 19.54
 -60.66 60.66
 33.47 -33.47
 -172.2 172.2
 25.56 -25.56
 -89.77 89.77
 -90.53 90.53
 -60.31 60.31
 67.76 -67.76
 -89.3 89.3
 67.7 -67.7
 54.08 -54.08
 49.28 -49.28
 83.26 -83.26
 -124.7 124.7
 1.445 -1.445
 -149.8 149.8
 -13.28 13.28
 -65.38 65.38
 -67.7 67.7
 106.7 -106.7
 -119.8 119.8
 -79.62 79.62
 15.16 -15.16
 -68.29 68.29
 -101.2 101.2
 35.06 -35.06
 -94 94
 -25.83 25.83
 124.6 -124.6
 -42.17 42.17
 -179.9 179.9
 -76.72 76.72
 -74.4 74.4
 162.1 -162.1
 -83.39 83.39
 -35.37 35.37
 198.1 -198.1
 177.5 -177.5
 62.43 -62.43
 49 -49
 -145.4 145.4
 -70.88 70.88
 337.4 -337.4
 17.06 -17.06
 -59.81 59.81
 101.8 -101.8
 46.59 -46.59
 27 -27
 174.7 -174.7
 -69.23 69.23
 -69.19 69.19
 -1.643 1.643
 -56.62 56.62
 77.48 -77.48
 -5.45 5.45
 95.38 -95.38
 -56.72 56.72
 32.3 -32.3
 325.7 -325.7
 11.23 -11.23
 274.7 -274.7
 -37.42 37.42
 -132.5 132.5
 -236.9 236.9
 -27.05 27.05
 -92.09 92.09
 -106.3 106.3
 487.1 -487.1
 39.89 -39.89
 -14.02 14.02
 -42.83 42.83
 81.54 -81.54
 -40.34 40.34
 353.6 -353.6
 -90.22 90.22
 -49.06 49.06
 -134.8 134.8
 171.5 -171.5
 -206.2 206.2
 50.45 -50.45
 326.3 -326.3
 -7.576 7.576
 20.55 -20.55
 -31.1 31.1
 69.21 -69.21
 214.2 -214.2
 -59.27 59.27
 -2.548 2.548
 -82.11 82.11
 359 -359
 -24.84 24.84
 60.81 -60.81
 -139.3 139.3
 -42.65 42.65
 19.8 -19.8
 314.3 -314.3
 191 -191
 18.02 -18.02
 67.36 -67.36
 76.61 -76.61
 108.3 -108.3
 -35.8 35.8
 325.8 -325.8
 34.67 -34.67
 44.5 -44.5
 -130.9 130.9
 -35.02 35.02
 -16.35 16.35
 -84.39 84.39
 221.3 -221.3
 34.32 -34.32
 -59.98 59.98
 118.5 -118.5
 -119.7 119.7
 148.8 -148.8
 -11.64 11.64
 34 -34
 -35.33 35.33
 45.88 -45.88
 80.92 -80.92
 232.8 -232.8
 -42.91 42.91
 -16.27 16.27
 -49.98 49.98
 -131.2 131.2
 40.69 -40.69
 54.83 -54.83
 -12.76 12.76
 169.2 -169.2
 -47.64 47.64
 -35.77 35.77
 5.107 -5.107
 61.02 -61.02
 445.5 -445.5
 11.86 -11.86
 -20.24 20.24
 31.09 -31.09
 -48.32 48.32
 -73.32 73.32
 -92.78 92.78
 -61.14 61.14
 -202.9 202.9
 -58.29 58.29
 55.52 -55.52
 -10.16 10.16
 39.09 -39.09
 -47.07 47.07
 53.42 -53.42
 115.6 -115.6
 -35.28 35.28
 -127 127
 -61.71 61.71
 38.85 -38.85
 -33.66 33.66
 106.5 -106.5
 -72.67 72.67
 -64.67 64.67
 1.372 -1.372
 -104.4 104.4
 139.3 -139.3
 -82.6 82.6
 -244.8 244.8
 1.076 -1.076
 3.013 -3.013
 535 -535
 -102.3 102.3
 -49.09 49.09
 82.16 -82.16
 83.86 -83.86
 -65.53 65.53
 -140.2 140.2
 -52.2 52.2
 -161.4 161.4
 10.37 -10.37
 14.58 -14.58
 -128.5 128.5
 69.17 -69.17
 -49.41 49.41
 91.84 -91.84
 -7.144 7.144
 191.5 -191.5
 97.22 -97.22
 140.5 -140.5
 9.729 -9.729
 74.92 -74.92
 124.1 -124.1
 2.278 -2.278
 -117.3 117.3
 98.24 -98.24
 88.48 -88.48
 -164.1 164.1
 108.1 -108.1
 -49.87 49.87
 36.74 -36.74
 -53.06 53.06
 45.97 -45.97
 64.39 -64.39
 14.77 -14.77
 -29.51 29.51
 -87.83 87.83
 42.53 -42.53
 -18.08 18.08
 -62.22 62.22
 -69.9 69.9
 -73.35 73.35
 -16.01 16.01
 0.9863 -0.9863
 -87.75 87.75
 -197.2 197.2
 -28.48 28.48
 -132.6 132.6
 -44.55 44.55
 -16.47 16.47
 -118 118
 36.13 -36.13
 -29 29
 122.4 -122.4
 15.17 -15.17
 -50.31 50.31
 -91.56 91.56
 37.67 -37.67
 241.2 -241.2
 -17.75 17.75
 0.8715 -0.8715
 5.462 -5.462
 65.7 -65.7
 28.22 -28.22
 249.9 -249.9
 30.7 -30.7
 9.81 -9.81
 -38.12 38.12
 14.69 -14.69
 -22.1 22.1
 -102.6 102.6
 -122.5 122.5
 52.74 -52.74
 -51.56 51.56
 -18.72 18.72
 -54.4 54.4
 -144.1 144.1
 16.16 -16.16
 72.04 -72.04
 -115.5 115.5
 -34.55 34.55
 -48.7 48.7
 46.98 -46.98
 -82.98 82.98
 -44.77 44.77
 0.7365 -0.7365
 -114.3 114.3
 3.741 -3.741
 -43.55 43.55
 384.9 -384.9
 6.279 -6.279
 -134.1 134.1
 69.81 -69.81
 -33.5 33.5
 38.78 -38.78
 -52.87 52.87
 66.16 -66.16
 -42.19 42.19
 -219.8 219.8
 -23.11 23.11
 45.7 -45.7
 34.16 -34.16
 -163.1 163.1
 -81.18 81.18
 -133.9 133.9
 -15.1 15.1
 -63.57 63.57
 27.34 -27.34
 -80.92 80.92
 -30.09 30.09
 -77.89 77.89
 250.3 -250.3
 19.33 -19.33
 -12.24 12.24
 -147.5 147.5
 -20.46 20.46
 -21.07 21.07
 141 -141
 -198.5 198.5
 1.314 -1.314
 97.71 -97.71
 139.1 -139.1
 197.2 -197.2
 -144.1 144.1
 -167.3 167.3
 -36.01 36.01
 80.1 -80.1
 65.03 -65.03
 167.7 -167.7
 -170.2 170.2
 -16.02 16.02
 -61.36 61.36
 32.58 -32.58
 106.9 -106.9
 -117.6 117.6
 45.47 -45.47
 -52.29 52.29
 8.143 -8.143
 -78.87 78.87
 5.655 -5.655
 -45.9 45.9
 256.4 -256.4
 8.772 -8.772
 -155.4 155.4
 0.8676 -0.8676
 -50.52 50.52
 209.5 -209.5
 104.1 -104.1
 91.7 -91.7
 -44.8 44.8
 -119.6 119.6
 -86.46 86.46
 44 -44
 12.21 -12.21
 51.78 -51.78
 38.19 -38.19
 22.38 -22.38
 70.54 -70.54
 19.75 -19.75
 152.6 -152.6
 -114.2 114.2
 -36.43 36.43
 8.647 -8.647
 23.61 -23.61
 11.11 -11.11
 84.65 -84.65
 -179.3 179.3
 77.48 -77.48
 56.68 -56.68
 -55.63 55.63
 149.6 -149.6
 6.51 -6.51
 6.409 -6.409
 -118.1 118.1
 -35.99 35.99
 55 -55
 -51.85 51.85
 116.7 -116.7
 -25.77 25.77
 -3.382 3.382
 56.15 -56.15
 66.25 -66.25
 -37.07 37.07
 354.3 -354.3
 44.62 -44.62
 289.4 -289.4
 -77.66 77.66
 -27.93 27.93
 158.7 -158.7
 5.536 -5.536
 71.29 -71.29
 113.6 -113.6
 -65.82 65.82
 -22.28 22.28
 276.7 -276.7
 -39.48 39.48
 -106.8 106.8
 94.48 -94.48
 -300.8 300.8
 368.1 -368.1
 247.1 -247.1
 -10.94 10.94
 -27.55 27.55
 -34.22 34.22
 -86.23 86.23
 -54.75 54.75
 1.135 -1.135
 -109.7 109.7
 -86.59 86.59
 115.7 -115.7
 -16.96 16.96
 441.1 -441.1
 -96.6 96.6
 28.02 -28.02
 33.73 -33.73
 181.8 -181.8
 -74.84 74.84
 -202.2 202.2
 42.71 -42.71
 -136.9 136.9
 50.84 -50.84
 14.89 -14.89
 -24.38 24.38
 325.9 -325.9
 -52.34 52.34
 -102 102
 -91.69 91.69
 -55.38 55.38
 -28.34 28.34
 -28.25 28.25
 -48.21 48.21
 -2.668 2.668
 -167.6 167.6
 -5.604 5.604
 103.9 -103.9
 -59.63 59.63
 233.7 -233.7
 100.1 -100.1
 -54 54
 31.11 -31.11
 70.24 -70.24
 -159.3 159.3
 104.5 -104.5
 -22.33 22.33
 52.22 -52.22
 -109 109
 -185.9 185.9
 238.6 -238.6
 3.662 -3.662
 5.385 -5.385
 -229.5 229.5
 183.8 -183.8
 -86.78 86.78
 9.496 -9.496
 -83.62 83.62
 39.96 -39.96
 -34.71 34.71
 -86.37 86.37
 -130.5 130.5
 -4.246 4.246
 -60.81 60.81
 -56.23 56.23
 19.63 -19.63
 -83.76 83.76
 73.06 -73.06
 -9.216 9.216
 3.439 -3.439
 -22.01 22.01
 -74.08 74.08
 33.34 -33.34
 -24.25 24.25
 1.719 -1.719
 44.14 -44.14
 -57.88 57.88
 30.03 -30.03
 -54.49 54.49
 -65.23 65.23
 41.01 -41.01
 -53.86 53.86
 17.3 -17.3
 -19.96 19.96
 -65.97 65.97
 119.8 -119.8
 141.9 -141.9
 -35.6 35.6
 48.94 -48.94
 -76.87 76.87
 -131 131
 96.1 -96.1
 84.58 -84.58
 -79.35 79.35
 12.08 -12.08
 -15.08 15.08
 -78.6 78.6
 41.9 -41.9
 352.6 -352.6
 -60.84 60.84
 -94.7 94.7
 -5.745 5.745
 -47.01 47.01
 -20.35 20.35
 235 -235
 45.98 -45.98
 41.06 -41.06
 -187.5 187.5
 -112.4 112.4
 -125.2 125.2
 374.4 -374.4
 -27.6 27.6
 76.72 -76.72
 -112.1 112.1
 38.89 -38.89
 445.4 -445.4
 -164.9 164.9
 -28.16 28.16
 111 -111
 -246.2 246.2
 -53.39 53.39
 -56.19 56.19
 -70.02 70.02
 -72.76 72.76
 4.983 -4.983
 -204.2 204.2
 -12.92 12.92
 -44.89 44.89
 183 -183
 8.934 -8.934
 51.7 -51.7
 -32.03 32.03
 2.743 -2.743
 72.24 -72.24
 -40.92 40.92
 -115.9 115.9
 110.3 -110.3
 -40.97 40.97
 9.62 -9.62
 27.87 -27.87
 -91.05 91.05
 -82.86 82.86


